1 0.17088601900183636 0.8474021579908289 0.012177342953889267 0.013299361519191576
1 0.19204478678495987 0.7050907300866168 0.012755456178084663 0.013209301492442255
1 0.11394323473391325 0.9214863155199133 0.013834974040155825 0.014503644860309103
1 0.11530056207076363 0.943060418833857 0.013136221014935038 0.014493361763332201
1 0.13238989788552988 0.9566572438115659 0.013519888338835342 0.014171434485394022
1 0.1207781978275465 0.8461136195970618 0.012637594471807066 0.014120848282523777
1 0.14678131497424582 0.9421737090401028 0.012791851292485777 0.013667811518130095
1 0.1345781243365744 0.9298694859380308 0.013149738311767578 0.01375090557595958
1 0.18483665715093198 0.8349073658818784 0.011939297551694124 0.012592315673828125
1 0.09012272824411807 0.8865329908288043 0.013638418653736944 0.014517576798148777
1 0.1675357611283012 0.8290446322897206 0.01184857409933339 0.01287153492803159
1 0.16180910234865936 0.6976281870966372 0.012459568355394446 0.012892515762992527
1 0.10339005097098973 0.9008383128954016 0.013819051825481913 0.014487142148225204
1 0.080133899398472 0.9144354281218156 0.013179944909137228 0.014542786971382473
1 0.11577277598173721 0.7485330830449644 0.01216368053270423 0.011668495509935461
1 0.18492659278537915 0.6910313316013502 0.012866186059039572 0.013088060461956522
1 0.2114494572515073 0.7556335200434146 0.012720439745032269 0.013514062632685122
1 0.07915624587432198 0.8245141402534817 0.01280423350956129 0.013249438741932745
1 0.2025902271270752 0.9234926804252293 0.011403726494830587 0.012226104736328125
1 0.097732020461041 0.918418262315833 0.01373180099155592 0.014409023782481318
1 0.10058331489562988 0.8675107955932617 0.012753652489703634 0.01458665598993716
1 0.0986391720564469 0.9392555485601011 0.01293177190034286 0.01390813744586447
1 0.11640955572542937 0.8672871796981149 0.013170853905055834 0.013751651929772419
1 0.17944001633187998 0.8038432494453762 0.014702599981556768 0.02445511195970618
1 0.19435967569765839 0.7833537640778915 0.01446570520815642 0.02676316966181216
1 0.12965921733690344 0.9035329404084579 0.012537603792936905 0.013767242431640625
1 0.18147068438322647 0.723667517952297 0.011793882950492527 0.01248243580693784
1 0.12338339245837668 0.9786533687425696 0.0139450508615245 0.012790679931640625
1 0.1827512202055558 0.8099193987639054 0.011485970538595448 0.012379604837168818
1 0.1536475368168043 0.897543948629628 0.012518758359162704 0.013273985489555027
1 0.08813056997630907 0.6850932784702467 0.011974785638892132 0.012975319572117018
1 0.10419763689455779 0.6908221452132516 0.01191079098245372 0.012151220570439878
1 0.10770417814669402 0.8177239791206692 0.015741213508274243 0.029251264489215355
1 0.071095435515694 0.8982693216075068 0.015040978141452955 0.041019439697265625
1 0.21532984401868738 0.7285367302272631 0.013451638429061226 0.025208597597868546
1 0.13483672556669815 0.8905520646468453 0.012581638667894446 0.013399455858313519
1 0.12051133487535559 0.8932371554167374 0.012799242268437925 0.013637542724609375
1 0.1807928707288659 0.9156892195991848 0.014628617659859035 0.026427227517832882
1 0.1919552346934443 0.7319821067478346 0.011867523193359375 0.012128083602241848
1 0.10049289724101192 0.9820391198863154 0.013472795486450195 0.01358720530634341
1 0.21668783478114917 0.8104054409524669 0.013008760369342306 0.024312807166058083
1 0.19415400339209515 0.8238143920898438 0.011556646098261293 0.012417005456012228
1 0.1789928208226743 0.9787440921949304 0.013263267019520636 0.012653350830078125
1 0.212323810743249 0.8444026449452275 0.010847755100416101 0.012621672257133152
1 0.16810541567595108 0.9190196990966797 0.011874820875084919 0.012532607368800951
1 0.09573601121487825 0.7673719240271527 0.01660696319911791 0.02556120831033458
1 0.19461940682452658 0.850181123484736 0.011912138565726902 0.012487245642620584
1 0.16625126030134119 0.903962923132855 0.01236589058585789 0.012878749681555706
1 0.1284634496854699 0.876014750936757 0.012643098831176758 0.01389138594917629
1 0.20968664210775625 0.8792486605436906 0.015585339587667713 0.028722182564113453
1 0.19013939733090607 0.8683798831442128 0.023913590804390285 0.016110212906547215
1 0.0705638657445493 0.9275858505912449 0.012214992357336956 0.013998777970023777
1 0.08295025514519733 0.9511484477830969 0.013208669164906378 0.01397530928902004
1 0.07109952232112056 0.9582982270613961 0.01205847056015678 0.013063845427139946
1 0.06974756199380626 0.8085071729577106 0.0125201474065366 0.013323244841202446
1 0.10805613061656123 0.7683140713235607 0.012201951897662619 0.028890609741210938
1 0.1458790509597115 0.8300877032072648 0.01151337830916695 0.012733874113663383
1 0.10794353485107422 0.7858664471170177 0.012111518694006878 0.025019770083220108
1 0.1486887724503227 0.8418191826861837 0.011445066203241762 0.012846573539402174
1 0.247915330140487 0.047229547863421234 0.010623558707859205 0.012071197447569473
1 0.10437775176504384 0.8102350649626359 0.012081529783165974 0.012730639913807745
1 0.14262860235960587 0.7551207749739938 0.012458500654801079 0.01313043677288553
1 0.15711640793344248 0.8540431312892748 0.012192301128221594 0.012438235075577446
1 0.20756390820378842 0.8705279723457668 0.011041703431502632 0.012966404790463655
1 0.19166582563649054 0.9328311422596807 0.0109338553055473 0.012512041174847147
1 0.07224434873332149 0.8378928640614385 0.012838622798090395 0.014034271240234375
1 0.09327749065730882 0.8295992146367612 0.012558553529822308 0.013125378152598505
1 0.10802867619887642 0.9569797515869141 0.013046855511872665 0.013142793074898098
1 0.10964665723883588 0.7357490788335386 0.012526004210762356 0.011982378752335258
1 0.08030162686886995 0.7174778813901155 0.011749246846074644 0.011478424072265625
1 0.21491587680319083 0.7693178342736285 0.011317045792289402 0.01228506668754246
1 0.13319902834684952 0.8297018382860266 0.012151697407598082 0.012145083883534307
1 0.17884269486302914 0.9497190558392069 0.011721932369729748 0.012691331946331522
1 0.13095809584078583 0.7030944409577743 0.017865709636522377 0.02336460611094599
1 0.07768361205640047 0.9810410789821459 0.013522008190984312 0.013083996980086617
1 0.22243399205415146 0.02138914880545243 0.01622919414354407 0.020439471887505573
1 0.1871113051538882 0.9633494667384935 0.01309836429098378 0.013927625573199728
1 0.20892091419385828 0.8268115416817043 0.010773617288340693 0.011977734773055367
1 0.20722199522930643 0.9080356100331182 0.011098094608472742 0.012301403543223505
1 0.14582636563674264 0.8001888523931089 0.012455411579297937 0.013221160225246264
1 0.16767416311346967 0.7774463736492655 0.01259104065273119 0.021359733913255775
1 0.09938109957653543 0.852901956309443 0.012459806773973547 0.014474122420601223
1 0.2685225113578465 0.03989308942919192 0.011433559915293818 0.01279123710549396
1 0.07309689469959425 0.7349445094232974 0.014002431993899138 0.02251459204632303
1 0.12143782947374426 0.7766403944596 0.011457961538563604 0.012362521627674932
1 0.07382184526194698 0.9404903494793436 0.012709783471148947 0.01402456864066746
1 0.12330917690111243 0.7120078128317128 0.011718604875647503 0.01217825516410496
1 0.13664771681246551 0.846804370050845 0.012419731720634129 0.01374841772991678
1 0.1765255772549173 0.7088236601456351 0.01242060246674911 0.012193596881368885
1 0.17514017353887143 0.8778648376464844 0.01171974513841712 0.013891800590183424
1 0.2580254596212636 0.0122033241002456 0.010889965554942255 0.011765977610712465
1 0.16086416659147842 0.8702382626740829 0.011981590934421705 0.012495787247367527
1 0.13969931913458783 0.8648437002430791 0.012580011201941448 0.013384611710258152
1 0.1497769770414933 0.9656583951867145 0.012331630872643513 0.014911236970320992
1 0.11873737625453783 0.8103349519812543 0.01535965048748514 0.02335581572159477
1 0.08677353547966998 0.9325204932171366 0.012626803439596424 0.013949186905570652
1 0.26416448924852454 0.027927317049192345 0.012129451917565388 0.02330883430398029
1 0.23485733115154764 0.029353476736856544 0.013271622035814367 0.021160938169645226
1 0.18898812584255054 0.9459493056587551 0.011898165163786514 0.015206876008406929
1 0.07229359253593114 0.7417559416397758 0.013673937839010487 0.012321803880774456
1 0.2154013488603675 0.7875251770019531 0.011423919511877972 0.013971245807150135
1 0.1621205288430919 0.95453229157821 0.012255025946575663 0.01233573581861413
1 0.15891342577726944 0.7571188055950663 0.017094881638236668 0.012295432712720789
1 0.07244756429091743 0.8833962730739428 0.012512632038282312 0.01329878102178159
1 0.12791890165080194 0.7550793523373811 0.01205915990083114 0.012837949006453804
1 0.06730864099834276 0.8543303531149159 0.011129011278567106 0.014851196952488111
1 0.17328558797421661 0.7383618147476859 0.011122496231742527 0.011660285617994226
1 0.11356240770091182 0.703787430472996 0.017821291218633236 0.013467705768087635
1 0.20946499575739322 0.7331100132154382 0.017065110413924507 0.03086488143257473
1 0.14199375587960947 0.7059703080550485 0.0243998092153798 0.01308714825174083
1 0.24540053243222443 0.025171381623848625 0.011725798897121264 0.016204428413639897
1 0.16045422139375107 0.9290939828623896 0.012161234150762144 0.012050628662109375
1 0.2086753223253333 0.8535371034041696 0.01110176418138587 0.013610508130944294
1 0.16039556524027948 0.801780244578486 0.012197857317717178 0.01808440166970958
1 0.08158990092899489 0.967502262281335 0.012668433396712593 0.0133209228515625
1 0.1556890580965125 0.815780846968941 0.025604237680849823 0.017096560934315556
1 0.07042037663252457 0.7021356872890306 0.01137976542763088 0.022249263265858524
1 0.07639491817225581 0.8686586877574092 0.01446124263431715 0.013736310212508492
1 0.14249811483466107 0.732143733812415 0.013871825259664784 0.030843983525815216
1 0.09743526707524838 0.7278991367505945 0.012138449627420177 0.018364616062330162
1 0.11194160191909126 0.9740002258964207 0.022821022116619606 0.026231931603473167
1 0.1679418605306874 0.8049765047819718 0.011656014815620754 0.014199630073879076
1 0.10311748152193816 0.721540119336999 0.023370773895927097 0.011695364247197691
1 0.17629716189011282 0.7695418648097826 0.012412081594052523 0.02960553376570992
1 0.19730640494305154 0.877020379771357 0.010715650475543478 0.024430150571076767
1 0.08019920276558917 0.702500757963761 0.012422981469527535 0.018723612246306046
1 0.18995539001796558 0.9030505470607592 0.012328997902248217 0.01863910840905231
1 0.1539326284242713 0.7351404272991678 0.01212651833243992 0.023070128067680027
1 0.15385952203170114 0.8699471432229747 0.012310028076171875 0.013078689575195312
1 0.14475781502931015 0.9184268868487814 0.02488075131955354 0.013543419215990149
1 0.2614229554715364 0.04125863184099612 0.01663827896118164 0.009390434493189272
1 0.15853963727536408 0.9781175281690515 0.02229389937027641 0.012868881225585938
1 0.18313630767490552 0.9280754586924678 0.012387545212455418 0.01870113870371943
1 0.2340000919673754 0.014322660215522932 0.011234511499819548 0.012061863489772963
1 0.09399014970530635 0.7097663879394531 0.021160229392673657 0.0106201171875
1 0.1498602939688641 0.7827090802400009 0.011708808981853983 0.01326162918754246
1 0.16677697326826013 0.7927498610123344 0.012391121491141941 0.018706197324006454
1 0.16321373504141104 0.7196289560069209 0.011993169784545898 0.017896071724269703
1 0.14469974455626114 0.7702248200126316 0.023168698601100757 0.011783516925314198
1 0.1263400005257648 0.7270758670309315 0.01152174369148586 0.012649619061013927
1 0.19394002790036408 0.7602439548658289 0.012055832406748896 0.037612749182659645
1 0.09609064848526665 0.7415055813996688 0.012023822120998217 0.018017644467561142
