0 0.54483177350915 0.03039743978044261 0.01801026385763417 0.01769508745359338
0 0.33050056129855954 0.7917814254760742 0.007640033879357836 0.009361847587253736
0 0.5122050617052161 0.039636706528456314 0.01747732577116593 0.016554591448410698
0 0.46487707158793573 0.3295787255401197 0.00915632040604301 0.006983538036761077
1 0.23340438759845236 0.8745767344599185 0.019591290017832882 0.02590726769488791
1 0.2387877443562383 0.859084419582201 0.01902914047241211 0.029671378757642662
1 0.48555486098579737 0.31889451068380603 0.018009849216627037 0.016762070033861244
1 0.2407712107119353 0.8506065451580546 0.014978989310886549 0.014384642891261889
1 0.4800700519395911 0.3729892399000085 0.017481140468431557 0.015804207843282948
1 0.7002675222313922 0.25628129295680835 0.01803626184878142 0.01669788360595703
1 0.46842106528904126 0.33336515011994733 0.022020837535028873 0.030585247537364132
1 0.3299156375553297 0.7923137830651324 0.013894889665686565 0.014436141304347826
1 0.5091377963190493 0.3728343507517939 0.016561715499214504 0.015364895696225374
1 0.6055571721947711 0.3331957485364831 0.018320539723271908 0.016970344211744225
1 0.6435870294985564 0.219130277633667 0.019950783771017323 0.017765480539073116
1 0.47478375227554986 0.3479806029278299 0.021982068600861923 0.02837848663330078
1 0.5712597266487454 0.3464072476262632 0.028520459714143173 0.030739784240722656
1 0.5778022019759469 0.2253978148750637 0.019395662390667458 0.01725420744522758
1 0.6428690163985543 0.29543088830035663 0.01905710800834324 0.018941298775050953
1 0.5437433408654254 0.347454599712206 0.017489060111667797 0.016286456066629162
1 0.5180921139924423 0.31955425635628076 0.02491959281589674 0.0325891867927883
1 0.602228890294614 0.2830648525901463 0.020089232403299084 0.019200843313465946
1 0.5714032960974652 0.2542634632276452 0.01720428466796875 0.017584178758704144
1 0.5279235425202743 0.34375680011251697 0.017458625461744225 0.016357256018597145
1 0.5590521978295367 0.2854218793951947 0.020271508590034817 0.02014651505843453
1 0.3452257799065631 0.7468299036440642 0.015357991923456606 0.015995854916779892
1 0.5427459011907163 0.2377802496371062 0.01991110262663468 0.01711706493211829
1 0.5169936470363451 0.25584576440894086 0.020378776218580162 0.01770162582397461
1 0.6938318791596786 0.22807223900504733 0.02457913108493971 0.028400234554124916
1 0.5508215531058933 0.2696940276933753 0.017950140911599865 0.015013922815737516
1 0.49870408099630603 0.36105182896489685 0.01696453923764436 0.01600294527800187
1 0.5591538470724354 0.22257061626600183 0.018556014351222828 0.017541740251624065
1 0.8034432452657948 0.32542952247287915 0.01867476753566576 0.018839462943699047
1 0.5374594978664232 0.30423033755758533 0.0182354968527089 0.01861219820768937
1 0.5746481729590375 0.2979900007662566 0.01842851224152938 0.018312226171078888
1 0.6087112219437308 0.21099893943123196 0.01954248677129331 0.016664359880530315
1 0.7247229866359545 0.186639578446098 0.019866114077360733 0.021702973738960598
1 0.6870241787122644 0.23417543328326682 0.019194851750912872 0.018255565477454144
1 0.4860714622165846 0.35377515917238983 0.01605365587317425 0.015958267709483272
1 0.4914116030154021 0.02072817475899406 0.017614489016325577 0.015697305617125137
1 0.7521470111349354 0.0914443912713424 0.01944931693699049 0.018833943035291588
1 0.7387145498524541 0.14521725799726404 0.02053882764733356 0.018486593080603558
1 0.7570382408473803 0.12170919646387515 0.015958122585130775 0.017040760620780613
1 0.3111907606539519 0.7993630948274032 0.028164718462073284 0.034414208453634514
1 0.5727962618288787 0.09343934577444325 0.02108088783595873 0.020826806192812714
1 0.8163700103759766 0.08252685484678848 0.018480881400730297 0.019631043724391773
1 0.5561785490616508 0.3196380967679231 0.018048742543096127 0.018291659977125084
1 0.31212703041408374 0.7913937775985055 0.016578010890794838 0.02054745218028193
1 0.4762788026229195 0.01720119753609533 0.016268274058466373 0.014985080646431965
1 0.6078716982965884 0.22161763647328253 0.0207603703374448 0.017049416251804516
1 0.6650187243586001 0.20970331067624298 0.018539636031441067 0.016594409942626953
1 0.6324008858722189 0.04188653178836988 0.02050142702849015 0.021843039471170177
1 0.5447504209435504 0.03097069976122483 0.01960829029912534 0.020573746898899906
1 0.608257708342179 0.05751790689385455 0.019414321235988453 0.01958757898081904
1 0.8263387680053711 0.10286288676054581 0.015123367309570312 0.015163110650104025
1 0.6761552147243334 0.21491139868031378 0.01796797047490659 0.01641008128290591
1 0.761377998020338 0.15128898102304209 0.017136615255604618 0.017469665278559147
1 0.5634330459263014 0.3555445774741795 0.01727017112400221 0.016676716182542885
1 0.7679892000944718 0.13788185430609662 0.023827925972316578 0.02704266879869544
1 0.7467785710873811 0.04606604057809581 0.01691834822944973 0.01876798920009447
1 0.8362644444341245 0.10135061844535496 0.017042491746985394 0.016905287037725033
1 0.7374602608058763 0.1150754275529281 0.020483763321586277 0.020769171092821205
1 0.6123299806014352 0.09764296853024027 0.02167461229407269 0.022202476211216137
1 0.512386239093283 0.0400199047897173 0.018117904663085938 0.01822038577950519
1 0.6112731021383534 0.30152292873548425 0.019230552341627037 0.01708165459010912
1 0.46709925195445184 0.2659216652745786 0.02038213481073794 0.01872272076814071
1 0.5892287751902705 0.05616289636363154 0.01682119784147843 0.017506817112798275
1 0.8042713248211405 0.13032605855361276 0.020265579223632812 0.016887861749400265
1 0.5973099003667417 0.020979680444883263 0.023442475692085598 0.028664923232534657
1 0.774973786395529 0.16219139617422354 0.02329129758088485 0.026482198549353558
1 0.7809664270152217 0.15533230097397513 0.017293764197308083 0.016401052474975586
