1 0.3560551767763884 0.5482661827750828 0.014821508656377378 0.016172865162725033
1 0.45635687786599866 0.35516164613806683 0.014341188513714334 0.013659891874893852
1 0.5877643046171769 0.37559689646181854 0.03009783703347911 0.02816021960714589
1 0.47224218949027685 0.18503238843834918 0.013810530952785326 0.014986079672108526
1 0.5225377290145211 0.3418711994005286 0.014722409455672554 0.014574175295622452
1 0.5629117177880328 0.17672209117723547 0.02286027825396994 0.028844543125318443
1 0.5469776236492655 0.15153868820356287 0.014694711436396059 0.01664405283720597
1 0.6048107354537301 0.39508753237516986 0.016793251037597656 0.017654999442722485
1 0.4898098240727964 0.46144933285920514 0.014551660288935122 0.014818191528320312
1 0.44692516326904297 0.3774916607400645 0.016216195147970448 0.016071817149286686
1 0.28812812722247577 0.506001265152641 0.022080379983653194 0.0326270227846892
1 0.4839611053466797 0.2957930668540623 0.014701262764308764 0.014802165653394617
1 0.26288497966268787 0.6439086250636888 0.016760722450588062 0.017891510673191235
1 0.6178556525188944 0.474618849547013 0.014593704887058424 0.015792556430982506
1 0.6090204404748004 0.2048269043798032 0.015883321347443954 0.017136843308158543
1 0.5818756766941237 0.44606424414593243 0.015758597332498302 0.016618148140285328
1 0.5923598538274351 0.22327237543852432 0.014259131058402683 0.01695261830868928
1 0.47632024599158246 0.3681877385015073 0.014557838439941406 0.014627871306046196
1 0.19353571145430856 0.6438320823337721 0.015317108320153278 0.016625031181003735
1 0.5349888594254203 0.3569925764332647 0.014867865520974865 0.014152734175972317
1 0.46947475101636804 0.49842297512552014 0.015708342842433765 0.019001380256984546
1 0.587395543637483 0.4280088051505711 0.02333757151728091 0.03166435075842816
1 0.5886144223420516 0.054407907568890114 0.015415274578592052 0.018647276836892834
1 0.6002383439437203 0.08550955160804417 0.016261556874150814 0.018666262212006943
1 0.5148692753003992 0.14319351963374927 0.013840385105298914 0.016542673110961914
1 0.556768914927607 0.08459288141001826 0.013788140338400135 0.015496440555738367
1 0.5735404180443805 0.4042433655780295 0.015817186106806217 0.01719238447106403
1 0.6493317355280337 0.05628572857898215 0.01511934529180112 0.016677379608154297
1 0.5826411039932914 0.20248174667358398 0.014600090358568274 0.016030435976774796
1 0.5097827289415442 0.0558339201885721 0.01346426424772843 0.015680997268013332
1 0.47128382973049 0.343850156535273 0.01465117413064708 0.013559217038361923
1 0.48895609897115955 0.5167875497237496 0.014699065166970959 0.015368046967879585
1 0.5999111507249915 0.14518390012824017 0.013615898464037024 0.015292758527009384
1 0.5674244631891665 0.46958199791286304 0.014907380808954653 0.014828018520189367
1 0.6054013501042905 0.5576383963875149 0.016526553941809612 0.031449649644934616
1 0.6198197655055834 0.5283324822135593 0.015933244124702785 0.015308089878248133
1 0.49519321192865784 0.3858703323032545 0.014406577400539232 0.013844738835873812
1 0.5563903476880945 0.42869669458140497 0.016150598940641983 0.01681680264680282
1 0.47465674773506494 0.4291137819704802 0.015899948451829994 0.01642894744873047
1 0.5423001413759978 0.09558728985164476 0.013579244199006454 0.015204979025799295
1 0.2141076896501624 0.64816719552745 0.015486157458761463 0.016482062961744225
1 0.5979792346125063 0.3685072815936545 0.015376588572626528 0.015494512475055197
1 0.5187753801760466 0.21952727566594663 0.013136117354683254 0.01756844313248344
1 0.5922132160352624 0.24625473437101944 0.014405126157014267 0.01702204994533373
1 0.48964572989422345 0.05668785520221876 0.013830060544221298 0.016093580619148586
1 0.5684474240178647 0.29640918192656146 0.015470214512037195 0.017675544904625935
1 0.5132594315902047 0.27002831127332605 0.014651008274244226 0.01477670669555664
1 0.6178207397460938 0.37184835516888165 0.014591217041015625 0.01564448812733526
1 0.6299600393875785 0.39740927323051123 0.01636915621550187 0.016092880912449047
1 0.4330320565596871 0.32672226947286853 0.013587080914041271 0.014748573303222656
1 0.41117531320323114 0.36562285215958307 0.014232635498046875 0.01501954120138417
1 0.5083348025446353 0.029265730925228283 0.014245613761570143 0.01520621128704237
1 0.2815808938897174 0.5379166810408883 0.015170905901038128 0.017081136288850204
1 0.4133968560591988 0.5511922628983207 0.028244474659795345 0.031945809074070144
1 0.34262958816860034 0.6712169025255286 0.015467540077541185 0.01579006858493971
1 0.6137255585711935 0.4499445583509362 0.015198707580566406 0.015378578849460768
1 0.385363537332286 0.4572449559750764 0.02534924382748811 0.031237394913383152
1 0.45623928567637567 0.40169778077498725 0.02200267625891644 0.03650018443231997
1 0.417459135470183 0.529448301895805 0.017290654389754585 0.033287131268045174
1 0.4479669073353643 0.3159587797911271 0.0132904052734375 0.014540154000987177
1 0.6073969758075216 0.42688487923663593 0.022159452023713486 0.033871816552203636
1 0.3629324539847996 0.4666578251382579 0.015034385349439539 0.014754295349121094
1 0.5731308771216351 0.07943684640138046 0.020148691923721977 0.03081561171490213
1 0.5792896851249363 0.1796883085499639 0.014924505482549253 0.016052702198857845
1 0.34655550251836365 0.46017605325450067 0.014619163844896399 0.014750273331351902
1 0.3940689252770465 0.5288744594739831 0.016082846600076427 0.032422480375870415
1 0.5580730852873429 0.20770983074022376 0.026837805043096127 0.02075232630190642
1 0.490486829177193 0.14175274579421335 0.013070852860160496 0.015596773313439411
1 0.3816863557566767 0.44759924515433935 0.015302865401558254 0.015017799709154211
1 0.27954975418422534 0.8997184919274371 0.01557941022126571 0.01648297517195992
1 0.5733837874039359 0.5059244736381199 0.01390001048212466 0.014802103457243546
1 0.6221385209456735 0.1410129692243493 0.014516084090523098 0.015584448109502378
1 0.566098047339398 0.5410459767217222 0.0157763439676036 0.01592876600182575
1 0.3224993788677713 0.6538175707278044 0.015560067218282948 0.018081955287767494
1 0.4878020908521569 0.10711718123892079 0.013365289439325747 0.015398885892785114
1 0.5721966909325641 0.2523473138394563 0.01448021764340608 0.013337902400804602
1 0.32255488893260126 0.5692353041275687 0.016078140424645466 0.018717973128609035
1 0.6335405474123748 0.11711077068163 0.015677369159200916 0.015512818875520126
1 0.49267536660899286 0.37051841487055237 0.013818243275518003 0.012975900069527004
1 0.23798480241195016 0.6452439142310101 0.015293453050696331 0.01634502410888672
1 0.3699303917262865 0.6117978717969812 0.015188631804093071 0.017278754192849865
1 0.2102927539659583 0.7158558057702106 0.015372898267663044 0.01671185700789742
1 0.5697879169298254 0.06998206480689671 0.014019385628078295 0.01545280477275019
1 0.5628783806510593 0.109850173411162 0.014045259226923403 0.015250879785288935
1 0.5900587413621985 0.11070962574170984 0.014519401218580164 0.015874696814495583
1 0.5912322998046875 0.5286510508993397 0.02133327981700068 0.030218829279360565
1 0.2656118766121242 0.4997883879620096 0.01696740026059358 0.01687700852103855
1 0.20211628208989682 0.6655268876448922 0.015477595121964165 0.016238668690557064
1 0.6349236861519192 0.38655388873556384 0.017971702243970787 0.024698091589886208
1 0.3260136168936025 0.5314292493073837 0.016592834306799847 0.01731184254521909
1 0.533425642096478 0.13239986481873886 0.01388338337773862 0.015235828316730001
1 0.5721532987511676 0.1509395578633184 0.02442857493524966 0.031654316446055535
1 0.5108341341433318 0.366260984669561 0.014530555061672045 0.013657279636548914
1 0.28358961188274884 0.7189258077870244 0.015715516131857166 0.016824141792629078
1 0.4560472239618716 0.8897119605022928 0.015658005424167797 0.017232148543648098
1 0.4294112246969472 0.40344795973404596 0.016119998434315556 0.029895906863005264
1 0.5649552137955375 0.044870567062626716 0.015355317488960598 0.016520575336788013
1 0.4881684469140094 0.08508888016576352 0.01352903117304263 0.015721787577090057
1 0.6089671798374342 0.3520764682603919 0.015231878861137058 0.014034395632536514
1 0.5477673281794009 0.21052564745363983 0.013390375220257303 0.015636920928955078
1 0.33283423340838886 0.5005108999169391 0.015569127124288807 0.01675891876220703
1 0.2255668951117474 0.7664577649987262 0.01830310406892196 0.021711929984714672
1 0.4958423946214759 0.15922494038291599 0.013257316921068274 0.015510942624962849
1 0.4520511419876762 0.47509112565413764 0.019475812497346298 0.026800860529360565
1 0.41511461009149964 0.45424291361933167 0.01444443412449049 0.015765397445015285
1 0.30834125435870624 0.4823665411575981 0.016223824542501698 0.01652124653691831
1 0.25012233982915466 0.6193648213925569 0.021317067353621773 0.02576844588569973
1 0.42702198028564453 0.48515508485876996 0.014254860256029211 0.016728981681492016
1 0.2519113188204558 0.7004359908725905 0.01682988457057787 0.02009230074675187
1 0.3801156126934549 0.5075058937072754 0.01450584245764691 0.014379211094068445
1 0.5094415830529254 0.09285447649333788 0.013660182123598845 0.014554941135904064
1 0.16878217717875604 0.7588040725044582 0.017498088919598122 0.03431303604789402
1 0.3758357504139776 0.4093606161034625 0.014644954515540081 0.015895470328952954
1 0.5301134275353473 0.3204030161318572 0.01501265816066576 0.014441780422044836
1 0.6354770453079887 0.2880828380584717 0.01781351669974949 0.02771280122839886
1 0.44915118424788764 0.25358119218245795 0.02312183380126953 0.032427953637164574
1 0.45800849665766175 0.3920438393302586 0.014436846194059952 0.014652708302373472
1 0.1965809801350469 0.8531339894170347 0.017079830169677734 0.021023791769276493
1 0.29220298062200134 0.6603622229202933 0.015582022459610649 0.01657589622165846
1 0.35563862842062244 0.490745212720788 0.02540372765582541 0.01940005758534307
1 0.6257983290630839 0.05648187580315963 0.028288758319357166 0.03315435026002967
1 0.16941643797832986 0.6849954853887144 0.01885403757509978 0.022025896155315895
1 0.45156393880429474 0.33547283255535626 0.014115914054538893 0.01329878102178159
1 0.25702334486919903 0.8144588885099991 0.01641835337099822 0.018739534460979958
1 0.4891176016434379 0.8945542625758959 0.01592466105585513 0.016261308089546535
1 0.3929717644401219 0.613256433735723 0.016672424648119057 0.01936991318412449
1 0.2702762458635413 0.7392164313274882 0.015874634618344513 0.017261505126953125
1 0.5389603946519934 0.3133917891460916 0.022371831147567085 0.017868000528086788
1 0.6221397648686948 0.020697389607844147 0.018634796142578125 0.02495446801185608
1 0.5695689864780592 0.5628181540447733 0.014976791713548742 0.016162872314453125
1 0.3199732407279637 0.6913056788237198 0.015781278195588486 0.015611026598059612
1 0.2930017243260923 0.6880747546320376 0.01455068588256836 0.016161089358122452
1 0.5822928470114003 0.1534810325373774 0.013339415840480639 0.014595581137615702
1 0.5980628677036451 0.18315224025560461 0.014667635378630264 0.01712185403575068
1 0.29622607645781146 0.6188558495563009 0.01702870493349822 0.017719268798828125
1 0.4296745424685271 0.9016753072324006 0.024419328440790592 0.03161198159922724
1 0.4691421260004458 0.4459764646447223 0.022961823836616848 0.02920109292735224
1 0.4402675835982613 0.5166972823764967 0.016120620395826256 0.017572859059209408
1 0.20490216172259787 0.6844324236330779 0.01384177415267281 0.014927366505498472
1 0.5214769529259723 0.03269482760325722 0.01602570906929348 0.03314532274785249
1 0.22527809765027917 0.6848721089570419 0.014134303383205248 0.01610279083251953
1 0.458118314328401 0.5220192204351011 0.015304399573284647 0.017033950142238453
1 0.40323972702026367 0.4383361028588336 0.014292716979980469 0.01546167290729025
1 0.42870308005291485 0.9239129605500594 0.01463106404180112 0.015592160432235054
1 0.6036036740178647 0.4880079393801482 0.015192985534667969 0.016547617704971977
1 0.6052882360375446 0.50877162684565 0.014522262241529383 0.01408149885094684
1 0.35796107416567596 0.522762277851934 0.014267797055451767 0.01573458961818529
1 0.42468230620674463 0.34376618136530335 0.01348076695981233 0.01485449334849482
1 0.16941033238949982 0.74768240555473 0.013529114101244055 0.015594814134680706
1 0.589786550273066 0.5344760728918988 0.015987935273543648 0.016338265460470448
1 0.23688699888146442 0.8283359693444293 0.02955478170643682 0.02519839742909307
1 0.5665187006411345 0.5233585938163425 0.014104926067849865 0.015432440716287365
1 0.6348543374434762 0.29655870147373364 0.01466232797373896 0.01515942034514054
1 0.19695353507995605 0.6942213514576787 0.014059875322424847 0.01464093249777089
1 0.556307315826416 0.013852282386759052 0.01623696866242782 0.016642654071683468
1 0.5834811874057936 0.48185779737389606 0.014229028121284817 0.016041631283967392
1 0.2830813034721043 0.6452040464981742 0.016399300616720448 0.017132966414741848
1 0.44975253810053284 0.9084410045457922 0.015561269677203634 0.016950939012610394
1 0.18472293148870053 0.7345881254776664 0.01329822125642196 0.014975838039232336
1 0.4578560124272886 0.3056914910026219 0.01404571533203125 0.012743866961935291
1 0.2077753440193508 0.743452030679454 0.024304597274116848 0.02234674536663553
1 0.6198618722998578 0.5039843683657439 0.014333932296089504 0.014980896659519361
1 0.5240063459976859 0.019544699593730595 0.02078570490298064 0.029140265739482384
1 0.45245224496592645 0.4531008471613345 0.015399103579313858 0.016402244567871094
1 0.6044945924178414 0.4334351290827212 0.014599509861158289 0.015207083328910496
1 0.41064363977183466 0.4793679403222125 0.014460646587869396 0.01511619402014691
1 0.6012692658797555 0.33355345933333685 0.016225814819335938 0.0187835693359375
1 0.6141971712527068 0.26232899790224823 0.01479866193688434 0.016076419664465862
1 0.22716398861097253 0.5919739474420962 0.017502929853356403 0.018674394358759342
1 0.6305743922357974 0.24485680331354556 0.015548291413680367 0.015505645586096722
1 0.623611657515816 0.045908531417017395 0.015751382578974186 0.0170261289762414
1 0.25382879505986755 0.7806412240733271 0.01536008586054263 0.017564193062160328
1 0.633154703223187 0.18595927694569464 0.014134116794752039 0.015234698419985563
1 0.33117141930953314 0.5460597121197245 0.020913269208825153 0.03026543492856233
1 0.5440206320389457 0.10968102579531462 0.013529197029445482 0.016416570414667545
1 0.21731000361235245 0.9045968263045602 0.016950171926747196 0.01838468468707541
1 0.629537997038468 0.09428638997285263 0.025574310966159985 0.02811319931693699
1 0.30578998897386633 0.6793881706569506 0.014961574388586956 0.015938468601392662
1 0.3164151025855023 0.5145059253858484 0.015469551086425781 0.016583318295686142
1 0.33572979595350183 0.5845201741094175 0.02172069964201554 0.0361343881358271
1 0.6035764942998472 0.12476310004358707 0.014204854550568954 0.01453616308129352
1 0.1899487246637759 0.7121549689251444 0.013764257016389267 0.01531982421875
1 0.47390075351880945 0.32646390666132385 0.014224342677904211 0.013483337734056555
1 0.5883261431818423 0.6058535368546195 0.015615670577339504 0.015177270640497622
1 0.23353064578512442 0.8520964332248854 0.017014213230298912 0.017332077026367188
1 0.4376956690912661 0.8796834945678711 0.023008429485818615 0.030281647391941235
1 0.35520196997601056 0.6549871278845746 0.015488914821458899 0.016148359879203465
1 0.3973763300024945 0.5400157596753992 0.014740943908691406 0.017770767211914062
1 0.5131939597751783 0.1944896241892939 0.013722046561863111 0.019697438115658966
1 0.6144858443218729 0.28733124940291693 0.013945496600607166 0.013883590698242188
1 0.4819120738817298 0.2512350911679475 0.015275291774583899 0.015650997991147247
1 0.5768854721732761 0.33129507562388544 0.014706404312797215 0.014000809710958729
1 0.29320807042329206 0.823292524918266 0.027968344481095024 0.025138689124065895
1 0.6165979634160581 0.18269147043642792 0.014181220013162365 0.015080078788425611
1 0.2791870884273363 0.8789309626040251 0.015069774959398352 0.015504422395125679
1 0.2768615847048552 0.6779911207116168 0.015930092853048573 0.01801250291907269
1 0.6057714586672576 0.16202886726545251 0.01421468154243801 0.020301601161127506
1 0.6016360365826151 0.47131749858026917 0.013763220413871433 0.01561712182086447
1 0.22726434210072394 0.6655945570572562 0.015075642129649286 0.016194219174592392
1 0.42958808981853985 0.8427671764207922 0.01626309104587721 0.016262800797172215
1 0.4456287674281908 0.8327938162762186 0.024624741595724354 0.0335350865903108
1 0.6403060581373132 0.09966762169547703 0.015354156494140625 0.016598680745000424
1 0.44527731771054474 0.4887889157170835 0.016708581343941067 0.02177582616391389
1 0.5529786400173021 0.23916655001433 0.013267600018045177 0.01436614990234375
1 0.46453616930090863 0.5373514631520147 0.013795272163722826 0.014027595520019531
1 0.5809385050898013 0.13080577228380286 0.013693436332370924 0.014503022898798403
1 0.39133573615032696 0.41391092797984247 0.013770974200704823 0.014528067215629246
1 0.27414908616439154 0.8572145544964335 0.014729458352793818 0.016285937765370243
1 0.3090454391811205 0.7143127607262653 0.014491703199303669 0.016025543212890625
1 0.5889033856599227 0.5009462522423785 0.014632515285326086 0.016656046328337296
1 0.4831950353539508 0.15218477663786514 0.012035743049953295 0.014349253281303074
1 0.28439381848210876 0.5147606186244799 0.01584896834000297 0.01598445228908373
1 0.2314495211062224 0.8978517781133237 0.02616558904233186 0.03255180690599525
1 0.17812808181928552 0.7026132500689962 0.013815206030140753 0.015018297278362772
1 0.2619992857394011 0.835800834324049 0.015802238298499065 0.017222031303074047
1 0.42435608739438263 0.37529798175977624 0.013929367065429688 0.015070500581160835
1 0.24576670190562372 0.5682199312293011 0.0210400042326554 0.02616857445758322
1 0.3676070959671684 0.4834808474001677 0.014602951381517492 0.015349802763565727
1 0.30461333108984906 0.8281694495159647 0.016287368276844853 0.019070666769276493
1 0.4185975323552671 0.9053928541100543 0.014323815055515455 0.015224788499915081
1 0.5184571846671726 0.9304020093834918 0.0158317814702573 0.018602785856827446
1 0.4204745914625085 0.8636310826177183 0.01587254068125849 0.016294479370117188
1 0.39119994122049084 0.9354148118392281 0.01549530029296875 0.017019105994183083
1 0.3721298134845236 0.53656354157821 0.01396378226902174 0.015479461006496264
1 0.49781405407449475 0.30391343780185864 0.014189346976902174 0.015196572179379671
1 0.5069415672965671 0.11874536845995032 0.016785124073857845 0.032737814861795174
1 0.42914624836133874 0.455727597941523 0.014337829921556555 0.01696764904519786
1 0.34108373393183167 0.4775469614111859 0.015029326729152514 0.016601852748704994
1 0.21696633877961533 0.9386188672936481 0.02175816245701002 0.03482420548148777
1 0.3098764004914657 0.4638179281483526 0.013880439426587976 0.014326095581054688
1 0.29871459629224695 0.8804868200550908 0.01596670565397843 0.01577319269594939
1 0.18297162263289743 0.7498932299406632 0.014011258664338486 0.015837544980256454
1 0.47264478517615277 0.38805714897487475 0.013677223868992018 0.014371332914932915
1 0.47341634916222614 0.21929404009943423 0.014049986134404722 0.014580871747887653
1 0.21945459946342136 0.6141720647397249 0.015212349269701086 0.016776458076808765
1 0.501808850661568 0.239214855691661 0.014387172201405401 0.014239601466966711
1 0.631618769272514 0.16172031734300696 0.013574227042820143 0.015484478162682575
1 0.6027726090472677 0.5669988756594451 0.016366004943847656 0.01702793784763502
1 0.3425921979157821 0.6978283965069315 0.013810779737389606 0.014869482620902683
1 0.551104213880456 0.12570131343343985 0.013823799465013586 0.015211748040240744
1 0.6486813296442446 0.23610090172809103 0.01574304829473081 0.015953727390455162
1 0.6888372172480044 0.04391578099002009 0.017209592072860054 0.014857413976088814
1 0.6241606007451597 0.22152345076851224 0.017624730649201767 0.02215352265731148
1 0.4831176426099694 0.9637636516405188 0.016093378481657608 0.017431756724482
1 0.27343810122946033 0.7995926400889521 0.015659083490786346 0.019583494766898777
1 0.38745685245679773 0.42788368722666864 0.014855675075365149 0.015032229216202446
1 0.4514200583748195 0.8138659518697987 0.02098444233769956 0.0251935046652089
1 0.240945753843888 0.9351864275724991 0.016116847162661346 0.017793821251910667
1 0.32270806768666144 0.4610055218572202 0.014300263446310291 0.015332885410474695
1 0.6977625929790995 0.022691956680753956 0.016973951588506283 0.016202098649481068
1 0.49604689556619397 0.32751802776170813 0.014081291530443274 0.02760091035262398
1 0.40917626671169116 0.5063290388687797 0.01457201916238536 0.014579192451808764
1 0.3626480309859566 0.7086248812468156 0.014986411384914232 0.016141145125679348
1 0.5034817405368971 0.355604420537534 0.013917508332625679 0.013897356779679008
1 0.44825680359550146 0.25975193148073944 0.013162405594535496 0.014487743377685547
1 0.2257957769476849 0.6285565003104832 0.015012678892716118 0.01667835401452106
1 0.4655389993087105 0.23657866146253503 0.013535333716351053 0.014768040698507557
1 0.4365335754726244 0.35223347207774286 0.013985633850097656 0.014292924300484035
1 0.6453037054642387 0.22054539556088654 0.014026766238005264 0.014377676922342052
1 0.4806606043940005 0.9351742785909901 0.015115074489427649 0.016133515731148098
1 0.19130155314569888 0.8893711255944293 0.024074554443359375 0.02947085836659307
1 0.648337923962137 0.13650883799013885 0.014355576556661854 0.01640827759452488
1 0.4022035598754883 0.8978498707646909 0.014612695445185122 0.015082981275475544
1 0.41110432666280994 0.8819609932277513 0.014690399169921875 0.014272109321925951
1 0.16802029506019925 0.7275578457376232 0.022683050321496052 0.01804127900496773
1 0.6614363919133726 0.07859292237654976 0.015025719352390455 0.015422489332116169
1 0.41929207677426544 0.7997633063274882 0.015441811603048573 0.015492646590523098
1 0.3591783772344175 0.5091996400252633 0.013830433721127718 0.015510476153829823
1 0.5170447515404742 0.24503032020900561 0.023831201636272926 0.029476124307383663
1 0.46588779532391095 0.9264924007913341 0.014866248421047045 0.01656781072201936
1 0.5283031670943551 0.0695268874583037 0.01362497910209324 0.015672471212304157
1 0.4284722494042438 0.4712552195009978 0.014519193898076597 0.0165314881697945
1 0.4958829050478728 0.4821791234223739 0.01275460616402004 0.01341848788054093
1 0.5327630250350289 0.18814156366431195 0.014717931332795517 0.018708788830301037
1 0.3777684128802756 0.587915441264277 0.023041227589482845 0.020133018493652344
1 0.3021525300067404 0.5231570368227751 0.015017136283542799 0.016713598500127377
1 0.5830349300218665 0.01407698120759881 0.016639046047044838 0.016762045414551445
1 0.6745179425115171 0.06930098326309868 0.014221398726753567 0.014473904734072477
1 0.49742066341897717 0.2217815647954526 0.013470483862835428 0.0143426397572393
1 0.6584499193274457 0.10190083151278288 0.016101090804390285 0.020012762235558552
1 0.18639387255129608 0.6761669283327849 0.01442048860632855 0.01679515838623047
1 0.5030084278272546 0.1087586672409721 0.01332681075386379 0.014735636503800102
1 0.19665827958480173 0.8055648803710938 0.02235914313274881 0.027406443720278534
1 0.31171630776446796 0.6019589589989703 0.016969100288722828 0.01852703094482422
1 0.48129757590915845 0.12071008785911229 0.015821042268172554 0.02466750144958496
1 0.3572903716045877 0.5694104899530825 0.014860028805940048 0.023059762042501698
1 0.2086464425791865 0.7779564650162406 0.022674394690472145 0.03405222685440727
1 0.4146828858748726 0.9438895349917205 0.01516035328740659 0.015438079833984375
1 0.39615318049555237 0.9739029096520465 0.018194074216096298 0.01900133879288383
1 0.47454224462094513 0.13599524808966595 0.012781143188476562 0.01861546350562054
1 0.6138504069784413 0.11053834272467572 0.014600380607273268 0.014909775360770847
1 0.44846244480298914 0.9776958797288977 0.018228447955587635 0.01597744485606318
1 0.19032390221305515 0.7999308212943699 0.014096861300261124 0.015752046004585598
1 0.16649277832197107 0.701809489208719 0.013648002044014309 0.015909982764202614
1 0.6682719355044158 0.20600343787151834 0.015255057293435802 0.01777176235033118
1 0.30139463880787726 0.8477864887403406 0.014748511107071587 0.016250029854152515
1 0.2628962164339812 0.7171444685562797 0.014678229456362516 0.01684545434039572
1 0.23449187693388565 0.980873729871667 0.015846480493960174 0.01583174000615659
1 0.7060773683630902 0.16535143748573636 0.019165619559909985 0.020358033802198326
1 0.2460215195365574 0.958301129548446 0.016304306361986244 0.017438142195991848
1 0.4901578530021336 0.17281648387079654 0.01261026962943699 0.015272181967030401
1 0.3941429386968198 0.4898679152778957 0.027134688004203465 0.017875505530315895
1 0.4705845376719599 0.668324263199516 0.015450767848802649 0.016269683837890625
1 0.26037865099699603 0.7629166478696077 0.01529693603515625 0.017462025518002716
1 0.45126407042793604 0.9286646220995032 0.01426908244257388 0.0162443907364555
1 0.41847417665564496 0.54054652089658 0.015743628792140796 0.017220994700556217
1 0.40119372243466583 0.7304585083671238 0.01873368802277938 0.022185698799465015
1 0.6488650570745054 0.01730478490176408 0.01603619948677395 0.017689883061077282
1 0.5311369688614554 0.2053458483322807 0.014110482257345448 0.016830216283383576
1 0.18525590067324432 0.8780035350633704 0.01641795946204144 0.018594907677691917
1 0.246907493342524 0.6748570151951002 0.02239921818608823 0.01880305746327276
1 0.24517227255779764 0.8331578296163807 0.015608787536621094 0.017346589461616848
1 0.5403001619421918 0.06533512602681699 0.012708663940429688 0.014353332312210747
1 0.33563547549040423 0.7485490881878397 0.01680407316788383 0.020653600278108017
1 0.5264348983764648 0.23326121205868927 0.012173942897630774 0.013264946315599524
1 0.5047273428543754 0.9223948354306428 0.023379408794900646 0.028427041095236073
1 0.2886224207670792 0.7517128405363663 0.015418052673339844 0.016857893570609715
1 0.2532820805259373 0.9801122001979662 0.016511108564293903 0.016306089318316917
1 0.25903948493625806 0.8654854401298191 0.015262520831564198 0.016279220581054688
1 0.42486265431279724 0.7337317259415336 0.019702247951341713 0.019732102103855297
1 0.501071950663691 0.07481231896773628 0.013464844745138416 0.01533793366473654
1 0.7046739329462466 0.11465580048768417 0.014736175537109375 0.013886524283367655
1 0.2953371068705683 0.8029428564983866 0.016053344892418903 0.02062839010487432
1 0.7136070002680239 0.06576477703840836 0.016463321188221806 0.01659436329551365
1 0.2589162017988122 0.9109048428742782 0.015781837960948116 0.016881362251613453
1 0.6886140781900157 0.0810847748880801 0.01410687488058339 0.014140574828438137
1 0.3325268600298011 0.6411784835483717 0.014464606409487516 0.01535660287608271
1 0.4247758492179539 0.4234488114066746 0.014720046001931896 0.01678193133810292
1 0.4559604810631793 0.7009052608324133 0.016864859539529552 0.017913818359375
1 0.3953425365945567 0.57734375414641 0.012687268464461617 0.015568733215332031
1 0.4045508426168691 0.8401792775029722 0.016248785931131115 0.015583038330078125
1 0.4993496977764627 0.9299693314925485 0.01524116681969684 0.015223710433296535
1 0.7122581730718198 0.041475140530130135 0.01762680385423743 0.015227753183116083
1 0.44072924489560333 0.6737207744432532 0.016074180603027344 0.014651588771654211
1 0.3851812196814496 0.8374569934347401 0.01719176250955333 0.019377335258152172
1 0.44865085767663043 0.955111959706182 0.02062664861264436 0.026186901590098507
1 0.5412103818810504 0.23987758677938711 0.012846075970193615 0.014295640199080757
1 0.6903272919032885 0.1237876207932182 0.01689409173053244 0.019599064536716625
1 0.6910948960677438 0.10238898318746815 0.014232884282651155 0.014970820883046026
1 0.4900043114371922 0.1832246262094249 0.01324301180632218 0.015312215556269106
1 0.8126483170882516 0.06699386886928392 0.01767440464185632 0.017094850540161133
1 0.5334314885346786 0.03803189422773278 0.013202957485033117 0.014937680700550909
1 0.21210141803907312 0.9538679537565812 0.01558121390964674 0.016404856806216034
1 0.709021692690642 0.08326375484466553 0.014628368875254755 0.014045186664747156
1 0.3403258012688678 0.7317459272301715 0.026888494906218155 0.017253212306810463
1 0.721127758855405 0.1273294220799985 0.01758699831755265 0.02821078507796578
1 0.3093910528265912 0.9015307633773141 0.02184285288271697 0.029386354529339333
1 0.31155455630758533 0.8003137422644574 0.0172112921009893 0.021774374920388927
1 0.4467554714368737 0.821142984473187 0.013941681903341541 0.015549286552097486
1 0.35807620960733166 0.870856119238812 0.025267911993938942 0.042255650395932404
1 0.339643903400587 0.5709080488785453 0.015361640764319378 0.01821824778681216
1 0.4285958538884702 0.7044186177461044 0.017731003139329994 0.01778474061385445
1 0.45377575832864514 0.6167846555295198 0.015972676484481148 0.01461066370425017
1 0.2575346283290697 0.588924325030783 0.014850201814070992 0.015255720719047215
1 0.4959307338880456 0.21041194252345874 0.013030218041461447 0.015961978746497112
1 0.296646439510843 0.7333649345066237 0.016084442967953888 0.023249087126358696
1 0.2702073221621306 0.9249744000642196 0.015071785968282948 0.016120496003524117
1 0.4747633519379989 0.5606729051341182 0.02317457613737687 0.018390116484268852
1 0.44490244077599567 0.5406201611394468 0.02256563435430112 0.018031203228494396
1 0.35950069842131244 0.685625408006751 0.016557486160941746 0.027444258980129078
1 0.4224482619244119 0.8199353425399117 0.015313231426736584 0.016951187797214672
1 0.6004130943961765 0.304873570151951 0.01940706501836362 0.029444114021632984
1 0.580386617909307 0.3545377669127091 0.015191534291143003 0.01655485319054645
1 0.6693388482798701 0.030439080751460533 0.021109539529551632 0.028906491787537285
1 0.3958628488623578 0.8503669655841329 0.020244059355362602 0.02615679865298064
1 0.3128295774045198 0.7726715751316237 0.01748694544253142 0.024698837943699047
1 0.7161268565965735 0.022530827185382015 0.016998705656632133 0.016585786705431732
1 0.24151386385378631 0.6056043790734332 0.01772803845612899 0.021627509075662365
1 0.20525436816008194 0.7609348297119141 0.01794321640678074 0.028809423032014267
1 0.5217820250469706 0.16931095848912778 0.014565965403681215 0.025144338607788086
1 0.3706852871438731 0.854401215263035 0.017889354539954144 0.015377210534137228
1 0.5166459290877633 0.2944312199302342 0.014858162921407948 0.021160187928572945
1 0.3100249145341956 0.9719823339711064 0.017028414684793224 0.01775832798170007
1 0.4128883610601011 0.399756846220597 0.014939515487007473 0.01805927442467731
1 0.7158528618190599 0.10078144073486328 0.014379169629967731 0.014669086622155231
1 0.2835189674211585 0.5727443902388863 0.018913662951925526 0.02198115639064623
1 0.7394833357437797 0.051886476900266564 0.016411905703337296 0.01767577036567356
1 0.33851319810618524 0.8784153150475543 0.018642860910166866 0.017501996911090355
1 0.3007472390713899 0.9162464141845703 0.017065815303636635 0.016970261283542797
1 0.5077039469843325 0.3244389243747877 0.013008781101392664 0.013966850612474524
1 0.38878561102825665 0.7511026133661685 0.022753176481827446 0.032549816629161
1 0.483785691468612 0.3149987096371858 0.013086443362028702 0.013308732405952785
1 0.3889387379521909 0.8094596033510955 0.021722710650900135 0.025080307670261547
1 0.4749708382979683 0.4727393233257791 0.014880180358886719 0.01888387099556301
1 0.654940128326416 0.1652617661849312 0.01651701719864555 0.031758598659349525
1 0.42897879559060803 0.5584167190220045 0.016044699627420177 0.02265080161716627
1 0.5203253082607103 0.11190052136130955 0.015683837558912193 0.024818327115929645
1 0.4786884473717731 0.20345953236455502 0.014986286992612093 0.016581162162449047
1 0.22925643298936926 0.9651381865791653 0.014124393463134766 0.015926609868588654
1 0.38909837473993714 0.7719130308731742 0.017868705417798912 0.018522843070652172
1 0.26178309191828186 0.879854036414105 0.015588615251624065 0.01726681253184443
1 0.2594081007915994 0.891426998635997 0.015434804170028023 0.017046555228855297
1 0.4635067608045495 0.2527736995531165 0.01393264272938604 0.01390701791514521
1 0.17471630676932956 0.7232173836749533 0.013176876565684443 0.014597270799719769
1 0.3821883616240128 0.5553320594455885 0.014280775318975035 0.019069671630859375
1 0.5742436699245287 0.23104205338851266 0.014796464339546535 0.021858173867930538
1 0.4667041820028554 0.5591675924218219 0.017779930778171704 0.01794222126836362
1 0.26532770239788556 0.9447261146877123 0.014965264693550442 0.017811319102411686
1 0.29018707897352136 0.8555415194967518 0.01508287761522376 0.030751518581224525
1 0.41201622589774756 0.6034041073011316 0.01473837313444718 0.015412330627441406
1 0.4134519203849461 0.7714168714440387 0.016773762910262398 0.01695035851520041
1 0.44250652064447815 0.9609836910081946 0.01508368616518767 0.018385182256283966
1 0.6850443715634553 0.15485764068105948 0.02426072825556216 0.030452738637509552
1 0.4152643369591754 0.6492141433384108 0.01672504259192425 0.017222487408181896
1 0.6019465612328571 0.29873076729152515 0.01321398693582286 0.014434399812117867
1 0.5346828958262568 0.05330297998760058 0.012964912082837976 0.01630774269933286
1 0.31597199647322943 0.7549161496369735 0.015130333278490149 0.01706745313561481
1 0.39932182560796325 0.7862894638724949 0.015841815782629925 0.015930507494055706
1 0.3509383305259373 0.7306404943051545 0.01584892687590226 0.014956101127292799
1 0.363826088283373 0.8251741243445355 0.025599604067595108 0.03113531029742697
1 0.34771421681279724 0.6356107255686885 0.020071195519488792 0.032067298889160156
1 0.3268671865048616 0.7801448987877887 0.015161763066830843 0.014818440312924593
1 0.32989979826885724 0.8516378817350968 0.025635118069856064 0.020739182181980297
1 0.761335331460704 0.05457900399747102 0.01994033481763757 0.0184583041978919
1 0.7005940727565599 0.06026887375375499 0.015906375387440556 0.018273757851642113
1 0.5465810817220936 0.05036845544110174 0.013169205707052479 0.015518258447232454
1 0.1916953999063243 0.77374325627866 0.01753724139669667 0.019076803456182064
1 0.40517108336738916 0.6959544679392939 0.018007071121879246 0.01609914199165676
1 0.18137976397638736 0.7824160949043606 0.02062480346016262 0.01981843036154042
1 0.42350426964137866 0.9733723764834197 0.019575243410856827 0.026496306709621265
1 0.22022424573483673 0.9681565657905911 0.018156569937001103 0.016183106795601223
1 0.42197940660559613 0.7588715345963187 0.016441925712253735 0.01571928936502208
1 0.33097678682078485 0.7957351104072903 0.015519287275231403 0.01565775663956352
1 0.27205578140590503 0.5847544877425485 0.014580622963283373 0.014522718346637228
1 0.43966629194176715 0.6482531713402789 0.01567276664402174 0.01628539873206097
1 0.4495995148368504 0.6354488497195037 0.016017416249150814 0.01432688339896824
1 0.4044292284094769 0.5921519528264585 0.014835606450619905 0.021186372508173405
1 0.6632814200028129 0.13574006764785104 0.0206597784291143 0.023736943369326385
1 0.6695102816042693 0.09957352410192075 0.015641212463378906 0.01672629688097083
1 0.3286560100057851 0.9636005733324133 0.01573819699494735 0.01589567764945652
1 0.314350470252659 0.8648900156435759 0.015542175458825153 0.01636729033096977
1 0.6751416455144468 0.17226360673489777 0.016991117726201595 0.018708716268124786
1 0.46615042893782904 0.6868613077246625 0.015538132709005604 0.016792007114576256
1 0.43049484750498895 0.5979545220084812 0.01777159649392833 0.017150422801142155
1 0.19997731499049975 0.7480757754781971 0.014461061228876528 0.016228302665378735
1 0.41953880890556006 0.6676469056502633 0.017249024432638416 0.013792286748471468
1 0.490516123564347 0.9127294706261676 0.016742042873216713 0.01623244907545007
1 0.7177311441172725 0.13564748867698337 0.016433549963909645 0.017067670822143555
1 0.46141983115154767 0.5976379021354343 0.014667967091435972 0.016305467356806217
1 0.6614943379941194 0.18985954574916675 0.015972054522970448 0.016534908958103344
1 0.3300425695336383 0.9176933869071628 0.018623932548191235 0.01945172185483186
1 0.3624890576238218 0.9064956747967264 0.018241592075513756 0.019057812898055367
1 0.3367640039195185 0.9059109065843665 0.018134739087975544 0.017336803933848507
1 0.37670925389165466 0.5704088833021081 0.014022619827933933 0.014766983363939367
1 0.2606363814810048 0.5740951247837233 0.014833885690440302 0.01577547322148862
1 0.4410786836043648 0.7488677812659222 0.013855478037958559 0.014723570450492527
1 0.3658729428830354 0.7355967811916185 0.014744675677755604 0.017344599184782608
1 0.29075768719548767 0.5936764841494353 0.016767024993896484 0.021394895470660667
1 0.4568886549576469 0.6521466503972593 0.014433570530103601 0.01395942853844684
1 0.4530231641686481 0.7245963138082753 0.023237311321756115 0.020975776340650475
1 0.7502129596212636 0.08061863805936731 0.02067930802055027 0.02459157549816629
1 0.3194123558376146 0.9872954824696416 0.01738199980362602 0.01716199128524117
1 0.43942640138709027 0.5365298105322797 0.015030197475267492 0.01471672887387483
1 0.5696982093479322 0.4876426406528639 0.013521609099014946 0.014706114064092222
1 0.664440507474153 0.023243417558462723 0.01655226168425187 0.01530514463134434
1 0.4475611811098845 0.7302657832270083 0.017185957535453465 0.01715063012164572
1 0.4652429248975671 0.6313792518947435 0.014124414195185122 0.017239280368970787
1 0.3406806925068731 0.7903134719185207 0.016107911648957626 0.018658513608186142
1 0.3449932284977125 0.6153148568194845 0.019376153531281845 0.030727386474609375
1 0.3817820756331734 0.8891513243965481 0.01692838254182235 0.01662735317064368
1 0.3205477569414222 0.8477926668913468 0.013852223106052565 0.014422209366508152
1 0.6769451887711234 0.0888269103091696 0.014331154201341711 0.01544542934583581
1 0.7391087490579357 0.11021563281183658 0.01614056462826936 0.015480373216711956
1 0.39393451939458435 0.6734255500461744 0.01967434261156165 0.02211048292077106
1 0.3324978973554528 0.7125310068545134 0.01999782479327658 0.014950544937797215
1 0.5988774092301078 0.6566474748694379 0.02259685682213825 0.026810355808423912
1 0.6545513401860776 0.1794300027515577 0.016851508099099865 0.020100313684214718
1 0.5221631215966266 0.2833481456922448 0.013671170110287874 0.014589268228282099
1 0.7777350467184315 0.034968716942745705 0.019999047984247623 0.02012017757996269
1 0.3134620293327 0.9504009329754374 0.016814978226371433 0.017837939055069633
1 0.25577486079672107 0.550751893416695 0.01774678022965141 0.026157130365786346
1 0.4954424111739449 0.4992561962293542 0.013606154400369396 0.014461310013480808
1 0.41838436541349994 0.9326479538627293 0.014685133229131285 0.015124113663383152
1 0.515601220338241 0.009424358606338501 0.015094300974970278 0.012148393237072489
1 0.8252479719079059 0.031235635928485706 0.019629271134086277 0.021154625260311623
1 0.4009323327437691 0.49486085642939026 0.01349403547204059 0.015140699303668478
1 0.667939973914105 0.14409362751504648 0.014657559602156929 0.02142078980155613
1 0.48265525569086487 0.4771199848340905 0.017895449762759003 0.016002737957498302
1 0.38348046593044116 0.8173101673955503 0.017730008000912872 0.017567510190217392
1 0.8031890288643215 0.046279278786286064 0.01657544011655061 0.01729388081509134
1 0.44150400161743164 0.7845861186151919 0.015584572501804518 0.017707990563434105
1 0.673080651656441 0.010406551315732624 0.016739057457965355 0.01321388295163279
1 0.3869105007337487 0.7133029440174932 0.016049799711807915 0.016487785007642662
1 0.7059194108714228 0.14295832488847815 0.021589403567106827 0.018031690431677776
1 0.7341499743254288 0.10205212365026059 0.017957687377929688 0.02020277147707732
1 0.4453591885774032 0.7619325803673785 0.01672222303307575 0.020626316899838654
