1 0.47061393571936566 0.8486604275910751 0.01167861275050951 0.012185469917629076
1 0.440191766490107 0.9848874548207158 0.012532441512398098 0.012441966844641644
1 0.4547007809514585 0.9522971692292587 0.011705025382663893 0.01183144942573879
1 0.3700126357700514 0.9179669670436693 0.011523412621539572 0.012906033059825068
1 0.3866459805032481 0.891140315843665 0.011214297750721807 0.013113436491593071
1 0.5374091811802076 0.8331959351249363 0.011624170386272928 0.011919021606445312
1 0.49538351141888165 0.9865547263103983 0.011253191077190897 0.010922224625297215
1 0.37352447924406634 0.9386932538903278 0.01151387587837551 0.013187408447265625
1 0.41573841675468115 0.986028878585152 0.01126898889956267 0.011849030204441236
1 0.4740832992221998 0.9850948582524839 0.011400513027025305 0.012138781340225883
1 0.43703952042952826 0.9655995576278024 0.011982254360033117 0.011677120042883831
1 0.47907626110574475 0.8330284616221553 0.011731355086616848 0.012231246284816576
1 0.5144918068595554 0.9861938227777896 0.010349066361137058 0.011796951293945312
1 0.4737930090531059 0.9665982619575832 0.011175362960152004 0.012080316958220108
1 0.5513788306194803 0.8964264496513035 0.010279448136039402 0.011982710465140965
1 0.5553368278171705 0.9682411110919454 0.02405150040336277 0.014525289120881454
1 0.44733984574027685 0.9199439339015795 0.011608206707498302 0.012427786122197691
1 0.5456332331118376 0.9109820490298064 0.011059553726859715 0.011932538903277853
1 0.5345390361288319 0.866421533667523 0.010662369106126867 0.01146971661111583
1 0.43932568508645764 0.9411738022514011 0.011179924011230469 0.011768341064453125
1 0.3791032666745393 0.9575744711834452 0.011167401852815048 0.012431517891261889
1 0.5385795261548914 0.9599673644356106 0.011104500812032948 0.011516819829526155
1 0.5508945713872495 0.9388761935026749 0.02362823486328125 0.020424552585767662
1 0.5411140815071438 0.8811103572016177 0.023162302763565727 0.01591781947923743
1 0.5670475752457328 0.9845044923865277 0.024085832678753395 0.013052318407141644
1 0.47508637801460596 0.9524693696395211 0.011076471079950747 0.011352207349694294
1 0.46020965990812884 0.9138424914816151 0.010991096496582031 0.011871503747027853
1 0.49376017114390497 0.9113997169162916 0.010274762692658798 0.011180297188136889
1 0.5081072475599206 0.9169382427049719 0.010871348173721977 0.010765656181003736
1 0.40083640554676886 0.9850063738615616 0.011173745860224184 0.011686656786047894
1 0.48548078536987305 0.9729151103807532 0.011906043342922045 0.011464740919030231
1 0.5741643076357634 0.9863070612368376 0.010767480601435122 0.012724337370499321
1 0.529300192128057 0.9162766829780911 0.010575916456139606 0.025526627250339672
1 0.43340253829956055 0.9278693406478219 0.01128350133481233 0.010770466016686481
1 0.46848450536313263 0.902484479157821 0.017436898272970448 0.021315367325492527
1 0.4711249392965566 0.870221469713294 0.010229857071586277 0.011685329934825068
1 0.46605472979338275 0.9391197536302649 0.011179924011230469 0.011442930802055027
1 0.4862822657046111 0.8900287876958433 0.010661581288213316 0.010893199754797894
1 0.41271549722422723 0.894458065862241 0.011302201644234035 0.012095824531886889
1 0.5462561275648035 0.9357532003651494 0.010441697162130604 0.011423525602921196
1 0.4114078646120818 0.9691415040389352 0.010744385097337805 0.011450062627377718
1 0.5367189075635828 0.986549128656802 0.011045870573624321 0.011814449144446331
1 0.4825225083724312 0.862469134123429 0.01004301983377208 0.010739533797554348
1 0.38311788310175354 0.9305148746656335 0.011494595071543818 0.012487991996433424
1 0.5158060737278151 0.9332667641017748 0.010720460311226223 0.010719465172809103
1 0.4963927476302437 0.9566548388937245 0.010710508927055027 0.011370451554008152
1 0.38931645517763885 0.9456904867421025 0.011268823043159817 0.01250457763671875
1 0.3866703199303668 0.9871859757796578 0.010883745939835258 0.01148049727730129
1 0.5172852433246115 0.9059111553689708 0.01426584824271824 0.021781589673913044
1 0.48550599554310675 0.935166773588761 0.011097908020019531 0.010632141776706861
1 0.38028511793717096 0.911652772322945 0.012142057004182236 0.018095596976902172
1 0.5321023982504139 0.8534553776616636 0.010500824969747791 0.011646519536557405
1 0.49289871298748517 0.8318234733913256 0.013770103454589844 0.01584202310313349
1 0.417042524918266 0.9066522017769192 0.010533042576002039 0.011419876762058424
1 0.482252369756284 0.9111086803933849 0.010565633359162704 0.014456375785495924
1 0.5118215602377186 0.8465546732363494 0.010726057964822521 0.010844769685164742
1 0.5113036114236583 0.8319398216579271 0.01906635450280231 0.013625683991805367
1 0.5163346995478091 0.9639674476955248 0.012158767036769701 0.01732486227284307
1 0.4932770107103431 0.87591494684634 0.009862236354662024 0.011664017387058424
1 0.4246577594591224 0.9759555070296578 0.011944770812988281 0.012062984964121943
1 0.42833844475124194 0.9483181082684061 0.01099084771197775 0.018547472746475883
1 0.531322313391644 0.9413521808126698 0.011582581893257473 0.017456220543902855
1 0.38469304209170135 0.9783257608828337 0.011861096257748812 0.01777308920155401
1 0.4073796272277832 0.9219016614167587 0.010346993156101393 0.02078172434931216
1 0.5109513531560483 0.8677553508592688 0.012027367301609205 0.018510984337848167
1 0.5040620513584303 0.9448592559151028 0.01143783071766729 0.012602847555409307
1 0.41907577929289447 0.940974650175675 0.012422105540399965 0.01873920274817425
1 0.5179370175237241 0.891610684602157 0.01229646931523862 0.018666474715523098
1 0.525767533675484 0.964026285254437 0.011397237363068954 0.014557796975840693
1 0.5195349403049635 0.9565917305324388 0.01161981665569803 0.016070324441661007
1 0.39403463446575665 0.9146820565928584 0.011954183163850204 0.01799923440684443
1 0.41712719461192255 0.9294707671455715 0.010058942048445992 0.02687097632366678
1 0.49564291083294415 0.8410610530687415 0.012129493381666101 0.018658845320991848
