1 0.5761840447135593 0.4069827743198561 0.01639154682988706 0.017158964405889095
1 0.5178094117537789 0.5732864918916122 0.014918534652046535 0.015634909920070484
1 0.5211275764133619 0.40565401574839716 0.016207902327827785 0.016757840695588486
1 0.483492954917576 0.40593711189601733 0.01633490686831267 0.017607564511506454
1 0.49027121585348377 0.537021139393682 0.01588925071384596 0.016433135322902515
1 0.5459444626517918 0.15730192868605905 0.016181779944378395 0.029909372329711914
1 0.5623247934424359 0.20177282457766327 0.02617707459822945 0.03170314042464546
1 0.475630055303159 0.5605664875196374 0.015780739162279213 0.01600033303965693
1 0.4626404098842455 0.5103883535965629 0.015941246696140454 0.016940697379734204
1 0.4441412220830503 0.5679626257523246 0.015839203544284985 0.014705284782077955
1 0.5048565449921981 0.5603545023047406 0.014861106872558594 0.015023314434549084
1 0.5500543843144956 0.34199181846950366 0.016722969386888588 0.016871701116147247
1 0.485207288161568 0.42897535407024884 0.015544020611306896 0.015639180722443954
1 0.4677060583363409 0.5264668464660645 0.018941879272460938 0.0254382672517196
1 0.45663033361020294 0.5505527828050696 0.022184454876443615 0.026857376098632812
1 0.5660805909529977 0.31870480205701746 0.016212878019913383 0.016588024471117103
1 0.5282204876775327 0.5335583894149117 0.015649588211722996 0.0155181884765625
1 0.5419746067212976 0.5216333555138629 0.014863967895507812 0.015485265980596128
1 0.5198284854059634 0.48170520948327106 0.014194861702297045 0.014919363934060802
1 0.5946106288744055 0.28113273952318274 0.01522628120754076 0.015371322631835938
1 0.5488877503768258 0.17320831443952478 0.015200158824091372 0.01599972144417141
1 0.5134945123091988 0.4573026947353197 0.015726545582646908 0.014911361362623133
1 0.5289416935132898 0.5548400256944739 0.016541605410368546 0.01630239901335343
1 0.5345468728438668 0.5900955822156824 0.023353866908861244 0.02565280250881029
1 0.4600477011307426 0.4240594532178796 0.016305052715799084 0.017534919407056725
1 0.43415509099545685 0.41492623868195905 0.01654542010763417 0.016785331394361412
1 0.5942860271619714 0.17318699152573294 0.014601790386697521 0.016312340031499447
1 0.5275340702222742 0.5046412011851436 0.016222746475883152 0.015808685966159985
1 0.5383613420569379 0.4027704363283904 0.021919333416482677 0.027300005373747452
1 0.5086646701978601 0.3507830682008163 0.016429652338442596 0.018069288004999576
1 0.4879821487095045 0.359722552092179 0.016271300937818443 0.016371851382048233
1 0.5789950619573179 0.18490164176277493 0.014770715133003567 0.015952670055886974
1 0.5121790637140688 0.5284839920375658 0.024301902107570484 0.029447762862495754
1 0.4986946271813434 0.4721276449120563 0.015448611715565557 0.016223119652789574
1 0.5694169790848441 0.4409230895664381 0.015114784240722656 0.01653202720310377
1 0.5671788298565409 0.15856294009996497 0.01552420077116593 0.016226436780846638
1 0.5420042120892069 0.36320723658022674 0.016660026882005775 0.01653339551842731
1 0.5876286133475925 0.141027279522108 0.016059958416482677 0.016470214594965397
1 0.5383638091709303 0.05590225820956023 0.01849203524382218 0.01694140226944633
1 0.5456791960674784 0.5530158747797427 0.015123159989066746 0.01646987251613451
1 0.49812723242718243 0.2886896962704866 0.021645504495371944 0.030477523803710938
1 0.4993618674900221 0.4984492011692213 0.015801802925441578 0.017031462296195652
1 0.46187178984932276 0.40217592405236285 0.01607666844907014 0.015962973884914234
1 0.5210773011912471 0.3803095817565918 0.016280837680982506 0.015983788863472317
1 0.5305897878563922 0.47314847033956775 0.013833792313285496 0.014449492744777514
1 0.5031568071116572 0.3821154262708581 0.016367248866869057 0.016219802524732506
1 0.5554724361585535 0.07670002139132956 0.01565191020136294 0.015388442122417948
1 0.5792305158532184 0.21706183060355808 0.016183853149414062 0.01578049037767493
1 0.5413466951121455 0.3824008444081182 0.016396522521972656 0.015533861906632133
1 0.5723154855811078 0.06900331766709038 0.015002167743185291 0.01475977897644043
1 0.4816897019096043 0.5116551233374554 0.015689352284307064 0.01618032870085343
1 0.47874461049618927 0.47023599044136377 0.015182204868482508 0.01540548905082371
1 0.4888397092404573 0.5780541793159817 0.020647090414296024 0.023376298987347145
1 0.5652933120727539 0.02884691824083743 0.015600204467773438 0.014627987923829452
1 0.604558861773947 0.12171768105548361 0.015492812446925951 0.015837047411047894
1 0.5511331350907035 0.4580395740011464 0.014652708302373472 0.01444932688837466
1 0.6185379235640817 0.13374751028807266 0.015258332957392153 0.016022630359815514
1 0.5303658817125403 0.4370125065679136 0.02616803542427395 0.016211799953294838
1 0.49247055468351947 0.5721146749413532 0.013916305873704992 0.013583266216775646
1 0.4797326792841372 0.49545856144117273 0.014386550239894701 0.014878729115361753
1 0.5322607289189878 0.4502928982610288 0.014637076336404552 0.014269911724588146
1 0.5970827807550845 0.24251638288083283 0.016813153805940048 0.015821353248927906
1 0.5677875228550123 0.19476984894793967 0.014692513839058254 0.015322498653246008
1 0.6000339673913043 0.0680453984633736 0.015160187431003736 0.014412496400916058
1 0.5521007206128992 0.10301926343337349 0.014326095581054688 0.015258820160575535
1 0.4646330087081246 0.4510432326275369 0.014846345652704653 0.01619243621826172
1 0.49481250928795856 0.4490793269613515 0.014192083607549253 0.015332802482273268
1 0.492041421973187 0.14308990602907928 0.016478165336277172 0.019441770470660667
1 0.6051086757494055 0.14848919536756433 0.014402970023777174 0.016196064327074135
1 0.6247959758924402 0.10238513220911441 0.01563474406366763 0.016182702520619267
1 0.4838736782903257 0.09459294702695764 0.01761589879574983 0.015327863071275793
1 0.5947817926821501 0.26221481613490893 0.015108108520507812 0.015402275583018427
1 0.49594161821448285 0.2153498711793319 0.01599685005519701 0.0178258522697117
1 0.5876156972802203 0.05242497506348983 0.01498574795930282 0.01520333082779594
1 0.5394462295200514 0.43430419590162195 0.014397372370180876 0.014954276706861414
1 0.4904261879298998 0.3240268541418988 0.016871079154636547 0.016061699908712635
1 0.59430105789848 0.09783556668654732 0.019729945970618206 0.029690358949744183
1 0.4752717640088952 0.3932304175003715 0.021561829940132473 0.025161038274350372
1 0.48023644737575366 0.44730970133905823 0.014477812725564709 0.016642031462296196
1 0.45858026587444806 0.47540341252866 0.014384477034859035 0.01495535477347996
1 0.5680793471958326 0.6348834659742273 0.016425049823263416 0.017058662746263588
1 0.5745762120122495 0.12285187451735786 0.01593382462211277 0.01616626200468644
1 0.5842769249625828 0.08185442893401436 0.015107237774392834 0.014470717181330141
1 0.5447691627170729 0.4717402458190918 0.01449385933254076 0.014551452968431555
1 0.5641672300255817 0.14043967101884924 0.015966249548870583 0.015024050422336744
1 0.6011768423992655 0.19619038830632748 0.014346412990404211 0.014462574668552565
1 0.5534758567810059 0.4414593862450641 0.014157958652662195 0.01600020864735479
1 0.5512257658916971 0.03914030997649483 0.02134003846541695 0.024531006813049316
1 0.5851693775342859 0.03525303757709006 0.014898134314495584 0.014851362808890965
1 0.5690400289452594 0.09423058965931767 0.014597312263820482 0.01463560436082923
1 0.48028419328772504 0.34117441592009173 0.015583038330078125 0.015346527099609375
1 0.582203947979471 0.01788517767968385 0.01499176025390625 0.013450305099072664
1 0.6024558440498684 0.2201463968857475 0.014481254245923914 0.01588296890258789
1 0.44366618861322815 0.5234016542849333 0.025287089140518852 0.024644727292268173
1 0.44019910563593323 0.5443246675574261 0.015905877818232 0.014771751735521399
1 0.6048158977342688 0.027852041565853615 0.0215289074441661 0.022431122220080833
1 0.6083027176235033 0.2529443139615266 0.01447532487952191 0.014571666717529297
1 0.5446039282757303 0.4964440387228261 0.013831594715947691 0.014523796413255774
1 0.3503178928209388 0.8567488711813221 0.014123709305472996 0.014849870101265285
1 0.5473526664402174 0.03234609443208446 0.015826349673063858 0.015789687633514404
1 0.3675158334814984 0.8342076591823412 0.016504080399222996 0.01742081020189368
1 0.6288983096247134 0.08348708826562633 0.015071495719577955 0.014004619225211765
1 0.48611524830693786 0.3781859149103579 0.017120941825534985 0.016831895579462467
1 0.3636054992675781 0.8834088781605596 0.016266781350840694 0.016179872595745583
1 0.49244893115499744 0.27751787849094556 0.015584365181300951 0.01551366888958475
1 0.49131700266962464 0.1735787184342094 0.015530295993970789 0.01987681181534477
1 0.5707725234653639 0.10793159319006879 0.014790037403935972 0.016387732132621433
1 0.6209131323772928 0.15692901093026865 0.014256187107252039 0.019398284995037575
1 0.6330974413001019 0.04220361294953719 0.020223037056300953 0.027117169421652088
1 0.37278625239496643 0.17034595945607062 0.02284029255742612 0.02820406789365022
1 0.5471277444258981 0.013776477264321369 0.016429527946140454 0.01589007740435393
1 0.5998976956243101 0.6701721523119055 0.019277697024138077 0.01703718434209409
1 0.5837980975275454 0.6604841481084409 0.016620096953018852 0.016117759372877037
1 0.6148911351742952 0.2044684472291366 0.014853850654933764 0.01739682321963103
1 0.632379552592402 0.019829849834027496 0.014266428740128227 0.013910560504249905
1 0.4934889337290888 0.26264659218166186 0.015651619952657948 0.017374619193699047
1 0.3759722502335258 0.9301428172899329 0.018385928610096806 0.02386200946310292
1 0.6119230519170347 0.08267449296039084 0.014633261639138927 0.014530492865520975
1 0.3636947507443635 0.8615274843962296 0.016404151916503906 0.017174928084663723
1 0.4409687830054242 0.1861449220906133 0.028818254885466202 0.01536479203597359
1 0.3825877853061842 0.5358873450237772 0.01870026795760445 0.020898321400518
1 0.6041051615839419 0.04678235235421554 0.014595529307489809 0.014818308146103569
1 0.333268870478091 0.9390856286753779 0.015616126682447351 0.017030881798785667
1 0.453164121379023 0.18490574670874554 0.016731469527534817 0.014576518017312756
1 0.5953990065533182 0.6361355159593665 0.017136573791503906 0.016986929852029552
1 0.45507078585417376 0.16188531336577042 0.017122268676757812 0.01615569902502972
1 0.3873905720918075 0.5777120797530465 0.01765553847603176 0.016331423883852753
1 0.37262234480484674 0.5785996602929157 0.015577938245690388 0.014590760935907778
1 0.6259307654007621 0.6609305091526197 0.017941391986349354 0.01668888589610224
1 0.4840772877568784 0.1933267531187638 0.015308960624363111 0.01422361705614173
1 0.6287887822026792 0.6418478177941364 0.018324644669242527 0.01692000679347826
1 0.6302764104760211 0.03304319537204245 0.016296594039253567 0.013787627220153809
1 0.4210270591404127 0.520818917647652 0.017323867134425953 0.017041579536769703
1 0.3928300608759341 0.9329563223797342 0.015820212986158287 0.016149355017620583
1 0.6046495644942574 0.2087421002595321 0.01435201064400051 0.014858121457307236
1 0.35313838461171027 0.9120259492293649 0.016147530597189198 0.017811816671620243
1 0.4667999848075535 0.22659116205961807 0.01984728937563689 0.01841878890991211
1 0.4650140430616296 0.48810316168743634 0.01566339575726053 0.014581099800441576
1 0.6934074526247771 0.4394098364788553 0.02003068509309188 0.025140762329101562
1 0.3674107219861901 0.9611422911934231 0.018335715584132984 0.017602588819420856
1 0.5797804127568784 0.7042977291604747 0.020900643390157948 0.022332979285198708
1 0.6151333684506624 0.16552070949388586 0.016164116237474525 0.018813879593558933
1 0.6483757392219875 0.12320914475814156 0.017090133998704994 0.021103195522142494
1 0.6242764099784519 0.06146035764528358 0.02318772025730299 0.028726427451423977
1 0.3485252857208252 0.9501441457997197 0.01557202961133874 0.015983913255774456
1 0.7827668397322946 0.4491333132204802 0.020884638247282608 0.02136591206426206
1 0.37700244654779846 0.8989487108976945 0.015486883080523947 0.016113861747409985
1 0.46553624194601306 0.3346404614655868 0.017836943916652515 0.017541304878566578
1 0.40033923024716583 0.8707637786865234 0.015552728072456692 0.014624388321586277
1 0.437419145003609 0.25233346482981805 0.02144058890964674 0.021098903987718666
1 0.37349161894425104 0.166539772697117 0.015697728032651154 0.014128353284752888
1 0.37655990020088526 0.8494091448576554 0.014826442884362263 0.01590803395146909
1 0.4601695226586383 0.28603990181632666 0.017927874689516815 0.017653942108154297
1 0.35464294060416846 0.17922660060550855 0.014173777207084324 0.013212255809618078
1 0.23035216331481934 0.5790653021439262 0.018394615339196247 0.018356613490892494
1 0.40973333690477454 0.9248971939086914 0.02043578935706097 0.02061901921811311
1 0.43572226814601733 0.5148135682810908 0.015920141468877377 0.017633728359056557
