1 0.3660485096599745 0.37000085996544874 0.011540003444837488 0.013955199200174084
1 0.25748971234197204 0.722063686536706 0.011138190393862516 0.011356602544369905
1 0.24228352049122687 0.7939893059108569 0.010712851648745329 0.011257171630859375
1 0.2587844185207201 0.9022717683211618 0.010562233302904211 0.011055656101392664
1 0.22112644237020743 0.8767367238583772 0.010839856189230213 0.011341343755307405
1 0.4023764081623243 0.36042296368142834 0.01090450908826745 0.011386373768682066
1 0.08072474210158637 0.6399478497712507 0.011407821074776028 0.012345521346382473
1 0.3559518832227458 0.1990955290587052 0.010899261288020923 0.012140709420909052
1 0.3511968216170435 0.282972180325052 0.01097991414692091 0.012217418007228687
1 0.08018473697745282 0.6807797473409901 0.010202091673146124 0.010269994321076767
1 0.09209833456122357 0.5960520454075026 0.00836566220159116 0.008876883465310802
1 0.3670007456903872 0.47987634721009625 0.008953975594562033 0.009374131327090056
1 0.2782644707223643 0.6534362875896952 0.009636194809623386 0.011150360107421875
1 0.3776718818623086 0.47084205046943994 0.010543175365613855 0.01049203458039657
1 0.2405573596125064 0.7326044828995414 0.01129548445991848 0.010019551152768343
1 0.35078787933225214 0.35234530982763873 0.01071077066919078 0.011104068030481752
1 0.0675144480622333 0.5543820547020953 0.008002462594405464 0.009899346724800442
1 0.35193719682486163 0.41335805602695636 0.009959653667781664 0.00994972560716712
1 0.36732397001722583 0.30407173737235693 0.010573716267295506 0.011039568030315895
1 0.3263568359872569 0.42944978631061054 0.01088492766670559 0.011136096456776495
1 0.11564567814702573 0.0677293668622556 0.009369870890741762 0.00954170330711033
1 0.36913494700970856 0.3459481376668681 0.010305503140325132 0.011842771716739819
1 0.06776761231215103 0.8757650955863621 0.01040413586989693 0.01126496688179348
1 0.3935836605403734 0.3428208568821783 0.011103650797968325 0.010165535885354748
1 0.2910252239393151 0.5746625195378843 0.008381511854088825 0.00793295321257218
1 0.3454124772030374 0.33516882813495136 0.011451005935668945 0.012680364691692848
1 0.28654688337574835 0.48910941248354706 0.008168199787969175 0.008869917496390965
1 0.3539564168971518 0.3899092881575875 0.011172196139460024 0.011550405751103941
1 0.07215333503225574 0.5646015561145284 0.008122153904127039 0.00871183561242145
1 0.3844456957734149 0.41653036034625507 0.01086524776790453 0.011247054390285328
1 0.17290832685387653 0.4558537887490314 0.009583763454271399 0.00995709585106891
1 0.07889538485070932 0.8132684749105701 0.01093845263771389 0.012369446132494055
1 0.199629078740659 0.7338311983191449 0.010609502377717392 0.01156591332477072
1 0.24111309258834177 0.8968468956325366 0.009740477022917374 0.010919570922851562
1 0.08315485456715459 0.5937281795169995 0.008275280828061312 0.008851569631825323
1 0.2239904300026272 0.7037704509237538 0.010299786277439282 0.011897170025369396
1 0.3340790955268818 0.2561391540195631 0.012277155466701672 0.015496088110882301
1 0.3880704014581005 0.368394824891025 0.007389341766680175 0.006686095153650908
1 0.06652908998986949 0.5406784596650496 0.008326556371605915 0.011623672817064367
1 0.22486328042071796 0.7137254839358123 0.009031751881475035 0.009679006493609884
1 0.1079085806141729 0.5590551832447881 0.009190538655156675 0.01018760515295941
1 0.08318854414898416 0.3726926834686942 0.008821363034455673 0.00880605241526728
1 0.22085002194280212 0.8624505167422087 0.011511035587476648 0.010878936104152515
1 0.3227831394128177 0.27975575820259424 0.011594110856885496 0.009857965552288553
1 0.25284864591515577 0.5875205371690833 0.01073530445928159 0.010107745294985563
1 0.06789919345275215 0.9267585795858632 0.011857462965923805 0.011457070060398266
1 0.3461696427801381 0.15048778057098391 0.011095674141593601 0.012428605038186779
1 0.34486416306184686 0.43093035532080604 0.009971775438474573 0.01033926010131836
1 0.2629906198252802 0.6892017696214758 0.010806664176609204 0.009162819903829823
1 0.2261970976124639 0.7454609870910645 0.010796298151430876 0.011136469633682915
1 0.3399394906085471 0.24394607543945315 0.012363641158394192 0.01867128455120584
1 0.357055787159049 0.4038932634436566 0.010199393915093464 0.009812811146611753
1 0.2126724201699962 0.8042285753333052 0.011429330577021059 0.01151939060377038
1 0.36967606389004254 0.4141327609186587 0.009813210238581118 0.009853902070418648
1 0.3600107068600862 0.3230341494731281 0.010929377182670261 0.013428040820619335
1 0.3603328401627748 0.4235243538151617 0.009618595890376879 0.009431185929671577
1 0.2988136332968007 0.6620316920073135 0.009937120520550272 0.010015985240106997
1 0.34178701820580853 0.483669840771219 0.008655597334322722 0.008877650551173998
1 0.3238638535789821 0.44777078213899024 0.010108522746873938 0.010590511819590693
1 0.3502986495909483 0.2966365399567977 0.010949308457581894 0.010700847791588825
1 0.37635461921277247 0.40222483614216686 0.010252470555512802 0.010783661966738493
1 0.3078702325406282 0.6433836688166079 0.009387410205343494 0.010699272155761719
1 0.2221836214480193 0.7298415847446607 0.01033683445142663 0.010940759078316067
1 0.09222562935041345 0.02766087132951488 0.009152194728022036 0.009111256703086521
1 0.07405397684677788 0.9090358070705249 0.010539023772529934 0.01044828995414402
1 0.21616735665694528 0.8359479489533796 0.010650904282279636 0.012105195418648098
1 0.268981643345045 0.6456350347270137 0.008774384208347486 0.008605107017185377
1 0.0786644660908243 0.8272717931996221 0.010526506797127102 0.011447160140327785
1 0.3318839986687121 0.4892626534337583 0.008734636980554333 0.009040438610574474
1 0.38070815801620483 0.4479492177133975 0.011895993481511656 0.015746956286223038
1 0.22530675970989728 0.7611768971318784 0.010685796323029892 0.011207912279211956
1 0.24604360953621243 0.6917560411536177 0.009744581968887993 0.010424240775730297
1 0.12485593298207158 0.4210770492968352 0.009963533152704653 0.010399144628773565
1 0.2732805169146994 0.6181124189625615 0.00829252989395805 0.008867802827254585
1 0.06910528048225073 0.8957249185313348 0.00849437195321788 0.009820357612941576
1 0.26209929715032165 0.6229163356449293 0.008788585662841797 0.010275322458018427
1 0.32212184175201086 0.5581770668859067 0.01060874306637308 0.008258508599322775
1 0.0666747378266376 0.6826559978982678 0.008968949317932129 0.01026427227517833
1 0.11391539677329687 0.381732878477677 0.009843898856121561 0.01081147401229195
1 0.31976482142572815 0.4705114416454149 0.0072805155878481655 0.0075880237247632895
1 0.06776221938755202 0.7929783282072649 0.010921975840692934 0.011525610218877378
1 0.3216502183805342 0.25362034465955646 0.012408927083015442 0.011485991270645805
1 0.25213974455128546 0.6679224760636039 0.008615514506464418 0.009066374405570652
1 0.3821127751599188 0.4331153942191083 0.010778110960255499 0.01032666538072669
1 0.06703973075617915 0.5880856202996295 0.008584608202395231 0.008505137070365574
1 0.281238783960757 0.5274001411769701 0.007434513257897418 0.008809131124745245
1 0.2534524565157683 0.8358167358066726 0.00975279186082923 0.00975762242856233
1 0.353768167288407 0.3072576730147652 0.011177368786024012 0.01094619087550951
1 0.15164228625919507 0.35376138272492774 0.01094601465308148 0.011630016824473505
1 0.06748623692471048 0.45454471525938617 0.008972515230593473 0.010311821232671324
1 0.1386894765107528 0.5090508046357528 0.00832161696060844 0.00817220107368801
1 0.07706087827682495 0.8957150708074155 0.01111137866973877 0.01143708436385445
1 0.1397821747738382 0.10134904280952785 0.007672900738923446 0.008036012234895126
1 0.3094559441442075 0.5264119998268459 0.009283086527948793 0.012833823328432829
1 0.3799979531246683 0.5121223408242931 0.010974210241566534 0.011108771614406421
1 0.06767319855482681 0.4329708555470343 0.008870637935140858 0.010828059652577276
1 0.06675397054008815 0.35406520703564526 0.007151971692624299 0.009858289490575376
1 0.2480924129486084 0.908705649168595 0.01107744548631751 0.011398522750191067
1 0.31733179092407227 0.5741229160972263 0.008109217104704483 0.00800843860792077
1 0.26528456936711853 0.3794871205868928 0.010672631471053413 0.010400523310122282
1 0.08991226942642876 0.5512005349864131 0.0080480782882027 0.008319357167119566
1 0.09616961686507514 0.4765995481739874 0.008185117141060207 0.008939121080481487
1 0.3991089683995029 0.38213001069872893 0.007625617650038557 0.007981506406596976
1 0.2947114239568296 0.5908413762631624 0.008457681407099184 0.008899854577105978
1 0.2880072490028713 0.6144663561945375 0.008250630420187244 0.008656170057213825
1 0.11962862636732019 0.43669800136400305 0.010433653126592222 0.010070303212041441
1 0.17533182061236835 0.372812789419423 0.009896361309549084 0.009493195492288341
1 0.2623403279677681 0.5687071136806322 0.010236180346945057 0.010757736537767492
1 0.2690200183702552 0.3275659395300824 0.00985518745754076 0.010779671047044836
1 0.20398539045582648 0.787640903307044 0.01199798998625382 0.013528326283330503
1 0.088850534480551 0.6052846493928329 0.009061968844869862 0.00849740401558254
1 0.10202582504438318 0.4249382433683976 0.011048513910044794 0.010830588962720789
1 0.11250953052354895 0.015893854524778282 0.009779328885285751 0.008711161820784859
1 0.06609292133994725 0.4026589937832044 0.006912708282470703 0.008619489877120308
1 0.31228270738021185 0.21795124592988388 0.010970613230829653 0.011038344839344854
1 0.38537292376808496 0.40116755599560944 0.010282236596812372 0.010768522386965544
1 0.35028595639311755 0.18484148771866507 0.010597863922948423 0.011548249617866848
1 0.324154883299186 0.2062664143827079 0.007873627897668871 0.008480764105950072
1 0.3938159942626953 0.3984281705773395 0.011990920357082203 0.01136381729789402
1 0.33984330426091736 0.5564826467762822 0.009812748950460682 0.010438836139181385
1 0.15097272914388907 0.3827932502912439 0.009723248689070992 0.010367123976997707
1 0.06889117800671121 0.2813307306040888 0.010881434316220491 0.011767138605532438
1 0.33548018239114596 0.4414912410404371 0.009817441520483597 0.009687859079112177
1 0.06702072464901468 0.6463673218436864 0.010161125141641369 0.010933751645295517
1 0.2548440642978834 0.8480153083801268 0.011790814607039742 0.011802963588548742
1 0.18987484600232998 0.3336135926453964 0.010924069777778957 0.01173394659291143
1 0.10025036853292713 0.443713208903437 0.010770818461542543 0.010413916214652683
1 0.07483883785164874 0.6628526812014373 0.012020251025324282 0.01707031415856403
1 0.2645340276801068 0.8626121023426885 0.011222362518310547 0.01138670548148777
1 0.3268036627534615 0.15535472786944848 0.011145572502004064 0.01181519549825917
1 0.08469089736109195 0.7420855605083964 0.010515492895375128 0.0116570928822393
1 0.1359785898872044 0.3944420607193656 0.01049171323361604 0.010143528813901155
1 0.1580297739609428 0.5077672004699707 0.009628316630487856 0.008619432863981827
1 0.38751915389969616 0.32365161197334946 0.009894090573463282 0.008392432798382332
1 0.17248732110728388 0.33542933671370795 0.010410723478897758 0.011164582293966541
1 0.3132450476936672 0.6252182462941045 0.010913392771845278 0.010328831879988962
1 0.12173920092375382 0.4580283320468405 0.008237880209217901 0.00850751089013141
1 0.16641710633816925 0.6042598641437033 0.009846262309862219 0.011012948077657948
1 0.1669018890546716 0.11840957144032353 0.009955095208209494 0.01046609878540039
1 0.3344709325743759 0.404182765794837 0.012903965685678564 0.01101485542629076
1 0.3684376542982848 0.39383316558340326 0.01007522448249485 0.011971276739369268
1 0.2566460436728957 0.6558634571227125 0.008199277131453804 0.008816262950067934
1 0.09979570430258045 0.3760507469591887 0.01126693642657736 0.014295567636904509
1 0.23139911112578018 0.8915870086006499 0.00961824085401452 0.010580726291822351
1 0.06699558444645094 0.6185732302458389 0.009111787961876911 0.012879827748174253
1 0.302293642707493 0.572582244873047 0.008713950281557829 0.008273539335831352
1 0.3273177127308087 0.3484590308536292 0.007084681487877212 0.006606521348194932
1 0.082864743211995 0.4037129568017047 0.008817377297774605 0.010970281518023949
1 0.06722517117210057 0.4703972857931386 0.0078112664430037785 0.009819528330927309
1 0.06568942640138709 0.2999643553858218 0.00761574765910273 0.008154641027035921
1 0.24266333165376083 0.35797481951506244 0.01120337196018385 0.010608548703400986
1 0.1672781913176827 0.43386148369830585 0.010297080744867739 0.011394500732421875
1 0.06678866303485373 0.31600549946660583 0.008399331051370373 0.009591102600097656
1 0.31400508465974225 0.2919430732727051 0.011045787645422894 0.009871856026027514
1 0.13133150598277216 0.2621627268583878 0.012085126793902855 0.012734993644382641
1 0.29750991904217267 0.6149619558583135 0.009037225142769192 0.008713100267493206
1 0.19313973965852158 0.050766343655793564 0.00879395526388417 0.008209124855373217
1 0.34845454278199567 0.16967044187628705 0.010169589001199474 0.010426510935244352
1 0.22225219270457386 0.6365207796511443 0.010307622992474098 0.011064487954844599
1 0.06746613461038342 0.6018148712489917 0.009324903073518173 0.012271424998407778
1 0.3609940915004066 0.3304286003112793 0.01157953169034875 0.011703781459642492
1 0.24271750450134275 0.7824373452559762 0.012050939642864723 0.011847661889117699
1 0.30747123386548914 0.45946223321168317 0.009105018947435461 0.009335009948067043
1 0.30849206965902576 0.5641956743986711 0.007838726043701172 0.008196291716202446
1 0.17862228725267493 0.03518938370372938 0.009752024774966032 0.010355884614198105
1 0.07328795350116234 0.38820963320524804 0.009217552516771399 0.009227006331734035
1 0.09427225589752197 0.456193965414296 0.010262561881023903 0.010084235149881115
1 0.10389535841734512 0.38169348499049316 0.008277219274769659 0.008440313131912895
1 0.07220513146856557 0.36928523105123756 0.0084456205368042 0.008225980012313179
1 0.1944032855655836 0.09694038785022238 0.008442733598792034 0.008628668992415718
1 0.34857989394146466 0.20232879597207773 0.010727239691692848 0.011402938676917034
1 0.189872928287672 0.43557775020599365 0.012398471002993376 0.013693964999655018
1 0.06638929377431455 0.8225992036902388 0.0077317227487978726 0.008512911589249321
1 0.07659386033597199 0.95193452420442 0.011024630588033924 0.011846708214801292
1 0.33514369441115344 0.272709089776744 0.010984221230382505 0.011502618375031845
1 0.13449703610461694 0.05115588074145108 0.011106874631798786 0.010094958802928095
1 0.3388609925042028 0.34330404063929676 0.011133160280144733 0.01079863569010859
1 0.17989971326745077 0.10865631829137387 0.010342141856317934 0.009465808453767197
1 0.3761272274929544 0.4935925732488218 0.010651329289311949 0.009973899177882982
1 0.18311544086622153 0.3945685495500979 0.007923914038616678 0.007646026818648628
1 0.08244039701378865 0.4123816282852836 0.00930035632589589 0.009948813396951427
1 0.29774113323377527 0.6505089428113855 0.008362334707508917 0.008610020513119905
1 0.17130422073861826 0.3504972120989923 0.010847848394642706 0.009975500728773035
1 0.37686905768741474 0.3017517268730802 0.006138306692073417 0.007666980069468812
1 0.3538131182608397 0.5263434596683668 0.009416162967681885 0.009150816046673319
1 0.38522899928300275 0.3175549092500106 0.010777157285939093 0.014515213344408117
1 0.3253537318568941 0.543322499911628 0.007866156348412359 0.008295600364621665
1 0.2703063591666844 0.5885328002597976 0.008272585661514946 0.008408878160559612
1 0.20567714649698007 0.2861304697783097 0.009679566258969515 0.009943049886952276
1 0.31814674709154217 0.3624469922936481 0.010173051253609035 0.010798993317977242
1 0.11050669524980627 0.12511060030564017 0.010893085728520933 0.012089096981546154
1 0.27827867217685864 0.5436518295951511 0.008113259854524033 0.009424873020337976
1 0.35697698074838385 0.47593508596005646 0.01043056923410167 0.00906583537226138
1 0.07239210864771968 0.3049693729566491 0.008195446885150412 0.008025708405867867
1 0.06992443748142409 0.7417958301046619 0.007966217787369438 0.008340752643087635
1 0.0735744419305221 0.10743128735086191 0.009832998980646547 0.01081860583761464
1 0.3317082546975302 0.223324205564416 0.01214639065058335 0.013983456984810207
1 0.2508693881656813 0.8258019322934358 0.010838612266208813 0.010691601297129755
1 0.2463415187338124 0.677333811055059 0.012573325115701427 0.01254060994023862
1 0.1746053747508837 0.4143024320187776 0.01040171540301779 0.009555443473484205
1 0.15794775278671927 0.1242372523183408 0.010731603788292927 0.008610466252202574
1 0.2375943971716839 0.8497258683909541 0.009365330571713655 0.009181188500445822
1 0.1494438129922618 0.08785780616428543 0.007178244383438774 0.006802662559177565
1 0.32265632988318155 0.26656119719795557 0.010842715268549711 0.010041983231254246
1 0.24418117689049765 0.8763028849726138 0.014453141585640285 0.010514466658882473
1 0.14110191490339197 0.49656762247500214 0.008384196654610012 0.008045984351116678
1 0.07216046426607214 0.9468586548514988 0.010801579641259235 0.012416424958602242
1 0.16804009935130243 0.4042603658593219 0.010278370069420856 0.009404099505880604
1 0.2848293781280517 0.5931836314823317 0.007801201032555621 0.008598680081574814
1 0.22912420397219452 0.35364397712375806 0.00919198989868164 0.010480590488599695
1 0.16346597767501947 0.012536669801624154 0.007973026346050679 0.0035448551280643226
1 0.1635662666654003 0.09986676221776751 0.007385215128725109 0.008303124741830587
1 0.0905978472336479 0.3610117642775825 0.00917542499044667 0.008479895799056343
1 0.23337034557176672 0.796084860096807 0.010959583780039911 0.010408650273862093
1 0.19799253214960516 0.1116365505301434 0.010224839915399965 0.010207124378370203
1 0.12147590906723686 0.5481067947719408 0.008079995279726774 0.007913879726244055
1 0.34001324876495026 0.40204331149225647 0.010016169237053913 0.011247116586436396
1 0.37135820025983063 0.42794261807980744 0.011946372363878332 0.01113723671954611
1 0.3317227700482244 0.47764918078546936 0.009110230466593866 0.009529383286185886
1 0.37484543738157855 0.31556593853494397 0.011338306509930153 0.011824400528617527
1 0.0729310771693354 0.5143548094707987 0.008416165476259977 0.008868300396463146
1 0.28012511004572327 0.5098959259364915 0.00847868297411048 0.010409023450768513
1 0.09405800570612369 0.26897097670513653 0.009595331938370415 0.009020660234534222
1 0.3624653886768858 0.28084074770517986 0.009242697134096456 0.00870805753301441
1 0.16780646469282068 0.46793488834215247 0.007978698481684145 0.00922462214594302
1 0.19833650796309762 0.03439946019131204 0.00892595622850501 0.008260379666867464
1 0.30844776277174696 0.34379339242810353 0.007526764354145554 0.009879638010501521
1 0.10382895366005275 0.29662009944086487 0.010402917861938477 0.010900829149329144
1 0.11714776184247891 0.14003632897916046 0.009322487789651623 0.010333589885545813
1 0.066859421522721 0.7150372629580289 0.008685257123864216 0.010642922442892323
1 0.33056293363156614 0.18723770048980928 0.0061972421516547785 0.007967762292920882
1 0.3550154178038888 0.16290746046149213 0.01093955143638279 0.011739388756130054
1 0.20902574580648672 0.026191392670507015 0.009517068448274033 0.010150660639223845
1 0.06692293156748233 0.3703632562056832 0.00860235483750053 0.009237745533818785
1 0.07886376849456923 0.43422856501777907 0.006080181317428514 0.008062665628250554
1 0.3526593407858972 0.44767278173695435 0.010581537433292553 0.008756596109141474
1 0.3036933878193731 0.600681501886119 0.010295722795569378 0.009490241175112516
1 0.15219335452370022 0.41583917451941455 0.010665199031000551 0.010222269141155739
1 0.29881510527237604 0.37543710677520087 0.008541521818741508 0.008646939111792522
1 0.3685900128406027 0.49556566321331524 0.01061359695766283 0.01059399480405061
1 0.15939802190531854 0.45433525417162024 0.010699054469232973 0.010002219158670177
1 0.31152408019356104 0.5868776673855989 0.007986027261485224 0.009121500927469006
1 0.0781509280204773 0.45713530416074005 0.008672118186950684 0.009613327358079992
1 0.26499568897744885 0.6081944341244905 0.01011788326760997 0.01403534930685292
1 0.38032908802447113 0.3424741710009782 0.011773373769677204 0.011860716602076654
1 0.07886748469394185 0.5531456885130509 0.008090045141137165 0.008249013320259426
1 0.13758300180020538 0.5333088377247686 0.009805109189904255 0.009699904400369396
1 0.2830507236978282 0.3020414580469546 0.010564430900242016 0.010453410770582117
1 0.2746608671934708 0.3610615548880204 0.008340939231540846 0.008888332740120266
1 0.3727788951085962 0.38876847858014313 0.010433285132698391 0.010866844135781994
1 0.35408148687818775 0.2185562693554422 0.010291972885961119 0.015540019325588062
1 0.10179258429485818 0.035780512768289315 0.0099108944768491 0.009634209715801737
1 0.3429727699729328 0.22591211245734105 0.0058830380424369 0.007124733324586795
1 0.1333097737768422 0.5219187736511229 0.008883590283601181 0.007949331532353941
1 0.07058013003805409 0.027814809394919357 0.009100343870080036 0.008860481821972391
1 0.16450216977492624 0.48380148929098377 0.009167930354242739 0.008869461391283117
1 0.1441130949103314 0.11684447267781131 0.00775177582450535 0.007366335910299549
1 0.09710713573124098 0.015106408492378568 0.011981393979943317 0.010080827319103737
1 0.11558273045913031 0.47011653236720874 0.009575812712959621 0.010257472162661345
1 0.08856345000474349 0.5719433245451555 0.010301698809084684 0.012276027513586956
1 0.2679880598317022 0.5985293492026951 0.009441044019616169 0.00951205129208772
1 0.36803738708081446 0.4527239799499511 0.009902378787165102 0.019760670869246773
1 0.143596016842386 0.43304884952047595 0.010214038517164148 0.009757124859353771
1 0.11234597019527268 0.4854333970857704 0.008203972940859587 0.008668018423992655
1 0.15935235956440802 0.3715137942977573 0.011813879013061523 0.010873022286788277
1 0.193410935609237 0.4086989216182543 0.008424136949622112 0.008040614750074304
1 0.27229781772779377 0.6661949157714844 0.009074874546216883 0.009159834488578465
1 0.2991373746291451 0.6391434669494629 0.008358437082041864 0.00934625708538553
1 0.06796370303929135 0.494321802703346 0.006372740471628039 0.0053661163291560095
1 0.13302714410035507 0.46274241157200025 0.010848905729210895 0.011559652245563011
1 0.1770743701768958 0.1335790364638619 0.010929232058317764 0.010663654493248981
1 0.08750081580618155 0.4720658426699431 0.00790269478507664 0.00883309737495754
1 0.08030513576839281 0.7493926338527515 0.013382859852003015 0.010509159253991169
1 0.1948302932407545 0.02252873324829599 0.008594471475352411 0.009277360594790915
1 0.2657437428184178 0.35368643636288843 0.01036413856174635 0.009953747624936312
1 0.23012819497481637 0.8288369800733483 0.009369166001029636 0.009702019069505774
1 0.273858650221883 0.5571512149997883 0.0082004368281497 0.008505201393733348
1 0.06774380414382271 0.7577569381050442 0.008658854857735012 0.01153000541355299
1 0.2912877020628556 0.5108023104460342 0.007698535919189453 0.0070395262345023775
1 0.06727946322897206 0.8156321981678838 0.009937037592348845 0.012180328369140625
1 0.36189473582350695 0.29039758184681763 0.010763098364290983 0.010021873142408289
1 0.27943846453791077 0.29164537139560864 0.009706891101339588 0.010991034300430962
1 0.09455938039753382 0.08083934491255565 0.007512509534558453 0.006375113411477391
1 0.21973202539526895 0.8130680374477219 0.010867098103398863 0.010851196620775305
1 0.07085732273433519 0.057172472062318215 0.007955012114151665 0.008665141852005669
1 0.15790180019710376 0.4729335619055707 0.008180981097014053 0.008081684941830843
1 0.27732668752255646 0.37217124389565515 0.010312329167905062 0.01049084767051365
1 0.29800432661305304 0.3594555582689203 0.009051260740860649 0.008879415366960608
1 0.31229371609895124 0.47885710260142456 0.007189543350883152 0.007374597632366678
1 0.25007081064252357 0.6377475518043608 0.008044304405974444 0.008649276091423375
1 0.24524290665336274 0.7107522383980129 0.009064964626146399 0.009449253911557405
1 0.280885302502176 0.6447882548622462 0.009027439615000849 0.0089153414187224
1 0.35049906502599304 0.5367219033448593 0.010024075922758682 0.009061046268628992
1 0.12940255455348804 0.40994032569553546 0.009792949842370075 0.01049178579579229
1 0.1541035330813864 0.4988194133924402 0.008374846499899159 0.008028984069824219
1 0.12896381772082782 0.011991729878860973 0.009926453880641771 0.009033304841622063
1 0.3318911032594521 0.316402255903146 0.008713832798914663 0.0073747841564218855
1 0.3023371696472168 0.3864347675572271 0.01035582500955333 0.009332895278930664
1 0.1451158864810526 0.2896680824738902 0.007495443011840284 0.007571470212487825
1 0.23241170592930008 0.7819863402325176 0.0099560488825259 0.010446424069611923
1 0.23078474791153622 0.3636198665784752 0.00951497451118801 0.010492946790612263
1 0.19153083925661835 0.385291488274284 0.009671563687531845 0.009178939072982124
1 0.06725285882535187 0.6130771222321885 0.008633043455040974 0.011593362559442934
1 0.16994830256519414 0.2595303380914677 0.010546530006754973 0.00788027225455747
1 0.0786154347917308 0.3616579187952954 0.008550773496213167 0.00800649238669354
1 0.2611192205677862 0.6327121568762738 0.008694731670877209 0.008082721544348675
1 0.09279803089473558 0.5870592386826224 0.00820606687794561 0.008667137311852497
1 0.13783229433971902 0.48085318440976343 0.008834330931953762 0.007951529129691746
1 0.07823594756748366 0.7325668749601946 0.009122558262037195 0.009632939877717392
1 0.34199178996293433 0.1828623336294423 0.01073307058085566 0.011817621148150902
1 0.22391250859136164 0.7882692088251528 0.011241995769998302 0.01230256453804348
1 0.07774398637854535 0.6672690640325132 0.00976593598075535 0.010273518769637398
1 0.34275122505167255 0.5381504971048107 0.009786031816316687 0.008255502452021059
1 0.29237066144528595 0.2318359768908957 0.009908945664115574 0.010020691415537958
1 0.09845032380974811 0.5541082879771357 0.008598607519398565 0.007779826288637908
1 0.19576362941576086 0.07934302091598512 0.009429848712423573 0.009818984114605448
1 0.32239150569007746 0.17332902004723333 0.008107066921194792 0.007110866760061781
1 0.32602583633168886 0.500117882438328 0.008189651305260866 0.009185293446416441
1 0.36494917714077496 0.4352998940841011 0.010194524474765942 0.009914025016452955
1 0.14696436861286993 0.4575987173163373 0.008645918058312458 0.00854672556338103
1 0.06715911885966426 0.4144432078237119 0.008459733880084494 0.009705118511034094
1 0.2861577738886294 0.3631124289139457 0.009370389192000679 0.01059710461160411
1 0.1794380830681842 0.09904201134391453 0.009563217992367952 0.00980588664179263
1 0.10616431028946587 0.4999175590017568 0.0096099273018215 0.016439748846966286
1 0.18263347252555512 0.6169530619745669 0.00950417311295219 0.011188507080078125
1 0.09473160557124925 0.27844397918037744 0.0112283644468888 0.011821705362071161
1 0.3050674355548361 0.36952878340430884 0.008096943730893343 0.008213234984356424
1 0.11194825172424316 0.5381358395452085 0.008345313694166101 0.008346764937691067
1 0.22224104922750723 0.5916880628337031 0.010835564654806385 0.011336015618365745
1 0.09437344385230023 0.48825837736544403 0.008797210195790167 0.009172740189925484
1 0.09243984009767114 0.2432530181802419 0.007201167106065499 0.0066752224435744365
1 0.1470498209414275 0.4017352435899818 0.009785216787587042 0.009656367094620415
1 0.06676152996394945 0.039399358241454414 0.007719817368880562 0.008682564548824144
1 0.11550577596723116 0.03342161620754915 0.007756145679153743 0.00790696814675723
1 0.23095930140951407 0.8619349106498386 0.013117313385009766 0.017256363578464672
1 0.19886513378309167 0.386005277219026 0.009784097256867783 0.010367103244947351
1 0.12678816525832468 0.48868552498195483 0.00846552848815918 0.007956214573072351
1 0.31342137378195056 0.3780503687651261 0.008587795755137568 0.008895583774732508
1 0.1812688786050548 0.07073795795440672 0.010071298350458559 0.008728670037311056
1 0.06664886941080508 0.5801845840785814 0.007820207139720087 0.012783340785814367
1 0.1735394985779472 0.6164022632267163 0.010429496350495712 0.01127605852873429
1 0.07406023274297299 0.09118397339530614 0.00938309793886931 0.010506775068200153
1 0.23587797235233612 0.6527850918507921 0.00741249664950837 0.01115574081356354
1 0.31521292354749597 0.3849881887435913 0.00919298503709876 0.010159171145895252
1 0.3159449204154637 0.34483731894389436 0.009206066960873812 0.010144615950791733
1 0.288233681949346 0.4713254887820761 0.0063694519937395186 0.008082950604732582
1 0.16823292815166968 0.04924505171568497 0.008029917012090269 0.007859737976737644
1 0.2790071445962657 0.33219974941533537 0.01103409476902174 0.01028187184230141
1 0.10393079467441725 0.31113173650658643 0.006714820861816406 0.0075000058049741
1 0.14061880629995596 0.07107225449188896 0.007119002549544624 0.007036639296490213
1 0.1776666777527115 0.014381196187890119 0.007279102352056305 0.007415601616270597
1 0.08445984384287959 0.3096116833064867 0.010046191837476648 0.011012554168701172
1 0.06790054362753163 0.017553863965946694 0.007745898288229237 0.010682312042816826
1 0.32784883746796334 0.311036089192266 0.0118912975911213 0.012691124625827954
1 0.07248605852541716 0.0707502702008123 0.007732847462529721 0.007948942806409754
1 0.25705510637034545 0.35008582213650585 0.00888154817664105 0.010537056819252346
1 0.06722860491794089 0.8552532196044922 0.009311639744302502 0.011971017588739809
1 0.3528758948263914 0.2237019953520402 0.009407046048537544 0.010337373484735903
1 0.06709856572358505 0.3418988481811855 0.006906613059665846 0.010296007861261782
1 0.1299043511804587 0.029250163963601514 0.008144851659543331 0.007059841914729293
1 0.39210420587788464 0.33334407210350037 0.009777058725771696 0.009880335434623386
1 0.07272723705872247 0.4182603566542916 0.009383196416108505 0.010006635085396145
1 0.18555377320563043 0.011890263506630618 0.005274817562972534 0.0026585952695796526
1 0.16837971106819488 0.28986723526664404 0.01145091264144234 0.010406784389329992
1 0.17784866042759107 0.06096172332763672 0.007575968037480893 0.008435881656149159
1 0.08038598299026489 0.5761435342871625 0.009913097257199495 0.00868776570195737
1 0.24043970522673233 0.841116594231647 0.008507355399753736 0.009005131928817085
1 0.08070552349090575 0.3272075031114662 0.007425702136495838 0.0073073843251103944
1 0.30490577739218006 0.5131009765293287 0.007369725600532864 0.007752501446267834
1 0.35122775772343506 0.48954468188078515 0.009090014125989832 0.009683733401091202
1 0.09753283210422684 0.977657940076745 0.01027138336845066 0.01094378595766814
1 0.23111252162767493 0.7698107595029084 0.00950784268586532 0.010594741157863453
1 0.3650554237158402 0.468619211860325 0.008661866188049316 0.009495113206946331
1 0.07105337536853291 0.0820194405058156 0.007814821989639946 0.007953607517740002
1 0.24818159635216117 0.7000951653571588 0.010585959746399969 0.00817280035596266
1 0.32319852509388514 0.18771930204009238 0.0081078082123695 0.009064872102061684
1 0.3763252088794806 0.29249349884365006 0.006664762749654776 0.006994469070356331
1 0.10118428520534348 0.33934147591176234 0.007548041965650476 0.007026991118555484
1 0.06956726312637329 0.7778929212818975 0.00934613787609598 0.009185334910517153
1 0.3350144106408824 0.2182459934898045 0.010076201480367909 0.011125792627749235
1 0.12618618944416876 0.4975734275320302 0.007887311603712 0.00958071584286897
1 0.16460245588551398 0.03579734330591948 0.00782881612363069 0.007303867651068646
1 0.30272967919059424 0.22957780050194782 0.01072711529939071 0.011086899301280146
1 0.2868183588846121 0.6036704242793245 0.008107931068521049 0.008433894894664591
1 0.18412432463272757 0.4170387672341388 0.008952970090119736 0.008385005204573921
1 0.24674945292265518 0.42616800121639087 0.010064145793085512 0.010881226995716925
1 0.1313539173292077 0.30299098595328955 0.011150982068932575 0.01098875377489173
1 0.14603566739517623 0.016970350042633454 0.0061293185799942895 0.004792513127889219
1 0.11054271200428836 0.22827498809151028 0.010335155155347742 0.010741233825683594
1 0.3124585602786143 0.3203270505977476 0.007821797556333573 0.005572516538694524
1 0.15164656224458115 0.48090995394665265 0.007767262666121773 0.007478019465570865
1 0.29979193728903064 0.4642378195472386 0.00735486072042714 0.008057832717895508
1 0.08486801385879515 0.984270551930303 0.010506904643514881 0.012025003847868546
1 0.2678324450617251 0.678731690282407 0.010003960650900135 0.009626347085703974
1 0.3186356088389521 0.4910678967185642 0.0077523770539656926 0.007559838502303413
1 0.12193180167156717 0.051976901033650276 0.00789580137833305 0.00804987679357114
1 0.11028651569200598 0.5520420592764149 0.008169194926386293 0.007251428521197775
1 0.24791080018748407 0.8645607077557109 0.01842517438142196 0.011452301688816235
1 0.11415713494444686 0.3176449338666998 0.007579030942891397 0.006430945520253236
1 0.3149955998296323 0.5377555515455164 0.009373042894446331 0.007999503094217052
1 0.12488914572674295 0.5362716032111127 0.008295971414317255 0.00806532735409944
1 0.07015031057855356 0.7687346209650454 0.0078123393266097355 0.008255046346913214
1 0.264068717541902 0.6604875585307246 0.008130467456320057 0.009411417919656506
1 0.1472957289737204 0.07991665860880977 0.008463621139526367 0.011034447213877802
1 0.12663505388342816 0.11746848666149637 0.007109890813412873 0.007003732349561609
1 0.186904876128487 0.27867851050003717 0.010105195252791695 0.010949197022811226
1 0.332657553255558 0.5217494757279105 0.008902366394582003 0.008119624593983526
1 0.3725442601286847 0.5219888894454293 0.009582804596942404 0.009815589241359545
1 0.3541366526085031 0.5031699831319998 0.008635189222252336 0.00731013687376665
1 0.17612820604573126 0.40345540254012396 0.00751092122948688 0.00755359815514606
1 0.14296645185221796 0.043039161226023796 0.008069276809692383 0.007917798083761463
1 0.16462209432021432 0.3754321595896845 0.012390043424523395 0.011607335961383324
1 0.28240380005942345 0.5761953136465339 0.006072999525025923 0.0050240620862945975
1 0.0677646165308745 0.3331577784341315 0.008901611618373705 0.010486124650291775
1 0.3663190344105597 0.4597112147704415 0.008012191109035326 0.008316257725591246
1 0.08900921241096826 0.22420854153840442 0.01099959663722826 0.011584489241890285
1 0.12219585543093472 0.4673260554023411 0.008623309757398523 0.007665582325147547
1 0.07190932916558307 0.042472026918245406 0.00802023514457371 0.008848498696866243
1 0.1327168319536292 0.20913679703422214 0.011411542477815048 0.011784221815026325
1 0.07766119600614937 0.01360173626720762 0.006192542887418055 0.007174613466435267
1 0.3115402304607889 0.5523136802341626 0.008188786713973335 0.011191658351732336
1 0.12641033918961234 0.13085914694744608 0.007613969885784647 0.008088567982549253
1 0.3649768881175829 0.5128327348957891 0.009119355160257091 0.01058340072631836
1 0.15579894314641538 0.029573015544725502 0.008120806320853855 0.00845684175905974
1 0.15370935460795526 0.27079688984414807 0.012023086133210556 0.012239269588304602
1 0.07505165753157242 0.5451649479244066 0.007975604223168415 0.008962942206341288
1 0.09262399569801662 0.5328187735184379 0.006925821304321289 0.0073551509691321335
1 0.12668056188557106 0.0822635583929147 0.00819188423563925 0.006559714396043508
1 0.3412014297579395 0.5034792144200164 0.008151454481758682 0.006485993230828372
1 0.23847259338729554 0.4011948690839585 0.00514771896000899 0.008243356615474571
1 0.2477399266284445 0.6454677892767865 0.009043009384818699 0.009452840556269106
1 0.18521135786305304 0.024914930048196216 0.007871814396070398 0.007736922606177952
1 0.35562333853348443 0.4388021178867506 0.009250184764032778 0.009673118591308594
1 0.2652429083119268 0.5651782077291737 0.010038417318592901 0.008818336155103601
1 0.1956255539603855 0.2783683797587519 0.011894557787024456 0.010298335033914318
1 0.10243983890699304 0.5081895537998364 0.008320373037587042 0.008518675099248472
1 0.20296184298677528 0.40526514708687833 0.009834544478330171 0.006121066043568399
1 0.19804103478141452 0.09152228676754495 0.010063772616179092 0.012024304141169008
1 0.12832880576855524 0.09810580698929532 0.007666197375462372 0.007901162955972563
1 0.29516825126110063 0.6251121538662854 0.006319039169834351 0.00627566151887592
1 0.29389210369275964 0.5320810546045718 0.007995004239289658 0.007959220720374065
1 0.07943850496540898 0.05953694426495096 0.008244099824324898 0.007948637008666992
1 0.3412316363790761 0.2399742292321247 0.008622915848441746 0.00882169474726138
1 0.23726592893185822 0.8686819698499596 0.00918560442717179 0.010288777558699898
1 0.07171989058254995 0.4883653070236027 0.004002604858268099 0.005845837181303885
1 0.08612564335698668 0.044125322414481125 0.010799221370531164 0.010698652785757313
1 0.3775644587433856 0.4418397260748822 0.00976717472076416 0.010714427284572437
1 0.09128002757611484 0.0582940267479938 0.00893687683603038 0.008595435515693996
1 0.2936818115653038 0.602015970424782 0.007767048494943072 0.0061384664365647205
1 0.14990155074907385 0.058624855850053864 0.007829531379367994 0.007002970446711001
1 0.2831842588341754 0.5073044611060101 0.008932611216669497 0.008829407069994055
1 0.23375252060258567 0.7209574315948934 0.008094664034443326 0.009802625508274503
1 0.07944143336752187 0.39039610779803724 0.010870560355808422 0.00933205563089122
1 0.12514164136803665 0.32406490198943927 0.006875411323879076 0.006825456152791562
1 0.25608519885850983 0.6797186188075854 0.009602857672649881 0.00958413663117782
1 0.14399036635523255 0.4685873726139898 0.0091763682987379 0.00925135612487793
1 0.3059466311319461 0.49244078028204596 0.0059020231308028115 0.006237285168225993
1 0.2797629211259925 0.637017301891161 0.009027045706044073 0.009247842042342476
1 0.32621447584065405 0.5298514884451161 0.008469689718407133 0.009211809738822605
1 0.12974872796431833 0.5086581292359725 0.007810115814208984 0.007611544235892918
1 0.06675702851751576 0.3842899747516798 0.007678835288338039 0.008289938387663467
1 0.3069925930189049 0.3029300440912661 0.0072372270667034645 0.006933585457179857
1 0.3003162612085757 0.3085088418877643 0.007925220157789148 0.008202697919762653
1 0.12644323058750317 0.19383932196575665 0.010012419327445652 0.01099793807319973
1 0.1367995998133784 0.14315551260243292 0.010622884916222614 0.011303093122399372
1 0.09837399876636008 0.5434978422911271 0.007401580395905868 0.008381200873333475
1 0.3436640674752948 0.4495075247235683 0.008828408283532924 0.006208623108604688
1 0.0930977489637292 0.050384687340777855 0.007159378217614215 0.006621557733286982
1 0.3207265708757483 0.5278890443884808 0.008718677189039148 0.011811380800993546
1 0.09551092334415617 0.07251863653553185 0.0077467897663948335 0.0066143899958468364
1 0.32870040024104324 0.45761101142219873 0.0075581741073857175 0.009033928746762484
1 0.1598393087801726 0.29506697862044623 0.00941772046296493 0.009518042854640795
1 0.22897302586099375 0.8382313977117124 0.00907302939373514 0.009552540986434273
1 0.07931137862412826 0.5339692571888799 0.00878379137619682 0.00928008038064708
1 0.07787212340728096 0.47951880745265796 0.007835725079412046 0.0076936638873556385
1 0.2400899140731148 0.39505381687827734 0.008450964222783628 0.008970416110494862
1 0.10850193189538045 0.9759954369586447 0.010016690129819124 0.011057314665421196
1 0.15720033127328623 0.48280015199080756 0.009200624797655188 0.007312940514605978
1 0.270815952964451 0.5757485057996667 0.007435010827105978 0.012113239454186481
1 0.34210827428361645 0.49358237308004627 0.008610194144041641 0.00954611405082371
1 0.11550091142239777 0.33227662418199627 0.007367538369220236 0.007236335588538129
1 0.1696076548617819 0.022817086914311283 0.008171734602554985 0.009153109529744024
1 0.12885735403503898 0.06751581575970209 0.007008802487483008 0.0061725883980656825
1 0.33358698856571445 0.510373364324155 0.008920528966447582 0.00925582388172979
1 0.3009425868158755 0.4977746217147163 0.006886150525963824 0.0072818424390709915
1 0.2189390970313031 0.8322728198507557 0.009420602217964504 0.009198976599651834
1 0.11816346107886093 0.1951679545402328 0.00888898061669391 0.009873348733653193
1 0.0674417951832647 0.8666546033776324 0.01003338979638141 0.012390468431555706
1 0.2008679846058721 0.23901362004487411 0.00980688178020975 0.01052025090093198
1 0.30267276277167726 0.5495610527730339 0.00805900407874066 0.008024091305940048
1 0.35689144549162494 0.4644386042719302 0.012012274368949558 0.007925033569335938
1 0.1074464113815971 0.32881687144222466 0.007785817851190982 0.009267148440298826
1 0.09178521322167436 0.4938934834107108 0.008582032245138416 0.00848010311955991
1 0.08233950833045232 0.06728547013997803 0.007306265177748711 0.0060553418978050964
1 0.14061621479366138 0.060716986656188965 0.00821245234945546 0.008865574131841246
1 0.07129829862843388 0.09986455025880232 0.0072169925855553665 0.007674165393995203
1 0.14353738929132348 0.12804908973232818 0.007214045562932143 0.006112197540058446
1 0.08902814595595648 0.3362605053445567 0.006549658982650093 0.009118204531462296
1 0.3383042397706405 0.4521889012792837 0.007931232452392578 0.007713369701219641
1 0.09095280526098669 0.5120757545172944 0.007875991904217264 0.008981621783712635
1 0.22086065594464047 0.2360930241649533 0.011575698852539062 0.010878853175951086
1 0.23950357022492783 0.8747508836829144 0.009658150050951086 0.011050348696501358
1 0.34797568619251246 0.4613231679667597 0.012792464183724445 0.00861153395279594
1 0.14138343541518503 0.019748170738634857 0.009132789528888205 0.008893658285555632
1 0.2911927925719561 0.4772437100272964 0.0063694519937395186 0.008082950604732582
1 0.29711101381717653 0.4822741980857336 0.0063694519937395186 0.008082950604732582
1 0.29326417000778326 0.48612104189512684 0.0063694519937395186 0.008082950604732582
1 0.3009578576265697 0.47339686621790306 0.0063694519937395186 0.008082950604732582
1 0.30510061249822384 0.4781314432140794 0.0063694519937395186 0.008082950604732582
1 0.33072003241076736 0.4661239233710559 0.006671966777991745 0.005360294932073893
1 0.33646718509789175 0.4624481569142454 0.0063694519937395186 0.008082950604732582
1 0.3154574996773594 0.49825339544782854 0.0063694519937395186 0.008082950604732582
1 0.32137572092257977 0.5062429941288762 0.0063694519937395186 0.008082950604732582
1 0.3113147448057052 0.5068348162533982 0.0063694519937395186 0.008082950604732582
1 0.2950396363813492 0.5032838835062659 0.0063694519937395186 0.008082950604732582
1 0.31634523286414246 0.5151203259967064 0.0063694519937395186 0.008082950604732582
1 0.3231511872961459 0.5151203259967064 0.0063694519937395186 0.008082950604732582
1 0.3432731395298951 0.5124571264363574 0.0063694519937395186 0.008082950604732582
1 0.3530382045845085 0.5124571264363574 0.0063694519937395186 0.008082950604732582
1 0.3444567837789389 0.5195589919306218 0.0063694519937395186 0.008082950604732582
1 0.3453445169657219 0.5296199680474966 0.0063694519937395186 0.008082950604732582
1 0.33409989659980327 0.5310995233588016 0.0063694519937395186 0.008082950604732582
1 0.3051006124982234 0.5337627229191508 0.0063694519937395186 0.008082950604732582
1 0.2977028359416979 0.5370177446040221 0.0063694519937395186 0.008082950604732582
1 0.2873459487625622 0.5284363237984525 0.0063694519937395186 0.008082950604732582
1 0.28527457132673506 0.536721833541761 0.0063694519937395186 0.008082950604732582
1 0.2914887036342164 0.5411604994756761 0.0063694519937395186 0.008082950604732582
1 0.2873459487625621 0.5479664539076797 0.0063694519937395186 0.008082950604732582
1 0.36603421675894204 0.5203613786029937 0.008399160347898726 0.008336033930054648
1 0.3302362643842009 0.5394164738897824 0.007866156348412359 0.008295600364621665
1 0.30029006488338583 0.5589466039990095 0.007866156348412359 0.008295600364621665
1 0.2970350431985146 0.5530875649662412 0.007866156348412359 0.008295600364621665
1 0.2901994976602851 0.5573190931565737 0.007866156348412359 0.008295600364621665
1 0.29508203018759177 0.5644801408632902 0.007866156348412359 0.008295600364621665
1 0.2833639521220555 0.5700136777275712 0.007866156348412359 0.008295600364621665
1 0.28134520009708675 0.5620337475270949 0.0082004368281497 0.008505201393733348
1 0.2788232762060651 0.5778228244889694 0.006072999525025923 0.0050240620862945975
1 0.3299271166585428 0.5538984151051646 0.006724003862000456 0.007953581602676205
1 0.311147249722817 0.5799819551299944 0.008109217104704483 0.00800843860792077
1 0.27664401986318227 0.6271797695606267 0.008109217104704483 0.00800843860792077
1 0.3013527924623558 0.627065166877208 0.006319039169834351 0.00627566151887592
1 0.29842327294597165 0.6316221972360275 0.006319039169834351 0.00627566151887592
1 0.26762926393752856 0.6346651698871963 0.008694731670877209 0.008082721544348675
1 0.25864978792102783 0.6718285020854493 0.008615514506464418 0.009066374405570652
1 0.26678734213320576 0.6656439608841939 0.008615514506464418 0.009066374405570652
1 0.22904242681410664 0.6560401135356634 0.00741249664950837 0.01115574081356354
1 0.2396115596353538 0.7209574315948934 0.008094664034443326 0.009802625508274503
1 0.11933265857273051 0.5054031075511013 0.007810115814208984 0.007611544235892918
1 0.11614382613138675 0.49431811858833474 0.007810115814208984 0.007611544235892918
1 0.11158835121518136 0.5110215266144212 0.007810115814208984 0.007611544235892918
1 0.1190289602449835 0.5136029624002708 0.007810115814208984 0.007611544235892918
1 0.12085115021146565 0.529091577115369 0.007810115814208984 0.007611544235892918
1 0.10991801041257271 0.5269656888211398 0.007810115814208984 0.007611544235892918
1 0.10612178131573487 0.5208917222661992 0.007810115814208984 0.007611544235892918
1 0.09959226726917379 0.5221065155771872 0.007810115814208984 0.007611544235892918
1 0.09640343482783002 0.5265101413295189 0.007810115814208984 0.007611544235892918
1 0.09260720573099218 0.5222583647410605 0.007810115814208984 0.007611544235892918
1 0.10095890974403542 0.5324322587205859 0.007810115814208984 0.007611544235892918
1 0.10566623382411432 0.5403284152420084 0.007810115814208984 0.007611544235892918
1 0.08197776425984625 0.5424543035362376 0.007810115814208984 0.007611544235892918
1 0.08425550171794896 0.5281804821321273 0.007810115814208984 0.007611544235892918
1 0.0847110492095695 0.5208917222661985 0.007810115814208984 0.007611544235892918
1 0.08137036760435219 0.5170954931693607 0.007810115814208984 0.007611544235892918
1 0.08000372512949055 0.5091993366479379 0.007810115814208984 0.007611544235892918
1 0.09078501576451 0.5052512583872266 0.007810115814208984 0.007611544235892918
1 0.0793963284739965 0.500392085143274 0.007810115814208984 0.007611544235892918
1 0.07742228934364082 0.49204038113023074 0.007810115814208984 0.007611544235892918
1 0.08516659670118999 0.4855108670836696 0.007810115814208984 0.007611544235892918
1 0.07392975857455 0.48308128046169296 0.0059879258477268105 0.005181957613917326
1 0.06826740136703836 0.500243920094413 0.006372740471628039 0.0053661163291560095
1 0.07813759701881672 0.4707851823029513 0.006372740471628039 0.0053661163291560095
1 0.0720636304638762 0.4651667632396313 0.006372740471628039 0.0053661163291560095
1 0.19236248661449656 0.3971659826761098 0.008424136949622112 0.008040614750074304
1 0.3101110829464959 0.31388967580971444 0.008426827124835444 0.007387620320468928
1 0.14217608666846135 0.2938940447044901 0.007495443011840284 0.007571470212487825
1 0.1280283000703661 0.31447264339262865 0.007495443011840284 0.007571470212487825
1 0.10285626417505381 0.3049182940017072 0.007495443011840284 0.007571470212487825
1 0.10542858901107112 0.3190660805998025 0.007495443011840284 0.007571470212487825
1 0.1185668346633337 0.3123165467063782 0.007579030942891397 0.006430945520253236
1 0.08898509904913457 0.31562382149554336 0.007579030942891397 0.006430945520253236
1 0.0876989366311259 0.3215034211207257 0.007579030942891397 0.006430945520253236
1 0.0955996486274648 0.32591312083961255 0.007579030942891397 0.006430945520253236
1 0.09964187336977774 0.3305065580467864 0.007579030942891397 0.006430945520253236
1 0.1185668346633337 0.3286691831639169 0.007579030942891397 0.006430945520253236
1 0.09486469867431699 0.3420820198088644 0.007579030942891397 0.006430945520253236
1 0.09780449848690821 0.3474104069691859 0.007579030942891397 0.006430945520253236
1 0.09321106127973444 0.3510851567349249 0.007579030942891397 0.006430945520253236
1 0.0876989366311259 0.3486965693871945 0.007579030942891397 0.006430945520253236
1 0.08181933700594345 0.34300070725029913 0.007579030942891397 0.006430945520253236
1 0.0755722624041871 0.33565120771882107 0.007579030942891397 0.006430945520253236
1 0.07796084975191746 0.34796161943404685 0.007579030942891397 0.006430945520253236
1 0.07208125012673505 0.3488803068754816 0.007579030942891397 0.006430945520253236
1 0.10521432484396677 0.2192718511654497 0.010335155155347742 0.010741233825683594
1 0.09611458986341015 0.23949103963379287 0.007201167106065499 0.0066752224435744365
1 0.2109388315771451 0.23664423662981415 0.011575698852539062 0.010878853175951086
1 0.16994830256519414 0.26687983762294576 0.010546530006754973 0.00788027225455747
1 0.35353162304000113 0.49742215448972354 0.008635189222252336 0.00731013687376665
1 0.37168251009505987 0.5160269682528817 0.007425130085247903 0.005797550388958195
1 0.33363856015166526 0.5025716625291308 0.008151454481758682 0.006485993230828372
1 0.3086692641902048 0.48669295163976967 0.0059020231308028115 0.006237285168225993
1 0.39699136490974607 0.37547463016556704 0.007625617650038557 0.007981506406596976
1 0.3907930345163594 0.3629495135457106 0.007389341766680175 0.006686095153650908
1 0.33034286057331835 0.352694273011096 0.007084681487877212 0.006606521348194932
1 0.20477693169228114 0.3980047319597926 0.009834544478330171 0.006121066043568399
1 0.07396998305476148 0.40663379964300733 0.00930035632589589 0.009948813396951427
1 0.08400651982683575 0.43241346123600755 0.006080181317428514 0.008062665628250554
1 0.08309897547408285 0.43967387636309346 0.006080181317428514 0.008062665628250554
1 0.3469054621681955 0.23044987191176974 0.0058830380424369 0.007124733324586795
1 0.32385236851493515 0.1987034819586602 0.007873627897668871 0.008480764105950072
1 0.3263241978853402 0.1675811914049571 0.008107066921194792 0.007110866760061781
1 0.3453826292931514 0.1588081897930618 0.008107066921194792 0.007110866760061781
1 0.1879242038585761 0.059242300669854205 0.010071298350458559 0.008728670037311056
1 0.19185689605383874 0.07073795795440677 0.010071298350458559 0.008728670037311056
1 0.1597903289232359 0.0550070585123875 0.010071298350458559 0.008728670037311056
1 0.15646266629647523 0.04320888393087307 0.010071298350458559 0.008728670037311056
1 0.14859728190595 0.026872949894929974 0.010071298350458559 0.008728670037311056
1 0.1782437307625452 0.028688053676701436 0.010071298350458559 0.008728670037311056
1 0.13111441031746257 0.02229226613347761 0.008144851659543331 0.007059841914729293
1 0.12355154071118835 0.0591993763628305 0.008144851659543331 0.007059841914729293
1 0.14926529737252092 0.06645979148991633 0.008144851659543331 0.007059841914729293
1 0.13067244274054485 0.07296112710501647 0.007008802487483008 0.0061725883980656825
1 0.1324875314460507 0.11319592760095037 0.007008802487483008 0.0061725883980656825
1 0.13430262015155656 0.12499410218246484 0.007008802487483008 0.0061725883980656825
1 0.13279004623030174 0.13316206920043644 0.007008802487483008 0.0061725883980656825
1 0.14353738929132348 0.1337969183746045 0.007214045562932143 0.006112197540058446
1 0.1247814726677633 0.08962939301816579 0.007214045562932143 0.006112197540058446
1 0.15660842662762803 0.09502648546637701 0.007385215128725109 0.008303124741830587
1 0.08371149169116883 0.013299218970245713 0.006192542887418055 0.007174613466435267
1 0.0855265803966747 0.01844201301859817 0.006192542887418055 0.007174613466435267
1 0.09036681694469027 0.015114322752017167 0.006192542887418055 0.007174613466435267
1 0.12125355686799963 0.03130399512881579 0.007756145679153743 0.00790696814675723
1 0.11792589424123893 0.026766235674387164 0.007756145679153743 0.00790696814675723
