1 0.42600947359333863 0.1108998630357825 0.00921184083689814 0.009710063105044157
1 0.4511187024738478 0.051378750282785164 0.009329308634218962 0.009489914645319399
1 0.40296467231667554 0.3713464892428855 0.009418078090833582 0.011034229527349058
1 0.41330510118733277 0.11454383186672044 0.00991374513377314 0.009586292764414911
1 0.42983595184657886 0.07185451621594637 0.01023920722629713 0.0089539911435998
1 0.41560877790484874 0.04747361943436234 0.008221752008170638 0.012738321052067852
1 0.41794321847998583 0.4071713504583939 0.00924100046572478 0.00919788298399552
1 0.42916227423626446 0.4457203460776287 0.010244369506835938 0.008919539658919624
1 0.4125435404155565 0.13397188808607022 0.00874682094739831 0.009747111279031506
1 0.4434771485950636 0.024728963556496994 0.008736745170924974 0.010400674913240515
1 0.4217395812560947 0.06041592284196673 0.012768221103054983 0.014215465684262343
1 0.4302050963692043 0.08722896161286728 0.010138428729513416 0.009710311889648438
1 0.37815548803495325 0.44687654661095655 0.008728384971618652 0.008034021958060886
1 0.433301215586455 0.4078803943551105 0.009583359179289444 0.009598721628603727
1 0.4772245054659636 0.032972041679465255 0.009559672811756964 0.0104659510695416
1 0.441732961198558 0.06186951761660369 0.009880428728849991 0.010025874428127125
1 0.4158306536467179 0.44205517354218854 0.010010346122409985 0.009757352911907694
1 0.39178286428036896 0.45201378283293353 0.009763759115467901 0.008843857309092646
1 0.3895095716352048 0.4005294960478078 0.010701889577119247 0.0102534760599551
1 0.4465483997179114 0.012574304057204205 0.009947963382886804 0.008401638787725697
1 0.3966131469477778 0.420058074204818 0.009955810463946798 0.011427651280942171
1 0.42714504573656165 0.4211738368739252 0.009949559750764267 0.00972400540890901
1 0.42415311025536573 0.3869975312896397 0.010922618534253992 0.00934904036314591
1 0.3936745576236559 0.3529433076796325 0.009689470996027407 0.009409580541693646
1 0.4587246490561444 0.01808244896971661 0.009482622146606445 0.009824796863224195
1 0.3700894480166228 0.4243732794471409 0.009236791859502378 0.009962113007255222
1 0.41188838430072944 0.3834194592807604 0.010224523751632027 0.010142715080924656
1 0.42073560346055083 0.09396423029438428 0.011818492230209483 0.009308400361434264
1 0.3348613679409027 0.39718839396601135 0.01035224613936051 0.010904146277386208
1 0.4348315933476324 0.03543443913045137 0.009164654690286388 0.008860269318456236
1 0.3547687362069669 0.42968948509382165 0.009430229663848877 0.009505634722502335
1 0.4260220631309178 0.37293239261793054 0.011107050854226818 0.011380900507387907
1 0.32769451970639435 0.46289953459864075 0.008607615595278532 0.009464377942292587
1 0.3871785117232281 0.44085593845533283 0.00875098290650741 0.009167629739512568
1 0.4247662710106891 0.43290650326272717 0.009653796320376188 0.010181883107060972
1 0.4892930569856063 0.013252515507780987 0.008950254191523012 0.00828941619914511
1 0.3259416802016937 0.3746053861535114 0.009133701172211895 0.01076965746672257
1 0.3446675072545591 0.4524732828140259 0.008983632792597231 0.008470649304597275
1 0.3313120344410771 0.44484976464807197 0.007821041604746943 0.0076826759006666115
1 0.38643580934275745 0.3324827221424683 0.008562730706256369 0.008916459653688513
1 0.3941498424695885 0.46764966715937073 0.009095689524774965 0.00934043137923531
1 0.4251194622205652 0.030812678129776665 0.009522997814676037 0.009158486905305283
1 0.43249603976374085 0.05296624225118886 0.009661342786706013 0.00984049879986307
1 0.4657724266466887 0.03919501278711402 0.010084618692812712 0.008733803811280624
1 0.4040993400242018 0.1526167496390965 0.00969671166461447 0.010066156801970108
1 0.5908026487930961 0.01967563059019006 0.009766454282014267 0.010466238726740297
1 0.3005860992099928 0.3893848968588787 0.008562005084493885 0.00796813550202743
1 0.3194186376488727 0.4228602595951246 0.008548653644064198 0.00917183834573497
1 0.4008543206297833 0.39045749799064966 0.009246831354887589 0.009308799453403639
1 0.37396233496458636 0.4391165401624596 0.008700132369995117 0.00826814900273862
1 0.3984231741532036 0.4400631500327069 0.008953799372134 0.009181986684384554
1 0.31116656635118567 0.443560849065366 0.009064197540283203 0.008226830026377802
1 0.3369292934303698 0.37317604603974713 0.009762734174728394 0.010017871856689453
1 0.3884594958761464 0.34157303947469464 0.009420581485914148 0.010093257479045704
1 0.38099351136580756 0.41957926750183105 0.009360686592433764 0.010917891626772673
1 0.39534351100092346 0.3259313417517621 0.009230116139287535 0.009048503378163214
1 0.38231758449388586 0.4699542263279791 0.008586303047511889 0.00861148212267005
1 0.34887227804764465 0.466988734577013 0.009167609007462212 0.009126093076623005
1 0.3480249487835428 0.4087560176849366 0.009899554045304008 0.009769771410071331
1 0.3520577368528946 0.4418272557465926 0.009156289307967476 0.008434254190196161
1 0.3038847402961888 0.3781809593648326 0.00890901814336362 0.008607890294945759
1 0.43225780777309253 0.02269285334193188 0.009500482807988707 0.010415021492087322
1 0.4205497814261395 0.12825144373852274 0.008839659068895422 0.009619267090507175
1 0.3189483414525571 0.4338183299354885 0.00808257641999618 0.007883486540421196
1 0.4228271919748057 0.03980918034263279 0.009303113688593325 0.009072863537332287
1 0.402971379134966 0.22082124585690704 0.008669557778731636 0.009141196375307829
1 0.33695568209109106 0.46797704178354016 0.008582923723303753 0.008040438527646273
1 0.4290702809458194 0.12932955700418222 0.010140387908272121 0.01016446818476138
1 0.4774893418602321 0.011523377960142881 0.007943122283272121 0.008016710048136503
1 0.29284106130185333 0.4377295504445615 0.008403156114661175 0.007880138314288595
1 0.35014812842659326 0.3694270512332087 0.009413822837497877 0.009554743766784668
1 0.47712018178856896 0.019600750959437828 0.009341177733048149 0.00947382268698319
1 0.3089191395303477 0.4733507063077843 0.009169329767641813 0.009559973426487135
1 0.36325695203698205 0.37425560536591895 0.010157792464546535 0.010440142258353855
1 0.34872850516568066 0.3895876070727472 0.009902967059093973 0.009925754173942234
1 0.33651890767657233 0.42479336780050525 0.01099329798117928 0.01069840140964674
1 0.45406747382620105 0.03166668440984643 0.00937373741813328 0.008827973967013151
1 0.37023284642592713 0.3580594347870868 0.010496491971223251 0.010481031044669773
1 0.4119523349015609 0.15982694211213486 0.008508692617001741 0.007587246272874914
1 0.3694227882053541 0.46247356870900036 0.009102448173191236 0.008512870125148607
1 0.2761122090277045 0.44355476086361806 0.011627933589356564 0.01220432204133874
1 0.46599155923594604 0.026919682388720303 0.009909049324367357 0.00974654373915299
1 0.41155883021976636 0.3964465364165928 0.011003629021022632 0.010291602300560993
1 0.36914877269579016 0.392603205597919 0.009431963381559952 0.008102593214615532
1 0.3005004758420198 0.42297108277030626 0.008838902349057405 0.008897159410559612
1 0.42662458834440814 0.4007325483405072 0.011219107586404552 0.009827924811321756
1 0.44516994642174756 0.383814293405284 0.008853580640709919 0.008120920347130817
1 0.3915090353592583 0.37402084599370544 0.009295380633810291 0.01257535685663638
1 0.31305370123490045 0.3552419893119646 0.00923063444054645 0.009019703968711521
1 0.4089913782866105 0.42307376861572266 0.010723321334175442 0.011897957843282948
1 0.41707442636075226 0.10466465224390444 0.011110046635503355 0.009555308715156887
1 0.28628700712452765 0.41457623502482543 0.008228156877600628 0.009070158004760742
1 0.41127658926922345 0.3256296964929155 0.008481108624002209 0.0076799815439659615
1 0.28600255302760913 0.42838371836620837 0.00935326451840608 0.008359795031340225
1 0.41993767800538434 0.16963869074116583 0.00826052997423255 0.008076076922209366
1 0.3846967531287152 0.35846759961998975 0.009409116662066916 0.0090913202451623
1 0.40890519256177155 0.17623666576717212 0.008995268655859905 0.007979403371396273
1 0.44388520199319603 0.3947434684504633 0.009580073149307915 0.008876344432001528
1 0.3873508546663368 0.19329637029896612 0.00792105301566746 0.008211633433466372
1 0.27627478475156036 0.41885824307151465 0.00827138320259426 0.008564876473468283
1 0.6084869840870732 0.013893301396266274 0.008816138557765795 0.008326537583185278
1 0.41549748441447387 0.14806007820626962 0.01030290645101796 0.00881121469580609
1 0.44280554418978485 0.04655245464781056 0.009330863537995712 0.010111645511958912
1 0.3624314639879309 0.47725276843361236 0.009671128314474354 0.008636091066443401
1 0.7913992301277492 0.7182995132778001 0.010448994843856148 0.010565508966860563
1 0.08034488429193912 0.7871113860088846 0.010383326074351435 0.011806446573008661
1 0.07296902718751327 0.9308548180953317 0.010754357213559359 0.011674839517344599
1 0.07212734740713367 0.761279645173446 0.009287067081617273 0.009676394255264946
1 0.08196665929711383 0.6505564399387527 0.009489297866821289 0.010685713394828465
1 0.7956658653590989 0.6643412631490956 0.010130923727284307 0.011049519414487093
1 0.7499130497808041 0.646232729372771 0.01170324242633322 0.020087615303371265
1 0.10668537927710492 0.556853263274483 0.008800776108451511 0.008370834848155146
1 0.8512440349744714 0.8548301613849142 0.010197722393533459 0.01015746075174083
1 0.11380845049153203 0.9054504477459452 0.009217936059702997 0.009675233260444973
1 0.8453178820402727 0.93543295238329 0.011915787406589672 0.01189111626666525
1 0.07125784003216286 0.9475448027901028 0.010388550551041313 0.011579015980596128
1 0.1022836747376815 0.8096382306969683 0.010591195977252464 0.010716977326766304
1 0.904237705728282 0.8202358743418817 0.010013580322265625 0.010255233101222828
1 0.08938912723375404 0.6986934827721637 0.010492138240648352 0.010731489762015965
1 0.09041393839794656 0.877720190131146 0.010177125101504118 0.013022256934124489
1 0.7646701439567234 0.7845458569733992 0.010428594506305199 0.010812510614809782
1 0.07087411569512408 0.887211799621582 0.010280878647514011 0.010910117107888927
1 0.8904435116311779 0.3442098990730617 0.009582021962041441 0.010047539420749829
1 0.7691160699595575 0.6309568363687267 0.010585370271102242 0.010277913964313011
1 0.7913142079892366 0.5899236927861753 0.010050317515497622 0.01075421208920686
1 0.7650747091873831 0.709477424621582 0.01004654428233271 0.010206388390582542
1 0.7495722148729408 0.7525714376698369 0.009373291679050611 0.009261172750721807
1 0.8651310464610225 0.3705691047336744 0.010540091473123302 0.009854938672936481
1 0.723388962123705 0.784387381180473 0.010382196177606997 0.011287025783372961
1 0.08184147140254146 0.8396493455638057 0.009288461312003757 0.009947030440620754
1 0.09524189907571542 0.7928280830383301 0.011046098626178245 0.011128757310950237
1 0.7666756588479748 0.6565193300661833 0.010561238164487093 0.020952058875042458
1 0.0987024618231732 0.598185622173807 0.009235672328783117 0.009285553641941236
1 0.6942295406175696 0.7589594177577808 0.010806622712508492 0.010237942571225374
1 0.7339333865953529 0.7126953290856403 0.009921903195588486 0.010395962259043818
1 0.9017148017883301 0.33050450034763496 0.010880967845087465 0.01226105897322945
1 0.7863680383433466 0.655439511589382 0.010192456452742867 0.010557983232581097
1 0.06949074890302574 0.6715253021406091 0.009764546933381454 0.011527496835459833
1 0.9268141207487688 0.09608383800672449 0.01194025122601053 0.011802134306534477
1 0.33651370846706896 0.760767584261687 0.009818403617195461 0.008199318595554518
1 0.8563978361046832 0.4020697863205619 0.010354664014733356 0.01043242993562118
1 0.7075540708458941 0.6576584525730298 0.010496637095575747 0.01013809701670771
1 0.705886985944665 0.7237760087718135 0.010763043942658798 0.010436638541843579
1 0.0809971405112225 0.670472580453624 0.009510714074839716 0.009962703870690388
1 0.7572152925574261 0.5861102394435718 0.010256891665251358 0.010294458140497622
1 0.0684001756751019 0.7976525140845259 0.009517586749532948 0.010362500729768173
1 0.8999366967574409 0.3135447916777237 0.011751465175462805 0.01054170857305112
1 0.9031600744827933 0.8628386414569357 0.010111808776855469 0.00941255818242612
1 0.7045334940371306 0.7911377160445504 0.01172637939453125 0.011808768562648609
1 0.10816595347031303 0.7494173464567766 0.01026148381440536 0.010255481885827106
1 0.8700200785761295 0.9625519047612728 0.010700474614682405 0.01093267357867697
1 0.07945449196774027 0.9740367972332499 0.009876764338949452 0.010013082753057066
1 0.6995369040447733 0.6773123741149902 0.011243239693019703 0.010462926781695824
1 0.06847061540769495 0.7502083156419836 0.009155174960260805 0.010049405305281929
1 0.879578279412311 0.36457621532937756 0.013087770213251528 0.01206182396930197
1 0.07141486976457678 0.6979549449423085 0.01045383577761443 0.010613275610882301
1 0.8008713722229004 0.7109356341154678 0.010545523270316746 0.010951249495796535
1 0.7404599397078805 0.6283193878505542 0.009394687155018682 0.010419804116953974
1 0.9135882958121919 0.21326749221138333 0.01194012683370839 0.011825602987538214
1 0.9212826853213104 0.3533376105453657 0.008822150852369226 0.010957901892454727
1 0.14162912057793656 0.5502616426219111 0.00820600468179454 0.009041371552840523
1 0.10766338783761728 0.7766100634699282 0.01047224583833114 0.010434067767599354
1 0.8948282988175102 0.795135726099429 0.009701438572095789 0.00904145448104195
1 0.10056991162507431 0.5389375686645508 0.008548591447913128 0.009100955465565557
1 0.08385092797486679 0.9527757893437925 0.010530565095984417 0.010224881379500679
1 0.7201335741126019 0.682372051736583 0.010338990584663723 0.009963823401409647
1 0.1568091278490813 0.5912537263787311 0.008938364360643469 0.00854585481726605
1 0.07488753225492395 0.9019656388655953 0.014601370562677797 0.010837306147036345
1 0.8526673731596575 0.8197180499201236 0.010495600493057915 0.010476361150326937
1 0.08957514037256654 0.9651824702387272 0.010177270225856617 0.011024558025857677
1 0.07160867037980453 0.9655615972435991 0.01038132024847943 0.010973349861476734
1 0.8711330165033754 0.9191485073255455 0.010392479274583899 0.010168282882027004
1 0.6853075649427331 0.6468131853186566 0.010126155355702276 0.009540723717730978
1 0.32331117987632746 0.8451693368994672 0.01041540114775948 0.00915415390678074
1 0.10661328173394492 0.9722353786757892 0.011139541653224623 0.00979429675376003
1 0.9009762017623238 0.7536727241847827 0.010636080866274626 0.011686905570652172
1 0.09997737407684326 0.8840757038282312 0.009344028389972189 0.009577295054560122
1 0.08704547519269198 0.9111633508101755 0.010355674702188244 0.009978709013565727
1 0.32747140737331426 0.7733213590539019 0.009305859065574148 0.00888036644977072
1 0.25831032835918927 0.9571683510490085 0.008798619975214418 0.008631540381390116
1 0.753789943197499 0.6303550678750743 0.010873379914656929 0.009467124938964844
1 0.14799039260200833 0.6532201766967773 0.010212545809538467 0.01045666570248811
1 0.7451663017272949 0.7168358305226201 0.010374525318975035 0.010052183400029722
1 0.9114858585855236 0.2362672349681025 0.011581379434336786 0.012493962826936142
1 0.7564792633056642 0.6928799048714016 0.010227866794752039 0.010850118554156761
1 0.6832386514414912 0.6691641289254895 0.010289067807404892 0.009594855101212212
1 0.7936483673427415 0.5789110453232474 0.010376681452212126 0.010816843613334324
1 0.9213290836500085 0.14964977036351745 0.011747609014096468 0.011303310808928116
1 0.06988551564838576 0.8416510872218921 0.008735496064890986 0.009296251379925272
1 0.7822923867598826 0.5966470345206882 0.010381159575089165 0.011046326678732166
1 0.14951970784560495 0.5406496213830035 0.00864137773928435 0.008280795553456182
1 0.07867206313472522 0.8188704829093276 0.009251550401452638 0.011376628361236847
1 0.06685076848320338 0.5834085008372432 0.007860676102016283 0.011094839676566746
1 0.7060714182646379 0.8049977551335874 0.01097343278967816 0.010925085648246433
1 0.09942601556363312 0.9797867692035177 0.009973287582397461 0.010207424993100374
1 0.18222526882005774 0.5743655536485754 0.00853741687277089 0.008952638377314028
1 0.702141056890073 0.7691594206768535 0.011623880137567934 0.012160715849503227
1 0.9104965044104535 0.27775709525398584 0.01191313370414402 0.011634349822998047
1 0.19249161430027176 0.5845468147941257 0.010097089021102242 0.009801491447117018
1 0.13218677043914792 0.6611187976339589 0.010730878166530445 0.010321243949558422
1 0.0891302253889001 0.540529261464658 0.008228923963463825 0.009038365405538807
1 0.8858554259590481 0.9351940362349802 0.010507915330969769 0.012479077214780062
1 0.7589713594187861 0.6767171362172 0.01152789074441661 0.010596565578294836
1 0.9181221257085386 0.2524923034336256 0.010983259781547215 0.012132976366126019
1 0.09263924152954767 0.8231196196182914 0.011836958968121071 0.010190217391304348
1 0.8682708947554879 0.40364652353784314 0.009349366892939028 0.009773477264072584
1 0.34943264852399414 0.8461776194365129 0.009689841581427532 0.009182598279870075
1 0.9074978621109672 0.26547278528628143 0.010543242744777515 0.011694576429284138
1 0.8726639125658119 0.41747364272242005 0.009283646293308424 0.01042827315952467
1 0.7479395866394043 0.6060744057530942 0.010362583657969599 0.011537614076033882
1 0.10827536168305771 0.8550119607344918 0.009630472763724949 0.00932938119639521
1 0.352505694264951 0.778266367704972 0.009097078572148863 0.009386311406674593
1 0.7379674289537512 0.7886617287345554 0.010386301123577614 0.009922400764797045
1 0.08704003043796707 0.9875605002693508 0.011178099590799084 0.010355783545452614
1 0.11362770847652268 0.987605737603229 0.010980512784874958 0.009643098582392153
1 0.6416535999463953 0.8193574159041696 0.009707782579504925 0.010177031807277515
1 0.09877998932548193 0.9187807622163191 0.009093056554379671 0.009472100631050442
1 0.8552140774934187 0.8422366017880647 0.009484581325365149 0.009902456532353941
1 0.08472907284031743 0.8076547954393469 0.010903249616208284 0.011448818704356318
1 0.8764660669409711 0.98742966029955 0.011645151221233864 0.01044066055961277
1 0.9227784820224927 0.1752154671627542 0.010547181834345278 0.010818077170330544
1 0.12249351066091785 0.753035130708114 0.009919446447621222 0.009710809458856997
1 0.12326163830964462 0.714535381482995 0.009375986845596977 0.009244504182235054
1 0.17495835345724353 0.6932045480479365 0.009402067764945652 0.00994873046875
1 0.9296525250310483 0.20518284258635147 0.012025625809379246 0.012021686719811481
1 0.7681393416031548 0.5843224110810653 0.010708684506623642 0.011399393496306046
1 0.6151658659395964 0.8560366423233695 0.009612560272216797 0.009214401245117188
1 0.8527647930642833 0.7877511356187904 0.00983992866847826 0.01051119099492612
1 0.6716457242551057 0.6773660908574642 0.010941339575726051 0.010805047076681385
1 0.11816644150277841 0.7652870261150856 0.010743275932643726 0.010648063991380774
1 0.9047815696052882 0.29492833303368615 0.0113189116768215 0.010767667189888332
1 0.6646283709484598 0.7775266688802968 0.010087033976679262 0.010789912679921026
1 0.3008546414582626 0.9385187729545259 0.008723258972167969 0.008790140566618546
1 0.910051159236742 0.6762464150138523 0.010271445564601734 0.00926735090172809
1 0.7604831197987432 0.5972866597382919 0.00973610256029212 0.010126818781313688
1 0.8995608454165251 0.961803146030592 0.010912687882133152 0.011194809623386547
1 0.0916873890420665 0.6118821475816809 0.010807555654774542 0.010060642076575237
1 0.9164333758146868 0.8064316252003546 0.010322239087975544 0.010677213254182236
1 0.715070268382197 0.7577014384062393 0.009863314421280571 0.00983192609704059
1 0.36447527486345044 0.6728645096654478 0.008098345735798712 0.009197131447170092
1 0.6773381855176843 0.7589203171108081 0.011435301407523777 0.009911537170410156
1 0.8549576842266581 0.4160459145255711 0.010661871536918308 0.011693913003672724
1 0.7423575650090758 0.7006606641023057 0.010549255039380945 0.00920942555303159
1 0.6747247239817743 0.7701227561287258 0.01034558337667714 0.00973647573719854
1 0.6610022938769796 0.755954410718835 0.009731147600256878 0.009430760922639267
1 0.38044789563054626 0.6663341729537302 0.009570722994597061 0.00921178900677225
1 0.752634919208029 0.7253953477610713 0.010417938232421875 0.010593206986137058
1 0.07071053204329117 0.9179066575091818 0.010217008383377739 0.010644456614618715
1 0.6999953933384107 0.6454218574192212 0.011623755745265796 0.009683940721594769
1 0.08032495301702747 0.7528235186701235 0.01004679824994958 0.010026558585788891
1 0.09187864738961923 0.8975066931351371 0.009757985239443571 0.010426023732060972
1 0.8782831689585809 0.8810480573902959 0.009654749994692595 0.010121511376422386
1 0.12739486797996188 0.6457179629284403 0.010034882504007091 0.009335580079451851
1 0.36327804301096045 0.7830448565275772 0.009128599063209866 0.008914698725161345
1 0.926172919895338 0.16121966424195663 0.01036809838336447 0.009721289510312288
1 0.8487104125644849 0.8701988303143047 0.01019498576288638 0.011007557744565218
1 0.7708078467327616 0.8234101585719895 0.01152801513671875 0.011071910028872282
1 0.0709482560987058 0.6355800628662109 0.009940214779066004 0.010185158771017323
1 0.12364936393240222 0.49256641968436865 0.009048285691634468 0.008921457373577616
1 0.9273405697034753 0.22716981431712274 0.011092185974121094 0.011815423550813095
1 0.411810734997625 0.631547440653262 0.009030518324478813 0.008783983147662619
1 0.4352635404338007 0.5982575520225193 0.008628865946894106 0.00927815229996391
1 0.6790477711221448 0.7854624831158183 0.01256698110829229 0.009652967038361923
1 0.07786769970603612 0.5766830340675686 0.009217573248821756 0.009150318477464758
1 0.07421798032263052 0.8098642307779065 0.009953182676564093 0.010653910429581352
1 0.7006257720615552 0.7340499007183573 0.010699603868567425 0.010386052338973335
1 0.1362917993379676 0.6188294369241466 0.009420591851939325 0.009599851525348166
1 0.8915957989900007 0.8217302197995393 0.009970706442128057 0.00992895209270975
1 0.7769421287204907 0.6187081751616105 0.010333185610563858 0.010732858077339504
1 0.3948044906491819 0.6523371572079866 0.008992998496345852 0.0092742339424465
1 0.38059399438940966 0.6151538931805155 0.009349501651266346 0.00990394923997962
1 0.9169003030528192 0.12732136767843497 0.010698235553243885 0.011638185252314028
1 0.3938057681788568 0.6708003023396368 0.00922604229139245 0.00947701412698497
1 0.1860452423924985 0.6589558435522992 0.008931222169295601 0.00919943270475968
1 0.06693688942038495 0.6470207338747771 0.009592486464458963 0.010552406311035156
1 0.7242193429366403 0.7261585567308508 0.011704942454462465 0.010421089504076086
1 0.8892824131509532 0.3705175441244375 0.01018461973770805 0.009126041246497112
1 0.7048456979834515 0.7480848975803542 0.010694876961086109 0.011393256809400476
1 0.0998419886050017 0.6878204760344131 0.009534649226976477 0.009805098823879076
1 0.8743886532990828 0.8683256273684294 0.010080088739809782 0.009887736776600714
1 0.779032852338708 0.6305213181868844 0.01010658430016559 0.010407406350840693
1 0.1323532539865245 0.6331790219182554 0.009551794632621433 0.00976574939230214
1 0.11157980172530463 0.7931458017100459 0.010463465815005095 0.010490500408670177
1 0.3858783763387929 0.7270407884017281 0.009653879248577616 0.008748593537703804
1 0.7839932856352434 0.858554342518682 0.011389815289041271 0.011740062547766644
1 0.12598164703534998 0.7829391852669094 0.010953664779663086 0.011269569396972656
1 0.3280667639135019 0.8006315231323242 0.00949511790405149 0.009631778882897419
1 0.13531978752302087 0.7676695118779722 0.01003973380379055 0.011019167692764946
1 0.3748600171959919 0.6772998104924741 0.009705750838569973 0.009738548942234205
1 0.9329652786254883 0.3512650365414826 0.010316682898479958 0.009835782258406929
1 0.31824124377706775 0.8625800505928372 0.008630628171174423 0.008491599041482677
1 0.33556084561607125 0.72946602365245 0.008897138030632683 0.009323700614597486
1 0.8843229335287343 0.8015794132066809 0.009497725445291271 0.009251262830651325
1 0.42441203283227 0.6715248253034508 0.009775597116221552 0.009505002394966457
1 0.689001062641973 0.7961051153100055 0.01012557485829229 0.009726192640221638
1 0.8848344139430835 0.8908981032993482 0.009568172952403193 0.01006918368132218
1 0.3527633457080178 0.7252155594203782 0.009358108043670654 0.009582809779954992
1 0.3954313345577406 0.7085792707360308 0.009676523830579676 0.009391370026961617
1 0.7396344723908799 0.7308242631995161 0.010485110075577446 0.01040923077127208
1 0.3962467312812805 0.6252460687056832 0.009108113205951193 0.009107548257578974
1 0.19977982147880222 0.5586455386617909 0.008196416108504585 0.008687558381453804
1 0.07606540296388709 0.8518003588137419 0.010698220004206118 0.009942054748535156
1 0.30083057154779846 0.7892162281533946 0.009473261625870415 0.013690492381220278
1 0.882290218187415 0.723608866981838 0.012515690015709919 0.013296583424443785
1 0.7852776983509893 0.6415018206057341 0.01015870467476223 0.011345697485882301
1 0.07793257288310838 0.5950175057286803 0.009695835735486902 0.012564513994299847
1 0.9125590117081351 0.3077167842699134 0.013572195301885191 0.01194750744363536
1 0.09587910900945248 0.8493528780729875 0.01091785016267196 0.010511066602623981
1 0.1564749686614327 0.701203325520391 0.008711286213087 0.0091699102650518
1 0.14793127516041632 0.5659895979839823 0.008482062298318615 0.009476412897524626
1 0.7685152966043224 0.8093411818794582 0.010225047235903532 0.009893666143002718
1 0.7062545444654382 0.6351340335348378 0.01033044897991678 0.010947517726732336
1 0.35964082764542626 0.6412402754244597 0.008926622245622717 0.008763292561406675
1 0.08721234228300011 0.736703105594801 0.009934492733167566 0.009902663852857508
1 0.13849170311637546 0.7427413567252781 0.009370430656101393 0.00959665878959324
1 0.7580863081890605 0.7410058767899221 0.010913724484650986 0.01994410805080248
1 0.11587320203366488 0.5028444995050845 0.00788866955301036 0.008433507836383322
1 0.12270165526348611 0.47830501846645185 0.009367673293403957 0.01051231052564538
1 0.18143084774846618 0.5323021826536759 0.0087048281794009 0.008514756741731064
1 0.11124998590220576 0.733757910521134 0.009723684062128481 0.00984967273214589
1 0.6335636014523713 0.7151965680329695 0.010616343954335089 0.009275933970575747
1 0.931272154269011 0.1077812495438949 0.010078471639881964 0.010174492131108824
1 0.09782922786215076 0.7640180380448052 0.011113394861635954 0.010215469028638758
1 0.3423569578191508 0.8907611888387927 0.009896581587584122 0.010849372200343921
1 0.10498394655144733 0.7245360042737877 0.009437986042188562 0.009447636811629585
1 0.07223767301310664 0.6841422993203868 0.009982523710831352 0.010375022888183594
1 0.7919012152630348 0.8237029365871265 0.012311271999193274 0.011905338453209919
1 0.0796449003012284 0.7743327721305515 0.010607683140298595 0.01016446818476138
1 0.0920097361440244 0.8360887195753014 0.009798889574797257 0.009940437648607336
1 0.16678902377252997 0.4557166151378466 0.009504898734714674 0.009194736895353897
1 0.729191842286483 0.7691606438678243 0.010149706964907438 0.00966055496879246
1 0.7349882747816003 0.6789405656897504 0.010199795598569124 0.011245893395465355
1 0.9013027315554412 0.3435093786405481 0.010077476501464844 0.010050058364868164
1 0.9199310385662577 0.11253256901450781 0.010810271553371265 0.010991148326707922
1 0.10946804025898808 0.8263995336449664 0.009447854498158331 0.010261328324027683
1 0.9144312817117443 0.18600628686987836 0.012858515200407608 0.011828816455343494
1 0.06767031161681465 0.8719157757966414 0.010118396385856297 0.011111964350161345
1 0.5965699631234874 0.8047078381413999 0.009708756985871689 0.009445646534795347
1 0.7812939726788065 0.8364063345867655 0.011316672615382984 0.010769636734672215
1 0.10114954347195834 0.6401137061741042 0.009100779243137526 0.01004691745923913
1 0.8718801828782117 0.6886601240738578 0.0132782562919285 0.013633396314538047
1 0.2541088539621104 0.9098864016325579 0.008799159008523693 0.008492345395295517
1 0.7237425887066387 0.806736179020094 0.01064437368641729 0.011157118755838146
1 0.3804890798485797 0.7499972011732019 0.008694907893305239 0.009161949157714844
1 0.1667487724967625 0.6025774478912352 0.00891776706861413 0.008520105610723082
1 0.6933341287136499 0.7789196968078598 0.012213510351680244 0.00987994152566658
1 0.6645779402359673 0.7403982411260189 0.009381004001783289 0.009694804315981657
1 0.6081025289452594 0.8762506609377653 0.010398657425590183 0.010408525881559952
1 0.09957315610802692 0.7149909060934315 0.009626595870308254 0.009634432585343071
1 0.16937573059745456 0.6481978271318519 0.009595497794773268 0.009219107420548149
1 0.9327057548191238 0.25672318624413537 0.010642673658288044 0.011391411656918734
1 0.6605321117069411 0.8083730780560038 0.009238346763279127 0.009356706038765285
1 0.7682782102226052 0.6001836942589797 0.009430605758561302 0.013009029885997841
1 0.7615358103876528 0.6406120735666027 0.009959842847741169 0.009915040886920431
1 0.8966325884279998 0.8103236322817595 0.010709140611731487 0.009304046630859375
1 0.07390305788620659 0.6156627406244692 0.010788430338320524 0.010658678801163383
1 0.7174243719681449 0.7442843810371731 0.009588697682256285 0.010331609974736753
1 0.619349479675293 0.7833490164383596 0.009282899939495584 0.00905621570089589
1 0.690980621006178 0.8211922852889352 0.010050234587296196 0.00967233077339504
1 0.9212116780488389 0.37729692459106445 0.010463507279105808 0.010202449301014776
1 0.9030665107395339 0.7063858198082964 0.011147374692170517 0.009986296943996264
1 0.8679055960282035 0.9737113040426503 0.011263847351074219 0.009592222130816916
1 0.13373297712077264 0.753027459849482 0.009718200434809145 0.009355130402938179
1 0.07661579225374304 0.5589614018149998 0.009095238602679709 0.009642290032428244
1 0.8853379332500957 0.9095739903657334 0.009953747624936312 0.010743887528129246
1 0.3235494429650514 0.6878260322239087 0.009737110656240711 0.009200883948284647
1 0.7249114824377973 0.8885677586431089 0.013542838718580164 0.014764951623004417
1 0.10946057672085968 0.8409818773684294 0.009998559951782227 0.010260830754819124
1 0.09263175985087518 0.863701758177384 0.010124818138454273 0.009816086810568104
1 0.8463529711184294 0.8311496402906334 0.00945070515508237 0.009852533755095108
1 0.7730869624925697 0.8471204094264817 0.012331589408542797 0.011868767116380774
1 0.8881836352141008 0.8706689295561418 0.009405716605808424 0.009800413380498472
1 0.33213388401529065 0.8265863294186799 0.009946843852167543 0.009700401969577955
1 0.14129778094913648 0.5301007809846298 0.008462626001109247 0.008445573889690897
1 0.08432328960169919 0.6328108829000721 0.010358318038608715 0.011052173116932745
1 0.33300801269386127 0.6970617874808933 0.00978974285333053 0.009726317032523777
1 0.8718787483547046 0.4328059113543967 0.010158538818359375 0.009986338408096977
1 0.6970100817473037 0.6923425923223081 0.010417191878609035 0.009463102921195652
1 0.3422466710857723 0.8022130053976307 0.00962101117424343 0.008728193200152853
1 0.3429372770630795 0.7479703944662343 0.009298460639041403 0.009303507597550102
1 0.1216050386428833 0.973113785619321 0.0104184047035549 0.00961540056311566
1 0.12666792973228122 0.7314318573993185 0.009461351062940515 0.009684645611306896
1 0.7783051781032395 0.6636815589407216 0.010296199632727581 0.011377272398575493
1 0.9045723832171896 0.836128504379936 0.010242006053095278 0.010110813638438349
1 0.7778703648111095 0.7057182063227114 0.010199712670367699 0.01027754078740659
1 0.7179889678955078 0.6471650082132091 0.011177560557489809 0.010274638300356657
1 0.11901351161625075 0.5879541791003683 0.008317128471706224 0.008699271989905315
1 0.8684541660806407 0.8786102170529573 0.009228125862453295 0.00973962700885275
1 0.33755894005298615 0.8448269470878269 0.008923101684321528 0.009181229964546535
1 0.929353610329006 0.12206796977830969 0.009285760962444803 0.009540889574133831
1 0.6573419156281846 0.691795660101849 0.00987417801566746 0.008616198664126188
1 0.12923532465229864 0.7942526029503862 0.009982554808906887 0.010514964228091032
1 0.5992920398712158 0.8341503350631051 0.009865201037863026 0.009088889412257982
1 0.4157676904097847 0.6180946101313052 0.009112606877866 0.008763645006262737
1 0.3261129826955173 0.7214219259179157 0.00974295903807101 0.009837150573730469
1 0.6254474183787471 0.7912180942037831 0.009579243867293648 0.009529694266941236
1 0.3854589721430903 0.6335919007011082 0.010214318399843962 0.009046388709026834
1 0.3321439131446507 0.7091174954953401 0.009852917298026707 0.00995009878407354
1 0.12238178045853325 0.6215500935264255 0.008704164753789488 0.008859323418658712
1 0.11099345787711767 0.9189635981684146 0.008891831273617952 0.008674538653829823
1 0.09164509047632632 0.6546892705171006 0.008974749109019403 0.00965354753577191
1 0.7173081066297448 0.8187930065652599 0.011275042658266813 0.011108232581097145
1 0.32818056837372156 0.916356957477072 0.01062460826790851 0.010514632515285328
1 0.9168337739032247 0.8299872771553372 0.010555225869883661 0.010172139043393343
1 0.06658515722855278 0.726842030234959 0.008711928906648056 0.00999438244363536
1 0.1526002987571385 0.7646280578944993 0.009242161460544752 0.00904709359873896
1 0.8850166072016177 0.3817648110182389 0.010014741317085598 0.009242068166318148
1 0.9205131323441214 0.8409161775008492 0.011851227801779041 0.010087552277938179
1 0.332861664502517 0.871967253477677 0.00928804407949033 0.009601717409880264
1 0.11985170841217041 0.8060613922450854 0.014639180639515753 0.010739492333453636
1 0.743792264357857 0.7649634195410688 0.010050193123195484 0.00982653576394786
1 0.3661426461261252 0.8605556902678115 0.00992658863896909 0.010303248529848845
1 0.09482436594755754 0.5257493309352709 0.008781536765720533 0.00892075248386549
1 0.8880206191021464 0.9599304613859758 0.010671822921089504 0.01107050024944803
1 0.34172916412353516 0.711400964985723 0.010189927142599354 0.010247313457986584
1 0.33190598014904105 0.7515918275584345 0.008871545610220535 0.008911671845809273
1 0.9022803928541101 0.7891265205715012 0.008674704510232677 0.008764018183169157
1 0.7572813656019128 0.855165025462275 0.015831035116444462 0.017036106275475544
1 0.6509221222089685 0.6835027570309847 0.009011828381082287 0.009100996929666271
1 0.0671769872955654 0.9837226245714271 0.010116260984669561 0.010539884152619736
1 0.8791534589684528 0.7899690918300462 0.009847309278405231 0.009835740794306215
1 0.8959171046381411 0.7409019055573836 0.011493268220320992 0.012063150820524796
1 0.15062179772750192 0.6837310376374617 0.009153718533723251 0.008469705996306046
1 0.8975691795349121 0.9796563853388247 0.011031067889669666 0.012655672819718071
1 0.3146072470623514 0.7649705099022907 0.008576517519743546 0.009274814439856487
1 0.36743907565655914 0.6560862789983335 0.008661544841268787 0.008439312810483187
1 0.10739746033280165 0.6303382230841534 0.008638335138100523 0.009923043458358068
1 0.1265455703420562 0.45534798891648004 0.011385544486667797 0.011640932248986286
1 0.726207442905592 0.7526614562324856 0.01016434379245924 0.009942262069038723
1 0.5991675439088241 0.8868218504864237 0.01017929160076639 0.0097815057505732
1 0.8930722941523014 0.9468141431393831 0.009941930356233017 0.009604371112325916
1 0.6873077516970427 0.7441099001013715 0.010071256886357847 0.00924093826957371
1 0.7885316558506177 0.6733363607655402 0.011115571726923403 0.010389742643936821
1 0.30174965443818463 0.8018593580826467 0.00939421031786048 0.00970948260763417
1 0.40486962380616554 0.6638594192007313 0.009396459745324177 0.008990723153819208
1 0.9103570191756538 0.35003890809805505 0.009982233462126358 0.009700290534807287
1 0.7371989333111307 0.6585767994756284 0.010761634163234546 0.009929325269616169
1 0.17758077123890753 0.7086733527805493 0.009655247563901155 0.009440961091414742
1 0.06644489195035852 0.7785939962967582 0.008416927379110584 0.01034782243811566
1 0.3796562448791835 0.697984446649966 0.009461957475413446 0.009074750153914742
1 0.1170187048290087 0.6660473657690962 0.010319429895152216 0.010547098906143852
1 0.7770682417828104 0.6455060502757197 0.009454271067743715 0.009784076524817425
1 0.7634272160737412 0.7614279829937479 0.010352881058402683 0.010065451912257984
1 0.3768483659495478 0.7615745585897694 0.011210192804751188 0.0096887090931768
1 0.42980271836985706 0.6471165055813997 0.009946014570153278 0.00887379438980766
1 0.7333418804666271 0.6477412451868472 0.010720792024031929 0.010180328203284222
1 0.772413999470927 0.696337264517077 0.015141278466950616 0.01116010417108947
1 0.36312493034031085 0.7695760519608207 0.010134821352751358 0.01017524885094684
1 0.10301794176516327 0.871317200038744 0.009398895761241083 0.008940074754797894
1 0.14625490230062735 0.46576854457025946 0.011615649513576343 0.00989544909933339
1 0.7379855694978132 0.6694234039472498 0.0100860595703125 0.010317823161249575
1 0.5818391779194707 0.8778831233148989 0.011321627575418224 0.01074658269467561
1 0.0919220914011416 0.5760449844857921 0.009015072946963102 0.008680986321490744
1 0.43156627468440845 0.6199374613554582 0.009146638538526453 0.00852166051449983
1 0.9331776162852412 0.38385957220326294 0.009220455003821331 0.010206098141877548
1 0.7184981885163679 0.6331606740536897 0.010925790537958559 0.012037111365276833
1 0.38430532424346253 0.5990557255952255 0.009042340776194696 0.009375613668690557
1 0.06746226549148558 0.5695822964543882 0.008914983790853748 0.010330241659413214
1 0.1590282502381698 0.6737930463707964 0.011480310688848082 0.00984291408372962
1 0.6308302775673245 0.8244659382364025 0.010912708614183508 0.010550498962402344
1 0.8590394517649774 0.9096188130586043 0.010500327400539234 0.009370347727899965
1 0.17036293382230014 0.6160723955734916 0.008187739745430325 0.007627590842868971
1 0.3668253369953321 0.8034178899682086 0.010589713635651962 0.010987364727517834
1 0.6754818377287493 0.8039454584536345 0.00988670017408288 0.00982690894085428
1 0.8743403890858525 0.9504049964573074 0.010962610659391983 0.01036096655804178
1 0.6943601732668669 0.6349392662877622 0.00954200910485309 0.010540443917979364
1 0.878107796544614 0.8166152497996455 0.009437353714652683 0.010887187460194464
1 0.43731489907140314 0.5809458235035772 0.009649618812229322 0.00878868932309358
1 0.24196868357451062 0.9825563223465629 0.00951379278431768 0.008729727371879246
1 0.4296236660169519 0.07156965784404588 0.010175746420155401 0.009312355000039806
1 0.3853935288346332 0.7144912222157354 0.009062119152234949 0.009120111880095108
1 0.748931760373323 0.6404536185057268 0.010779007621433422 0.010273332181184189
1 0.8771539978359058 0.7086707612742549 0.011664639348569124 0.011321482451065727
1 0.7420633564824644 0.8093170290407927 0.01038725479789402 0.010246069534965183
1 0.9116201815397844 0.6920582729837169 0.009691818900730299 0.01068040598993716
1 0.8866137628969939 0.3574949243794317 0.009441209876019022 0.009106905564017918
1 0.7769427299499511 0.6785208867943804 0.009998445925505264 0.010147467903468921
1 0.1524954337044745 0.5227342487869159 0.009419726787930188 0.010793231142108511
1 0.9292472134465757 0.36223260475241614 0.009425577910050102 0.011123206304467243
1 0.37000799179077154 0.8179538975591245 0.01014846304188604 0.009153697801672894
1 0.14107480256453805 0.8011132945185122 0.009816625843877378 0.009337466696034307
1 0.551538488139277 0.9762829904970916 0.009265941122303839 0.008009039837381115
1 0.6746670059535813 0.7298912172732147 0.009258477584175442 0.00904244961945907
1 0.33355775475502014 0.6730989787889563 0.009379379127336584 0.009800952413807745
1 0.9334985898888629 0.23995496915734332 0.010322239087975544 0.010217998338782269
1 0.3753950492195461 0.7938759223274563 0.009242721225904383 0.009553287340247112
1 0.9335257696068804 0.17980341289354407 0.009529155233631964 0.010166085284689198
1 0.8994358311528745 0.8503875110460365 0.010448704595151155 0.00948495450227157
1 0.798864862193232 0.8650497975556746 0.012055770210597828 0.012085334114406421
1 0.14262752429298733 0.499061916185462 0.00973926419797151 0.00874303734820822
1 0.1395820327427076 0.5744755682737931 0.00812611372574516 0.008444184842317001
1 0.18483098693515945 0.4560685261436131 0.00861364862193232 0.00829296526701554
1 0.7243007369663403 0.6629400978917661 0.011288642883300781 0.021719911824101986
1 0.9160129712975543 0.33865856087726093 0.01114090629245924 0.009876375613005264
1 0.4066444168920102 0.5721577665080195 0.00967164661573327 0.009300211201543394
1 0.2830665318862251 0.8337864461152449 0.010241819464642067 0.010197639465332031
1 0.36904692908991943 0.838485572649085 0.0091276738954627 0.009352435236391813
1 0.6904496110003926 0.8071776058362878 0.01032858309538468 0.00933037633481233
1 0.73626476785411 0.6927388854648757 0.009744229524031929 0.009206647458283798
1 0.6758273995440939 0.746765261111052 0.009769771410071331 0.009424126666525135
1 0.17472102331078573 0.5237097947493844 0.008035348809283712 0.008035908574643343
1 0.2520590761433477 0.9821332433949346 0.008790161298668903 0.008506609045940897
1 0.3224190661440725 0.7560250862785007 0.011971687493116959 0.009705377661663553
1 0.3607869925706283 0.8979875523111096 0.010805316593336023 0.009963699009107508
1 0.5952268372411313 0.861665331799051 0.013935109843378481 0.010037256323772926
1 0.6513364315032959 0.8669663512188456 0.010430398194686226 0.009274316870647928
1 0.21917526618294098 0.5857674453569495 0.010425712751305622 0.009886679442032524
1 0.36749369813048327 0.624107609624448 0.009425057017284891 0.0077724456787109375
1 0.35795080273047736 0.8308040577432384 0.009431862312814464 0.009242970010508661
1 0.3324128868787185 0.8574650598608929 0.009452863879825758 0.008844997571862263
1 0.09785759449005126 0.5165282125058381 0.00861755661342455 0.008625237838081692
1 0.26353430747985834 0.9448340872059697 0.009023977362591288 0.008452954499617867
1 0.21614767157513165 0.5387579150821852 0.00765792183254076 0.00827057465263035
1 0.6453595576078994 0.845566811768905 0.009593548982039742 0.00888024205746858
1 0.17056628413822342 0.5819871529288914 0.009373965470687202 0.008490811223569124
1 0.4031290334203969 0.695662788722826 0.009543615838755732 0.009972447934358017
1 0.14009303631989853 0.6748479138249937 0.009578704833984375 0.010594699693762737
1 0.11311168774314549 0.9606571819471277 0.009898880253667417 0.009892546612283459
1 0.3492483768774115 0.6983161594556726 0.0105424834334332 0.009354135264521059
1 0.30973771344060486 0.7779593467712402 0.008399196293043054 0.009306161299995754
1 0.37084507942199707 0.68965076363605 0.00893458076145338 0.008431766344153362
1 0.10759039028831151 0.6052913665771484 0.008788388708363409 0.008424510126528532
1 0.8867216939511507 0.8591544317162554 0.009928413059400476 0.009814759959345278
1 0.6446144166200058 0.7899632246597953 0.01154495322186014 0.010124621183975883
1 0.583187600840693 0.9491606587949006 0.009675233260444973 0.011540205582328465
1 0.753413262574569 0.7049415007881495 0.01024839152460513 0.010489754054857336
1 0.8545290490855342 0.9858731601549232 0.011835347051205843 0.011325297148331352
1 0.876616851143215 0.39593324972235644 0.009727809740149456 0.009550063506416653
1 0.32774848021242925 0.9474581842837126 0.010150883184826893 0.00978876196819803
1 0.6095286452251932 0.82421816950259 0.010305446127186651 0.0096588134765625
1 0.3534461078436478 0.7548167601875637 0.008933559707973314 0.010000063025433083
1 0.4014649805815323 0.6445423416469409 0.0101934930552607 0.010489878447159477
1 0.10837650817373523 0.6178487280140752 0.009024506029875382 0.008777452551800272
1 0.16215072507443637 0.5031236876612124 0.0089025704757027 0.008769470712412958
1 0.3626877017643141 0.8494420673536218 0.009724357853765074 0.009137941443401834
1 0.41929215451945423 0.5939121349998142 0.008510890214339546 0.008395505988079569
1 0.6343762148981509 0.8078745137090269 0.010846469713293987 0.009845401929772419
1 0.08435279390086299 0.7646057709403661 0.011140657507854958 0.00981165015179178
1 0.10868578371794328 0.511973526166833 0.009559900864310886 0.008494086887525476
1 0.3534217930358389 0.8772808365199878 0.009911342807438063 0.009499549865722656
1 0.11638039091359013 0.5666352562282397 0.008840685305388077 0.00898643161939538
1 0.10864583305690599 0.5943860800369926 0.00944067084270975 0.008509967638098675
1 0.3643382152785425 0.6991998631021251 0.009410518666972284 0.009329547052798063
1 0.7542463800181516 0.7704729826554008 0.010048576023267664 0.009380589360776155
1 0.365423611972643 0.8830693493718687 0.010323078736014988 0.01061559760052225
1 0.9056388813516368 0.1699151059855586 0.010628866112750511 0.010728898255721382
1 0.6459334311277969 0.804904958476191 0.010159388832424 0.009658025658648947
1 0.3923159267591393 0.6950281806614089 0.014133163120435633 0.008995636649753736
1 0.913037631822669 0.7823994263358738 0.009583597597868546 0.009999731312627378
1 0.13043254354725714 0.5043473658354387 0.008442526278288467 0.008643564970596977
1 0.15808070224264395 0.7286012069038723 0.009287440258523693 0.009206191353175951
1 0.8664386998052183 0.8176909944285518 0.010273228520932405 0.010368388632069464
1 0.1809711145318073 0.6805929101031759 0.008780707483706266 0.00882919974949049
1 0.10005874219148056 0.9573517053023629 0.010528025419815727 0.010019675545070484
1 0.17712189840233844 0.5577789596889331 0.007942925328793734 0.008062321206797724
1 0.13593765445377515 0.5159015448197074 0.008491878924162491 0.007958660955014437
1 0.5982879244762919 0.9135205227395763 0.009057107179061226 0.009887612384298573
1 0.3973665237426758 0.5908988558727762 0.00895889945652174 0.008502524832020636
1 0.742434605308201 0.7784408486407736 0.010122423586638077 0.009560460629670517
1 0.34447261108004523 0.9488063687863557 0.010324658259101536 0.009311883345894192
1 0.32290351228869485 0.7833148085552715 0.010400903613671013 0.009753476018491
1 0.5853935117306917 0.8638321835061779 0.011712157207986584 0.01058296535326087
1 0.15761664639348572 0.4790020196334176 0.008515046990436056 0.008438981097677479
1 0.6956696302994437 0.7110478359719982 0.010626336802606997 0.010544901308806046
1 0.9157662598983102 0.32475875026505924 0.012370151022206182 0.01170277142006418
1 0.6230640411376952 0.8756443728571353 0.010398367176885191 0.009661425714907438
1 0.588527254436327 0.9295998656231426 0.00971953765205715 0.008750210637631624
1 0.6428428732830546 0.6917291931484055 0.009709524071734884 0.009897273519764776
1 0.3265897182990675 0.8851734036984652 0.008986176679963652 0.008977765622346298
1 0.30405873837678327 0.8252007857612942 0.008922618368397589 0.008592937303626019
1 0.7905820763629415 0.7033316156138545 0.011754077413807745 0.013315200805664062
1 0.2933390140533447 0.9096760127855383 0.009010211281154467 0.009423877881920856
1 0.18118609552798065 0.5138146151667056 0.008590864098590353 0.008793167445970617
1 0.8530201704605765 0.962772099868111 0.010438919067382812 0.011224041814389437
1 0.8693451259447181 0.8013024122818656 0.010311955990998642 0.009776488594386889
1 0.40579117381054425 0.6765402710956074 0.009287989657858143 0.010492449221403702
1 0.4465888064840566 0.01254005017487899 0.009543045707370924 0.008496828701185144
1 0.12340062597523564 0.8701199863267981 0.009027024973993715 0.00907147448995839
1 0.9124668162801991 0.6658165454864502 0.01093279797097911 0.01189565658569336
1 0.07986609572949617 0.546032656794009 0.010480968848518703 0.010661830072817595
1 0.1202190751614778 0.5528634527455205 0.008347697879957117 0.009524635646654211
1 0.8654679630113685 0.39199202993641735 0.010333144146463146 0.010930268660835598
1 0.9057833630105724 0.3644447508065597 0.009828235792077106 0.010873830836752186
1 0.7134854275247325 0.6953265355980913 0.010392313418181046 0.011486260787300442
1 0.07486781607503476 0.5886874820875085 0.00912686534549879 0.01010405499002208
1 0.7525449213774309 0.6687675559002421 0.010099037833835766 0.010236574255901833
1 0.9059789284415867 0.3743108977442203 0.010070344676142153 0.009412413058073624
1 0.7679878939752992 0.6506917683974557 0.009859375331712805 0.010349252949590269
1 0.4101495587307473 0.6536135880843453 0.009385222974030868 0.00844573974609375
1 0.3708222016044285 0.6426877664483112 0.009428024291992188 0.01019981633061948
1 0.2577293230139691 0.9733955341836681 0.008841307266898777 0.00832130597985309
1 0.12844207494155221 0.6787860911825427 0.00967041305873705 0.011360707490340523
1 0.11999194518379543 0.8316116333007812 0.009017778479534647 0.008957240892493206
1 0.9086307857347571 0.3861409969951795 0.009959594063136889 0.010261851808299189
1 0.8739617596501889 0.8519434514253037 0.010449326556661854 0.010313821875530739
1 0.3222286863171536 0.8133128622303838 0.011486355377280193 0.00939153588336447
1 0.4914971486381862 0.9266712769218113 0.010275581608647886 0.010922888050908628
1 0.17643071775851044 0.669487476348877 0.008775182392286219 0.008735864058784817
1 0.3468712121248245 0.8246908809827721 0.009322214385737543 0.010028963503630264
1 0.6793742801832116 0.7027000758958899 0.009094155353048573 0.00905335467794667
1 0.4352451511051344 0.6092103460560674 0.00879774922909944 0.01050932511039402
1 0.6813875488612962 0.7138445688330609 0.00966407941735309 0.009254994599715523
1 0.16551441213359006 0.4876543646273405 0.008241518684055494 0.008831169294274372
1 0.101145687310592 0.9462233211683191 0.00976221457771633 0.009906146837317425
1 0.6194934015688689 0.8040941901828933 0.010027926901112432 0.009215976880944294
1 0.7629769366720448 0.7494138220082158 0.01251983642578125 0.01249620188837466
1 0.17192038245823074 0.6301791564277981 0.008609398551609205 0.008780272110648777
1 0.7226420485455057 0.6718288089918054 0.010633924733037535 0.010381781536599865
1 0.7619791860165804 0.613993727642557 0.014677877011506454 0.015108854874320652
1 0.1714302923368371 0.47593275360439136 0.008628606796264648 0.008050897847051207
1 0.8793710211048955 0.6699041179988694 0.011181209398352581 0.012473168580428413
1 0.2621193243109662 0.9276315854943317 0.008825281391973082 0.008562336797299593
1 0.32557468116283417 0.7401627872301184 0.009013244639272276 0.010015943776006285
1 0.0834425661874854 0.922432401905889 0.01066006266552469 0.009914729906165081
1 0.39482078604076226 0.6837340023206628 0.010260556055151897 0.008927594060483187
1 0.3259022731495941 0.6660848285840906 0.0093353060276612 0.011373188184655231
1 0.8405123171599014 0.8914254851963208 0.009856265524159307 0.010674808336340862
1 0.6085957340572191 0.8108190660891325 0.009737325751263163 0.00991833728292714
1 0.3488267595353334 0.7649155699688457 0.00990658480188121 0.009663664776345959
1 0.12388044336567754 0.9170841134112813 0.008509210918260656 0.009276929108992867
1 0.6118564916693646 0.7268861895022185 0.01117774714594302 0.010752097420070484
1 0.26822171003922174 0.9780975632045579 0.010108657505201258 0.00904021055802055
1 0.7133042294046154 0.8927259652510934 0.013017405634341032 0.014729333960491676
1 0.6081571164338485 0.843513882678488 0.009540640789529552 0.00972022180971892
1 0.15969601921413257 0.6223922397779382 0.009029035982878311 0.008843960969344429
1 0.28442056282706885 0.614270251730214 0.01016154496566109 0.009384238201638927
1 0.6943217360455058 0.7220990968787152 0.009305829587190048 0.009326105532438858
1 0.7378292498381243 0.756155076234237 0.009878241497537365 0.009768403094747791
1 0.49733074333356775 0.9690718028856361 0.009060911510301672 0.008747349614682405
1 0.21514467571092688 0.48584819876629376 0.010319378065026325 0.01027517733366593
1 0.8908630039380945 0.7838790727698286 0.009360769520635191 0.009779722794242527
1 0.2945638946864916 0.8793630599975586 0.008563373399817425 0.008735325025475544
1 0.7557455975076427 0.8113100839697798 0.010326385498046875 0.010424862737241
1 0.17548145418581756 0.44584937717603607 0.00936858550361965 0.010107372118079144
1 0.3173811021058456 0.8320935912754226 0.009755528491476307 0.009213530499002209
1 0.3341884846272676 0.7885598099750021 0.009674450625544008 0.009135992630668308
1 0.5958139378091564 0.8192036670187245 0.009147934291673742 0.009668930717136549
1 0.13224690893422003 0.5470110644464907 0.00898531208867612 0.00926171178403108
1 0.19043450770170792 0.6112014418062958 0.009652199952498726 0.009877225627069887
1 0.7145040553549061 0.8384104811626932 0.01045977551004161 0.0099481085072393
1 0.20136312816454016 0.6346001728721287 0.01081358868142833 0.009943112083103346
1 0.8830991620602815 0.9716084936390752 0.011130913444187329 0.009759073672087296
1 0.20253161762071692 0.6571967498115872 0.00992478495058806 0.010176119597061821
1 0.14285315638003143 0.7126960961715035 0.00941293135933254 0.00984718488610309
1 0.6163138410319453 0.8928036897078805 0.01004096736078677 0.010175539099651833
1 0.17996510215427566 0.46689558029174805 0.009341447249702785 0.008375872736391813
1 0.6157921293507451 0.9103293004243269 0.011113830234693445 0.010879723922066067
1 0.5818934647933297 0.9748011671978495 0.011423857315726902 0.00962004454239555
1 0.2904008264126985 0.9257911806521208 0.009029409159784731 0.009016990661621094
1 0.13765148494554602 0.46869394571884826 0.009339332580566406 0.010339229003242825
1 0.65179501409116 0.7482525784036388 0.009340617967688519 0.009394189585810122
1 0.5779774396315865 0.9379212959952976 0.009170884671418564 0.00853667051895805
1 0.1421387765718543 0.6369396499965502 0.009240077889483908 0.009228872216266134
1 0.8651074948518171 0.7898775598277217 0.010440826416015625 0.009649608446204144
1 0.6800193993941597 0.657171342683875 0.009899263796599014 0.008973764336627462
1 0.11847068952477496 0.5382688563802968 0.008525848388671875 0.008229338604470959
1 0.6405333539713984 0.7397467779076617 0.010048306506613026 0.009205818176269531
1 0.8901351016500721 0.8375762027242908 0.009562285050101902 0.009176005487856657
1 0.5973896980285645 0.7932131601416547 0.009983062744140625 0.009370928225309952
1 0.15273858671602997 0.49410766103993287 0.008356996204542078 0.008211882218070652
1 0.7245852636254352 0.7369174957275391 0.01038422791854195 0.010461392609969429
1 0.5775841837343962 0.9870847204457158 0.01037274236264436 0.008642943009086277
1 0.15448947056480075 0.7469154440838358 0.008791519247967264 0.008388519287109375
1 0.6048306589541228 0.9403667864592178 0.009567965631899626 0.008952845697817595
1 0.10762542745341426 0.521404971247134 0.008428666902625042 0.009802196336829144
1 0.1244727373123169 0.9603026431539784 0.009779961212821629 0.009933637536090353
1 0.604015246681545 0.8988151550292969 0.009887031886888586 0.009551421455715014
1 0.3092932390130084 0.8158537408579951 0.008592792179273523 0.008119251417077106
1 0.8729324755461321 0.840171544448189 0.01022363745647928 0.009531311366869055
1 0.10326925049657404 0.7033498598181683 0.010083810142848804 0.009315988291864809
1 0.794321806534477 0.9167367064434551 0.013083084769870922 0.01268905142079229
1 0.42269534131754993 0.5704712867736816 0.009746022846387781 0.012554210165272589
1 0.35458916944006214 0.6591671031454335 0.010985659516376 0.010512351989746094
1 0.3731777512508889 0.7084168351214863 0.009372731913690981 0.008983736452849014
1 0.6522914430369502 0.7655852566594662 0.008814355601435122 0.008529953334642492
1 0.8626659434774646 0.8669752452684485 0.009119158205778702 0.010920483133067255
1 0.5318267034447711 0.9862098901168161 0.009751154028851053 0.008475552434506624
1 0.6870145590408988 0.7340643509574558 0.009884668433147928 0.00928397800611413
1 0.1256734029106472 0.7426441856052564 0.010090921236121136 0.009490800940472147
1 0.5902968904246455 0.8968153207198434 0.010056454202403193 0.009837316430133322
1 0.29419680263685144 0.8266166604083517 0.008513803067414658 0.009228913680366848
1 0.9154757416766621 0.16292247564896292 0.011572257332179859 0.011452322420866592
1 0.2957436001819113 0.8648717299751614 0.008915880452031675 0.0074531721032184105
1 0.1663345720456994 0.5561248737832775 0.00819223860035772 0.008402285368546196
1 0.6710116344949474 0.6972715543664019 0.010497963946798573 0.011428750079611073
1 0.352814529253089 0.6838063986405082 0.0104058721791143 0.009411480115807575
1 0.7315605205038318 0.6344057062397832 0.009661259858504585 0.010746271713920261
1 0.31249788533086365 0.9138348206229829 0.008983653524647589 0.00826752704122792
1 0.6356958306354025 0.8372236334759258 0.009808457416036854 0.009113560552182405
1 0.7776366731394891 0.8759847723919411 0.01311181939166525 0.013356499049974524
1 0.6530321059019668 0.8171188520348589 0.009524366129999575 0.009461610213569973
1 0.18984073141346805 0.5640018608259119 0.00816996201224949 0.008347656415856403
1 0.34349450598592346 0.7776607223179028 0.008955100308293882 0.010301880214525305
1 0.3123187500497569 0.9387614001398501 0.00897011549576469 0.009234179621157438
1 0.6529883301776388 0.8324660218280294 0.00925582388172979 0.009460656539253567
1 0.1486333764117697 0.6056220013162364 0.00863728315933891 0.008837658426036005
1 0.3454452448565027 0.8369457203408946 0.00932884086733279 0.009822223497473675
1 0.317651541336723 0.9494769884192426 0.010751102281653362 0.008661021356997282
1 0.16334675705951196 0.4664707805799402 0.009454851565153702 0.00872840052065642
1 0.6726988605830979 0.648214236549709 0.009512009827987007 0.009037888568380604
1 0.8901745547419009 0.7068888208140498 0.011485680289890454 0.01066954239555027
1 0.13394217387489651 0.4853981474171514 0.010216889174088188 0.009901502858037535
1 0.19740749442059058 0.4521982047868812 0.00944718070652174 0.009196965590767239
1 0.5917012276856795 0.8459726416546366 0.012037256489629332 0.011444423509680706
1 0.06655360304790994 0.8317156874615215 0.00921042069144871 0.010108408720596977
1 0.3092094607975172 0.8519570101862369 0.00864578329998514 0.00883645596711532
1 0.3147235331328018 0.7995041764300801 0.008783133133597996 0.009163773578146229
1 0.7539748938187307 0.793329321819803 0.01003103670866593 0.010147426439368206
1 0.39942212726758874 0.6061710585718569 0.009062849957010021 0.008355410202689793
1 0.2717469878818678 0.9187702717988386 0.009241394374681555 0.008960931197456692
1 0.3826505386311075 0.654884835948115 0.009992687598518703 0.00873764701511549
1 0.7657251150711722 0.6177647943082063 0.010193990624469261 0.010003400885540505
1 0.12286214724830959 0.941412987916366 0.009442049524058466 0.009308815002441406
1 0.32289252073868463 0.8753517192343007 0.007988846820333729 0.00816581560217816
1 0.42316125268521515 0.5626083664272143 0.008901357650756836 0.008510382279105808
1 0.15315975313601288 0.5542060084964917 0.008725954138714334 0.008312370466149372
1 0.1623666701109513 0.523987801178642 0.00804175501284392 0.008497880852740744
1 0.5704791649528171 0.9259386684583581 0.009104645770529041 0.00863809170930282
1 0.20306576853213104 0.5217651802560558 0.00874353491741678 0.008127399112867273
1 0.12244145766548488 0.8565685230752696 0.009470462799072266 0.00924570664115574
1 0.4272799958353457 0.6611869127854056 0.00906849944073221 0.009816853896431301
1 0.12145736424819281 0.7027886017509128 0.00989091914633046 0.010253325752590015
1 0.3507724404335022 0.9065404974895976 0.009707735932391623 0.00969895072605299
1 0.2134651515794837 0.4431982558706533 0.009304046630859375 0.009745535643204399
1 0.7469608265420665 0.7431425840958306 0.009956567183784817 0.010359473850416101
1 0.8719045597573987 0.7349376471146293 0.012159223141877548 0.012409832166588825
1 0.1766025398088538 0.5030841723732327 0.008827478989310886 0.00855074758115022
1 0.5863858305889628 0.7794775548188584 0.010387793831203296 0.009362303692361584
1 0.13436787543089493 0.7037283026653788 0.00984012562295665 0.009082047835640285
1 0.9242998206097147 0.06682282167932262 0.009869119395380434 0.010979543561520784
1 0.19332787264948303 0.510952389758566 0.008109403693157694 0.008335735486901325
1 0.3385546881219615 0.6890622221905253 0.009634028310361116 0.008409873298976732
1 0.4550142910169519 0.9467069791710894 0.009796349898628567 0.01004517596700917
1 0.19177707381870435 0.5293233083642047 0.00841826977937118 0.008183479309082031
1 0.6355149434960407 0.772181158480437 0.010385140128757641 0.009961294091266134
1 0.6099855692490287 0.7940369896266772 0.010810955711033032 0.010217169056768003
1 0.17981993633767832 0.605818219806837 0.009153241696565048 0.008752677751624065
1 0.19132319740627124 0.6455389002095099 0.009676601575768513 0.010016793790070908
1 0.8544309450232466 0.9233831530031951 0.010510237320609715 0.009728514629861584
1 0.5142629353896432 0.9717574948849885 0.009657714677893597 0.00893190632695737
1 0.7518010346785836 0.623833594114884 0.011127388995626698 0.01485679460608441
1 0.9322473899177882 0.03048026302586431 0.008366170136824898 0.009537976721058722
1 0.3347733406269032 0.653603740360426 0.009454507542693096 0.008971628935440727
1 0.8815573609393575 0.4248292705287104 0.010971525441045347 0.009511647017105766
1 0.20167248145393707 0.4964059746783713 0.010216858076012653 0.009582104890242867
1 0.6878258041713547 0.6838194183681321 0.010528771773628567 0.009564150934634
1 0.2298669607742973 0.4839849368385646 0.009876624397609545 0.009168687074080757
1 0.630366791849551 0.7611856253250784 0.010262758835502293 0.00979626697042714
1 0.8402617495992909 0.9123376970705779 0.01086102361264436 0.011072117349375849
1 0.17404943445454474 0.5436454337576161 0.00865725848985755 0.008628741554591967
1 0.09801627760348114 0.586177286894425 0.00869855673416801 0.009567094885784647
1 0.6525291359942892 0.7128943153049636 0.013979538627292797 0.010962278946586277
1 0.882139081540315 0.7726001946822458 0.011114452196204144 0.010481917339822521
1 0.20166411607161813 0.5756394863128663 0.007692088251528533 0.008261867191480554
1 0.24178831473640777 0.9589153580043628 0.008735760398533033 0.008548446323560633
1 0.3191312188687532 0.6424978090369183 0.010023386582084324 0.010983508566151495
1 0.6388464181319528 0.7279790795367697 0.010104925736137058 0.00911538497261379
1 0.07279472247413966 0.7391615950542948 0.011035121005514393 0.010998228321904722
1 0.5615163264067277 0.9359714673913043 0.009280163308848505 0.00897880222486413
1 0.40818148073942767 0.5968195562777313 0.009187698364257812 0.0091009347335152
1 0.583689140236896 0.9060168473616892 0.009521007537841797 0.009291524472443954
1 0.2581882787787396 0.8976454112840735 0.009366180585778278 0.008637386819590693
1 0.13765479689059051 0.6024250673211139 0.008125046025151792 0.0082629452580991
1 0.9063153059586234 0.7989079848579739 0.00956162162449049 0.009174844493036684
1 0.553446863008582 0.9466700346573539 0.011010439499564793 0.008090972900390625
1 0.1912714605746062 0.5443275596784509 0.00933495811794115 0.008150079975957457
1 0.10337678245876146 0.8957033364669138 0.009908551755158798 0.010096632915994396
1 0.8634577212126358 0.8584487127221148 0.009521650231402853 0.00906210360319718
1 0.8427505907805068 0.9717391055563221 0.01241028827169667 0.013029098510742188
1 0.16753584405650263 0.5126649504122527 0.009436524432638416 0.007827240487803583
1 0.9001059117524521 0.6942919233570928 0.011045912037725035 0.010768102562945824
1 0.12918319909468942 0.5343152129131815 0.008889530016028362 0.00896690202795941
1 0.25120800474415655 0.5909499707429304 0.00790324418441109 0.007747318433678668
1 0.8592805240465247 0.886765542237655 0.008711234382961107 0.00996510878853176
1 0.3709522485733032 0.7483781731646992 0.014445066452026367 0.012140191119650135
1 0.3627010311769402 0.747307943261188 0.009590255177539328 0.009701355643894361
1 0.23695204568945843 0.9717343164526898 0.00899926475856615 0.008860505145529041
1 0.20855521119159198 0.509618800619374 0.008421711299730383 0.008582488350246264
1 0.15333346982700402 0.6322012907304901 0.009614452570904784 0.011456462141003433
1 0.6582293199456256 0.8460268974304199 0.009815568509309189 0.008771025616189709
1 0.17968001572982129 0.6399497882179592 0.008502213851265285 0.00981959052707838
1 0.5903547328451405 0.7275782460751741 0.011265671771505604 0.011459931083347485
1 0.09370614653048306 0.7778898114743439 0.010775389878646187 0.010181717250658117
1 0.1332170341325843 0.7222813316013503 0.0099725515946098 0.010053883428158968
1 0.6777712780496349 0.6381282184434973 0.01226043701171875 0.009962786798891813
1 0.4420882515285326 0.06181873445925505 0.010295867919921875 0.010156496711399243
1 0.09107980261678282 0.7545518875122069 0.011328868244005285 0.010997108791185461
1 0.7101543053336766 0.7043396908303966 0.010350890781568445 0.01005479563837466
1 0.0900226883266283 0.6638053396473761 0.009218236674433168 0.010420426078464672
1 0.6930016642031461 0.6606119922969653 0.010963357013204823 0.011258270429528278
1 0.3462642483089281 0.9175534248352051 0.010538951210353687 0.01086189435875934
1 0.09433140443718953 0.5589007709337317 0.008360893830009129 0.007926236028256624
1 0.1313182841176572 0.5594541922859524 0.008835450462673021 0.008383502130923063
1 0.9326650163401728 0.04981706194255663 0.00853716808816661 0.009688620981962784
1 0.6021525445191757 0.9291879612466564 0.009846044623333475 0.00945294421652089
1 0.2700339296589727 0.8504656294117803 0.011108004528543224 0.010246484175972317
1 0.7196714774422023 0.7115175205728282 0.010959749636442764 0.009293390356976053
1 0.6209768627000891 0.8384872726772143 0.010972727899966032 0.010145809339440388
1 0.3182858487834101 0.9250722138778023 0.00943762323130732 0.008765510890794836
1 0.6271084495212721 0.8439163332400115 0.009805679321289062 0.009673284447711447
1 0.9278030810148821 0.13796252789704697 0.011120091313901155 0.020809111387833305
1 0.9333181588546089 0.15468268290809964 0.00874166903288468 0.00976240116616954
1 0.11191109989000403 0.8831754767376444 0.00957178032916525 0.009173185929008152
1 0.10431774802829909 0.909459176270858 0.009060071862262228 0.009812106256899626
1 0.87009801035342 0.9391448394111965 0.010494688282842222 0.009821684464164402
1 0.8916075955266538 0.6695156304732615 0.009828940681789232 0.011903057927670687
1 0.8245854377746582 0.977746465931768 0.013820192088251528 0.014271280039911684
1 0.2704155341438625 0.8794274537459664 0.009030715278957201 0.009932310684867527
1 0.5674536642820939 0.9744734349458113 0.009772901949675186 0.008591568988302479
1 0.8598359771396804 0.9514001348744268 0.010459195012631624 0.009779971578846807
1 0.06676650824754135 0.615587566209876 0.0074535919272381325 0.009300812431003736
1 0.7042296865712042 0.8290546044059421 0.010328707487686821 0.009843370188837465
1 0.2346937238402145 0.5947523220725666 0.01235333800125386 0.00796224759972612
1 0.6615637903628142 0.6794070990189262 0.010144565416418987 0.010014865709387737
1 0.932619447293489 0.37146219999893854 0.008940365003502888 0.010270823603091032
1 0.17130403933317764 0.5677035269529924 0.009618427442467731 0.00829396040543266
1 0.14656689892644467 0.7783930198006008 0.01092751129813816 0.012031099070673403
1 0.7361980728481128 0.8659990352133046 0.013442122417947521 0.013509128404700237
1 0.1940391167350437 0.4635967482691226 0.008215282274329144 0.008688740108324133
1 0.6244571727255116 0.8636484560759172 0.009875712187393852 0.009534338246221128
1 0.09121800279558138 0.9353209785793122 0.010866171006387775 0.019566794102148122
1 0.278138139973516 0.8659305572509766 0.009018649225649626 0.00817945729131284
1 0.6084469919619352 0.9177759211996327 0.010139133619225544 0.009337591088336447
1 0.3980781721032184 0.5556942483653193 0.011321855627972145 0.009487981381623642
1 0.30531028042668884 0.9272136066270911 0.008872591930886974 0.009070147638735563
1 0.613091634667438 0.7397443937218706 0.00957625845204229 0.009134209674337635
1 0.8213311278301737 0.8978377217831819 0.01298386117686396 0.013134914895762568
1 0.1604527235031128 0.5726691847262175 0.009197908899058466 0.009384632110595703
1 0.1699646348538606 0.6613404336182969 0.009379656418510105 0.009328779966934868
1 0.4230391875557277 0.6047051160231881 0.009336554485818615 0.00923162957896357
1 0.6277923797975522 0.8861565797225261 0.008933897937921096 0.009392613949983006
1 0.48003952917845355 0.9529285638228706 0.00977685140526813 0.00939779696257218
1 0.11247835470282515 0.9358884769937268 0.009271963782932447 0.010839089103367016
1 0.356130935575651 0.7121257781982422 0.009606141111125116 0.009201464445694633
1 0.1336108290630838 0.5911761574123217 0.008242772973102072 0.008592025093410326
1 0.903540507606838 0.6562709912009861 0.01042925793191661 0.009961812392525051
1 0.6547326419664465 0.7351541519165039 0.009653962176779041 0.00950423530910326
1 0.37485424591147376 0.7301200991091521 0.009866895882979683 0.009291731792947521
1 0.6603417292885158 0.7919769079788871 0.01183325311411982 0.013265236564304516
1 0.7350719286047895 0.7448569173398225 0.009783371635105299 0.010088879129161005
1 0.17846246387647544 0.5951590123383895 0.009223398954971977 0.010006738745647926
1 0.6331867653390636 0.6637803160625956 0.01090408408123514 0.010971276656441067
1 0.11136464450670325 0.7143469686093538 0.010228986325471298 0.01011682593304178
1 0.9064836087434189 0.7339345683222231 0.010387669438901155 0.009941018146017323
1 0.22783049293186353 0.5126004633696183 0.011948875758958899 0.009100167647652004
1 0.6546053057131559 0.8574391033338464 0.00972586092741593 0.009279043778129246
1 0.5715188565461531 0.9603594282399053 0.009414092354152514 0.008773015893023947
1 0.3255140551406404 0.9062389705492102 0.0092663304961246 0.009127658346424932
1 0.5696718485459037 0.8995192983876105 0.010143508081850798 0.009821186894955843
1 0.8716575788414996 0.9294549278590991 0.009760649307914402 0.010572599328082542
1 0.9002906757852306 0.8805315183556597 0.011844676473866339 0.010442070339037024
1 0.11868447324504024 0.8204976994058361 0.00951745199120563 0.009518208711043648
1 0.08865073452825131 0.7210374915081522 0.009918440943178923 0.009768942128057066
1 0.20379677026168164 0.61930919730145 0.008419679558795431 0.00847488900889521
1 0.6460375889487888 0.6509772072667661 0.010950523874034052 0.00990152359008789
1 0.5545492379561715 0.964778589165729 0.009691031082816746 0.009413885033648947
1 0.8594650807587998 0.8321378334708837 0.009853155716605808 0.009694928708283798
1 0.5348583304363749 0.9728718011275582 0.008300615393597147 0.00830190078071926
1 0.41448240176491113 0.6422799151876698 0.009081954541413681 0.008672382520592731
1 0.42872418009716534 0.5885811474012292 0.009507023769876232 0.008995346401048742
1 0.5882368606069813 0.742999968321427 0.010228550952413807 0.009668474612028702
1 0.38925698010817816 0.9039377958878226 0.009235952211462933 0.009636505790378736
1 0.5640007516612178 0.9876194000244141 0.009550923886506454 0.008127461309018343
1 0.367297254178835 0.7203113099803096 0.00925578500913537 0.012963626695715862
1 0.884368150130562 0.9247341570646868 0.010774031929347828 0.009748458862304688
1 0.33259540958249056 0.9366695155268129 0.009559327493543211 0.009051447329313858
1 0.6313532331715459 0.6982794637265413 0.00959914663563604 0.009789674178413723
1 0.11247466958087424 0.8666707951089611 0.009934611942457117 0.010232966879139776
1 0.285792993462604 0.5550403594970702 0.010038624639096468 0.009799376777980639
1 0.7862784136896548 0.6952461159747579 0.010028051293414574 0.009298822154169497
1 0.17994197555210278 0.48528538579526154 0.007823467254638672 0.008394158404806385
1 0.3457667827606201 0.7376803107883618 0.01070236641427745 0.009217967157778532
1 0.29626074044600775 0.8530208753502887 0.008686915687892748 0.009157180786132812
1 0.6166715414627738 0.7580402830372686 0.010919446530549423 0.009759695633597996
1 0.5943377536276112 0.9421965972236965 0.009655247563901155 0.00920179615850034
1 0.8994103929270869 0.39166982536730566 0.009500130363132643 0.009137801502061926
1 0.31587135273477307 0.8883009164229685 0.010403114816416864 0.008680219235627548
1 0.20563337077265204 0.5467229822407598 0.008170044940450916 0.007593134175176206
1 0.6936138816501785 0.7015313065570333 0.008932362432065218 0.008809172588845959
1 0.40374420000159217 0.6176644822825557 0.009025242017663044 0.008710239244543987
1 0.8693631420964779 0.8296618254288382 0.0100982085518215 0.012399010036302649
1 0.23276258551556128 0.4725996722345767 0.008710197780443274 0.008787279543669327
1 0.5822975635528563 0.7907759003017258 0.010024920753810718 0.00940915812616763
1 0.13063486762668775 0.8257285615672236 0.008966839831808338 0.008701200070588486
1 0.6358070684515912 0.8546445888021718 0.009806322014850119 0.009743524634319803
1 0.8997125210969343 0.9447056106899097 0.011525693147078804 0.01133964372717816
1 0.44344846062038257 0.024345427751541138 0.009410650833793308 0.010098294071529224
1 0.6618086877076523 0.6486678330794625 0.009764857914136804 0.009180815323539402
1 0.11443692186604375 0.6474839708079462 0.010171444519706394 0.009138812189516813
1 0.13157837287239407 0.5809312592382017 0.008542288904604704 0.008459982664688774
1 0.12440768013829771 0.8999961148137631 0.008346878963968029 0.009424914484438688
1 0.1293768934581591 0.8476895664049231 0.008968964866969896 0.009666401406993036
1 0.2096196361210035 0.6024724504222041 0.01025521236917247 0.01041424792745839
1 0.9107825237771741 0.7435661606166672 0.010286579961362093 0.00990921518077021
1 0.11485102383986763 0.5289085325987443 0.00803933972897737 0.007902663687001104
1 0.08302414417266846 0.728651585786239 0.009843090306157652 0.010690357374108356
1 0.2989276595737623 0.8354657007300336 0.008993895157523777 0.008006261742633322
1 0.41117355616196344 0.6096409196438997 0.009471053662507431 0.011679255444070568
1 0.4121067057485166 0.5847170352935791 0.00977579407069994 0.009694617727528448
1 0.29653528462285583 0.5713080323260763 0.009370803833007812 0.009193627730659817
1 0.1717069563658341 0.7204979398976201 0.008835191312043564 0.00874191781748896
1 0.20551285536392874 0.45999964942102844 0.008623786594556726 0.00873311706211256
1 0.16326534748077393 0.6371912748917289 0.008777981219084366 0.008771730505901834
1 0.35829662240069843 0.7970774692037831 0.009491008260975714 0.011316714079483696
1 0.16323604791060742 0.6903543886931045 0.009088246718696926 0.009069193964419157
1 0.333660935578139 0.8173322470291801 0.009519372297369915 0.009247282276982847
1 0.30077698956365173 0.894622160040814 0.00965788053429645 0.008613793746284817
1 0.14536567356275476 0.727928410405698 0.009536971216616423 0.008968021558678669
1 0.8279902002085809 0.9249922918236773 0.012826670771059782 0.01293393839960513
1 0.1433343680008598 0.698050996531611 0.010174315908680792 0.009424541307532269
1 0.9304641018743101 0.14324146250019903 0.009195700935695482 0.009095990139505138
1 0.46179634591807484 0.9290610189023226 0.00870476598324983 0.011240668918775476
1 0.5014075507288394 0.9337180801059888 0.009471457937489386 0.010077476501464844
1 0.6284778947415559 0.7311715043109396 0.009352290112039318 0.009352684020996094
1 0.18580063529636548 0.695334061332371 0.010562357695206352 0.00990096382472826
1 0.360211610376549 0.8096082354321339 0.00800790040964772 0.009601227864738758
1 0.09614933055380118 0.6767253046450408 0.009957603786302649 0.010208212811013927
1 0.39994301744129346 0.9083977782207985 0.009759742280711298 0.00836782870085343
1 0.5702906069548233 0.946309234784997 0.009519079457158628 0.009453524713930876
1 0.24646715495897376 0.5137559227321459 0.010336544202721638 0.009217718373174253
1 0.781379465631601 0.895368205545976 0.008849554601262374 0.016585402202690287
1 0.7430888880854067 0.8213247216266134 0.011104169099227242 0.011578518411387568
1 0.3601015339726987 0.9296371833137843 0.009091335794200068 0.009488022845724354
1 0.6753430988477624 0.962687637494958 0.008009454478388247 0.009334356888480808
1 0.2702860106592593 0.9628736869148586 0.009502265764319378 0.0090478399525518
1 0.34238767623901367 0.8813347401826277 0.009351066921068274 0.00901831751284392
1 0.9123226041379182 0.7903811827949856 0.008295017740000849 0.008546497510827106
1 0.3069503721983537 0.8659547930178435 0.008766029192053753 0.008879661560058594
1 0.8481140551359758 0.8930525365083115 0.0093841552734375 0.009761685910432236
1 0.5815008412236753 0.7541210755057957 0.008997709854789402 0.011256259420643682
1 0.8831011523371157 0.8287538652834684 0.010322612264881964 0.009737139162809952
1 0.2812150818762149 0.8787113219115608 0.010771720641676282 0.010190891518881173
1 0.3396583316118821 0.7910459559896716 0.011619798515153967 0.009563570437224014
1 0.14510739367941153 0.7535794092261273 0.00953811147938604 0.010000933771548063
1 0.9265009216640305 0.2902456988459048 0.012179706407629925 0.011871628139329992
1 0.40103813876276434 0.9223224805748981 0.011288580687149712 0.009913071342136549
1 0.3252428838092347 0.6321978672691013 0.010026043523912844 0.009669200233791185
1 0.7897484820822009 0.8802205790644106 0.012069619220236073 0.011044460794200068
1 0.6934747903243357 0.8436731255572775 0.010974344999893852 0.010334927102793818
1 0.6268764578777811 0.7417423206826915 0.010241301163383152 0.00966333306354025
1 0.9309488794077998 0.397893822711447 0.010112016097359035 0.009290197621221128
1 0.5946637962175452 0.9871334407640541 0.010160383970841118 0.00897490459939708
1 0.08387871151385098 0.6858445250469706 0.010813987773397694 0.010224093561587126
1 0.6693172401324133 0.6570431186285072 0.008982855004766444 0.00776712489394948
1 0.2089824158212413 0.5691073977428934 0.008585453033447266 0.008622978044592815
1 0.2157728672027588 0.5565864936165188 0.009655102439548658 0.009814759959345278
1 0.8498042562733525 0.9037785322769828 0.010420840719471807 0.010132250578507133
1 0.10943660010462222 0.6778085750082264 0.009463527928227964 0.008764142575471298
1 0.33964246900185296 0.6417544717374055 0.008801473223644754 0.008853352588155994
1 0.8946170599564262 0.3571991505830185 0.011434762374214504 0.00874465444813604
1 0.6711684724558955 0.7172626619753631 0.009944459666376528 0.00915514904519786
1 0.6114169825678286 0.9844160287276559 0.009607356527577276 0.008719112562096638
1 0.4944697359333868 0.9485781918401304 0.009697686070981234 0.010135194529657778
1 0.2538841496343198 0.5369086161903713 0.0098235503486965 0.010214121445365574
1 0.6371357651628419 0.8866808932760355 0.008685049131472236 0.009374784386676261
1 0.6460798305013905 0.7047407730765962 0.01039874035379161 0.008860878322435461
1 0.15216145826422653 0.7376773668372114 0.008663042731907057 0.008760701055112093
1 0.14952155299808667 0.7910147957179858 0.009398159773453423 0.008976646091627039
1 0.5719880850418754 0.7489213321519934 0.008865397909413214 0.010099452474842901
1 0.6186175139054008 0.7094159126281738 0.009868124256963316 0.010190341783606487
1 0.9045105809750764 0.9036960601806642 0.009904115096382473 0.011433476987092392
1 0.6233389481254246 0.77341133615245 0.009460283362347147 0.00853828761888587
1 0.42713944808296533 0.6293405035267705 0.008695436560589334 0.010308721791143003
1 0.20409977954366934 0.4727821142777153 0.008517597032629925 0.008476298788319464
1 0.7076013606527576 0.854737323263417 0.011791353640349014 0.012695644212805706
1 0.07051001424374788 0.712388619132664 0.009074553199436354 0.01423844047214674
1 0.1359094018521516 0.9507942407027535 0.00938595896181853 0.010113881981891136
1 0.20725120668825897 0.5317397635916005 0.008390779080598251 0.00817176570063052
1 0.6500142279358384 0.6695790260742263 0.010330477064146354 0.008993693855066758
1 0.41579885068147077 0.5538726682248324 0.009534918743631115 0.010017187699027683
1 0.879908437314241 0.4091241515201071 0.009311924809994905 0.010496336480845575
1 0.11552102151124374 0.687896085822064 0.009566317433896273 0.009703719097635021
1 0.8603357646776283 0.9390455743540891 0.010784397954526155 0.010050483371900476
1 0.5731685161590575 0.7660545680833899 0.009088495503301207 0.010685879251231318
1 0.13472737436709198 0.8365406575410264 0.009086463762366253 0.008099804753842562
1 0.2805507597715959 0.5991026836892833 0.010630421016527258 0.009870529174804688
1 0.11525289908699365 0.8927442923836086 0.009315200473951258 0.010286953138268513
1 0.1278291422387828 0.5697314324586288 0.008781028830486795 0.00872833832450535
1 0.5970584516939909 0.7578782205996306 0.011516301528267239 0.009504401165506115
1 0.12060554649518884 0.8456670926964801 0.009302502093107803 0.008463818094004755
1 0.21821289477141007 0.5181470124617867 0.008253719495690388 0.013691819232443104
1 0.5982823890188466 0.9767132427381433 0.009609367536461872 0.009116919144340183
1 0.8050327301025391 0.9045599647190261 0.010370835014011547 0.01045500713845958
1 0.34765934555426886 0.9337079006692638 0.009103642857593039 0.009429434071416441
1 0.47196441111357323 0.9314535597096318 0.009239715078602667 0.009548145791758661
1 0.5636740145475969 0.9212863756262738 0.009432419486667799 0.010799076246178669
1 0.6667799016703729 0.7018739866173785 0.01164226946623429 0.014530513597571331
1 0.27817277286363684 0.5772301217784053 0.010298210641612177 0.009513937908670177
1 0.8757508733998174 0.9077323830646017 0.011375261389690895 0.01005064922830333
1 0.6633186962293541 0.8268144027046536 0.010051934615425442 0.010021956070609715
1 0.9187487311985183 0.40088939666748047 0.009835201760996943 0.008950606636379076
1 0.6346367328399243 0.7527134314827256 0.016175613167228618 0.009306161299995707
1 0.11136167464048967 0.6581533991772196 0.00959399472112241 0.009541739588198454
1 0.27428035114122473 0.39567004079404083 0.009189750837243122 0.00813330774721892
1 0.8837062379588252 0.43597377383190655 0.010543864706288214 0.007941712503847868
1 0.42970885401186737 0.539479867271755 0.011817517487899117 0.010524811952010445
1 0.9326418793719746 0.07122031761252362 0.008173362068507982 0.009389094684434973
1 0.3556774334679056 0.8167434073108842 0.008834081811406292 0.009119008397505434
1 0.6636710374251656 0.6408917385598888 0.009733034216839334 0.009596285612686821
1 0.9014036759086277 0.720645925273066 0.011211892832880434 0.012267859085746433
1 0.39021553163943085 0.6064968731092371 0.008113633031430452 0.007447532985521399
1 0.7104004362355107 0.6706713386203931 0.011094590891962465 0.010957717895507812
1 0.6055908203124999 0.7674177833225417 0.008235350899074389 0.008581824924634851
1 0.23799136410588806 0.5453410252280857 0.007914563883905825 0.007647825324017069
1 0.33152539833732275 0.9669646802155867 0.010566939478335173 0.008628264717433764
1 0.16459158192510187 0.7075586526290231 0.00845268498296323 0.009541179822838825
1 0.6182602592136548 0.9502822005230448 0.010253408680791441 0.010500078615934952
1 0.10319293063619861 0.6680829317673392 0.008767148722773012 0.009509563446044922
1 0.3734040985936704 0.9295681041219959 0.011212286741837212 0.010633593020231827
1 0.1251024577928626 0.9289704405743144 0.008068292037300442 0.008876676144807236
1 0.48180581694063934 0.9398351959560229 0.008903990621152132 0.008733376212742018
1 0.6040066221485967 0.746411074762759 0.009208720663319464 0.00917152736497962
1 0.5984582258979302 0.7781615959465347 0.009173434713612432 0.008967855702275816
1 0.11151627872301184 0.5471356433370839 0.008628389109735903 0.00905045219089674
1 0.11328873427017877 0.5791909280030623 0.008642466171928074 0.008663322614586872
1 0.4788405636082525 0.9671654079271399 0.009825965632563051 0.009446683137313179
1 0.5787436754807181 0.9174075333968453 0.009247178616731064 0.009332159291143003
1 0.07169062935787698 0.7200895392376444 0.011067996854367464 0.010523339976435122
1 0.2846472677977189 0.8572390390479047 0.007873058319091797 0.008002032404360563
1 0.6549573773923127 0.7109442171843154 0.011441064917522926 0.00903295434039572
1 0.6749792513640032 0.8153834550277048 0.010759021924889606 0.008797355320142664
1 0.9231125375498896 0.6536791739256484 0.01278321639351223 0.012912439263385277
1 0.33948598737302027 0.6786241946013076 0.011802694071894106 0.013185252314028532
1 0.6130679586659307 0.7724105378855829 0.008567644202190897 0.008981829104216202
1 0.673123660294906 0.8250914449277132 0.009597260019053583 0.009895407635232677
1 0.5892052961432416 0.9183086105014966 0.009717381518820057 0.00860458871592646
1 0.5453959651615309 0.9348472926927649 0.010139237279477327 0.010325556216032608
1 0.2534421215886655 0.5493704339732295 0.00791856516962466 0.0077420939569887905
1 0.6090411725251572 0.9727069191310718 0.009500918181046196 0.009189605712890625
1 0.6621453969374947 0.7994304947231126 0.009669697802999744 0.010365817857825237
1 0.2591788043146548 0.8848201917565386 0.009013549141261889 0.00864136737325917
1 0.36609743600306305 0.6084816144860309 0.010913670063018799 0.00950485727061396
1 0.49162231320920197 0.9591663816700811 0.00924062728881836 0.009783413099206013
1 0.22122476411902386 0.525462357894234 0.007301869599715523 0.006885445636251698
1 0.1850399452707042 0.49887151303498634 0.00824154978213103 0.007864744766898777
1 0.24265160767928415 0.5849773572838824 0.007962600044582201 0.008668070254118546
1 0.11616341964058254 0.6305226035740064 0.009898185729980469 0.009168044380519701
1 0.08793959151143614 0.5671027846958326 0.009378583534904148 0.01023089367410411
1 0.12636892691902493 0.8805927193683128 0.00883651816326639 0.008276649143384851
1 0.8947730271712594 0.38479701332424 0.01056306258491848 0.009904280952785326
1 0.30752866164497705 0.6276048991991126 0.009961418483568274 0.009196903394616169
1 0.31613538576209027 0.583319664001465 0.009131846220596977 0.009048959483271059
1 0.08576222347176594 0.7125511169433595 0.010008537251016369 0.009678716244904892
1 0.4116473768068397 0.7111735758574111 0.010396553122478981 0.009454105211340862
1 0.22722917017729383 0.5356945680535358 0.007663996323295261 0.008072127466616423
1 0.7515032187752102 0.784621404564899 0.010967213174571161 0.011639470639436142
1 0.6374065150385316 0.8692126849231195 0.00973577084748677 0.006406194192368737
1 0.2831492734991986 0.951581789099652 0.007838601651399033 0.008108802463697351
1 0.4704923059629357 0.9423082807789679 0.008780862974083942 0.008395858432935633
1 0.1260509387306545 0.5991225138954495 0.007979061292565388 0.007641108139701511
1 0.5101432592972465 0.9599213807479196 0.010036675826362942 0.00927535347316576
1 0.09601242127625839 0.5483180958291759 0.008899491766224737 0.008715380793032438
1 0.07176205645436826 0.6241117353024689 0.009621272916379183 0.0097815057505732
1 0.6473697164784308 0.758805046910825 0.010229525358780571 0.00966333306354025
1 0.11088099686995795 0.6959240332893704 0.011855664460555367 0.00934563512387483
1 0.5135149437448253 0.9370131077973738 0.009115861809771994 0.010424613952636719
1 0.6169781892195992 0.6996308409649394 0.009541096894637398 0.010099037833835766
1 0.10303694268931514 0.6492929873259172 0.008922100067138672 0.010999347852623981
1 0.6747678466465161 0.9766948534094769 0.008048057556152344 0.009336803270422894
1 0.7660345616547957 0.8001878365226415 0.01038198885710343 0.010888182598611584
1 0.8915135342141857 0.6817777053169582 0.011719828066618546 0.01176378001337466
1 0.2737167710843293 0.9087655647941257 0.008807493292767069 0.00872665902842646
1 0.508660254271134 0.9467024388520615 0.008821031321649965 0.008268066074537195
1 0.9224839832471765 0.45854085424672 0.008293566496475883 0.009034986081330673
1 0.10352642121522322 0.9282745693040931 0.008791083874909775 0.010325224503226902
1 0.5439118509707243 0.9682061775870945 0.008230665455693785 0.008830568064814028
1 0.16243932089750643 0.7159993116838267 0.00850646324970151 0.008435815112023438
1 0.34843122440835717 0.9135294789853303 0.010167059691055962 0.010834154875382133
1 0.34934976049091504 0.6477434220521345 0.009028325910153597 0.008157419121783712
1 0.6700428672458814 0.8462735880976139 0.009357203607973845 0.008886586064877718
1 0.8642816543579102 0.7059815862904424 0.011918606965438179 0.012018203735351562
1 0.6423522700434146 0.8595600542814836 0.011740104011867359 0.010186983191448708
1 0.5171392896901006 0.9850164911021356 0.011029077612835426 0.009071267169454823
1 0.865736899168595 0.9005039878513501 0.011425308559251867 0.009394853011421535
1 0.9029994218245797 0.6711574741031812 0.009932144828464674 0.01110298737235691
1 0.7240105089933977 0.6960100091021993 0.009230323459791101 0.018945528113323708
1 0.2278733979100766 0.570876235547273 0.009464574896770975 0.008317138837731403
1 0.27260978325553564 0.9357879680135975 0.008714323458464249 0.009253501892089844
1 0.7313448242519214 0.845698128575864 0.014098416204037874 0.013180898583453636
1 0.9258001161658246 0.44212911439978564 0.009874012159264606 0.009474671405294666
1 0.3904803628506868 0.9342234031013823 0.010257098985754925 0.009824462558912195
1 0.6177612594936205 0.9293838791225268 0.009377728337826937 0.011439489281695824
1 0.2841725660407025 0.938249919725501 0.009112378825312075 0.008592273878014606
1 0.8884632691093113 0.39534707691358484 0.01329604439113451 0.00963430819304093
1 0.3523825562518576 0.8666871526966924 0.008958759515181831 0.008698007334833559
1 0.7238929168037747 0.7060822611269744 0.01153489817743716 0.012548446655273438
1 0.262521101080853 0.615393472754437 0.009630120318868885 0.009769605553668478
1 0.3704037199849668 0.9149918556213379 0.011570526205975075 0.010578528694484546
1 0.4035091477891673 0.542143614395805 0.009996813276539679 0.009508796360181726
1 0.6436815676481829 0.9879930330359419 0.008964953215225883 0.008466969365658968
1 0.11297285556793213 0.9488164030987284 0.009423432142838188 0.010664691095766813
1 0.21622750033502997 0.6123178108878757 0.008646985758905825 0.007812209751295008
1 0.0983541944752569 0.5694516327070154 0.009465943212094515 0.008851362311321756
1 0.21836180272309677 0.4568526433861774 0.008777887924857761 0.010956100795579992
1 0.26656515701957373 0.5153961596281633 0.009512569593346638 0.009094652922257133
1 0.8864087021869161 0.847612837086553 0.01028993855351987 0.013087562892747961
1 0.37308668053668476 0.5911182320636251 0.00885183914847996 0.008106729258661684
1 0.20483299960260803 0.5865402636320696 0.007853777512260105 0.0077956655751103944
1 0.7573750952015752 0.8333566085152004 0.011561601058296535 0.010566545569378395
1 0.28487550694009534 0.8202290327652639 0.01038880970167077 0.00900243676227072
1 0.7583269658296004 0.827159840127696 0.010085603465204653 0.01292145770529042
1 0.3886194306871165 0.9192855876425038 0.011342572129291038 0.009524428326150646
1 0.2893147883207901 0.9641652521879778 0.00876505478568699 0.007139081540315047
1 0.39801812171936035 0.8991215332694675 0.009459930917491083 0.009279251098632812
1 0.24941750194715318 0.9214692978515368 0.008948885876199452 0.010987786058464228
1 0.3540824392567511 0.73712042103643 0.009867792544157608 0.008133100426715353
1 0.8830197375753651 0.7419121576392134 0.010198095570439878 0.011059843975564709
1 0.26271879154702893 0.40384730048801587 0.00873986534450365 0.00799324201500934
1 0.6708205471868101 0.8579618412515393 0.00996925519860309 0.008065970047660496
1 0.26486446546471637 0.5786838116853135 0.008093336354131285 0.009031793345575747
1 0.25263629788937775 0.941073293271272 0.00959771612416143 0.00894264552904212
1 0.2871040157649828 0.8952117173568063 0.009176399396813435 0.007495797198751698
1 0.44974450443101965 0.9253187594206436 0.008615099865457287 0.010086391283118206
1 0.8689233116481614 0.7233283623405125 0.011499156122622282 0.012260395547618036
1 0.24483226693194843 0.4655773536018703 0.008520458055579144 0.008144585982612942
1 0.25556086457293964 0.5615293875984524 0.00862177558567213 0.008141476175059443
1 0.40616335298704065 0.5620165182196576 0.0077609134757000466 0.008344090503195057
1 0.1699356877285501 0.680025701937468 0.009064954260121222 0.008906281512716541
1 0.2719698366911515 0.8980996505073879 0.008955665256666101 0.008174398671025816
1 0.1568349392517753 0.4447706471318784 0.010088516318279762 0.009519577026367188
1 0.24122447552888293 0.5639261784760848 0.009976096775220789 0.014853477478027344
1 0.3195469172104546 0.620927385661913 0.007929615352464758 0.008207963860553244
1 0.7754864070726478 0.9207548473192297 0.013647494108780571 0.01428620711616848
1 0.19870216950126315 0.4843200807986052 0.008407178132430367 0.008341706317404041
1 0.876159502112347 0.897458553314209 0.009797966998556385 0.011006521142047386
1 0.23017367072727368 0.5026087553604789 0.008302978847337805 0.009117458177649456
1 0.6707286212755286 0.94772077643353 0.010319626849630604 0.010433528734290081
1 0.30955341587895935 0.7910488999408223 0.008455317953358526 0.00839245837667714
1 0.8737208324929944 0.3808085607445758 0.016279966934867527 0.008359204167905062
1 0.8640465529068656 0.6671352904775868 0.011006977247155231 0.011936913365903109
1 0.4415489227875419 0.9356800576914912 0.009463901105134384 0.010068395863408628
1 0.6516897160073986 0.945820020592731 0.009774539781653362 0.00957563649053159
1 0.9301672603773035 0.6375346080116604 0.011390727499256964 0.01128555380779764
1 0.9184212684631348 0.7023133816926375 0.010609129200810972 0.010437177575152855
1 0.5048961328423541 0.9882262064063031 0.007821394049603006 0.005563943282417629
1 0.232241734214451 0.5566078683604365 0.006874167400857677 0.0071737040644106655
1 0.2522753839907439 0.6121977515842604 0.008052494214928669 0.007418591043223505
1 0.49738378110139264 0.9859853412794031 0.009092082148012907 0.008610518082328465
1 0.18788751311924146 0.4869683307150136 0.008924007415771484 0.007342794667119565
1 0.15643098043358844 0.5809369294539742 0.00852035439532736 0.008015259452488111
1 0.9098762014637822 0.45245560355808423 0.010384766951851223 0.008060206537661345
1 0.2524731262870457 0.5752790699834409 0.008400502412215523 0.0076498777970023775
1 0.9179672987564749 0.8750014927076256 0.00963567650836447 0.008714261262313179
1 0.24327191062595532 0.9414480872776196 0.009011185687521229 0.00959504168966542
1 0.4536892227504564 0.6534949800242549 0.007892235465671705 0.008824763090714165
1 0.2614531309708305 0.4350100807521654 0.009494159532629925 0.008936425913935122
1 0.24237965500873065 0.6065306974493939 0.008487058722454569 0.007299941519032354
1 0.24163396462150238 0.9052164243615191 0.008686915687892748 0.008729354194972826
1 0.6564757098322329 0.978654674861742 0.010031700134277344 0.00997174304464589
1 0.12960641798765762 0.6933073168215544 0.011326841686082922 0.008993356124214504
1 0.3720990056576936 0.965845190960428 0.00942056075386379 0.007608164911684783
1 0.3917324063186842 0.18055003821941 0.00792105301566746 0.008211633433466372
1 0.37779110560666973 0.19927121346125806 0.00792105301566746 0.008211633433466372
1 0.3893424690537674 0.2100259311533835 0.00792105301566746 0.008211633433466372
1 0.39969886386840675 0.19847456770628571 0.00792105301566746 0.008211633433466372
1 0.45382274032210496 0.03999165854208627 0.010084618692812712 0.008733803811280624
1 0.3574121931324835 0.45295216726220167 0.00912687052851138 0.008526574010434359
1 0.28509313127268915 0.45596049661221705 0.010561051576033882 0.010357763456261677
1 0.257142271262223 0.3899059997760015 0.008739865344503788 0.010383179279926063
1 0.38214844773833406 0.3704359400963299 0.007303766246380194 0.012575356856636823
1 0.11983882428755484 0.5187450150840972 0.009559900864310886 0.008494086887525476
1 0.12661031320481897 0.5239232124914168 0.009559900864310886 0.008494086887525476
1 0.1254153445723606 0.5095835889019162 0.009559900864310886 0.008494086887525476
1 0.228735015242608 0.5857674453569495 0.010425712751305622 0.009886679442032524
1 0.30003481031262497 0.584572476724491 0.010425712751305622 0.009886679442032524
1 0.30600965347491693 0.6024970062113666 0.010425712751305622 0.009886679442032524
1 0.29684822729273597 0.6056835892312555 0.010425712751305622 0.009886679442032524
1 0.31078952800475057 0.6168366298008672 0.010425712751305622 0.009886679442032524
1 0.1295203104207034 0.6096680107419656 0.009420591851939325 0.009599851525348166
1 0.12274882150343917 0.6056847819671043 0.009420591851939325 0.009599851525348166
1 0.14585154839763464 0.5841753465828532 0.009420591851939325 0.009599851525348166
1 0.15487118622527 0.7159993116838266 0.00850646324970151 0.008435815112023438
1 0.13814162537085262 0.6885150331372836 0.00850646324970151 0.008435815112023438
1 0.15274178732716784 0.832898373361973 0.014941682994100274 0.008701200070588479
1 0.1266509307947628 0.8149211791210301 0.00951745199120563 0.009518208711043648
1 0.1338207425895131 0.8093446588362241 0.00951745199120563 0.009518208711043648
1 0.1644914284133204 0.7817787642592323 0.009334219788193524 0.010836130438215918
1 0.17126291733058463 0.7941267734613022 0.009334219788193524 0.010836130438215918
1 0.1580851397557461 0.9626967027471257 0.009418228398198667 0.009538816369098166
1 0.14533880767618995 0.9567218595848332 0.009418228398198667 0.009538816369098166
1 0.10312809833773709 0.937435995486274 0.008791083874909775 0.010325224503226902
1 0.24737292819932974 0.9682173367763482 0.008841307266898777 0.00832130597985309
1 0.24657628244435745 0.9510894530444446 0.008841307266898777 0.00832130597985309
1 0.27884043552073395 0.9279867261502488 0.008841307266898777 0.00832130597985309
1 0.30489037750044257 0.9068877526431354 0.009010211281154467 0.009423877881920856
1 0.3040937317454702 0.8829883799939675 0.009010211281154467 0.009423877881920856
1 0.2797960362188163 0.8889632231562594 0.009010211281154467 0.009423877881920856
1 0.28214497652603976 0.9585887319031718 0.00876505478568699 0.007139081540315049
1 0.2893147883207901 0.9426558168037267 0.00876505478568699 0.007139081540315049
1 0.29688292299302654 0.950622274353449 0.00876505478568699 0.007139081540315049
1 0.5642670812622048 0.9665069773960886 0.009772901949675186 0.008591568988302479
1 0.6950823133983086 0.9739065932670737 0.008048057556152344 0.009336803270422894
1 0.7225665919448515 0.9715166560021572 0.008048057556152344 0.009336803270422894
1 0.700061349366885 0.9263070094074809 0.011632963453527679 0.010531771902879648
1 0.706434515406663 0.9143573230828967 0.011632963453527679 0.010531771902879648
1 0.6371263347240768 0.9462231532817869 0.011632963453527679 0.010531771902879648
1 0.6371263347240768 0.9741057547058161 0.011632963453527679 0.010531771902879648
1 0.6407112406214517 0.9155522917153553 0.011632963453527679 0.010531771902879648
1 0.6391179491115071 0.9000176994933962 0.011632963453527679 0.010531771902879648
1 0.6374065150385292 0.8731959136979773 0.009735770847486704 0.006406194192362388
1 0.5939539652611993 0.7695194828817051 0.010387793831203296 0.009362303692361584
1 0.5831992475690737 0.7627479939644408 0.010387793831203296 0.009362303692361584
1 0.7903417303750377 0.898753950004606 0.009247877478750317 0.009017267530450524
1 0.8689234821884839 0.8907450773529397 0.009832017049307355 0.008996530133935587
1 0.862782212165655 0.846618153440412 0.009484581325365149 0.009902456532353941
1 0.871082338014109 0.7807161336455405 0.010440826416015625 0.009649608446204144
1 0.6563873939756164 0.6667907659318232 0.010330477064146354 0.008993693855066758
1 0.671308854519844 0.6618229931583407 0.008982855004766444 0.00776712489394948
1 0.77751531038496 0.6892712728124661 0.010028051293414574 0.009298822154169497
