0 0.13252008479574454 0.04335123818853627 0.010928423508353855 0.011368756708891495
0 0.09407452396724533 0.2670403874438742 0.010316527408102284 0.009725508482559868
0 0.1255047373149706 0.06581232858740765 0.01102460985598357 0.011232956596042797
0 0.1270147458366726 0.10593736690023672 0.010530316311380138 0.011811588121497112
0 0.15311278467592987 0.10985056213710619 0.010199982187022333 0.010595321655273438
0 0.4261998093646506 0.0534107840579489 0.010303372922150986 0.010400067205014437
0 0.0999789808107459 0.28422215710515564 0.010426262150640074 0.01046008649079696
0 0.1043941404508508 0.3025732766027036 0.010832651801731274 0.0108142728390901
0 0.08622927251069443 0.25750464978425397 0.009840260381283968 0.010594741157863453
0 0.06934642273446787 0.294041633605957 0.010357100030650263 0.010538889014202614
0 0.09608061417289403 0.20133750335029935 0.010650344516920008 0.011132572008215862
0 0.14808371274367624 0.07764166593551636 0.009797044422315515 0.011176435843757961
0 0.1284054362255594 0.012483909078266308 0.009557723999023438 0.00912671762964
0 0.15754310462785803 0.03736807470736296 0.010034322738647461 0.009740953860075577
0 0.7114653794661813 0.10313400496607242 0.007884398750636889 0.009528522906096085
0 0.06707138600556747 0.21970285540041717 0.010036924610967222 0.01187376354051673
0 0.3768104677614958 0.10740258382714311 0.01061999279519786 0.010953322700832203
0 0.1424591644950535 0.07270447845044342 0.009871296260667883 0.01096802690754766
0 0.13507456883140231 0.08386852948561958 0.01020434628362241 0.010474070258762524
0 0.7037173146786897 0.023143208545187244 0.009202708368716032 0.009684199872224228
0 0.3891951104869013 0.09027759666028232 0.010194944298785667 0.010625326115152111
0 0.1881773679152779 0.035088958947554885 0.00901900167050569 0.00961353986159615
0 0.8284809934795807 0.0812115560496712 0.005823286313103738 0.005380201920665151
0 0.4388306037239406 0.04063650447389354 0.010422540747601051 0.01038425642511119
0 0.7018111477727476 0.08339338458102682 0.007172169892684273 0.007353393927864407
0 0.1459598333939262 0.03812275502992713 0.009792866914168648 0.011550224345663319
0 0.8144406857697861 0.012785919334577478 0.009973774785580843 0.009743488353231678
0 0.7815606075784435 0.09709711178489355 0.009162819903829823 0.008179198140683382
0 0.8673496453658395 0.019989173697388694 0.008974697278893513 0.00881318035333053
0 0.8996078242426333 0.08573754196581634 0.009851455688476562 0.010847190152043882
0 0.7550569202588951 0.09762572205584984 0.009578456049380095 0.009452467379362686
0 0.698907002158787 0.07004415470620862 0.00956514607305112 0.00950032731761103
0 0.6071081161499023 0.20919007840363876 0.008953260338824728 0.008655921272609545
0 0.7683557012806768 0.09852295854817265 0.009694555531377378 0.008033762807431429
0 0.7208079669786536 0.012699003776778345 0.009086650350819464 0.008663797508115354
0 0.7924190189527429 0.01343536798072898 0.008423017418902853 0.008206133609232695
0 0.841077535048775 0.020019504687060482 0.010822005893873133 0.009774722482847132
0 0.8313364360643469 0.03706807934719583 0.007863003274668818 0.007534410642540973
0 0.8287134170532227 0.0509058081585428 0.01058122386103091 0.009332573932150135
0 0.8457738420237668 0.01342120831427367 0.009793944980787195 0.010179995194725368
0 0.7523611110189685 0.015542975586393604 0.007931045863939367 0.008356715026109116
0 0.7009594336799952 0.011707417019035504 0.008952057879904041 0.008380061258440432
0 0.8075504717619522 0.03441420715788136 0.00772907422936481 0.008602497370346733
0 0.8238667051152798 0.0820843836535578 0.005019282980229086 0.006808731866919502
0 0.7080675622691279 0.0833436535752338 0.008848687876825747 0.007467658623405125
0 0.7111299348914106 0.04716952080311983 0.00975111256475034 0.010053911934728208
0 0.7784766528917395 0.024008183375648834 0.008320062056831692 0.007527377294457477
0 0.7922509856846021 0.04381332967592323 0.008522738581118376 0.0076584038527115535
0 0.8642141093378481 0.012051346509352974 0.007881330407184103 0.00674007509065711
0 0.7475192857825238 0.0493887766547825 0.007522251295006793 0.007259285968282948
0 0.8203238196994949 0.06281007631965306 0.0077905240266219426 0.008335813232090162
0 0.7551190749458645 0.03978689338849938 0.0076913418977156926 0.007126901460730512
0 0.8195772585661516 0.07264660234036655 0.007789280103600543 0.008014316144196884
0 0.7694859297379203 0.03507684365562771 0.00681354688561481 0.006639097047888715
0 0.7318788196729576 0.015664229574410812 0.008015839949898098 0.008055216592291126
0 0.737798564108322 0.10415293013803499 0.006795049306153481 0.0054328921719704
0 0.7806143138719641 0.04564422498578611 0.00620933201002038 0.008663760579150656
0 0.8200454089952551 0.03936252257098322 0.007494760596233866 0.007452889629032301
0 0.799495676289434 0.09289341905842656 0.006854140240213146 0.0073611114336096725
0 0.7365640971971595 0.054892446683800736 0.0077122398044752035 0.007983539415442425
0 0.7334988220878269 0.02540289254292198 0.008900020433508831 0.008182490649430649
0 0.7419143345045006 0.019015659456667694 0.007871379023012907 0.008145684781281845
0 0.7998113738731479 0.0777785800140575 0.006692448110392286 0.006772697780666374
0 0.8008272129556409 0.03366637618645378 0.00969658727231233 0.008203192897464918
0 0.7583351757215416 0.06533591384473053 0.007953768191130264 0.007436249567114789
0 0.719225966412088 0.02518004762089771 0.008225731227708899 0.008919512448103531
0 0.7421054425446885 0.02934983113537664 0.009210835332455843 0.008494504120038904
0 0.821211234382961 0.026617359208024063 0.008012191109035326 0.011394660110058992
0 0.7652355277019997 0.0160606289687364 0.007729820583177649 0.009102716394092726
0 0.7989022297056348 0.08414258025067164 0.006692448110392286 0.006772697780666374
0 0.7920836484492874 0.08505172314161653 0.006692448110392286 0.006772697780666374
0 0.8111756759670596 0.07005086544102601 0.006692448110392286 0.006772697780666374
0 0.800493231998782 0.057777436413270135 0.006692448110392286 0.006772697780666374
0 0.807084527213251 0.05232257906760084 0.006692448110392286 0.006772697780666374
0 0.8068572411713727 0.0439130073263607 0.006692448110392286 0.006772697780666374
0 0.7970839413706079 0.02663929239840798 0.006692448110392286 0.006772697780666374
0 0.7920836484492864 0.02709386384388042 0.006692448110392286 0.006772697780666374
0 0.7884470717792342 0.027775721012089086 0.006692448110392286 0.006772697780666374
0 0.7659457536332875 0.0280030067348253 0.006692448110392286 0.006772697780666374
0 0.7632183211307486 0.020957149330002478 0.006692448110392286 0.006772697780666374
0 0.7502630167436887 0.024593720893781996 0.006692448110392286 0.006772697780666374
0 0.7388987146497763 0.03823086425795521 0.006692448110392286 0.006772697780666374
0 0.7204885452576383 0.035048864139648125 0.006692448110392286 0.006772697780666374
0 0.7252615521370812 0.05482272201769925 0.006692448110392286 0.006772697780666374
0 0.730943703184037 0.06255043659073076 0.006692448110392286 0.006772697780666374
0 0.7470810121573923 0.06936900827281736 0.006692448110392286 0.006772697780666374
0 0.7470810121573923 0.07936958007321103 0.006692448110392286 0.006772697780666374
0 0.7482174423667834 0.08323343735972676 0.006692448110392286 0.006772697780666374
0 0.75253587716247 0.08459715169614407 0.006692448110392286 0.006772697780666374
0 0.7623091769632344 0.08118786585510077 0.006692448110392286 0.006772697780666374
0 0.7614000327957214 0.08823372325992355 0.006692448110392286 0.006772697780666374
0 0.7675367559264339 0.08732458036897867 0.006692448110392286 0.006772697780666374
0 0.774355337182781 0.08732458036897867 0.006692448110392286 0.006772697780666374
0 0.78094663239725 0.08891558042813223 0.006692448110392286 0.006772697780666374
0 0.7582180282094254 0.09187029482370308 0.006692448110392286 0.006772697780666374
0 0.7252615521370797 0.08527900886435269 0.006692448110392286 0.006772697780666374
0 0.7213976894251491 0.08209700874604559 0.006692448110392286 0.006772697780666374
0 0.7229886917182966 0.0775512942913212 0.006692448110392286 0.006772697780666374
0 0.7191248290063663 0.07596029423216766 0.006692448110392286 0.006772697780666374
0 0.7316255613096696 0.08982472331907708 0.006692448110392286 0.006772697780666374
0 0.7195794010901225 0.09027929476454954 0.006692448110392286 0.006772697780666374
0 0.7268525544302262 0.09505229494201016 0.006692448110392286 0.006772697780666374
0 0.7186702569226096 0.09823429506031722 0.006692448110392286 0.006772697780666374
0 0.737762284440382 0.08618815175529755 0.006692448110392286 0.006772697780666374
0 0.7404897169429209 0.0891428661508684 0.006692448110392286 0.006772697780666374
0 0.7450354377804858 0.08777915181445112 0.006692448110392286 0.006772697780666374
0 0.7334438496446951 0.07436929417301413 0.006692448110392286 0.006772697780666374
0 0.73798957048226 0.0809605801323645 0.006692448110392286 0.006772697780666374
0 0.7423080052779464 0.0743692941730141 0.006692448110392286 0.006772697780666374
0 0.7391260006916509 0.06914172255008104 0.006692448110392286 0.006772697780666374
0 0.74185343319419 0.06368686520441176 0.006692448110392286 0.006772697780666374
0 0.7479901563249024 0.0630050080362031 0.006692448110392286 0.006772697780666374
0 0.7193521150482433 0.045504007385514154 0.006692448110392286 0.006772697780666374
0 0.7134426779594086 0.05482272201769918 0.006692448110392286 0.006772697780666374
0 0.7243524079695643 0.060732150808840896 0.006692448110392286 0.006772697780666374
0 0.7541268794556144 0.07664215140037632 0.006692448110392286 0.006772697780666374
0 0.7623091769632313 0.0730055798365968 0.006692448110392286 0.006772697780666374
0 0.773218906973387 0.07550572278669523 0.006692448110392286 0.006772697780666374
0 0.7782191998947083 0.07186915122291569 0.006692448110392286 0.006772697780666374
0 0.7829922067741515 0.0695962939955535 0.006692448110392286 0.006772697780666374
0 0.7886743578211076 0.07277829411386057 0.006692448110392286 0.006772697780666374
0 0.7895835019886205 0.06777800821366373 0.006692448110392286 0.006772697780666374
0 0.7936746507424286 0.06095943653157712 0.006692448110392286 0.006772697780666374
0 0.7911745042817678 0.05959572219515981 0.006692448110392286 0.006772697780666374
0 0.7857196392766898 0.06277772231346689 0.006692448110392286 0.006772697780666374
0 0.7811739184391248 0.06323229375893932 0.006692448110392286 0.006772697780666374
0 0.7800374882297334 0.05800472213600625 0.006692448110392286 0.006772697780666374
0 0.7734461930152642 0.0630050080362031 0.006692448110392286 0.006772697780666374
0 0.7752644813502901 0.06573243670903774 0.006692448110392286 0.006772697780666374
0 0.7823103486485156 0.03845814998069134 0.006692448110392286 0.006772697780666374
0 0.7827649207322719 0.03209414974407717 0.006692448110392286 0.006772697780666374
0 0.7782191998947067 0.03368514980323071 0.006692448110392286 0.006772697780666374
0 0.7750371953084111 0.03050314968492363 0.006692448110392286 0.006772697780666374
0 0.8279948430660423 0.02573014950746301 0.006692448110392286 0.006772697780666374
0 0.8086755295063911 0.06345957948167555 0.006692448110392286 0.006772697780666374
0 0.8045843807525825 0.06527786526356531 0.006692448110392286 0.006772697780666374
0 0.7339347013963915 0.09937992996057439 0.006795049306153481 0.0054328921719704
0 0.7439352872390341 0.0950615012285862 0.006795049306153481 0.0054328921719704
