1 0.07207723285840906 0.28042985045391583 0.011295795440673828 0.012687330660612686
1 0.08849254639252374 0.5904904448467753 0.010780961617179539 0.011206046394679859
1 0.07127159315606824 0.4151928321174953 0.011830977771593176 0.013426946557086449
1 0.0730952905571979 0.3485219996908437 0.012149074803227964 0.013972199481466541
1 0.10647385016731592 0.665971621223118 0.010361360466998558 0.010598410730776579
1 0.09712087589761487 0.21137436576511548 0.010564140651537024 0.011426884195078974
1 0.11517251056173575 0.42715443735537323 0.01108152970023777 0.020783424377441406
1 0.10668110329171884 0.538667170897774 0.010464160338692043 0.011350569517716118
1 0.07117470969324527 0.06190089816632478 0.011030777640964672 0.01257715536200482
1 0.07913730973782745 0.47190224606057873 0.012238896411398182 0.012512414351753567
1 0.09701807602592137 0.7272412258645763 0.009661384250806726 0.010446299677309782
1 0.1239771894786669 0.11305206754933234 0.009347158929576044 0.009377562481424084
1 0.08552274237508359 0.7843600148740022 0.010650722876839016 0.01103898753290591
1 0.15610751380091129 0.26224400686181104 0.011769595353499702 0.010468752487846043
1 0.10424778254135796 0.40119548465894617 0.012658979581749958 0.0239653380020805
1 0.08100975337235823 0.7276466618413511 0.011571194814599079 0.01171037425165591
1 0.08951134007910025 0.3290398405945819 0.011265262313511059 0.01245780094810154
1 0.06759813557500424 0.4530894652656887 0.011487152265465778 0.012260851652725883
1 0.31235087436178455 0.2015805659086808 0.010817818019701086 0.011639926744543987
1 0.08927861244782158 0.4456162297207376 0.010346894678862198 0.011002239973648735
1 0.0703567473784737 0.14425523903058926 0.010556811871735947 0.011532151180764904
1 0.08861149653144505 0.71543025970459 0.009947222212086554 0.010439582492994226
1 0.17430740335713263 0.346348119818646 0.009229546007902725 0.009011185687521229
1 0.11250113404315451 0.7268259214318317 0.010520789934241253 0.009308275969132133
1 0.08980742744777513 0.22678599150284476 0.010962320410686989 0.011683090873386547
1 0.06790712346201358 0.38431412240733265 0.012275794278020445 0.014693135800568954
1 0.07037612666254459 0.43493160994156554 0.011807027070418648 0.01363211092741593
1 0.08887457329293957 0.25386778168056323 0.010531539502351181 0.010704310043998386
1 0.06737921030625053 0.6255411272463591 0.011357608048812202 0.011148079581882641
1 0.07875179726144542 0.5296036264170771 0.012102375859799593 0.01303938160771909
1 0.06991660594940186 0.7372558842534604 0.011329930761586065 0.011606216430664062
1 0.10397314507028332 0.5989500750666079 0.011749298676200535 0.012609523275624151
1 0.06704824385435684 0.24806775217470914 0.009709016136501146 0.011776260707689367
1 0.08759086805841199 0.049636130747587784 0.010633432346841564 0.011182463687399159
1 0.09840452152749768 0.1592024512912916 0.010291389797044836 0.00971290339594302
1 0.10897655590720799 0.647658638332201 0.012011268864507261 0.012129244597061821
1 0.07091488008913785 0.32163121389306104 0.01903719487397567 0.014768704124118969
1 0.13242024960725204 0.2033226904661759 0.00992584228515625 0.009620314059050186
1 0.18403963420702063 0.3882068499274876 0.009388218755307405 0.008452135583628778
1 0.20681781354157824 0.14037627240885858 0.009564980216648268 0.009188392887944761
1 0.07984762865564099 0.07631602235462356 0.012352647988692574 0.01138901192208995
1 0.16071060947749927 0.24956002442733102 0.010009921115377674 0.010158290033755095
1 0.09857447769330899 0.3570155268130095 0.011001908260843029 0.011519473531971807
1 0.0788778455361076 0.30424501584923785 0.012691160906916079 0.013515513876210089
1 0.09813045937082043 0.3447271533634352 0.01045611630315366 0.014756306358005688
1 0.0806994334511135 0.3747763374577398 0.010429973187653915 0.012314164120218029
1 0.08141348413799118 0.45561141034831176 0.010255124257958454 0.010497849920521612
1 0.17729914188385007 0.4129671428514564 0.011697364890057106 0.017272783362347145
1 0.14150902499323306 0.46626607749773114 0.010460998701012653 0.009665665419205376
1 0.09957048167353091 0.20271192426266876 0.011823923691459324 0.016240389450736668
1 0.15661308039789612 0.5040807931319528 0.01179869278617527 0.010785434557043987
1 0.07317965186160545 0.12757024039392886 0.009584359500719153 0.01266101132268491
1 0.1479624768962031 0.781161474144977 0.012144897295081097 0.012521743774414062
1 0.13904695407204007 0.7523441729338274 0.010679980982904848 0.010927863742994226
1 0.10979569994884988 0.28703985006912897 0.01446731194205906 0.012949964274530825
1 0.06720613914987315 0.4994680777839992 0.012114980946416441 0.011510061181109886
1 0.10532609794450844 0.22435865194901175 0.009388519370037577 0.010239663331404976
1 0.169830700625544 0.42104482650756836 0.015314879624739937 0.01034757365351138
1 0.11715071097664209 0.3572065311929454 0.010469809822414234 0.009946864584217901
1 0.22405230480691657 0.1170801079791525 0.009158507637355639 0.009622304335884426
1 0.10831922551859981 0.17045597408128824 0.010791249897169031 0.010934995568316917
1 0.15202475630718731 0.1894434120344079 0.009085779604704483 0.008916502413542374
1 0.1245808394058891 0.4580673134845236 0.010162187659222145 0.00963003739066746
1 0.10591184056323508 0.408326066058615 0.010238471238509468 0.010313614555027172
1 0.158953537111697 0.4458480295927628 0.011456748713617739 0.012319689211638077
1 0.23431658744812012 0.08270113882811173 0.0106018937152365 0.011558232100113579
1 0.11826736512391464 0.20306598621865976 0.010552126428355341 0.02409207302591075
1 0.14448881667593252 0.3777497125708538 0.009930392970209536 0.01024416218633237
1 0.1088830802751624 0.3727379467176355 0.011741182078485903 0.019150485163149628
1 0.09616243320962659 0.699816434279732 0.009821249091106913 0.008852046468983526
1 0.2917679807414179 0.2717675540758216 0.011931357176407524 0.011275167050568954
1 0.12307230285976244 0.27883856192879053 0.009816584379776665 0.01067420710688052
1 0.0737802645434504 0.09270371561465054 0.01080780962239141 0.011575284211531929
1 0.10786141001659891 0.37865074821140454 0.01266932487487793 0.013058538022248642
1 0.14985751069110373 0.413477317146633 0.010038583174995754 0.00858895674995754
1 0.16324959112250287 0.4041557026946026 0.008858483770619268 0.009114529775536579
1 0.10877324187237283 0.44801677828249725 0.010149437448252802 0.010796650596286938
1 0.06843925299851791 0.07885710571123206 0.010324980901635212 0.010808996532274328
1 0.12350897167039954 0.0413906561291736 0.00946814080943232 0.009323723938154138
1 0.13888801699099335 0.4808646492336107 0.009706310603929602 0.00990270531695822
1 0.09631707357323688 0.5241125977557638 0.011268138885498047 0.011421493861986242
1 0.09020527290261311 0.5799381629280422 0.010237180668374767 0.010759975599206013
1 0.07751621629880823 0.3917046007902726 0.012013367984605871 0.012748635333517323
1 0.1299884267475294 0.18550910120425018 0.010647224343341331 0.010228157043457031
1 0.17932323787523352 0.03797197601069575 0.010006614353345789 0.009878044543058975
1 0.15700559512428616 0.2974671695543372 0.011422727418982464 0.010770217232082203
1 0.11608613573986551 0.05345987237018088 0.010156372319097105 0.010461454806120499
1 0.1744982211486153 0.2676769961481509 0.009273580882860266 0.009289492731509
1 0.07216382544973622 0.5900712842526644 0.012228012084960938 0.013997741367505945
1 0.1642099515251491 0.27871511293494183 0.01024775919706925 0.010980481686799423
1 0.07268550344135451 0.7103654819986095 0.010294390761333962 0.010849786841351051
1 0.09807318708171014 0.5011846293573794 0.010536805443141773 0.010582799496858017
1 0.07507919228595236 0.2564720692841903 0.010518747827281122 0.010999679565429688
1 0.08766487034305939 0.6070498423096325 0.010015015093831963 0.011663020285807922
1 0.3029183823129405 0.18688052633534308 0.0100012032882027 0.009675938150157099
1 0.23483018253160562 0.31790076131406036 0.010223119155220364 0.010519027709960938
1 0.27747235090836236 0.21948301273843515 0.01050505430802055 0.011836404385774033
1 0.09148662764093152 0.19494127190631372 0.009234101875968601 0.009722460871157438
1 0.155703358028246 0.05048213575197304 0.011946657429570738 0.009671848753224249
1 0.07812087691348532 0.2079872877701469 0.011587728624758513 0.011228561401367188
1 0.10200100878010625 0.055612429328586746 0.010022256685339886 0.010058786558068317
1 0.09700325779292894 0.45872802838035254 0.010575180468351944 0.010993180067642876
1 0.30387685609900433 0.20968479695527453 0.009275394937266474 0.009153428285018257
1 0.06666435106940892 0.16902150796807333 0.010096586268881092 0.01133038686669391
1 0.09930765628814699 0.6336752020794413 0.012026672777922257 0.012663468070652172
1 0.10090693183567215 0.5135262323462445 0.010138801906419836 0.010205683500870415
1 0.12534671762715216 0.37603285001671827 0.013465290484221085 0.011531539585279383
1 0.11752364428147027 0.014047473021175549 0.01005039007767387 0.010897920183513477
1 0.119328032369199 0.321134085888448 0.011547544728154722 0.011628473582475082
1 0.0978316586950551 0.02460532343905905 0.010494719380917757 0.011425966801850693
1 0.1371310327364051 0.5058908669844918 0.009760991386745287 0.009670547817064367
1 0.24984396022299063 0.15812849998474118 0.010601769322934359 0.011711949887483017
1 0.301392472308615 0.2612581667692765 0.010874457981275476 0.011014979818592901
1 0.21675941218500555 0.03822207839592644 0.01087877024774966 0.011879156465115755
1 0.14752588583075482 0.4395423764767854 0.009429838346398395 0.008802372476328974
1 0.08461631121842758 0.3563834273296853 0.013132007225700047 0.014353420423424763
1 0.10116113268810768 0.26585433794104535 0.010676518730495289 0.01118029718813689
1 0.15430962521096933 0.017316462553065758 0.01133363143257473 0.00975240443063819
1 0.1418752100156701 0.4260925521021304 0.009938146757042927 0.009134852367898693
1 0.0668774065764054 0.20249608288640558 0.009277830953183382 0.011753683504850967
1 0.2413621052451756 0.22877486892368482 0.011479522870934528 0.011374660160230554
1 0.07660109582154648 0.6123845473579739 0.01036308122717816 0.01104338272758152
1 0.09584478710008704 0.14449388566224472 0.009652676789656929 0.010333569153495457
1 0.10214645447938339 0.12076056521871814 0.009610829146012016 0.010012336399244226
1 0.15747738402822745 0.47084555418595025 0.012473406999007515 0.013378889664359715
1 0.08353361098662665 0.2668145635853643 0.010511268740114958 0.01026928943136464
1 0.2326829122460407 0.10867680674013883 0.008905037589695143 0.010252392810323963
1 0.11332979409591011 0.08218199273814326 0.009192259415336277 0.009541438973468283
1 0.14021091875822647 0.40613779814346984 0.009151189223579739 0.010003214297087296
1 0.10247594377268918 0.08671961659970492 0.009324322576108187 0.00980315001114555
1 0.19336767818616782 0.3973659043726714 0.011495901190716286 0.0108991757683132
1 0.10947477817535399 0.3082056771153989 0.010327930035798447 0.010637096736742102
1 0.09844620849775232 0.7891984815182892 0.011403135631395422 0.011934404787809952
1 0.15897746189780856 0.08732827850010086 0.009661332420680834 0.010020546291185461
1 0.12787574270497198 0.41971496913744055 0.01051931795866593 0.01032456107761549
1 0.12311153308204982 0.15505535187928574 0.010629871617192808 0.011297008265619692
1 0.1573089827661929 0.15641259628793466 0.00932654090549635 0.009788212568863579
1 0.25913934085680096 0.29045064552970556 0.010781060094418734 0.010488447935684868
1 0.14723794874937637 0.28186640532120416 0.011665603388910708 0.011104252027428669
1 0.1912437107252038 0.24592911678811774 0.010295784991720448 0.011283376942510191
1 0.08836316025775412 0.5576804720837137 0.010378568068794582 0.010462408480436905
1 0.18168994654779846 0.20299723873967707 0.009390126103940218 0.009761665178381878
1 0.16322722642318063 0.48867953341940173 0.012468213620393173 0.011675834655761719
1 0.08389161462369174 0.5190187226171079 0.010478050812431004 0.010496699291726818
1 0.10477111132248589 0.49031311532725463 0.009923261144886847 0.010325639144234035
1 0.18074208757151727 0.2971923558608346 0.013426759968633238 0.015599976415219515
1 0.08708867301111639 0.5036093981369681 0.010499798733255138 0.01096424849137016
1 0.2891338389852773 0.18233069129612134 0.009578207264775816 0.01016898777173913
1 0.09248959499856702 0.3815949688787046 0.011845920396887737 0.01350639177405316
1 0.3140911952308986 0.22204003126724906 0.010514819103738537 0.010357566501783289
1 0.08836181267448094 0.4875630710435951 0.010560263758120329 0.011669615040654722
1 0.2934724766275157 0.1719819514647774 0.011149033256199047 0.01060665172079335
1 0.07717841863632202 0.11217117309570312 0.009208300839299742 0.010033151377802309
1 0.1207803902418717 0.4784481836401898 0.010182577630747919 0.009731500045112942
1 0.31585788726806635 0.18809665804323944 0.010920192884362263 0.02628821912019149
1 0.07718208561772885 0.5775434037913447 0.010845889215884 0.010622978210449219
1 0.09515221222587254 0.568732220193614 0.011013694431470789 0.011706808338994566
1 0.2512907359911048 0.17777585983276367 0.00994972560716712 0.009857633839482847
1 0.08006970519604892 0.49225685907446826 0.009895226229792055 0.010580042134160582
1 0.24137084380440094 0.12469757639843485 0.009421514428180197 0.009978242542432703
1 0.08865482133367786 0.6208601205245309 0.010950435762820036 0.01151288073995839
1 0.1309033943259198 0.4063331303389176 0.009607263233350672 0.011692555054374363
1 0.09925252458323605 0.24542572187340778 0.01046591219694718 0.010119686955991
1 0.08783310392628545 0.7706518795179285 0.01054624889207923 0.009685226108716883
1 0.21610665321350098 0.1052661356718644 0.009328614110532015 0.008920793947966202
1 0.1151554947314055 0.7427776378134022 0.009761426759802776 0.010043144226074219
1 0.08354837479798691 0.12226047204888386 0.00954828055008598 0.009824161944182022
1 0.18545283441958219 0.19127228985662048 0.009121355803116508 0.009338109389595364
1 0.12356044935143512 0.6951765599458115 0.010722678640614386 0.011308462723441746
1 0.2607068704522174 0.12955904006958008 0.010893635127855383 0.011108377705449644
1 0.10459310593812363 0.714570252791695 0.0103256080461585 0.009699033654254416
1 0.17435918165289838 0.4003949269004491 0.008573894915373428 0.009188299593718155
1 0.13864395411118216 0.11706847211588986 0.009502296862394913 0.009640538174173107
1 0.07434288574301678 0.23141916938450027 0.011665442715520445 0.01166596619979195
1 0.12720231387926184 0.7313028211178987 0.00958183537358823 0.010426023732060972
1 0.12225285820339035 0.7997086981068486 0.010002343550972317 0.009024993233058764
1 0.06703247453855432 0.29682915107063623 0.010721833809562351 0.011733241703199304
1 0.13774273188217825 0.2289404972739842 0.010126704755036728 0.009382268656855043
1 0.18567839912746265 0.12742266447647757 0.010956722757090693 0.01142020847486413
1 0.14219088139741318 0.17870713835177213 0.010078264319378395 0.010229618653007175
1 0.09857331151547638 0.8107256474702256 0.010361215342646059 0.011071039282757301
1 0.14736874207206394 0.03935784619787465 0.009529943051545517 0.00969906993534254
1 0.11307656246682873 0.2563889441282853 0.010454613229502802 0.010555619778840439
1 0.18998189594434656 0.09863397349481996 0.010895729064941406 0.011602609053902004
1 0.1237495411997256 0.34608886552893603 0.01038347119870393 0.010543159816576086
1 0.18056042298026706 0.05410914058270662 0.010591424029806385 0.011044414147086765
1 0.20722756178482718 0.209656808687293 0.009739046511442764 0.00964598033739173
1 0.20752050565636676 0.23017220911772351 0.01098906475564708 0.011151168657385784
1 0.227122047673101 0.2852150357287863 0.010163079137387484 0.00940884714541228
1 0.17208639953447422 0.23814108060753864 0.010296417319256325 0.010951042175292969
1 0.19695058076278024 0.14763547544894012 0.010924090509829313 0.010798837827599567
1 0.2984501797219981 0.23505183924799383 0.010485027147376019 0.011206543963888416
1 0.16693825825400974 0.45885768144027045 0.011389701262764309 0.012106978374978771
1 0.2827709239462148 0.1414320365242336 0.010012709576150646 0.010003338689389437
1 0.10275435965994129 0.7677773807359779 0.009981103565381922 0.009558760601541271
1 0.07164643380952918 0.1898808893950089 0.009520577347796896 0.011073568592900816
1 0.11426166866136633 0.2163023637688678 0.00895734455274499 0.010133307913075323
1 0.07834361687950464 0.5635021251180897 0.010637288508207901 0.010630441748577614
1 0.07515855716622394 0.7601705219434655 0.01163662516552469 0.011830620143724524
1 0.10310689262721849 0.5519547462463378 0.011900010316268257 0.011925116829250171
1 0.09238649969515594 0.300556815188864 0.010661342869634214 0.010566483373227327
1 0.07926923036575317 0.4078516338182532 0.012640118598937988 0.012137039847995922
1 0.06715750435124272 0.5678253795789636 0.01056714161582615 0.012700661368992016
1 0.26835799217224127 0.274902053501295 0.011470566625180452 0.010833408521569294
1 0.24351763725280762 0.06402085915855739 0.011752522510030994 0.011744856834411621
1 0.13682272123253864 0.08201803072639134 0.00980897571729577 0.009528030519900114
1 0.10914123058319093 0.4672461799953295 0.010849320370218029 0.009851787401282269
1 0.12588508232780124 0.4676110018854556 0.00971997302511464 0.009257731230362602
1 0.26164679941923724 0.2236867676610532 0.01068822197292162 0.010727447012196417
1 0.08016262624574745 0.18337421831877335 0.00945089692654817 0.010394303695015285
1 0.1243822885596234 0.2661402225494385 0.010171060976774796 0.010504701863164488
1 0.1471705125725788 0.14335926719333814 0.010634982067605724 0.0123473250347635
1 0.2705686092376709 0.2512096114780592 0.010652604310408882 0.012236056120499321
1 0.2144085842630138 0.15177146766496738 0.009029885996942934 0.009071505588033924
1 0.1418205395988796 0.02288335626539977 0.009325763453607973 0.009802837734637053
1 0.2014033483422321 0.03671394223752229 0.009953084199324898 0.009694638459578804
1 0.28368491711823834 0.15277144701584525 0.009768195774244226 0.010470297025597614
1 0.11873845950416896 0.39239267680955975 0.010380361391150433 0.011535685995350714
1 0.17205258037732996 0.10026188000388768 0.009851891061534052 0.009459277857904848
1 0.2907055253567903 0.2527111509571905 0.00942887430605681 0.009456758913786514
1 0.23721983121789023 0.20871837242789887 0.009991189707880434 0.010383585224980894
1 0.2849355987880541 0.20026258800340735 0.009273529052734375 0.010041858838952106
1 0.08393227794896001 0.103649175685385 0.009471805199332859 0.009943371233732803
1 0.07989060619603032 0.019428921134575554 0.010934005612912386 0.011380772227826326
1 0.2726870930713156 0.19032404733740763 0.009430781654689623 0.010171206101127293
1 0.14476688530134119 0.4912758184515912 0.009569530901701553 0.009517897730288298
1 0.18973135948181152 0.36274287752483203 0.010010532710863196 0.008601473725360373
1 0.1399378206418908 0.39287614822387695 0.011772518572599991 0.012665582739788551
1 0.20208785844885785 0.3057401283927586 0.011148867399796196 0.010991013568380604
1 0.14593516743701437 0.4554024779278299 0.009700267211250637 0.009121314339015795
1 0.09459461336550506 0.288636591123498 0.01069174642148225 0.010890608248503311
1 0.09668895990952202 0.31139367559681763 0.01053110412929369 0.010711213816767153
1 0.08831923940907353 0.6445208839748218 0.010093191395635191 0.010849496592646059
1 0.16789658173270847 0.06820183214933975 0.009702703227167543 0.009593880694845448
1 0.2211242551388948 0.1629109589949898 0.009618385978367018 0.00919968148936396
1 0.08582701372063677 0.14858969916468082 0.009471571963766346 0.010631011879962425
1 0.2294595967168393 0.26088627524997876 0.008674082548721977 0.008999824523925781
1 0.14347576576730478 0.16361547553020978 0.01094645002613897 0.010180183078931726
1 0.1382161741671355 0.8030623560366423 0.01274102667103643 0.011763033659561821
1 0.19596779864767325 0.3795935174693232 0.011166945747707203 0.012002779089886208
1 0.13529912285182788 0.436910110971202 0.00988881484321926 0.010115125904912535
1 0.2497496812239937 0.2099314046942669 0.008818916652513586 0.009564337523087212
1 0.25046970533288043 0.30892509999482526 0.010375893634298573 0.00996293192324431
1 0.12585108176521634 0.08800940669101218 0.00966061716494353 0.010376271994217583
1 0.12692521447720734 0.5116244502689526 0.01024100054865298 0.010052743165389351
1 0.169988082802814 0.19170666777569317 0.01160262978595236 0.01057975188545559
1 0.26383664297020953 0.15656167009602423 0.009420830270518427 0.008965544078661047
1 0.22232101274573285 0.215825485146564 0.01126923768416695 0.010997627092444378
1 0.17528505428977634 0.3674178952756135 0.009892950887265413 0.008923530578613281
1 0.09129006447999373 0.468559550202411 0.01074163810066555 0.01108303277388863
1 0.1201079513715661 0.4418946141782014 0.01036015800807787 0.009939027869183084
1 0.1298642521319182 0.4958185734956161 0.011854866276616636 0.01231935749883237
1 0.13593861331110413 0.7423209314760955 0.009174678636633831 0.00911123856254246
1 0.18579978528230087 0.27449561202007794 0.00913126572318699 0.009418632673180622
1 0.1394894434058148 0.36473205815190857 0.010151655777640965 0.009975806526515795
1 0.16533107342927353 0.024256248189055397 0.009176627449367357 0.010761332252751226
1 0.2435594227003014 0.10854727288951045 0.009280992590862772 0.009987789651621943
1 0.18128858441891876 0.3783439760622771 0.009388239487357761 0.008496947910474695
1 0.13788029940231986 0.26467124275539233 0.010001109993976097 0.010297028914741848
1 0.21517921530682105 0.24529931856238324 0.010419969973356827 0.012423805568529211
1 0.0987780301467232 0.10556821719459865 0.009844489719556726 0.010225638099338696
1 0.0844154928041541 0.23891031223794687 0.01086555356564729 0.011173600735871689
1 0.12348295813021451 0.1713706773260365 0.01095134279002314 0.011198572490526281
1 0.21650486407072644 0.3117652872334356 0.01066601794698964 0.01170293144557787
1 0.1511181696601536 0.09849134735439134 0.011118111403092094 0.010407966116200323
1 0.16113858119301175 0.2222355034040368 0.009959811749665634 0.010179333064867102
1 0.09254078761391016 0.06962615769842397 0.010871876841006071 0.010917461436727772
1 0.24260657766590948 0.0193699080011119 0.010834776836892834 0.010886752087136974
1 0.16896288809568982 0.17366951963175897 0.011568618857342262 0.01354571010755456
1 0.17869603115579355 0.11354582206062648 0.009762681048849354 0.00949202413144319
1 0.25550547890041186 0.14535494990970776 0.009260882502016813 0.009555495303610096
1 0.17466388059699017 0.08012993180233499 0.009090122969254204 0.009989380836486816
1 0.17327288959337317 0.13372965999271558 0.009629477625307829 0.008643678996873938
1 0.1440060864324155 0.3008247665736986 0.009717505911122198 0.009808789128842562
1 0.10799502289813498 0.1483907699584961 0.009396221326745075 0.009706974029541016
1 0.15350310180498206 0.31081444284190307 0.00965465670046599 0.00976110541302225
1 0.102260278618854 0.4298818733381189 0.010787694350532864 0.010532358418340269
1 0.10348144303197446 0.4772920815841011 0.009873006654822308 0.010188185650369396
1 0.16682996438897174 0.1231428281120632 0.009194861287656038 0.008972655171933382
1 0.13484372263369354 0.44654479752416193 0.009219604989756708 0.009094538895980171
1 0.1994170727937118 0.34590886986773944 0.008972872858462126 0.008172242537788723
1 0.24720643914264184 0.1390145084132319 0.012285813041355297 0.010755217593649159
1 0.11453457500623619 0.6804230109505032 0.010794556659200916 0.012082099914550781
1 0.1552920445151951 0.17909982930059015 0.009761561518130095 0.010084276613981827
1 0.10909839298414147 0.06874354248461516 0.010494418766187586 0.009253869885983675
1 0.20092640752377716 0.18876774414725925 0.009275685185971468 0.009338876475458559
1 0.21349212397699768 0.12732368448506232 0.01153464939283288 0.010631239932516346
1 0.10978460311889648 0.09797906357309091 0.009389939515487007 0.009818813075190004
1 0.1993191034897514 0.31988843627597974 0.009259451990542204 0.009111673935599949
1 0.12765965772711715 0.301872325980145 0.010090713915617569 0.009526439335035242
1 0.16842503651328708 0.31668615341186523 0.00830587096836256 0.008374255636463995
1 0.149212210074715 0.3425761409427809 0.009378733842269234 0.009548871413521145
1 0.11799822682919711 0.8136200697525687 0.011104065438975458 0.010793520056683083
1 0.06819577839063562 0.0435243080491605 0.010331454484359077 0.012048241884812065
1 0.07896705295728601 0.6406450478926949 0.010336575300797173 0.01281750720480214
1 0.07358685265416684 0.5529620958411176 0.013927573743073837 0.01170913032863451
1 0.13738208231718643 0.24338012156279187 0.010058029838230297 0.009462169978929602
1 0.066464989081673 0.5602486651876698 0.00912953459698221 0.010250423265540081
1 0.231719566428143 0.17725041638249933 0.009991915329642918 0.010193762571915337
1 0.2746919652690058 0.174904844035273 0.009800019471541695 0.009252009184464165
1 0.16212045628091562 0.39176675029422925 0.009595311206320057 0.009469913399737814
1 0.11461892335311226 0.4875647918037746 0.009525133215862772 0.010163431582243546
1 0.12890402648759924 0.13745375819828198 0.013635231100994606 0.012102075245069422
1 0.15344287519869598 0.2399808116581129 0.0096304002015487 0.010550187981646995
1 0.3117378898288893 0.2930278156114661 0.012526512145996094 0.012955168019170347
1 0.0824046645558983 0.6736935818918605 0.009326766804568279 0.009432376051844002
1 0.14875492323999817 0.19651264729707138 0.011133784833161728 0.01305847582609757
1 0.2278839505237082 0.33034130283024 0.008831044901972231 0.009116100228351095
1 0.18533697335616403 0.024314117172489994 0.011033286219057829 0.01104324019473532
1 0.0927264172097911 0.18408591850944186 0.009357431660527769 0.009639014368471891
1 0.16259348910787833 0.3518942957339079 0.01007606672204059 0.009877743928328804
1 0.20789643992548407 0.16188169562298316 0.00895491890285326 0.00943924033123514
1 0.21263365123582922 0.32682243637416675 0.009121065554411514 0.009085095447042713
1 0.12240763850834059 0.5258218309153682 0.012504380682240362 0.011782480322796364
1 0.0904299072597338 0.7573080684827721 0.010323835455853005 0.010051851687224014
1 0.23725665133932364 0.16383319834004276 0.009393692016601562 0.00980525431425675
1 0.13395616800888724 0.52612478836723 0.011113197907157566 0.011773814325747282
1 0.09214163863140604 0.17338200755741284 0.009387016296386719 0.009675160698268724
1 0.1421588607456373 0.05149206648702208 0.009563528973123302 0.00996281271395476
1 0.12964270944180695 0.054095198278841766 0.009652210318523905 0.010579694872317106
1 0.2974513820979906 0.19714361688365106 0.0099834566530974 0.009105640908946161
1 0.201715438262276 0.11154535542363705 0.011019603065822437 0.010728711667268173
1 0.18280773577482803 0.31413231725278107 0.009261131286621094 0.009057044982910156
1 0.16725229180377466 0.047885502162186996 0.009190248406451681 0.013620342897332233
1 0.17563858757848327 0.14631341851275897 0.010298200275587 0.010578507962434189
1 0.22501694637796152 0.0900352286255878 0.00911911674167799 0.00994923322097115
1 0.25598927166150964 0.1920154509337052 0.011461112810217815 0.010193265002706776
1 0.22755554448003357 0.151829921680948 0.00941678752069888 0.01023243821185568
1 0.2305048134015954 0.34025585651397705 0.009953395180080248 0.011319398880004883
1 0.08508010791695636 0.6580981586290442 0.010234412939652153 0.010204771290654722
1 0.13484810746234396 0.7678694517716117 0.010784605275029722 0.011679276176120922
1 0.1762219252793685 0.3038186405016028 0.008713317954021952 0.00977387635604195
1 0.10898836280988611 0.3325108237888502 0.01011204719543457 0.009716407112453295
1 0.2758327774379564 0.1634363557981408 0.009377396625021229 0.009200686993806259
1 0.2213486899500308 0.20020918224168863 0.009419835132101307 0.009540101756220278
1 0.19137954711914062 0.20932390378869098 0.012723300767981487 0.012469001438306726
1 0.17335502997688626 0.21133395899897034 0.009185272714366083 0.009976428488026495
1 0.06715477031210194 0.7210260888804559 0.010950326919555664 0.011218775873598845
1 0.21773034593333368 0.29889382486758026 0.0117920792621115 0.010529393735139267
1 0.07756928257320238 0.6495670857636824 0.009894713111545729 0.010826815729555876
1 0.21076669900313663 0.09172189753988516 0.011520696722942848 0.011233620021654211
1 0.22215864969336466 0.2524204565131146 0.008978822956914488 0.009278981581978176
1 0.17619761176731275 0.2834673135176949 0.009305414946182915 0.010037297787873642
1 0.23014694711436395 0.1382772041403729 0.011367134425951086 0.011120537052983824
1 0.11039941725523575 0.7550211782040804 0.010058143864507261 0.009741658749787704
1 0.11810979117517889 0.13147921665855075 0.009462677914163341 0.010114452113275942
1 0.10725418381069017 0.03479793667793273 0.009367300116497538 0.009821329427802044
1 0.2076575652412746 0.025947798853335174 0.009897522304369055 0.009758964828822924
1 0.09100059322688889 0.4130624325379082 0.010469364083331566 0.011340110198311184
1 0.2402770933897599 0.19127271486365277 0.009595145349917204 0.009790420532226562
1 0.2966891682666281 0.22340066536613132 0.012218122896940811 0.0118213529172151
1 0.13730383437612784 0.10119619576827339 0.009929978329202404 0.009896153989045517
1 0.09891001556230627 0.6469441496807596 0.01041195703589398 0.01103836557139521
1 0.13231205421945322 0.3647811723792035 0.01356915805650794 0.010305155878481657
1 0.13933185390804126 0.1312214706255042 0.00924055472664211 0.00919937050860861
1 0.19619228528893512 0.2779678469118865 0.009144243986710258 0.009376318558402683
1 0.07677300080009129 0.32625597456227184 0.010961926501730213 0.011535375014595364
1 0.23951987598253333 0.24735625930454422 0.010551970937977667 0.010383751081383747
1 0.2548306195632271 0.27352969542793604 0.011434078216552734 0.0111846923828125
1 0.08250011827634729 0.7004699914351755 0.01050865650177002 0.009296126987623133
1 0.06751099358434262 0.6935356388921322 0.009915030520895252 0.01054357445758322
1 0.12262989127117656 0.7551128967948582 0.010084401006283968 0.009485244750976562
1 0.17295385443645978 0.22390987562096634 0.00959014892578125 0.009706289871879246
1 0.21153036407802414 0.27728871677232825 0.008508661518926207 0.009156828341276749
1 0.12153332648069963 0.3337576389312744 0.011148504588914953 0.010027118351148523
1 0.14253418860228165 0.06946477423543515 0.00982038871101711 0.009378334750299868
1 0.1828618671583093 0.2229364540265954 0.012683495231296704 0.011232770007589588
1 0.1175037674281908 0.293720120969026 0.009450477102528448 0.010938478552776833
1 0.08396531706270965 0.4219165833100029 0.010108564210974651 0.010612560355144997
1 0.1500096839407216 0.12192293353702711 0.009127057116964588 0.00981593132019043
1 0.1409166792164678 0.5168686327726945 0.011132675668467646 0.01267640487007473
1 0.1548156790111376 0.07416805236235909 0.00966935572416886 0.010107055954311207
1 0.08902717932410863 0.43226956284564466 0.010708098826201065 0.01123853351758874
1 0.21423008130944296 0.17289080308831256 0.009035608042841372 0.009112575779790464
1 0.14949271471604056 0.3320288347161334 0.010149489278378694 0.01003470628157906
1 0.07163452842961186 0.6787413721499236 0.009355664253234863 0.010179685509723167
1 0.10399542165839153 0.7433456959931748 0.010049001030299976 0.011452757793924084
1 0.18821157579836637 0.26321207958719006 0.009037287338920261 0.00879569675611413
1 0.1982408399167268 0.33231395223866333 0.009903824847677479 0.00898605844248896
1 0.10854206914487091 0.1342994441156802 0.008756782697594685 0.009289782980213995
1 0.12215804017108418 0.07059381319128949 0.010160840075948963 0.009905162064925484
1 0.12047558763752812 0.71516345894855 0.009464751119199007 0.009656035381814709
1 0.20588309868522311 0.354467371235723 0.008481419604757557 0.00874191781748896
1 0.18298297343046765 0.16400755488354224 0.010844209919805113 0.017010906468267025
1 0.12230382276617963 0.10213225302488907 0.009563062501990276 0.00952402405116869
1 0.17969640441562817 0.3282054610874342 0.008756077807882557 0.00879358208697775
1 0.1352167492327483 0.319901881010636 0.01189832065416419 0.011613472648288891
1 0.1355673644853675 0.34327162867007055 0.009442308674687925 0.009380672288977581
1 0.24413459197334625 0.28348953827567724 0.010197349216627039 0.009584426879882812
1 0.21659463384877078 0.015548156331414762 0.011834890946097996 0.01024527459040932
1 0.1865809793057649 0.17761103484941565 0.009884398916493292 0.009162000987840735
1 0.27490957923557446 0.20734018864838974 0.00913300721541695 0.008888016576352327
1 0.2882504877836808 0.23051764654076617 0.008640206378439198 0.00908617351366126
1 0.2702787026115086 0.14574900399083676 0.009108543395996094 0.009582260380620542
1 0.1574781614801158 0.1297833142073258 0.009215945782868759 0.009432139603987984
1 0.16101232818935227 0.036347774059876145 0.009081612462582796 0.009681844193002453
1 0.1863741460053817 0.07824804731037306 0.013624274212381115 0.01156207271244215
1 0.20532296014868698 0.07859969398249751 0.011122434035591457 0.011345184367635975
1 0.06580358848998097 0.6588894906251324 0.005652206910408247 0.009652324344800303
1 0.11911667948183807 0.4058514988940695 0.010265764982804008 0.010709202807882557
1 0.2519811858301577 0.25210683242134424 0.011757664058519446 0.011211478191873302
1 0.1278162261714106 0.29041543214217475 0.010216205016426418 0.010082120480744736
1 0.1341480641746288 0.7854769392789238 0.007769001697229481 0.009338272289912186
1 0.1121030268461808 0.2730756116949994 0.010032757468845532 0.010112036829409391
1 0.22672465573186457 0.18846978311953336 0.009731106136156164 0.010176036668860394
1 0.08488913722660232 0.13382180877353833 0.00973225676495096 0.010662265445875086
1 0.0878519234449967 0.6880466419717541 0.009357151777847954 0.0098602875419285
1 0.21124656304069186 0.19684171676635742 0.009037162946618122 0.009861614393151325
1 0.16188319869663403 0.20061159133911133 0.009304606396219006 0.009493744891622791
1 0.08204929465832916 0.6284122259720512 0.010245328364164932 0.011624170386272926
1 0.19030955563420837 0.35180579190668854 0.00931853833405868 0.008819997310638428
1 0.11589345206385072 0.5109696388244628 0.00963939791140349 0.009283521901006285
1 0.11969650828320047 0.24167921232140582 0.009638589361439581 0.00974310999331267
1 0.16287607732026474 0.42206567266713013 0.0090722830399223 0.009729260983674423
1 0.21381622812022333 0.347153611805128 0.011026755623195484 0.011986960535464079
1 0.0847602279289909 0.27881106086399243 0.01038510384766952 0.011733303899350374
1 0.1441201075263645 0.21813344955444336 0.009746167970740276 0.010024734165357508
1 0.12927735888439676 0.7207676224086597 0.008959739104561184 0.009667645330014437
1 0.18592210437940518 0.3403696003167525 0.00919267405634341 0.009396019189254097
1 0.14916868831800378 0.3541921014371125 0.009425992551057236 0.010143342225447945
1 0.15690998927406644 0.32338276116744324 0.009903109591940174 0.010182484336521313
1 0.20973640939463742 0.2664933722952138 0.009233640587848166 0.008473748746125595
1 0.11080957495647928 0.5210069573443868 0.010278370069420856 0.010332024615743885
1 0.15342431483061417 0.4809630435446035 0.00933149586553159 0.009765956712805706
1 0.2051759906437086 0.17968717865321948 0.009627155635667883 0.009068675663160242
1 0.27926026219907013 0.26012167723282525 0.00922920392907184 0.009617764016856318
1 0.23983575986779254 0.0962162276972895 0.011499156122622282 0.01060343825298807
1 0.0750473268169139 0.6019546023083651 0.009975785179184888 0.011204216054186452
1 0.08930002088132111 0.7403686357581098 0.012298169343367867 0.015515037204908289
1 0.12173571275628131 0.7862144967784055 0.009446527646935505 0.008940406467603601
1 0.17275866736536444 0.1576035903847736 0.009166707163271696 0.009681027868519659
1 0.1017454551613849 0.3233588610006415 0.010006894236025602 0.01193940898646479
1 0.1962198485498843 0.3935498595237732 0.011608725008757217 0.012259809867195461
1 0.15347023113914157 0.4313469140425973 0.009800071301667587 0.01008842302405316
1 0.2225097469661547 0.26914842232413916 0.009510848833167034 0.0085534842117973
1 0.1585185527801514 0.14392326707425324 0.009588386701500935 0.009976003480994183
1 0.100456310355145 0.042744459017463356 0.009973961374034052 0.009595490020254383
1 0.11144538029380467 0.11284262201060419 0.00953258638796599 0.010214722674825916
1 0.12254736216171928 0.1450340229531993 0.009605853453926418 0.009783226510752802
1 0.1323456038599429 0.35462112012116803 0.01049439803413723 0.009754305300505264
1 0.2055614823880403 0.25436934180881665 0.009966953941013502 0.00921494027842646
1 0.15062746276026187 0.40349531173706055 0.009654884753019913 0.010026143944781761
1 0.10892713069915771 0.7805978940880817 0.009221647096716839 0.009733531786047894
1 0.2641366253728452 0.20600872454435928 0.014070137687351391 0.010850035625955334
1 0.11011848760687787 0.3460168035134026 0.011176762373551079 0.010296038959337317
1 0.13250183540841806 0.2140019354612931 0.009338140487670898 0.00970979358838952
1 0.11100077110788098 0.7036723675935164 0.01066024407096531 0.009415833846382473
1 0.11522149521371591 0.025462626115135528 0.009885611741439156 0.009747554426607878
1 0.10072076320648193 0.6745572712110437 0.009936425996863323 0.009954535442849865
1 0.120311773341635 0.7699946113254714 0.011219263076782227 0.011639553567637568
1 0.1680908617766007 0.1121598119321077 0.009233764980150305 0.009560356969418734
1 0.22642678799836533 0.30666431136753247 0.008789021035899286 0.009758140729821247
1 0.26153719943502673 0.17180332411890448 0.009283770685610563 0.009025915809299635
1 0.1532714781553849 0.36403180982755584 0.00958108901977539 0.009514305902564007
1 0.13664301582004712 0.33205857484237006 0.010081933892291527 0.010010263194208559
1 0.19725005523018216 0.16605097832887072 0.009345800980277683 0.010036810584690258
1 0.24645270471987515 0.29592869592749554 0.009298780690068785 0.009238595547883408
1 0.11792742687722912 0.23066709352576215 0.009123118027396824 0.009683650472889776
1 0.1367009152536807 0.3095233544059422 0.01006882087044094 0.010099493938943615
1 0.23103860150212824 0.013092773764029793 0.010718324910039488 0.009838463171668674
1 0.23770592523657758 0.2703436457592508 0.00909479804660963 0.008767770684283712
1 0.10196333346159561 0.6902066521022632 0.009632794753364895 0.010264106418775476
1 0.1438373793726382 0.01246246987062952 0.00932038348654042 0.0089289384043735
1 0.07732053165850432 0.44522117531817895 0.012636459392050037 0.011899326158606487
1 0.15472094390703284 0.21028302026831583 0.009524169175521187 0.009572298630424168
1 0.16856800473254663 0.37898518987323926 0.009970592415851095 0.011079192161560059
1 0.11280548572540283 0.43386504961096717 0.0098550734312638 0.010452851005222485
1 0.13266662411067798 0.012348781461301058 0.009578590807707413 0.007724189239999523
1 0.1642235776652461 0.36913295414136804 0.009699095850405485 0.009855850883152174
1 0.17875268148339313 0.2563106806381889 0.01028572994729747 0.010196126025655994
1 0.1279232709304146 0.023407871308534042 0.009126331495202106 0.009747800619705864
1 0.1284045758454696 0.25362760087718134 0.010302357051683508 0.010247458582339079
1 0.23654291940772015 0.3037425227787184 0.009055241294529127 0.009806322014850119
1 0.09325722766959149 0.4832338509352311 0.013380553411400837 0.012821311536042587
1 0.16496631373529846 0.30707312666851544 0.009691653044327446 0.010620635488758917
1 0.07754449999850728 0.31713561389757244 0.010115877441737964 0.01285633833512016
1 0.11146562514097794 0.6914705608202063 0.010313231012095575 0.010871057925016983
1 0.1144777588222338 0.4999177559562352 0.01020956039428711 0.010306772978409477
1 0.09479266664256221 0.6658747921819272 0.011317895806354027 0.011282008627186651
1 0.12511099421459695 0.22243170116258704 0.008917839630790379 0.010159741277280062
1 0.1675826362941576 0.3273013260053551 0.010265143021293308 0.010288342185642407
1 0.19439450554225757 0.2893814625947371 0.011110347250233526 0.009425826694654383
1 0.1277470640514208 0.23347404728765075 0.009555205054905104 0.009462978528893513
1 0.10768967607746951 0.7950965839883556 0.009118214897487474 0.008736112843389097
1 0.2045648305312447 0.2872539914172629 0.009139786595883577 0.008672030075736668
1 0.21265837420587952 0.33799879447273584 0.008285004159678583 0.008720667465873386
1 0.1080717833145805 0.24066360100455902 0.011346630428148352 0.01162800581558891
1 0.09076758052991783 0.7473754260850989 0.009587972060493801 0.009796432826829992
1 0.12292291807091754 0.029731097428695015 0.008663633595342222 0.009984389595363451
1 0.11077977263409158 0.8083828843158224 0.012625445490298063 0.010921685591987942
1 0.08778067775394606 0.1643758079280024 0.009532876636670984 0.011779526005620542
1 0.07040657655386566 0.6688203466137637 0.008883143929237948 0.00714336616931585
1 0.22366819174393363 0.013817952378936436 0.008700184200121008 0.009485437818195509
1 0.1604960019190005 0.33350214404810224 0.010265143021293308 0.010288342185642407
1 0.17776967320844603 0.3361596374949938 0.010265143021293308 0.010288342185642407
1 0.07930426201676707 0.6883097958497641 0.009326766804568279 0.009432376051844002
1 0.07487511553229387 0.7007114319352583 0.009326766804568279 0.009432376051844002
1 0.08594798174347693 0.6790085687856436 0.009326766804568279 0.009432376051844002
1 0.12315281221305197 0.7046976721055959 0.009326766804568279 0.009432376051844002
1 0.1275819586975252 0.7489892295537888 0.009326766804568279 0.009432376051844002
1 0.12839017374481368 0.7748469654913573 0.007769001697229482 0.009338272289912186
1 0.07067564962290152 0.6593324061996142 0.005652206910408247 0.009652324344800303
