0 0.101902 0.316576 0.01087 0.013587
0 0.11277200000000001 0.315217 0.013587 0.013587
0 0.190897 0.128397 0.012228 0.017663
0 0.247283 0.173913 0.019022 0.019022
0 0.418478 0.5081519999999999 0.013587 0.016304
0 0.42391299999999993 0.495924 0.013587 0.016304
0 0.5998639999999998 0.964674 0.02038 0.019022
0 0.642663 0.9463320000000001 0.016304 0.017663
0 0.648098 0.832201 0.016304 0.02038
0 0.652853 0.925272 0.017663 0.01087
0 0.6630429999999999 0.91712 0.013587 0.01087
0 0.6650820000000001 0.944973 0.017663 0.017663
0 0.6732340000000001 0.8349180000000002 0.017663 0.017663
0 0.679348 0.922554 0.01087 0.019022
0 0.69769 0.8865490000000001 0.012228 0.012228
0 0.700408 0.844429 0.014946 0.017663
0 0.7126360000000002 0.921196 0.017663 0.013587
0 0.7092390000000001 0.88587 0.008152 0.019022
0 0.73981 0.966712 0.017663 0.017663
0 0.7432069999999998 0.982337 0.013587 0.01087
0 0.754755 0.910326 0.014946 0.016304
0 0.77038 0.91644 0.01087 0.014946
0 0.235734 0.747283 0.009511 0.016304
0 0.23981000000000002 0.7574730000000001 0.017663 0.012228
0 0.2866850000000001 0.7751360000000002 0.016304 0.014946
0 0.288723 0.9456519999999999 0.017663 0.019022
0 0.302989 0.8036679999999999 0.01087 0.009511
0 0.302989 0.8091029999999999 0.01087 0.009511
0 0.302989 0.753397 0.01087 0.009511
0 0.3125 0.750679 0.01087 0.009511
0 0.315217 0.79144 0.01087 0.012228
0 0.322011 0.786005 0.01087 0.009511
0 0.32880399999999993 0.767663 0.01087 0.016304
0 0.376359 0.720788 0.016304 0.014946
0 0.390625 0.716033 0.014946 0.013587
0 0.5658970000000001 0.675272 0.014946 0.01087
0 0.5726900000000001 0.6657609999999999 0.012228 0.01087
0 0.5781249999999999 0.651495 0.009511 0.014946
0 0.588315 0.651495 0.01087 0.014946
0 0.754755 0.09714699999999998 0.014946 0.014946
0 0.757473 0.08152199999999998 0.014946 0.019022
0 0.838995 0.112092 0.02038 0.014946
0 0.8444290000000001 0.125 0.012228 0.013587
0 0.8845109999999999 0.558424 0.013587 0.019022
0 0.903533 0.525815 0.013587 0.016304
0 0.908288 0.5944290000000001 0.012228 0.014946
0 0.9137230000000001 0.529212 0.012228 0.014946
0 0.925272 0.5964669999999999 0.01087 0.016304
0 0.9307069999999998 0.5679349999999999 0.01087 0.016304
