1 0.21616338646930194 0.3672630268594492 0.011505500130031421 0.012059875156568445
1 0.3741640759551007 0.36725748233173205 0.012365501859913702 0.012991332489511242
1 0.22449296453724737 0.40671021005381713 0.012232863384744396 0.01233648217242697
1 0.22595706193343454 0.6249986731487772 0.012202677519425102 0.013868580693783968
1 0.38098066526910535 0.5300757055697233 0.012948922489000403 0.013965751813805622
1 0.3828234905781953 0.1303520047146341 0.011919856071472168 0.013315294099890667
1 0.27092087787130603 0.19674638043279236 0.0104974249134893 0.01029062271118164
1 0.22555826021277386 0.1543839340624602 0.010876987291418987 0.011197266371353813
1 0.4089874391970427 0.4572425095931343 0.011476060618524965 0.012661892434825068
1 0.4155663977498594 0.40326305316842115 0.012796557467916737 0.013302714928336765
1 0.20872686220251996 0.5666598548059878 0.011193855949070141 0.012154392574144446
1 0.22553309150364087 0.537680086882218 0.010298189909561821 0.01073729473611583
1 0.24207076819046683 0.4382479087166164 0.014188911603844685 0.012772062550420347
1 0.23355043452718985 0.6460515416186788 0.012481585792873218 0.013027336286461872
1 0.19144664640011996 0.4538961908091669 0.010889239933179773 0.012534017148225204
1 0.29243033865223755 0.3609324978745502 0.010123874830163044 0.011719543000926142
1 0.270194675611413 0.24804935248001758 0.010003463081691578 0.010910925657852837
1 0.24689839197241742 0.41989896608435595 0.011851165605627972 0.012260727260423742
1 0.36712132329526154 0.23150170367697012 0.011288684347401495 0.013113643812096638
1 0.35796926462132006 0.5872097637342371 0.012733560541401739 0.012972251228664234
1 0.1987786811331044 0.46918228916499927 0.014247334521749744 0.02247879816138226
1 0.36958715319633484 0.5458049359528915 0.012088088885597561 0.013124300085979958
1 0.24888253211975095 0.4607062961744225 0.013152433478313942 0.014427682627802309
1 0.3888016420861949 0.16433292368183963 0.012026382529217262 0.012755922649217688
1 0.34377120888751483 0.583599795465884 0.011900818866232166 0.012548778368079144
1 0.42382683961287787 0.2297067953192669 0.01136879298997962 0.012226664501687756
1 0.28989854066268256 0.5038702798926312 0.011239342067552649 0.012365299722422724
1 0.3116470938143523 0.4011364605115807 0.010855861332105554 0.014092030732528023
1 0.3234353470413581 0.5967065977013629 0.012823310235272284 0.014854762865149456
1 0.40170329290887585 0.17768478393554688 0.01245631860650104 0.012744903564453125
1 0.33379770459040353 0.4820101416629294 0.012672746311063353 0.017014804093734077
1 0.4190880785817685 0.2727815586587657 0.012138874634452488 0.012851176054581352
1 0.2376348454019298 0.5140224539715311 0.01173264047373896 0.012282081272291101
1 0.2578836005666982 0.6525602548018745 0.01337563473245372 0.012928133425505264
1 0.19128872000652808 0.519014254860256 0.01164946348770805 0.013498181882111923
1 0.40215448711229407 0.37983298819998035 0.011793924414593239 0.013440847396850586
1 0.40630103712496557 0.41801183120064117 0.011389721994814665 0.01332780589228091
1 0.39529599314150604 0.21150770394698434 0.011169060416843579 0.011063513548477837
1 0.3141548944556195 0.13333932213161304 0.009897232055664062 0.010109548983366592
1 0.28052407762278686 0.6119546060976774 0.011563238890274712 0.012218060700789742
1 0.3687269337799238 0.3813091723815255 0.012570015762163244 0.012655973434448242
1 0.22830173243647034 0.5657961057580035 0.011118308357570484 0.011626782624617867
1 0.37550320055173786 0.09489274024963379 0.011318388192549995 0.012304368226424507
1 0.2687501596367877 0.5087490081787109 0.011858338895051376 0.01272657643193784
1 0.39627400688503106 0.47838406977446185 0.012799677641495415 0.01292438092439071
1 0.21468040217523993 0.5550898883653723 0.011361744092858356 0.01193025837773862
1 0.324593316277732 0.10108684456866722 0.01057127312473629 0.010446196017057999
1 0.39167836697205255 0.4951984571373981 0.012104163999142855 0.012184640635614809
1 0.25192602821018384 0.358437849127728 0.012553629667862602 0.02098369598388672
1 0.2712131997813349 0.641164551610532 0.012447357177734375 0.012939826301906421
1 0.3548607605954875 0.14775621372720468 0.010774692763452944 0.010483866152556046
1 0.37794533760651305 0.07405652688897174 0.012007718500883682 0.013185832811438519
1 0.38997691869735723 0.3860355460125467 0.011706886084183403 0.013033327849014946
1 0.3425665290459342 0.1065294587093851 0.011750050213025965 0.011906820794810419
1 0.22190059786257538 0.3828876044439232 0.012013787808625595 0.01322229530500329
1 0.31696879345437756 0.5304537026778512 0.01174561873726223 0.012887083965799084
1 0.22714044736779257 0.42422122540681256 0.011599748030952785 0.011954390484353771
1 0.30098845647728956 0.3128601779108462 0.009954639103101648 0.009553701981254246
1 0.38682412842045655 0.06206367585970009 0.01223220514214557 0.012674088063447372
1 0.20351167347120203 0.5391498855922533 0.012144213137419327 0.013197318367336109
1 0.22397019552147907 0.08052904709525731 0.011591807655666187 0.011446216832036558
1 0.23719112769417142 0.4948251765707265 0.01164965007616126 0.011845505755880604
1 0.21930503845214844 0.2421551165373429 0.011858649875806726 0.012694358825683594
1 0.32780946159492375 0.5770135962444803 0.012196285245211227 0.012345687202785328
1 0.41304941799329675 0.3522052013355752 0.011197193809177563 0.012392277302949326
1 0.20422093764595364 0.5867094164309293 0.011732806330141813 0.01389524211054263
1 0.30709329895351245 0.5125202303347379 0.011766869088877802 0.015777795211128567
1 0.2890196157538373 0.43512545461240015 0.011152288188105043 0.012184101602305536
1 0.3258126569992822 0.058538286582283355 0.00962882246012273 0.01056199488432511
1 0.28622795187908673 0.5283702352772588 0.011457774950110394 0.01141456935716712
1 0.38976144272348157 0.3169378508692202 0.012174233146335766 0.012997233349344006
1 0.22610521316528323 0.33264668998510943 0.010656564132027004 0.012180641941402271
1 0.23916389631188434 0.3903016784916754 0.010939639547596807 0.011729893477066704
1 0.35162944897361426 0.07254287989243217 0.010726032049759575 0.011344391366709833
1 0.42496484258900524 0.2111135773036791 0.010907504869543987 0.012029689291249151
1 0.3586618641148443 0.057922342549199646 0.011005640029907227 0.01110751732535984
1 0.3359682070820228 0.6190336268881093 0.012751073293063953 0.013328510781993036
1 0.21451295977053433 0.45107161480447516 0.01126842913420304 0.011483731477156929
1 0.3530641405478768 0.5745501518249511 0.011305731275807257 0.011698059413744055
1 0.37086120377416193 0.44019923521124793 0.012812002845432446 0.013131525205529255
1 0.23465123383895212 0.1681929360265317 0.01045426078464674 0.011652345242707626
1 0.24128154049748957 0.4048344570657481 0.011039339977761974 0.011808395385742188
1 0.3789069911708002 0.5024639730868133 0.013011009796806004 0.013365683348282524
1 0.3428170577339503 0.015211548818194347 0.011564213296641474 0.011373622909836147
1 0.3076434653738271 0.44331178976141894 0.011773710665495499 0.013026807619177776
1 0.336246949499068 0.6329496736111848 0.013005696561025537 0.01477106757785963
1 0.41714524704477063 0.175828710846279 0.012209819710772972 0.012669552927431852
1 0.351040683362795 0.45978595381197723 0.013610256754833717 0.013363288796466331
1 0.25433772543202277 0.3935638484747514 0.010796298151430876 0.011260566504105278
1 0.3344873863717784 0.3913750855819038 0.012208057486492653 0.013057791668435802
1 0.2597846881203029 0.4245076542315276 0.010794950568157692 0.012620480164237644
1 0.3859549657158229 0.4015037287836489 0.012252444806306259 0.012354809304942255
1 0.2487344430840534 0.32300094255934597 0.01103216668833857 0.012913980561753979
1 0.3973566863847816 0.28559231758117676 0.010991614797840948 0.011598690696384594
1 0.23310314054074494 0.35031143478725263 0.011878739232602327 0.011810655179231064
1 0.30246617483056115 0.2265844967054284 0.01066284594328507 0.010495434636655062
1 0.36500789289889135 0.5309174786443296 0.0119528459466022 0.01232922595480214
1 0.21159776397373367 0.5152071247930112 0.011929242507271145 0.011910977570906929
1 0.2795548957327138 0.4732161190198816 0.010896247366200323 0.010807161745817764
1 0.3475551048050756 0.5273911434671154 0.012228190898895264 0.012286642323369566
1 0.3441131270450095 0.4093050593915193 0.012880791788515837 0.013060248416403065
1 0.25075721740722656 0.5887926143148671 0.010979237763778023 0.011190124180005945
1 0.29127267132634704 0.6029052734374999 0.012466161147407864 0.012691000233525816
1 0.20300897308017898 0.49060282499893854 0.013935192771579907 0.015770870706309444
1 0.30377999595973804 0.06349041928415713 0.010178151337996773 0.010233511095461638
1 0.3919456627057947 0.451724736586861 0.011777152185854704 0.011934404787809952
1 0.3239659116319988 0.34671370102011634 0.010200685780981312 0.010783221410668415
1 0.3163777019666588 0.3229372741087623 0.010762007340140965 0.013222016718076624
1 0.26662420189898944 0.5606398375137992 0.011800434278405231 0.012407302856445312
1 0.20721605549687927 0.4322111295617145 0.011083768761676292 0.012179996656334919
1 0.2235928722049879 0.4385825447414233 0.01124350920967434 0.011201029238493546
1 0.3765385047249172 0.04656349187311919 0.010984130527662195 0.011157095432281494
1 0.23119248514590057 0.547453901042109 0.010790741961935291 0.012132934902025305
1 0.33669382690087607 0.3769510336544203 0.01190011203289032 0.012452731961789339
1 0.4297158251637998 0.3713137377863345 0.011135588521542757 0.011093865270199984
1 0.23903196790943976 0.6159820556640626 0.011127907296885614 0.011873659880264946
1 0.3702687556328981 0.4704686817915543 0.012310574884000032 0.013012606164683466
1 0.2623505074044932 0.3683897567831952 0.01128132446952488 0.010805969652922257
1 0.2339084770368493 0.4472987755485204 0.011001814966616423 0.012439769247303839
1 0.35324202283569006 0.3764182691988738 0.011854982894399891 0.013091771498970364
1 0.11016006573386815 0.08818509526874709 0.011895895004272461 0.01212440884631613
1 0.2687595616216245 0.4549914391144463 0.010642424873683765 0.011101463566655699
1 0.3534415649331134 0.08827313392058662 0.010860764462014904 0.011802771817082945
1 0.3420837858448858 0.5639794183814008 0.012268771295962126 0.013204533120860224
1 0.34900419997132337 0.26353403796320374 0.012110406937806503 0.014056102089259937
1 0.401332544243854 0.16012742726699167 0.012114690697711449 0.01297195061393406
1 0.3553777285244154 0.5158420956653097 0.013015648593073305 0.013562306113865063
1 0.2227104539456575 0.5965063675590183 0.011160000510837719 0.012342204218325407
1 0.35069118245788244 0.32292016401239065 0.010280922703121021 0.012125361872755962
1 0.2255253791809082 0.46811814930128015 0.011683878691300102 0.012705719989279041
1 0.24769987230715546 0.3793064822321353 0.01104269856991975 0.010534410891325577
1 0.25752389949301013 0.34195939354274585 0.010637552841849949 0.010765448860500171
1 0.24141405976336933 0.6287280165630839 0.012003504711648693 0.013051198876422386
1 0.25587536977685016 0.19083969489387845 0.011513647825821587 0.010782677194346552
1 0.36628345302913506 0.6222010799076246 0.013947186262711235 0.015084826427957287
1 0.3762039412622866 0.34309455622797425 0.010836912238079567 0.011396283688752548
1 0.36467014836228406 0.09899756701096245 0.010720737602399744 0.011608258537624195
1 0.23416209220886233 0.378544921460359 0.010273663893989895 0.0111126070437224
1 0.19889405499333918 0.4416745849277662 0.011672330939251442 0.013026983841605808
1 0.29365263814511505 0.4471979763196863 0.010681691377059273 0.01165244890295941
1 0.261243198228919 0.4433541919874109 0.013049706168796704 0.013589610224184782
1 0.20137256124745243 0.4637210109959478 0.011671854102093239 0.012204761090485947
1 0.3878458168195641 0.4380959894346155 0.010743566181348719 0.011317906172379204
1 0.36988504036613135 0.29603831664375635 0.010864651721456776 0.012427910514499829
1 0.3480427822341089 0.5455357406450354 0.012070860551751179 0.013492522032364555
1 0.3592413184435471 0.11319775166718857 0.02217504511708799 0.01270225773686948
1 0.24994064413982886 0.5539448261260985 0.011420291403065557 0.01190652018008025
1 0.2457020904706872 0.2079752942790156 0.01146679339201554 0.011759529943051546
1 0.32952304702738056 0.30574216013369354 0.011351257562637329 0.011455162711765454
1 0.2197641186092211 0.3525581774504289 0.010759001192839249 0.01203255031419837
1 0.35380141631416656 0.28261635614478064 0.010694711104683254 0.010130115177320398
1 0.3975404708281808 0.25829493481179944 0.010487525359443996 0.010672859523607336
1 0.31053076619687286 0.42075558330701746 0.011069422182829483 0.01170305583788001
1 0.2383316599804422 0.48100340884664783 0.011258477750031845 0.01186897443688434
1 0.4145155730454818 0.43874007204304577 0.012162011602650518 0.012482259584509808
1 0.3119401724442192 0.6256643378216288 0.011670941891877548 0.012075175409731657
1 0.22318368372709854 0.4840212334757266 0.01132245685743249 0.011070427687271782
1 0.3075256243995998 0.6053050704624342 0.012081125508184019 0.013924432837444801
1 0.36472054408944177 0.0768178545910379 0.012536105902298637 0.019069360650104027
1 0.3020869027013364 0.5842851555865743 0.012409935826840609 0.012362272843070652
1 0.2569204724353293 0.2744589784870977 0.009660326916238537 0.009750221086585003
1 0.21960050126780634 0.22315385030663532 0.011704672937807829 0.01299967973128609
1 0.2839980229087498 0.11905690898065982 0.009711991185727327 0.00975017962248429
1 0.30084679437720263 0.16129470389822256 0.010207818902057152 0.010371799054353134
1 0.2693226648413617 0.014246750461018604 0.010642673658288044 0.01094229519367218
1 0.2815164586772089 0.5880791208018428 0.012217459471329399 0.01264679950216542
1 0.3802206749501436 0.2592790126800537 0.009882662607275921 0.014471945555313774
1 0.3086709146914275 0.5532807889192001 0.01402307593304178 0.01649964374044667
1 0.07288455963134767 0.07669522451317828 0.011263183925462805 0.012024983115818188
1 0.34452823711478187 0.05891111363535342 0.011195524879123852 0.010967601900515348
1 0.3342521582608638 0.11799346882364023 0.010141504199608513 0.011510102645210598
1 0.2954462714817213 0.1063924613206283 0.010216339774753735 0.01116496583689814
1 0.28653213252191956 0.28742266737896466 0.009476412897524626 0.01000282038813052
1 0.39113525722337805 0.23442075563513715 0.009986048159391983 0.012979092805281929
1 0.24926358720530634 0.25340039833732275 0.01104215953661048 0.010646094446596891
1 0.32897382812655485 0.5397527010544486 0.01225712830605714 0.012821135313614555
1 0.26380811566891876 0.5471065148063328 0.011466254358706266 0.01219778475554093
1 0.33750586794770276 0.5053759657818339 0.01273833409599636 0.013499177020529041
1 0.36960100609323254 0.3297443778618522 0.010385440743487816 0.015988634980243187
1 0.09701624642247739 0.025197954929393272 0.009744571602862814 0.010121375322341919
1 0.2961391366046408 0.01312687215597733 0.010483492975649626 0.010307407897451649
1 0.2372873244078263 0.3339790536657624 0.009980098060939623 0.010148573828780132
1 0.28032977684684424 0.0389729582745096 0.009006272191586702 0.009935969891755478
1 0.38058886838995887 0.48316337751305616 0.012726420941560165 0.013422924539317255
1 0.2652570164721945 0.3528121865313986 0.010589827661928923 0.010984089063561481
1 0.26153799761896546 0.6179513516633407 0.010911215906557829 0.012750625610351562
1 0.23835586464923358 0.10441642740498418 0.010099245154339333 0.010983995769334875
1 0.2231588363647461 0.5802750172822372 0.010251335475755774 0.012207984924316406
1 0.32259197662705963 0.6170845861020295 0.012317881635997608 0.013395392376443615
1 0.24762036489403766 0.17676190707994544 0.010526304659636124 0.01130595414534859
1 0.3190622329711914 0.1849834607995075 0.009520033131475035 0.010530969370966372
1 0.35316991806030273 0.21216874537260633 0.010578943335491676 0.011150297911270805
1 0.2500970052636188 0.2924290947292162 0.010836020759914234 0.01217813077180282
1 0.2608028391133184 0.4045665575110394 0.01254228923631751 0.013244711834451427
1 0.25964318151059357 0.6038545318271802 0.010736423990000849 0.011252071546471638
1 0.35723876434823754 0.4769977849462758 0.013843712599381157 0.012517690658569336
1 0.31824037303095276 0.08725863435994022 0.009337839872940727 0.009719361429629118
1 0.2362228061841882 0.5975097987962805 0.012825592704441235 0.010891458262567934
1 0.3725075125694275 0.17802654141965119 0.01149235082709271 0.012587443641994312
1 0.29443654806717584 0.14318051545516305 0.009725923123567001 0.009495507115903109
1 0.3110634554987368 0.14626679731451947 0.00990059064782184 0.010331558144610863
1 0.272027762039848 0.13300967216491702 0.009762390800144361 0.00939910308174465
1 0.08869336221529091 0.04174183633016503 0.011748039204141369 0.011661158955615501
1 0.25094115215799084 0.4860101782757303 0.011373893074367359 0.021589113318401833
1 0.3352779454511145 0.039688438177108765 0.01161112085632656 0.011649802975032642
1 0.3391843762086785 0.36443797401759936 0.012283250041629955 0.01337034805961277
1 0.40416237841481745 0.23324218003646188 0.010194690331168797 0.009907681009043818
1 0.35811615119809687 0.0360350181227145 0.010234996028568432 0.01147680438083151
1 0.27404007704361627 0.6616924120032269 0.012811909551205843 0.01290230129076087
1 0.3789455242778944 0.5644851560178011 0.012842691462972889 0.013785776884659477
1 0.3314024080400882 0.1838144115779711 0.010857110438139542 0.011134997658107593
1 0.2775206565856933 0.5178786153378694 0.011301745539126188 0.011506205019743546
1 0.30111378172169556 0.6434046703836193 0.01215281693831734 0.012391712354577106
1 0.30866098403930664 0.11778160281803299 0.010328873344089672 0.01089223571445631
1 0.26744960701983905 0.5915360036103623 0.011147084443465523 0.011256715525751528
1 0.33103947098488395 0.55379114980283 0.012096237553202587 0.012313137883725374
1 0.36511254699333856 0.12611373611118482 0.011158728081247082 0.011810323466425356
1 0.30149573865144147 0.38548081854115357 0.00959802710491678 0.011085468789805536
1 0.368032965971076 0.08334584339805272 0.011222274407096531 0.010920265446538511
1 0.3642274193141771 0.2068173159723697 0.010778883229131285 0.011276410973590355
1 0.28887345479882276 0.02861677952434706 0.009473116501517918 0.009651072647260584
1 0.2311487094215725 0.526656959367835 0.011219211246656336 0.010434150695800781
1 0.3420082563939302 0.3490054970202239 0.010610958804254946 0.01070094108581543
1 0.3347534634496855 0.026300272863844166 0.011456472718197365 0.010660652233206707
1 0.2018809214882229 0.5259170117585557 0.010898776676343836 0.01220379705014436
1 0.2876511656719705 0.20079297604768173 0.009891841722571331 0.010083157083262568
1 0.09199817543444425 0.09966339754021686 0.01147479078044062 0.012078088262806768
1 0.244850552600363 0.5741322766179624 0.01074007283086362 0.011346029198688011
1 0.23229614548061206 0.36582718724789826 0.011439136836839758 0.011594606482464333
1 0.2744391897450323 0.16620000548984692 0.009711555812669836 0.01010876116545304
1 0.12044311606365701 0.021685155189555626 0.010884803274403448 0.012731213932451994
1 0.22917451029238495 0.19192751594211743 0.011918648429538891 0.01243827653967816
1 0.21381952451623007 0.0650785928187163 0.011632131493609886 0.012946113296177075
1 0.33745499279188074 0.06949015544808429 0.011439463366632876 0.011687035145966904
1 0.36454008714012476 0.3116812187692393 0.009807892467664637 0.010052411452583645
1 0.35236422264057665 0.33791678884755016 0.010225516298542852 0.010898880336595617
1 0.2752228301504384 0.1831431596175484 0.010577512824017067 0.011655268461807915
1 0.3228149258572122 0.1665587114251178 0.010789798653644066 0.011500296385391899
1 0.35082171792569367 0.20307351195293927 0.010582291561624279 0.016013207642928413
1 0.21312786185223126 0.6031520055687946 0.011336824168329653 0.012953675311544666
1 0.3962873583254607 0.2716355945753015 0.012967275536578636 0.010888431383215862
1 0.3035427072773809 0.1948927070783532 0.01127369507499363 0.010815558226212212
1 0.36527716724768927 0.19028818089029062 0.010666471460591192 0.01119362789651622
1 0.2961265004199484 0.13218182584513788 0.009525610053020975 0.009894174078236456
1 0.27280125410660455 0.23395392169123108 0.009690865226413893 0.009746199068815811
1 0.38259745421616925 0.2751234199689782 0.01018548530081044 0.010442008142885954
1 0.34399322582327796 0.30820726311725116 0.01082896667978038 0.010419928509256115
1 0.30837120180544647 0.3703811816547228 0.01064306756724482 0.010581571122874384
1 0.2900232232135275 0.24122908841008722 0.01121919051460598 0.010118754013724949
1 0.31254421109738556 0.34267751030299975 0.010349584662395973 0.01088316544242527
1 0.3562232774236928 0.012015910576219145 0.01085804856341818 0.010877173231995624
1 0.33895211310490325 0.09378518228945523 0.010720109162123306 0.011932766955831776
1 0.2872720075690228 0.07301011033680128 0.009259451990542204 0.009638656740603239
1 0.29858520756597107 0.2782127338906993 0.009171942005986753 0.01156014981477157
1 0.32641795407170837 0.19690731297368586 0.011634101038393766 0.011502680571182915
1 0.32696376024219004 0.01163458629794743 0.01093531958758831 0.0112629234790802
1 0.24319653925688367 0.023707995596139328 0.011156849239183508 0.01469580634780552
1 0.09155441367107889 0.015152959719948145 0.011487774226976477 0.012265249438907787
1 0.06859840776609338 0.054060443587925125 0.010896801948547363 0.010503043299135954
1 0.2719050697658373 0.3853779046431832 0.014884409697159477 0.012942065363344938
1 0.28224826895672345 0.3374030149501303 0.010447585064431896 0.01033573046974514
1 0.2737150917882505 0.0951344396757043 0.010030145230500595 0.009801087172135063
1 0.3036991720614226 0.0887392344682113 0.009737906248673149 0.010361847670181938
1 0.23599441155143405 0.12162161910015604 0.009973961374034052 0.010379770527715269
1 0.30556632124859356 0.2639923510344132 0.010673294896664827 0.01054282810377038
1 0.28563872627590015 0.2611646859542183 0.010943329852560291 0.013795728268830673
1 0.3360779285430908 0.32314421787210135 0.012106128360914148 0.012772870452507683
1 0.10426840056543765 0.015433981366779492 0.011060310446697731 0.01216820011968198
1 0.25727052273957624 0.30825981886490533 0.01037572777789572 0.01128752335258152
1 0.26168500858804455 0.10564351600149402 0.009076636770497198 0.00946943656257961
1 0.3234925584300704 0.3701425492763519 0.011303840124088783 0.014859559743300728
1 0.30405177240786346 0.02798814099767934 0.009535582169242527 0.010800392731376316
1 0.3768266594928244 0.2832815958106 0.010592170383619226 0.014937276425568954
1 0.35922160615091736 0.5596670586129894 0.014084562011387036 0.013117728026016899
1 0.31146893293961236 0.07767969629038936 0.009920493416164232 0.009575118189272673
1 0.24680066108703613 0.07175543256427931 0.008929729461669922 0.009793234908062479
1 0.23574381289274793 0.22029201880745267 0.012593683989151665 0.012754378111466118
1 0.34355546080547833 0.17542143490003506 0.010840519614841625 0.011645959771197777
1 0.373519884503406 0.13707806234774383 0.010982404584470003 0.011682479277901028
1 0.25323483218317444 0.13585771166759988 0.01062979905501656 0.010771492253179136
1 0.2795038637907609 0.5442290720732316 0.01128225741179093 0.012376909670622452
1 0.353782313025516 0.11449528258779773 0.011062474354453709 0.011554645455401878
1 0.2916742926058562 0.27090075741643493 0.009306223496146824 0.009362365888512653
1 0.4016389121179995 0.4423741257709006 0.011175342228101648 0.012073309525199558
1 0.26037233808766236 0.2876012221626613 0.010232075400974438 0.010224217953889267
1 0.2449554982392684 0.5312634551006815 0.011673388273819633 0.012252600296683933
1 0.3977211558300515 0.2238688987234364 0.00944438187972359 0.010023925615393597
1 0.24589544793833856 0.6051703535992167 0.010233215663744055 0.010836767113727074
1 0.25323269678198773 0.49246464604916773 0.010232365649679432 0.011415149854577106
1 0.2591617314711861 0.15375550933506177 0.010968685150146484 0.010756243830141813
1 0.38989216866700543 0.41556870419046155 0.01143429590308148 0.011568359706712805
1 0.23475414773692255 0.06317112238510796 0.010142036106275476 0.011107786842014477
1 0.27053439098855725 0.6261838208074155 0.011693249578061312 0.012643026269000511
1 0.2579651293547257 0.32882538049117377 0.009845236073369566 0.0113788480344026
1 0.3255225397322489 0.07589151030001431 0.009602034221524778 0.01049252178357995
1 0.4318501068198163 0.3423928819272829 0.011268771213033924 0.012927673433137976
1 0.25104738318401837 0.1021847673084425 0.008839897487474524 0.010215852571570355
1 0.2618804288947064 0.5744096921837848 0.010700951451840609 0.010626336802606997
1 0.4294194242228632 0.35999575905177905 0.011260882667873218 0.011858732804008152
1 0.3552775059057319 0.3540219690488732 0.01141832444978797 0.012654605119124702
1 0.31150222861248517 0.17452542678169583 0.009656408558721128 0.011035960653553839
1 0.29342434717261273 0.04363669390263765 0.010775089263916016 0.010297497977381167
1 0.23505306243896484 0.04502460619677667 0.010902736497961956 0.010770945445350979
1 0.35286683232887933 0.1617233545883842 0.010906170243802278 0.011027605637260105
1 0.3021348455677862 0.3289590639912564 0.009920410487962805 0.010111587203067283
1 0.3581697992656542 0.4924492214037025 0.014326551686162535 0.017417078432829483
1 0.07836101366126019 0.09027323256368222 0.011055210362309996 0.011718299077904743
1 0.3069691347039264 0.49278056103250256 0.011088723721711533 0.012343116428541101
1 0.3230954117101172 0.2625979340594748 0.011390658824340157 0.01935465439506199
1 0.38406255970830505 0.24982089581696884 0.010826276696246605 0.011663436889648438
1 0.3137184536975363 0.5823503369870394 0.01119901822960895 0.01172011831532354
1 0.28645211717356805 0.08734410223753555 0.009796619415283203 0.010363692822663681
1 0.3105150616687277 0.3032300783240277 0.010792213937510614 0.009938862012780231
1 0.2803160418634829 0.05431675910949707 0.010536608488663383 0.009710519210152004
1 0.28030933504519256 0.21919653726660687 0.01012625901595406 0.010888908220374065
1 0.11213389168614926 0.03974799099175826 0.011928174806677776 0.010641603366188381
1 0.3219041280124499 0.2887006842571756 0.011317268661830738 0.011482031449027683
1 0.29884891924650775 0.2126909131589143 0.010428221329398777 0.008988753609035326
1 0.23630208554475204 0.13677357590716815 0.010141662929369055 0.012677026831585426
1 0.2606484579003375 0.17171901205311652 0.008747556935185972 0.010188641755477242
1 0.264786958694458 0.47585463523864746 0.010911547619363537 0.010948699453602667
1 0.2902396761852762 0.49177115896473755 0.011268968167512314 0.012151883996051292
1 0.31723117828369146 0.3591006683266681 0.010205600572668987 0.010498451149981956
1 0.29150753435881244 0.38553299333738245 0.011562098627505095 0.011888934218365212
1 0.24659329911936884 0.12238125179124915 0.00953668096791143 0.009242265120796535
1 0.3842083345288816 0.2898297620856244 0.009749396987583326 0.010608984076458473
1 0.26313244778177014 0.38304022084111755 0.010684013366699219 0.01195526123046875
1 0.3272721404614656 0.1360379301983377 0.00986958586651346 0.011367445406706436
1 0.26526214765465783 0.07273906469345094 0.008376411769701086 0.008957557056261145
1 0.29005531642747956 0.3283059493355129 0.009989489679751188 0.010747951009999151
1 0.31134728763414465 0.10424652306929877 0.010818502177362856 0.010402347730553669
1 0.3216122252785641 0.11894839224608049 0.01159550184788911 0.011466575705486794
1 0.316438861515211 0.5675377638443656 0.012634733448857847 0.012129327525263247
1 0.2994202427242113 0.17938161932903784 0.009618572566820227 0.010165546251379925
1 0.2920565605163574 0.34606517527414404 0.009249770123025646 0.009622353574504023
1 0.27551600207453186 0.06901503645855446 0.008944573609725288 0.009564358255137568
1 0.40460878869761585 0.24709325251371964 0.010906095090119736 0.01083330486131751
1 0.34361160708510363 0.12757722709489905 0.010428835516390593 0.015115105587503185
1 0.32114982766949607 0.5023478528727656 0.013938492406969484 0.013191451197085173
1 0.23373400646707285 0.5837134692979895 0.010637615038001019 0.011790441430133324
1 0.3476023311200349 0.04542277688565462 0.009990199752475904 0.012813422990881878
1 0.2630652137424635 0.08837765196095343 0.008994392726732336 0.008748158164646315
1 0.27827785326086957 0.10953276572020157 0.010808405668839165 0.010677721189415974
1 0.3412186231302179 0.29441550503606384 0.009850955527761707 0.009489743605903957
1 0.3247706449550131 0.1543133777120839 0.010892095773116402 0.010768164759096891
1 0.4230751680291217 0.34784775583640387 0.011675813923711363 0.01303922352583512
1 0.26888715702554455 0.3160110556561014 0.009463248045548149 0.010170687799868376
1 0.2892279521278713 0.5608562593874724 0.012382113415261974 0.014014492864194124
1 0.35568535068760754 0.1352463546006576 0.011423592982084854 0.010690284811932106
1 0.3648687523344289 0.3483297837817151 0.010118831758913786 0.011100087476813274
1 0.3159092198247495 0.018126408690991608 0.010582550712253735 0.011478540690048882
1 0.3166459228681482 0.03376147539719292 0.010215448296588402 0.009539422781571098
1 0.3485804394535396 0.03150266279344973 0.010210625503374182 0.011203281257463537
1 0.3415978097397348 0.3383885751599851 0.010459726271422012 0.01127617773802384
1 0.24204917576002039 0.08670748316723367 0.010272648023522419 0.013712582380875298
1 0.2814953741819962 0.35330548623333813 0.010715629743493122 0.010678661906200905
1 0.2605253924494204 0.03908313227736432 0.008688304735266644 0.009326222150222115
1 0.3586327718651813 0.17213208779044772 0.010768683060355808 0.010569220003874405
1 0.27935721563256305 0.44998423949531885 0.011155066282852837 0.011657424595045008
1 0.2629210948944091 0.22237878260405167 0.010483969812807829 0.01107931137084961
1 0.3221592673141023 0.04263226882271145 0.012294972072476927 0.011481399121491806
1 0.2887277603149414 0.16534675204235572 0.009542962779169497 0.009598783824754797
1 0.31679234297379205 0.0614608707635299 0.010947061621624489 0.015092015266418457
1 0.30742261720740277 0.051495412121648376 0.00942217785379161 0.009671895400337551
1 0.32254828480274783 0.6309410696444304 0.012173070207886074 0.012767314910888672
1 0.24719649812449582 0.23108425347701364 0.008893655694049337 0.010240368221117102
1 0.3811590904774873 0.30656355360279913 0.01043068326037863 0.011892256529434868
1 0.28358193065809173 0.15073945211327594 0.009556500808052395 0.008659196936565897
1 0.2542092903800633 0.014582264034644417 0.010991179424783459 0.010631479646848596
1 0.08114740122919498 0.056377522323442536 0.00911991492561672 0.010739912157473356
1 0.3471981883049011 0.13620632109434708 0.011426910110141918 0.011311686557272205
1 0.33087261717604555 0.33777027220829675 0.01070079628540122 0.012149998675221983
1 0.2559442934782609 0.23734693941862683 0.010670081428859546 0.011615255604619566
1 0.2756774114525836 0.3001300873963729 0.009800288988196331 0.010092673094376274
1 0.3276948054199634 0.22839456019194226 0.012004695508791052 0.011884585670802906
1 0.14318581249402917 0.03793939559356026 0.010666308195694633 0.012050229570140009
1 0.3131272792816162 0.24643465747003973 0.01071210529493249 0.011150505231774372
1 0.32416746927344287 0.39167917811352276 0.013426386791726818 0.012367652810138206
1 0.2573977346005647 0.05557291663211325 0.008736112843389097 0.009333812672158947
1 0.355469216471133 0.30550015490988025 0.010540941487187925 0.010638734568720278
1 0.09176951387654178 0.08292964748714281 0.0097708391106647 0.008687423623126486
1 0.31616075142570166 0.221838028534599 0.010503955509351648 0.011348786561385445
1 0.25554233011992084 0.5661560763483462 0.012983591660209324 0.010320124418839165
1 0.2699873343757961 0.1498749411624411 0.009043320365574049 0.010572464569755222
1 0.2902656119802724 0.2257451907448147 0.010252641594928245 0.010622086732283882
1 0.31350758801335876 0.20460296713787574 0.01111007773357889 0.011019084764563519
1 0.0779729330021402 0.04098003973131594 0.009488867676776388 0.009649896103402843
1 0.10499568607496178 0.07318535317545352 0.009014005246369736 0.009214665578759235
1 0.35567060112953186 0.18487438948258106 0.010633061761441439 0.011551235033118206
1 0.3663053149762361 0.03932466195977252 0.01350204840950344 0.012437830800595491
1 0.28131474619326385 0.019891604133274243 0.00890901814336362 0.009936218676359757
1 0.2503378909567128 0.044158445752185325 0.009181437285050102 0.009331604708795961
1 0.3184971705726955 0.38144629934559693 0.010923364888066832 0.011293577111285667
1 0.3174326730811078 0.4101614174635514 0.009890224622643513 0.011351160381151281
1 0.25407388935918396 0.08180797359217769 0.009032622627590014 0.008873882501021675
1 0.3381301009136697 0.15753395661063815 0.010124507157698921 0.012387109839397926
1 0.31066249764483905 0.6849503931791885 0.01345850073772928 0.014072791389797046
1 0.24660751093988836 0.2633357462675675 0.0107275506724482 0.010847672172214672
1 0.21319696177606995 0.47431284448374866 0.010899046192998472 0.011033555735712465
1 0.2793468496073847 0.3724710112032683 0.01120536223701809 0.011711099873418394
1 0.26447295105975605 0.4913620326829993 0.010781184486720875 0.012872944707455843
1 0.2631455711696459 0.11986425130263617 0.010386301123577614 0.01070206061653469
1 0.268634557723999 0.048507146213365646 0.009133940157682999 0.009315843167512314
1 0.07614112677781479 0.015527750162974648 0.010609331338301949 0.010980493996454321
1 0.0669738883557527 0.03328404348829519 0.009355088938837465 0.01241609583730283
1 0.2707389852275019 0.2800512624823529 0.009583701258120329 0.01013227131055749
1 0.39430970730988874 0.4268787425497304 0.013110627298769743 0.010836497597072437
1 0.3432551907456439 0.2813506437384564 0.010689533275106678 0.013309458027715269
1 0.28353874579719873 0.14173129330510678 0.009301123411759087 0.010158020517100458
1 0.09134736527567328 0.06293668954268745 0.009863578754922619 0.010427640831988792
1 0.3335623695798543 0.051760411780813476 0.011016098053559013 0.010813272517660389
1 0.19396510331527048 0.018700952763142792 0.010634214981742527 0.012614539136057314
1 0.298482086347497 0.34325601290101593 0.009295214777407438 0.009992152452468872
1 0.15414063826851224 0.043794047573338386 0.010633986929188604 0.011710724105005678
1 0.2480656271395476 0.1637489432873933 0.00942750599073327 0.009355596874071203
1 0.2486593412316364 0.36590653398762574 0.011749474898628567 0.010018110275268555
1 0.3188167758609938 0.7201083224752673 0.01505961625472359 0.015036956123683765
1 0.1803353973056959 0.02071621819682743 0.010685506074324898 0.011863549118456633
1 0.16871440928915274 0.04189849806868512 0.011483793673307999 0.012863959955132526
1 0.3081940464351488 0.29233349924502167 0.00969515676083772 0.010731945867123812
1 0.36124100633289496 0.32763453929320624 0.01074069997538691 0.013640564420948858
1 0.3418329766263132 0.23015794546707816 0.012577130742695019 0.017753207165261974
1 0.256456530612448 0.028969423926394917 0.009960236756697945 0.009325890437416409
1 0.18606113350909687 0.03340021941972816 0.01070727472719939 0.010063129922618036
1 0.2422353806702987 0.1591089445611705 0.011241767717444378 0.013009807337885317
1 0.3305378972512225 0.08513985768608424 0.010470389995885931 0.01181935745736827
1 0.295664237893146 0.2559061568716298 0.009282008461330248 0.010053904160209324
1 0.3673487538876741 0.5617759849714197 0.011388529901919157 0.012210244717805283
1 0.2422882473987082 0.010436627365972683 0.00968591026637865 0.010288628871026247
1 0.28813470964846405 0.1835547322812288 0.009861137555993122 0.010657932447350544
1 0.33282137305840204 0.14489742465641187 0.010017115136851435 0.011324312375939411
1 0.10993414339811906 0.02821810867475427 0.009967928347380264 0.010954851689546005
1 0.4083722156027089 0.22263361060101056 0.010911775671917458 0.010159202243970789
1 0.11251421078391699 0.06517403540403946 0.008598358734794285 0.009047290553217348
1 0.2953726934350055 0.29348345424817956 0.00985166300898013 0.010630545408829399
1 0.41415418749270233 0.21584290006886359 0.01117762275364088 0.011428480562956436
1 0.33345001028931665 0.28552957203077234 0.009007132571676502 0.010735884956691578
1 0.32376234395348513 0.2694278074347455 0.009593195889307104 0.010702900264574133
1 0.27064669650533923 0.6022406039030657 0.01053781094758407 0.012301071830417797
1 0.3334019702413808 0.2457125186920166 0.011422032895295517 0.011142253875732422
1 0.3065268267755923 0.35602705504583276 0.010248184204101562 0.010333499182825502
1 0.2793668249379034 0.31573472852292267 0.011101598324983017 0.010492055312446926
1 0.08221666968387106 0.02861892658731212 0.009291374165078869 0.01060057204702626
1 0.2892631551493769 0.30327481808869733 0.009481616642164148 0.009929408197817595
1 0.1096941440001778 0.05804237075473951 0.010956525802612305 0.013545482055000637
1 0.2709976693858271 0.4664281762164572 0.010132706683614979 0.009873348733653193
1 0.14892799957938815 0.01263873991758927 0.010910925657852837 0.011148442392763884
1 0.08610493463018665 0.0744342881700267 0.009443464486495308 0.008879697841146717
1 0.3466581572657046 0.2712300238401993 0.010092051132865574 0.012283553247866423
1 0.36542589897694794 0.33674003766930627 0.010107576847076416 0.010650054268215015
1 0.2661346870919932 0.06329689336859662 0.00814112373020338 0.010330780692722485
1 0.33995008079901984 0.16171916153119958 0.009232756884201714 0.010980761569479237
1 0.3953290685363438 0.24766272047291632 0.010269118391949196 0.009873825570811396
