0 0.07337000000000002 0.9599180000000002 0.013587 0.014946
0 0.076766 0.855299 0.012228 0.017663
0 0.08899500000000002 0.8505429999999999 0.012228 0.016304
0 0.096467 0.9150820000000001 0.013587 0.014946
0 0.128397 0.894022 0.012228 0.016304
0 0.138587 0.8892660000000001 0.008152 0.014946
0 0.150136 0.908288 0.012228 0.014946
0 0.15692899999999999 0.8654889999999998 0.014946 0.013587
0 0.157609 0.886549 0.013587 0.014946
0 0.16032600000000002 0.909647 0.01087 0.014946
0 0.171196 0.776495 0.013587 0.014946
0 0.18070699999999998 0.858696 0.013587 0.013587
0 0.20855999999999997 0.83356 0.014946 0.017663
0 0.21195699999999998 0.851223 0.013587 0.017663
0 0.22010900000000003 0.91712 0.01087 0.013587
0 0.22554299999999997 0.851223 0.013587 0.014946
0 0.22893999999999998 0.813179 0.012228 0.014946
0 0.231658 0.938179 0.012228 0.014946
0 0.24388599999999996 0.80163 0.014946 0.013587
0 0.26494599999999996 0.7900820000000001 0.013587 0.014946
0 0.389266 0.621603 0.02038 0.014946
0 0.39741800000000005 0.602582 0.012228 0.017663
0 0.407609 0.6012230000000001 0.016304 0.014946
0 0.421875 0.533288 0.023098 0.02038
0 0.4402170000000001 0.45856 0.021739 0.017663
0 0.45380400000000004 0.446332 0.021739 0.017663
0 0.5074730000000001 0.259511 0.012228 0.013587
0 0.516304 0.277853 0.013587 0.014946
0 0.535326 0.21467399999999998 0.013587 0.013587
0 0.548913 0.173234 0.013587 0.014946
0 0.5971470000000001 0.016984 0.012228 0.009511
0 0.6025820000000001 0.055027 0.014946 0.012228
0 0.6066580000000001 0.018342 0.014946 0.012228
