0 0.7881199075203803 0.30552270144633153 0.011358012323369564 0.011796661044836955
0 0.8051481355869565 0.37628844546603263 0.010914346445652175 0.011225575986413043
0 0.805093485918478 0.3115930457520381 0.012022267217391304 0.012592813243206522
0 0.7065858579363007 0.3263983837403256 0.009801928958396303 0.011086745018381739
0 0.7070209363641304 0.3146893981793479 0.009886700173913044 0.010394303695652174
0 0.7778092783417122 0.32628908407404894 0.011229805324728259 0.011008635811141304
0 0.7188800008777174 0.28241627151358695 0.00957571941847826 0.010113716125
0 0.7869304683172555 0.37283137611005435 0.008832848591032609 0.009759571241847826
0 0.7626095342370927 0.316100691140625 0.01019917363722826 0.010377883911684782
0 0.723625152611413 0.31723622691983694 0.011274918266304345 0.011427257372282607
0 0.7343346465372949 0.3907270480725863 0.012504504154568252 0.009054985767101158
0 0.7444676068004794 0.404309526723238 0.013798073549868378 0.010348555162401353
0 0.7537381874667972 0.3385530824621463 0.013366883751434955 0.009917365363968002
0 0.7323942924443446 0.3501952070198479 0.01207331435613483 0.008192606170234384
0 0.7574033007534812 0.374773025530551 0.014660453146735364 0.00991736536396786
0 0.7272200148631438 0.3980572746459539 0.010348555162401425 0.006467846976500766
0 0.7604216293425148 0.2749525871932215 0.012935693953001532 0.009486175565534615
0 0.7420960629090958 0.2857323321540563 0.010779744960834704 0.006899036774934189
0 0.7451143914981295 0.27020949941045436 0.014229263348301942 0.007761416371800927
0 0.7263576352662772 0.2926313689289905 0.009486175565534438 0.006899036774934224
0 0.7317475077466945 0.2980212414094079 0.007330226573367611 0.008192606170234384
0 0.7326098873435611 0.2848699525571895 0.009917365363968002 0.0060366571780674505
0 0.80052228059682 0.2682691453175041 0.00948617556553458 0.007330226573367646
0 0.7401557088161455 0.2784021055806887 0.011210934759268128 0.007761416371800997
0 0.8136735694490382 0.27710853618538855 0.012504504154568394 0.008623795968667771
0 0.7345502406576379 0.2922001791305571 0.009486175565534438 0.006899036774934224
0 0.8147239931702798 0.35278411255148456 0.011210934759268128 0.011210934759268057
0 0.7864810613728929 0.3853389423332053 0.007330226573367611 0.009054985767101158
0 0.7946736675431272 0.38943524541832253 0.009054985767101016 0.006899036774934189
0 0.7972608063337276 0.3816738290465216 0.010779744960834704 0.007761416371800962
