0 0.266304 0.63587 0.013587 0.013587
0 0.290761 0.972826 0.008152 0.008152
0 0.290761 0.984375 0.008152 0.006793
0 0.29687500000000006 0.9802990000000001 0.004076 0.006793
0 0.29891299999999993 0.987092 0.008152 0.006793
0 0.306386 0.981658 0.009511 0.006793
0 0.30774499999999994 0.987772 0.006793 0.005435
0 0.381793 0.644022 0.008152 0.01087
0 0.387228 0.648098 0.005435 0.01087
0 0.38994599999999996 0.6345110000000002 0.005435 0.01087
0 0.394701 0.6474180000000002 0.006793 0.012228
0 0.394701 0.636549 0.006793 0.009511
0 0.40149499999999994 0.644701 0.006793 0.012228
0 0.6494570000000001 0.66644 0.008152 0.012228
0 0.6630430000000002 0.659647 0.008152 0.009511
0 0.6650820000000001 0.671196 0.006793 0.01087
0 0.726902 0.6908970000000001 0.008152 0.012228
0 0.7357340000000001 0.692255 0.012228 0.014946
0 0.077446 0.918478 0.01087 0.01087
0 0.087636 0.942935 0.009511 0.01087
