0 0.9045638208803924 0.879532005475915 0.006540961887525476 0.006448953048042629
0 0.8637224072995394 0.8810907446819801 0.005857343259065047 0.007157615993333899
0 0.8837345994037129 0.9113754811494246 0.005486073701278023 0.006342473237410835
0 0.9301467356474502 0.9051861141038977 0.005483751711638078 0.005775783372961957
0 0.887365584449316 0.9209431025686705 0.00752859530241593 0.006438835807468581
0 0.8664487341175908 0.8652255638785984 0.0072393831999405574 0.00724829798159392
0 0.9306700955266537 0.9176393384518831 0.005875338678774627 0.006690771683402683
0 0.8541191557179326 0.8541539855625317 0.006980937460194464 0.007395329682723335
0 0.8486621523158102 0.8478885372119467 0.006980937460194464 0.007395329682723336
0 0.8472473736560008 0.8408146439128992 0.006980937460194464 0.007395329682723336
0 0.85795926922313 0.860217322676001 0.006980937460194464 0.007395329682723336
0 0.8717028333469939 0.8810347800989125 0.006980937460194464 0.007395329682723336
0 0.8818083952027762 0.8701207732946676 0.006980937460194464 0.007395329682723336
0 0.8884780660275924 0.8753756654596745 0.006980937460194464 0.007395329682723336
0 0.8915097345843271 0.8812368913360282 0.006980937460194464 0.007395329682723336
0 0.896764626749334 0.8826516699958377 0.006980937460194464 0.007395329682723336
0 0.9014131852029937 0.8866938947381507 0.006980937460194464 0.007395329682723336
0 0.905859632419538 0.8921508981402729 0.006980937460194464 0.007395329682723336
0 0.912125080770123 0.8931614543258513 0.006980937460194464 0.007395329682723336
0 0.9220285313887895 0.9101387982435658 0.006980937460194464 0.007395329682723336
0 0.9141461931412794 0.8986184577279738 0.006980937460194464 0.007395329682723336
0 0.9208158639660958 0.8988205689650897 0.006980937460194464 0.007395329682723336
0 0.9076786335535789 0.9036712386558654 0.006980937460194464 0.007395329682723336
0 0.9050511874710755 0.9105430207177971 0.006980937460194464 0.007395329682723336
0 0.8987857391204903 0.9071071296868312 0.006980937460194464 0.007395329682723336
0 0.8892865109760549 0.9083197971095252 0.006980937460194464 0.007395329682723336
0 0.8850421749966264 0.901448015047593 0.006980937460194464 0.007395329682723336
0 0.878574615408926 0.8974057903052801 0.006980937460194464 0.007395329682723336
0 0.877968281697579 0.8838643374185317 0.006980937460194464 0.007395329682723336
0 0.8846379525223951 0.8862896722639196 0.006980937460194464 0.007395329682723336
0 0.8777661704604628 0.890534008243348 0.006980937460194464 0.007395329682723336
0 0.8854463974708575 0.891544564428926 0.006980937460194464 0.007395329682723336
0 0.8941371806668301 0.8907361194804636 0.006980937460194464 0.007395329682723336
0 0.8917118458214425 0.8994269026764364 0.006980937460194464 0.007395329682723336
0 0.9107103021103132 0.9141810229858787 0.006980937460194464 0.007395329682723336
0 0.8975730716977963 0.9170105803054979 0.006980937460194464 0.007395329682723336
0 0.9058596324195376 0.9230739174189675 0.006980937460194464 0.007395329682723336
0 0.9141461931412794 0.9234781398931987 0.006980937460194464 0.007395329682723336
0 0.9204116414918646 0.9281266983468587 0.006980937460194464 0.007395329682723336
0 0.9264749786053339 0.9224675837076206 0.006980937460194464 0.007395329682723336
0 0.9295066471620685 0.9301478107180152 0.006980937460194464 0.007395329682723336
0 0.8957540705637557 0.9244886960787772 0.006980937460194464 0.007395329682723336
0 0.8989878503576061 0.92853092082109 0.006980937460194464 0.007395329682723336
0 0.9026258526256876 0.9327752568005185 0.006980937460194464 0.007395329682723336
0 0.9101039683989667 0.9329773680376343 0.006980937460194464 0.007395329682723336
0 0.9121250807701231 0.9402533725737976 0.006980937460194464 0.007395329682723336
0 0.9216243089145584 0.9402533725737976 0.006980937460194464 0.007395329682723336
0 0.9295066471620688 0.9386364826768725 0.006980937460194464 0.007395329682723336
0 0.9299108696363002 0.9434871523676481 0.006980937460194464 0.007395329682723336
0 0.9258686448939873 0.9449019310274578 0.006980937460194464 0.007395329682723336
0 0.9159651942753206 0.945912487213036 0.006980937460194464 0.007395329682723336
0 0.9258686448939873 0.9517737130893897 0.006980937460194464 0.007395329682723336
0 0.9230390875743683 0.9612729412338251 0.006980937460194464 0.007395329682723336
0 0.9278897572651438 0.9572307164915119 0.006980937460194464 0.007395329682723336
0 0.9313256482961098 0.9647088322647909 0.006980937460194464 0.007395329682723336
0 0.9299108696363002 0.9683468345328725 0.006980937460194464 0.007395329682723336
0 0.928293979739375 0.9752186165948045 0.006980937460194464 0.007395329682723336
0 0.923241198811484 0.9709742806153758 0.006980937460194464 0.007395329682723336
0 0.9323362044816881 0.9786545076257704 0.006980937460194464 0.007395329682723336
0 0.9327404269559193 0.9572307164915119 0.006980937460194464 0.007395329682723336
0 0.9325383157188035 0.9475293771099611 0.006980937460194464 0.007395329682723336
