0 0.4804321207763826 0.45318011204361175 0.006661366172656997 0.009325912641719612
0 0.4895677086703121 0.450515565574549 0.006661366172656997 0.009325912641719612
0 0.5002258945465635 0.4370976708553405 0.005900067181496924 0.007612989911607155
0 0.5044130389979479 0.4334815006473269 0.005900067181496924 0.007612989911607155
0 0.5066969359714301 0.42682013447467 0.005900067181496924 0.007612989911607155
0 0.5129776526485066 0.4108328556602936 0.005900067181496924 0.007612989911607155
0 0.5263003849938201 0.3969391490716094 0.005900067181496924 0.007612989911607155
0 0.5335327254098476 0.39960369554067227 0.005900067181496924 0.007612989911607155
0 0.5196390188211653 0.4016972677663649 0.00590006718149695 0.00494844344254539
0 0.5274423334805634 0.4121651288948256 0.00590006718149695 0.00494844344254539
0 0.5190680445777948 0.4072166854522804 0.00590006718149695 0.00494844344254539
0 0.5266810344894026 0.4064553864611197 0.00590006718149695 0.00494844344254539
