1 0.222826 0.79144 0.013587 0.014946
1 0.22893999999999998 0.7724180000000002 0.014946 0.014946
1 0.23165799999999998 0.8308420000000001 0.014946 0.012228
1 0.233016 0.800951 0.012228 0.012228
1 0.23980999999999997 0.847826 0.012228 0.013587
1 0.24524499999999996 0.79212 0.014946 0.016304
1 0.253397 0.809103 0.014946 0.012228
1 0.256114 0.7486409999999999 0.012228 0.01087
1 0.256793 0.767663 0.013587 0.013587
1 0.257473 0.723505 0.014946 0.014946
1 0.263587 0.877038 0.013587 0.009511
1 0.268342 0.825408 0.02038 0.014946
1 0.26426599999999995 0.742527 0.009511 0.014946
1 0.266304 0.69837 0.013587 0.013587
1 0.26834199999999997 0.7900820000000001 0.014946 0.012228
1 0.271739 0.7642660000000001 0.013587 0.014946
1 0.272418 0.674592 0.014946 0.014946
1 0.274457 0.726902 0.013587 0.013587
1 0.27649499999999994 0.8417120000000001 0.014946 0.012228
1 0.27649499999999994 0.8682069999999998 0.014946 0.013587
1 0.28192900000000004 0.777853 0.017663 0.012228
1 0.28125 0.7411680000000002 0.013587 0.014946
1 0.281929 0.7119569999999998 0.014946 0.01087
1 0.28260900000000005 0.6970109999999999 0.016304 0.013587
1 0.282609 0.800951 0.013587 0.014946
1 0.286005 0.762908 0.012228 0.017663
1 0.29212 0.8186140000000001 0.016304 0.012228
1 0.29211999999999994 0.72894 0.013587 0.014946
1 0.29211999999999994 0.847147 0.013587 0.014946
1 0.309103 0.7432069999999998 0.012228 0.016304
1 0.3125 0.980299 0.013587 0.014946
1 0.314538 0.7194290000000001 0.014946 0.012228
1 0.32269 0.911685 0.017663 0.016304
1 0.324049 0.252038 0.012228 0.017663
1 0.338315 0.8349180000000002 0.013587 0.014946
1 0.347147 0.786685 0.017663 0.016304
1 0.347826 0.869565 0.016304 0.016304
1 0.347826 0.440217 0.013587 0.016304
1 0.351223 0.9001360000000002 0.014946 0.017663
1 0.351223 0.966033 0.012228 0.013587
1 0.355299 0.690217 0.017663 0.019022
1 0.359375 0.9830159999999999 0.014946 0.009511
1 0.360734 0.949049 0.014946 0.014946
1 0.362092 0.9157609999999999 0.014946 0.013587
1 0.363451 0.862092 0.014946 0.014946
1 0.36412999999999995 0.83288 0.016304 0.021739
1 0.36412999999999995 0.8111409999999999 0.013587 0.016304
1 0.366848 0.42866800000000005 0.013587 0.014946
1 0.36820699999999995 0.9701089999999999 0.016304 0.013587
1 0.37024500000000005 0.9388589999999999 0.014946 0.013587
1 0.377038 0.40013600000000005 0.014946 0.014946
1 0.377717 0.784647 0.016304 0.017663
1 0.377717 0.752717 0.013587 0.016304
1 0.37975500000000006 0.8315220000000001 0.014946 0.021739
1 0.381114 0.722147 0.017663 0.017663
1 0.381793 0.919837 0.019022 0.016304
1 0.381793 0.380435 0.016304 0.01087
1 0.383152 0.34307100000000007 0.016304 0.014946
1 0.387228 0.73913 0.016304 0.013587
1 0.387908 0.36413000000000006 0.014946 0.01087
1 0.389266 0.983696 0.017663 0.01087
1 0.391984 0.612772 0.014946 0.019022
1 0.398777 0.750679 0.02038 0.014946
1 0.39673899999999995 0.96875 0.013587 0.016304
1 0.39741800000000005 0.7982340000000001 0.014946 0.017663
1 0.40013600000000005 0.894701 0.014946 0.017663
1 0.40013600000000005 0.9157609999999999 0.012228 0.013587
1 0.40013600000000005 0.375 0.012228 0.013587
1 0.402174 0.7744569999999998 0.016304 0.013587
1 0.404891 0.34442900000000004 0.016304 0.012228
1 0.40692900000000004 0.8525820000000001 0.02038 0.02038
1 0.40625 0.332201 0.016304 0.014946
1 0.407609 0.3125 0.013587 0.013587
1 0.408288 0.870924 0.014946 0.016304
1 0.412364 0.8369569999999998 0.017663 0.019022
1 0.414402 0.36616800000000005 0.01087 0.014946
1 0.41711999999999994 0.952446 0.016304 0.013587
1 0.419158 0.8213320000000001 0.02038 0.014946
1 0.419837 0.5788039999999999 0.019022 0.019022
1 0.421875 0.38722800000000007 0.014946 0.021739
1 0.42255399999999993 0.309783 0.016304 0.013587
1 0.424592 0.9843750000000001 0.014946 0.012228
1 0.42866800000000005 0.8505430000000002 0.014946 0.021739
1 0.42934799999999995 0.298234 0.016304 0.012228
1 0.43070699999999995 0.339674 0.016304 0.019022
1 0.430707 0.367527 0.013587 0.017663
1 0.43274500000000005 0.266984 0.017663 0.014946
1 0.432065 0.942255 0.013587 0.017663
1 0.43410300000000007 0.768342 0.012228 0.017663
1 0.43410300000000007 0.434783 0.012228 0.013587
1 0.43682100000000007 0.321332 0.017663 0.012228
1 0.43682100000000007 0.309103 0.014946 0.012228
1 0.4375 0.745924 0.01087 0.019022
1 0.439538 0.294158 0.012228 0.014946
1 0.44225500000000006 0.355978 0.014946 0.016304
1 0.449049 0.9286680000000002 0.014946 0.02038
1 0.449049 0.7051629999999999 0.012228 0.019022
1 0.451766 0.777174 0.017663 0.013587
1 0.449728 0.305027 0.01087 0.012228
1 0.45244599999999996 0.796875 0.016304 0.017663
1 0.45244599999999996 0.957201 0.013587 0.025815
1 0.45380399999999993 0.8919840000000001 0.013587 0.014946
1 0.454484 0.263587 0.012228 0.016304
1 0.45516299999999993 0.43070699999999995 0.013587 0.016304
1 0.45516299999999993 0.47350500000000006 0.013587 0.017663
1 0.455842 0.825408 0.014946 0.02038
1 0.45652199999999993 0.325408 0.013587 0.012228
1 0.45787999999999995 0.451087 0.016304 0.013587
1 0.45856 0.7411680000000002 0.017663 0.014946
1 0.45923899999999995 0.290761 0.016304 0.013587
1 0.46263600000000005 0.5 0.017663 0.027174
1 0.46263600000000005 0.7567929999999999 0.014946 0.016304
1 0.463315 0.31385900000000005 0.013587 0.016304
1 0.46399500000000005 0.274457 0.014946 0.01087
1 0.467391 0.41440200000000005 0.016304 0.024457
1 0.466033 0.390625 0.01087 0.014946
1 0.46807100000000007 0.794837 0.014946 0.013587
1 0.471467 0.815217 0.013587 0.021739
1 0.472826 0.43682100000000007 0.013587 0.014946
1 0.47350500000000006 0.46263600000000005 0.012228 0.014946
1 0.476223 0.5624999999999999 0.012228 0.016304
1 0.478261 0.548913 0.013587 0.016304
1 0.480299 0.342391 0.012228 0.016304
1 0.480299 0.785326 0.012228 0.013587
1 0.480978 0.658967 0.013587 0.016304
1 0.483016 0.8736409999999999 0.014946 0.01087
1 0.483016 0.476223 0.012228 0.017663
1 0.48369599999999996 0.8267660000000001 0.01087 0.012228
1 0.485734 0.9626360000000002 0.012228 0.017663
1 0.48777199999999993 0.858696 0.016304 0.013587
1 0.48912999999999995 0.7350540000000001 0.013587 0.021739
1 0.49116800000000005 0.2615489999999999 0.012228 0.014946
1 0.49320699999999995 0.8138589999999999 0.016304 0.019022
1 0.494565 0.840353 0.016304 0.012228
1 0.497283 0.692255 0.013587 0.02038
1 0.497962 0.765625 0.009511 0.017663
1 0.503397 0.7126360000000002 0.014946 0.014946
1 0.504755 0.309103 0.014946 0.017663
1 0.5061139999999998 0.7411680000000002 0.009511 0.02038
1 0.5081520000000002 0.808424 0.01087 0.016304
1 0.5169840000000001 0.322011 0.014946 0.013587
1 0.519022 0.220109 0.016304 0.013587
1 0.519701 0.236413 0.014946 0.013587
1 0.5224179999999999 0.377038 0.02038 0.02038
1 0.5237770000000002 0.342391 0.014946 0.013587
1 0.527174 0.415761 0.016304 0.013587
1 0.528533 0.293478 0.013587 0.019022
1 0.532609 0.43138600000000005 0.013587 0.012228
1 0.5407609999999999 0.6345109999999999 0.016304 0.016304
1 0.5455160000000001 0.421875 0.014946 0.012228
1 0.547554 0.381114 0.013587 0.014946
1 0.548913 0.6066580000000001 0.016304 0.014946
1 0.5482340000000001 0.40285300000000007 0.012228 0.017663
1 0.5482340000000001 0.258152 0.012228 0.016304
1 0.550951 0.966033 0.017663 0.013587
1 0.5543479999999998 0.5305710000000001 0.016304 0.014946
1 0.554348 0.591712 0.013587 0.014946
1 0.557745 0.415761 0.017663 0.013587
1 0.5597829999999999 0.5101900000000001 0.016304 0.014946
1 0.559783 0.254076 0.013587 0.019022
1 0.560462 0.5577449999999999 0.014946 0.023098
1 0.561141 0.3084239999999999 0.013587 0.027174
1 0.5618210000000001 0.495924 0.014946 0.01087
1 0.563179 0.440217 0.017663 0.019022
1 0.5625 0.383152 0.013587 0.016304
1 0.5645380000000001 0.39877700000000005 0.014946 0.012228
1 0.565217 0.478261 0.013587 0.013587
1 0.567255 0.972147 0.017663 0.009511
1 0.5652170000000001 0.941576 0.01087 0.016304
1 0.569293 0.91712 0.013587 0.024457
1 0.5733699999999999 0.5400820000000001 0.016304 0.014946
1 0.5720110000000002 0.589674 0.01087 0.013587
1 0.5754080000000001 0.960598 0.014946 0.01087
1 0.5760869999999999 0.6032610000000002 0.016304 0.01087
1 0.5754080000000001 0.46195699999999995 0.012228 0.019022
1 0.577446 0.887908 0.013587 0.017663
1 0.577446 0.5679349999999999 0.01087 0.019022
1 0.578804 0.380435 0.013587 0.019022
1 0.5794840000000001 0.30774499999999994 0.014946 0.028533
1 0.581522 0.918478 0.008152 0.016304
1 0.5849180000000002 0.9463320000000001 0.014946 0.014946
1 0.587636 0.443614 0.017663 0.017663
1 0.588315 0.819973 0.013587 0.014946
1 0.5923909999999999 0.45991800000000005 0.019022 0.014946
1 0.593071 0.730299 0.017663 0.014946
1 0.59375 0.872283 0.013587 0.016304
1 0.5944290000000001 0.9001360000000002 0.014946 0.017663
1 0.597147 0.476223 0.02038 0.014946
1 0.5957880000000001 0.9701089999999999 0.014946 0.013587
1 0.596467 0.764946 0.013587 0.016304
1 0.596467 0.6861409999999999 0.013587 0.016304
1 0.5991849999999999 0.40625000000000006 0.019022 0.021739
1 0.6005429999999999 0.49660300000000007 0.016304 0.017663
1 0.601902 0.9463320000000001 0.013587 0.014946
1 0.6025820000000001 0.6358699999999999 0.014946 0.016304
1 0.60462 0.6630429999999999 0.013587 0.016304
1 0.6052990000000001 0.746603 0.014946 0.014946
1 0.6086959999999999 0.519022 0.016304 0.016304
1 0.609375 0.809103 0.017663 0.014946
1 0.6093750000000001 0.9673909999999999 0.014946 0.01087
1 0.6093750000000001 0.922554 0.014946 0.019022
1 0.6107340000000001 0.450408 0.014946 0.017663
1 0.612092 0.699728 0.017663 0.01087
1 0.611413 0.840353 0.013587 0.012228
1 0.611413 0.902174 0.013587 0.01087
1 0.613451 0.935462 0.017663 0.009511
1 0.612772 0.879755 0.013587 0.014946
1 0.61481 0.7615490000000001 0.014946 0.012228
1 0.6161680000000002 0.730299 0.012228 0.014946
1 0.618207 0.6793479999999998 0.013587 0.019022
1 0.6222829999999999 0.472147 0.019022 0.014946
1 0.621603 0.714674 0.014946 0.013587
1 0.6222829999999999 0.7798909999999999 0.016304 0.013587
1 0.621603 0.913723 0.012228 0.017663
1 0.6249999999999999 0.8661679999999999 0.016304 0.023098
1 0.625 0.73913 0.013587 0.01087
1 0.625 0.9850540000000001 0.013587 0.008152
1 0.629076 0.8097829999999999 0.021739 0.019022
1 0.6317929999999999 0.5482340000000001 0.019022 0.014946
1 0.6317930000000002 0.9320649999999999 0.01087 0.019022
1 0.6338320000000001 0.7615490000000001 0.014946 0.012228
1 0.6358699999999999 0.48777199999999993 0.019022 0.019022
1 0.636549 0.6875 0.017663 0.016304
1 0.6385869999999999 0.525136 0.019022 0.017663
1 0.637228 0.824728 0.013587 0.01087
1 0.640625 0.8838320000000001 0.017663 0.02038
1 0.641304 0.636549 0.019022 0.017663
1 0.6426629999999999 0.919158 0.019022 0.009511
1 0.640625 0.9014950000000002 0.012228 0.012228
1 0.643342 0.8498640000000001 0.017663 0.02038
1 0.644022 0.964674 0.019022 0.01087
1 0.643342 0.702446 0.014946 0.013587
1 0.64606 0.5624999999999999 0.017663 0.019022
1 0.64538 0.944973 0.013587 0.014946
1 0.6467389999999998 0.722147 0.016304 0.014946
1 0.6474179999999999 0.6576089999999999 0.017663 0.019022
1 0.6467390000000001 0.8342389999999998 0.013587 0.01087
1 0.6467389999999998 0.744565 0.01087 0.016304
1 0.6501360000000002 0.67663 0.017663 0.016304
1 0.6487770000000002 0.8057069999999998 0.012228 0.013587
1 0.6494569999999998 0.538043 0.013587 0.013587
1 0.6494569999999998 0.463315 0.013587 0.019022
1 0.650815 0.905571 0.013587 0.012228
1 0.654212 0.776495 0.014946 0.014946
1 0.655571 0.870245 0.014946 0.014946
1 0.6576089999999999 0.582201 0.016304 0.014946
1 0.65625 0.841033 0.01087 0.008152
1 0.658967 0.6080160000000001 0.016304 0.014946
1 0.658967 0.85394 0.016304 0.014946
1 0.658288 0.714674 0.012228 0.013587
1 0.661005 0.764946 0.014946 0.013587
1 0.6623640000000001 0.934103 0.017663 0.017663
1 0.6630429999999999 0.8294840000000001 0.016304 0.014946
1 0.663723 0.5461959999999999 0.017663 0.016304
1 0.6623640000000001 0.7330160000000001 0.012228 0.014946
1 0.6623640000000001 0.911685 0.012228 0.019022
1 0.6650820000000001 0.525815 0.017663 0.019022
1 0.6650820000000001 0.9619569999999998 0.012228 0.013587
1 0.66644 0.652853 0.014946 0.014946
1 0.669837 0.6834240000000001 0.016304 0.021739
1 0.6705160000000001 0.752717 0.014946 0.013587
1 0.6759509999999999 0.8736409999999999 0.023098 0.013587
1 0.672554 0.781929 0.013587 0.014946
1 0.674592 0.622283 0.017663 0.013587
1 0.6732340000000001 0.949728 0.012228 0.013587
1 0.674592 0.5618210000000001 0.014946 0.012228
1 0.673913 0.8192929999999999 0.01087 0.016304
1 0.67663 0.7968750000000001 0.016304 0.012228
1 0.675272 0.932745 0.01087 0.014946
1 0.675951 0.8498640000000001 0.012228 0.012228
1 0.67731 0.8994569999999998 0.014946 0.019022
1 0.682745 0.537364 0.023098 0.017663
1 0.680027 0.63587 0.014946 0.013587
1 0.6807069999999998 0.435462 0.016304 0.023098
1 0.6807069999999998 0.91712 0.013587 0.013587
1 0.684783 0.597826 0.021739 0.01087
1 0.682065 0.764946 0.013587 0.01087
1 0.684783 0.663723 0.016304 0.014946
1 0.6861409999999999 0.607337 0.019022 0.01087
1 0.6875 0.675951 0.016304 0.012228
1 0.689538 0.7764950000000002 0.02038 0.012228
1 0.6888589999999999 0.9408970000000001 0.013587 0.012228
1 0.6888589999999999 0.861413 0.013587 0.01087
1 0.690897 0.9857340000000001 0.014946 0.006793
1 0.692255 0.689538 0.014946 0.017663
1 0.692255 0.84375 0.014946 0.013587
1 0.692935 0.800951 0.013587 0.012228
1 0.6936139999999998 0.49932100000000007 0.014946 0.025815
1 0.6936140000000001 0.887908 0.012228 0.014946
1 0.6942929999999999 0.8186140000000001 0.013587 0.012228
1 0.695652 0.641304 0.013587 0.013587
1 0.6970109999999999 0.43682100000000007 0.013587 0.017663
1 0.69769 0.519701 0.012228 0.014946
1 0.69837 0.7907609999999999 0.013587 0.013587
1 0.701087 0.752038 0.016304 0.014946
1 0.702446 0.6222829999999999 0.016304 0.016304
1 0.703125 0.553668 0.014946 0.017663
1 0.705842 0.910326 0.014946 0.013587
1 0.706522 0.595788 0.016304 0.017663
1 0.70788 0.960598 0.016304 0.013587
1 0.7092389999999998 0.764946 0.013587 0.01087
1 0.710598 0.5774459999999999 0.016304 0.016304
1 0.711277 0.46671200000000007 0.017663 0.014946
1 0.713315 0.8369569999999998 0.013587 0.016304
1 0.713995 0.658967 0.014946 0.013587
1 0.714674 0.785326 0.016304 0.013587
1 0.714674 0.92731 0.013587 0.014946
1 0.715353 0.860054 0.012228 0.016304
1 0.716033 0.8111409999999999 0.013587 0.013587
1 0.7173909999999999 0.6107340000000001 0.016304 0.012228
1 0.7201089999999999 0.6800270000000002 0.013587 0.012228
1 0.720788 0.874321 0.012228 0.014946
1 0.721467 0.593071 0.013587 0.017663
1 0.722147 0.555707 0.014946 0.013587
1 0.722826 0.502038 0.016304 0.017663
1 0.7248639999999998 0.908288 0.014946 0.014946
1 0.726223 0.8906250000000001 0.014946 0.012228
1 0.726902 0.8029889999999998 0.013587 0.013587
1 0.726902 0.5339669999999999 0.013587 0.019022
1 0.7275820000000001 0.7717389999999998 0.012228 0.013587
1 0.7302990000000001 0.83288 0.012228 0.013587
1 0.731658 0.488451 0.014946 0.014946
1 0.731658 0.453125 0.014946 0.014946
1 0.732337 0.6467390000000001 0.013587 0.013587
1 0.734375 0.7561139999999998 0.017663 0.014946
1 0.733696 0.939538 0.013587 0.014946
1 0.735054 0.5794840000000001 0.016304 0.012228
1 0.7343750000000001 0.8688860000000002 0.012228 0.014946
1 0.735054 0.846467 0.013587 0.01087
1 0.736413 0.6100539999999999 0.016304 0.016304
1 0.738451 0.716712 0.017663 0.014946
1 0.73981 0.440217 0.02038 0.013587
1 0.7370920000000001 0.55231 0.012228 0.014946
1 0.738451 0.502717 0.014946 0.013587
1 0.73913 0.5937499999999999 0.016304 0.016304
1 0.7404889999999998 0.8138589999999999 0.016304 0.013587
1 0.741848 0.5658970000000001 0.016304 0.012228
1 0.741848 0.424592 0.016304 0.012228
1 0.742527 0.5169840000000001 0.017663 0.014946
1 0.742527 0.796196 0.014946 0.01087
1 0.742527 0.735054 0.014946 0.016304
1 0.7432069999999998 0.47350500000000006 0.013587 0.017663
1 0.7432069999999998 0.40557100000000007 0.013587 0.014946
1 0.7438860000000002 0.682065 0.014946 0.013587
1 0.747962 0.386549 0.014946 0.014946
1 0.75 0.7724180000000002 0.016304 0.012228
1 0.753397 0.757473 0.017663 0.017663
1 0.7540759999999999 0.5794840000000001 0.019022 0.014946
1 0.752038 0.861413 0.012228 0.013587
1 0.752717 0.82337 0.013587 0.013587
1 0.752717 0.6005429999999999 0.013587 0.016304
1 0.754076 0.668478 0.016304 0.013587
1 0.754755 0.6467389999999998 0.014946 0.016304
1 0.755435 0.527174 0.016304 0.016304
1 0.7567929999999999 0.548913 0.019022 0.016304
1 0.754755 0.615489 0.012228 0.013587
1 0.7561139999999998 0.565217 0.014946 0.013587
1 0.7561140000000001 0.911005 0.012228 0.012228
1 0.7567929999999999 0.976902 0.013587 0.013587
1 0.757473 0.6970109999999999 0.014946 0.013587
1 0.758152 0.720788 0.013587 0.014946
1 0.758152 0.412364 0.013587 0.014946
1 0.7588320000000001 0.7438860000000002 0.014946 0.012228
1 0.762228 0.794837 0.013587 0.016304
1 0.762908 0.599185 0.014946 0.013587
1 0.762908 0.8342389999999998 0.014946 0.013587
1 0.763587 0.39537999999999995 0.013587 0.013587
1 0.763587 0.92663 0.013587 0.013587
1 0.7669840000000001 0.7085600000000001 0.012228 0.012228
1 0.7683420000000001 0.6657609999999999 0.012228 0.019022
1 0.769701 0.6338320000000001 0.014946 0.012228
1 0.77106 0.6202450000000002 0.014946 0.014946
1 0.773098 0.5298909999999999 0.016304 0.016304
1 0.773777 0.9857340000000001 0.017663 0.006793
1 0.773098 0.6487770000000002 0.013587 0.012228
1 0.777174 0.758152 0.013587 0.013587
1 0.777853 0.5604620000000001 0.014946 0.012228
1 0.778533 0.5455160000000001 0.016304 0.014946
1 0.778533 0.6942929999999999 0.013587 0.013587
1 0.781929 0.380435 0.014946 0.016304
1 0.7826089999999999 0.7275820000000001 0.013587 0.012228
1 0.7826089999999999 0.508832 0.013587 0.017663
1 0.783967 0.5733699999999999 0.016304 0.016304
1 0.783288 0.6019019999999999 0.012228 0.016304
1 0.7846470000000001 0.6705160000000001 0.012228 0.017663
1 0.7846470000000001 0.6419840000000001 0.012228 0.012228
1 0.7900820000000001 0.5842390000000001 0.017663 0.01087
1 0.796196 0.454484 0.016304 0.017663
1 0.798913 0.5468750000000001 0.013587 0.014946
1 0.798913 0.519701 0.013587 0.017663
1 0.80163 0.409647 0.016304 0.02038
1 0.8023100000000001 0.49660300000000007 0.012228 0.014946
1 0.813179 0.526495 0.014946 0.017663
1 0.817255 0.511549 0.014946 0.017663
1 0.826087 0.480978 0.021739 0.01087
1 0.825408 0.46671200000000007 0.017663 0.014946
1 0.825408 0.491848 0.014946 0.01087
1 0.827446 0.37296200000000007 0.013587 0.017663
1 0.8294840000000001 0.43002700000000005 0.014946 0.014946
1 0.830163 0.39266299999999993 0.016304 0.013587
1 0.831522 0.407609 0.013587 0.016304
1 0.840353 0.375 0.012228 0.016304
1 0.8512230000000001 0.378397 0.012228 0.017663
