1 0.6985506389452063 0.4079137470411217 0.011956753938094429 0.011949787969174593
1 0.5553307429603909 0.4668313109356424 0.010961138683816662 0.010895065639329992
1 0.6019291566765826 0.49467667289402173 0.011280246402906336 0.01198212996773098
1 0.7115820387135381 0.507651598557182 0.011965171150539234 0.01461804431417714
1 0.6855484091717265 0.29204845428466797 0.010707938152810802 0.012186008950938349
1 0.67467623171599 0.3542770898860434 0.011102012965990149 0.011612648549287216
1 0.6777312237283458 0.2758796111397121 0.011299465013586956 0.011996227761973505
1 0.5897001598192297 0.4977320795473845 0.01039687446925951 0.011225907698921535
1 0.6992236220318339 0.4375990836516671 0.012184516243312671 0.011746064476344898
1 0.637021717817887 0.496589209722436 0.011804933133332626 0.012275270793748938
1 0.6405887500099514 0.4443217878756316 0.010870788408362347 0.011731127034062925
1 0.5476848975471829 0.40448847024337103 0.011655268461807915 0.011918005735977837
1 0.5708421520564867 0.5571216500323751 0.01122916263082753 0.011804248975670856
1 0.6988592355147653 0.30509259389794396 0.011017716449239979 0.011878822160803753
1 0.6891332294629968 0.5244882728742517 0.010968664418096128 0.011860992597497028
1 0.6339210323665453 0.689602167710014 0.010617733001708984 0.011612809222677479
1 0.6429575837176777 0.24608890906624173 0.011181167934251867 0.010917145272959833
1 0.6432419756184453 0.4218864855558976 0.011142461196235989 0.011518727178158968
1 0.7227370013361392 0.3883671242257823 0.011619111765985903 0.012224135191544243
1 0.5976476772971775 0.5308485653089441 0.014043538466743801 0.011460801829462465
1 0.47161063422327454 0.5801883676777715 0.010164665139239769 0.011454727338707966
1 0.11360753619152567 0.2677967963011368 0.011675596237182617 0.012292177780814793
1 0.6266868114471434 0.4166527831036111 0.011445895485256031 0.011846417966096298
1 0.6525722690250562 0.30966518236243207 0.010965575342592985 0.011478880177373472
1 0.5545054622318434 0.08433530900789343 0.011856348618217136 0.013307193051213804
1 0.6636183676512344 0.3682825059994408 0.023107549418573795 0.01245121074759442
1 0.10205983597299326 0.24393812469814133 0.011734433796094812 0.012410433396049168
1 0.5827334756436556 0.634907639544943 0.011272782864777939 0.011464409206224524
1 0.678774647090746 0.33819756300553033 0.01280448747717816 0.010466243909752888
1 0.11040981956150221 0.38543037746263586 0.011360831882642664 0.011293328326681385
1 0.7206453655077064 0.3535146194955577 0.010609419449515965 0.0115479386371115
1 0.6733729113703188 0.46087996337724774 0.010943329852560291 0.022440132887467094
1 0.1131397226582403 0.2073602883712105 0.01200543279233186 0.014515379200810972
1 0.6361002818397854 0.5107018532960311 0.010817755823550016 0.011454022448995838
1 0.6183581559554391 0.5380608206209929 0.01130012843919837 0.011726773303488026
1 0.5912314912547236 0.06338978332021963 0.012921747953995415 0.013366336407868759
1 0.0688153220259625 0.24886315801869274 0.00973139120184857 0.011037080184273098
1 0.6236539301664934 0.4843137419742087 0.011464699454929516 0.011234231617139734
1 0.5607671012049136 0.5183297551196554 0.011410650999649712 0.012970862181290337
1 0.6635718760283098 0.4952278655508289 0.01149911465852157 0.011211540388024372
1 0.5634851766669232 0.4320717583531919 0.010998041733451511 0.011084452919338062
1 0.6812209046405294 0.3989349240842072 0.011890618697456692 0.010718013929284138
1 0.07427969704503598 0.1665084310199903 0.010602422382520594 0.012277198874432106
1 0.633051592370738 0.43064469876496686 0.01088720819224482 0.011493765789529552
1 0.6439789896425994 0.3689342931560847 0.011115944903829823 0.011676552503005318
1 0.2341937293177066 0.06845870484476504 0.010363599528437075 0.010957453561865765
1 0.5152965213941492 0.5817885813505753 0.010340068651282269 0.012286352074664574
1 0.646018525828486 0.07131722699040952 0.012002364448879078 0.012958526611328125
1 0.6405970324640688 0.5502181260482125 0.010839089103367016 0.012211177660071331
1 0.6651912875797437 0.20358843388764758 0.011176710543425186 0.011093367700991423
1 0.5225766016089398 0.6919759667438009 0.011120547419009 0.012270139611285667
1 0.6981095645738684 0.4640046824579654 0.010635417440663214 0.011633997378141983
1 0.0719634631405706 0.14881075465160867 0.010297987772070843 0.010987250701240871
1 0.6717869717141857 0.37054495707802154 0.011262313179347828 0.011625735656074856
1 0.4777767347252887 0.562275741411292 0.012511046036430027 0.022673482480256454
1 0.7121426540872325 0.4019710499307383 0.01170324242633322 0.012508102085279383
1 0.6287886059802511 0.2955451633619226 0.01040506362915039 0.010536608488663383
1 0.11690570997155231 0.40324030751767365 0.011372980864151665 0.011258208233377209
1 0.62899198739425 0.44962384389794396 0.011419938958209495 0.011397817860478941
1 0.6672352085942808 0.23176576780236288 0.011388778686523438 0.010959832564644192
1 0.6718975150066874 0.12207373328830885 0.011740228404169497 0.013797345368758492
1 0.5573778774427331 0.22688239553700323 0.01143434773320737 0.01219965064007303
1 0.6268630442412004 0.6554441452026367 0.010636910148288891 0.012323379516601562
1 0.08279358044914577 0.21594094193500019 0.010205367337102476 0.010866144429082457
1 0.631016088568646 0.025490280726681584 0.011898248091987942 0.011861061272413834
1 0.5715185870294985 0.6197705579840619 0.011156455330226734 0.01156634869782821
1 0.4682164295859959 0.49427309243575385 0.011499218318773352 0.012461558632228687
1 0.5988088172415028 0.6028057388637377 0.011020556740138843 0.011419503585152004
1 0.5439699421758238 0.26695622568545135 0.011635158372961956 0.013469405796216883
1 0.572786984236344 0.10861511334129004 0.011686843374501104 0.012047156043674633
1 0.2722386069919752 0.14749350755111032 0.009291400080141813 0.009874717048976732
1 0.6096119880676271 0.7195143699645996 0.01279213117516559 0.012709700542947521
1 0.5822474645531696 0.08305003591205765 0.012003815692404041 0.012908101081848145
1 0.6345839085786238 0.4704173440518587 0.011013404182765796 0.010964994845182999
1 0.08048711652341095 0.2726399483888045 0.011336689410002335 0.010976107224174168
1 0.2703078207762345 0.4177989752396294 0.010940696882164997 0.011153635771378227
1 0.6074175005373749 0.44525003951528797 0.011880418528681215 0.01116465485614279
1 0.5703045492586882 0.3795239018357318 0.015570744224216625 0.0177302827005801
1 0.36854289796041406 0.3957267118536908 0.011134730732959251 0.010946522588315218
1 0.11481330187424371 0.31668284664983337 0.009777556294980257 0.01047596724137016
1 0.38365123842073523 0.5073805995609448 0.01054283328678297 0.0114679129227348
1 0.5736437051192574 0.39623147508372425 0.011212597722592562 0.012123253034508747
1 0.6017843329388163 0.6966920313627825 0.012347843336022419 0.011620521545410156
1 0.26403937132462213 0.30629514611285663 0.010752968166185461 0.012891645016877548
1 0.5460189114446227 0.6591456558393396 0.010135028673254925 0.01109307745228643
1 0.633778655010721 0.7234331421230151 0.012140025263247282 0.013042325558869736
1 0.574732490207838 0.5699507879174274 0.01189862126889436 0.011847164319909138
1 0.10439167851987094 0.22743298696435016 0.011855477872102158 0.01191468860792077
1 0.5903773204140041 0.2017135412796684 0.01078703092492145 0.013674653094747791
1 0.6139020297838294 0.6949296826901643 0.011611482371454653 0.012193057848059612
1 0.342359092572461 0.4303879271382871 0.009949724311413973 0.010649276816326637
1 0.6682269676871921 0.24851418578106427 0.011200656061587126 0.011875297712243122
1 0.6206794303396473 0.5260034851405931 0.011329505754553753 0.012193721273671026
1 0.6494073245836341 0.4092728547427964 0.011736164922299593 0.012095000432885212
1 0.5141677338144054 0.6254338803498641 0.009959034297777258 0.01044663139011549
1 0.6133084089859672 0.7421854889911152 0.011395247086234715 0.011250412982443104
1 0.6086525502412214 0.8130458541538403 0.010250464729640796 0.0107110479603643
1 0.6694083317466404 0.38632310732551245 0.011511699013088062 0.011576346729112707
1 0.696829712909201 0.39402683144030365 0.011469550754712976 0.011483747026194696
1 0.5624028703440791 0.6886657839236052 0.010213147038998812 0.010707647904105808
1 0.5898463000421938 0.44714321779168176 0.009982689567234205 0.01033924973529318
1 0.6305533284726351 0.7033014297485352 0.011621889860733696 0.011629021686056385
1 0.5885447522868281 0.7946442521136738 0.010095202404519787 0.01064901766569718
1 0.5597432696301005 0.5712910113127335 0.011658606321915337 0.01197715427564538
1 0.6850762781889541 0.3852580993071847 0.011614965355914574 0.01160795792289402
1 0.38960984219675476 0.5717317539712657 0.010711571444635805 0.012777950452721638
1 0.5908231942549996 0.1082431648088538 0.012114193128502888 0.011903596960979958
1 0.5257122723952584 0.5335308987161388 0.012031658836033032 0.011128218277640965
1 0.3935247892918794 0.6494800318842349 0.011557615321615467 0.011278069537618885
1 0.1575783231984014 0.4036999785381814 0.010574942049772842 0.01134354135264521
1 0.12351938434269118 0.39219874402751087 0.010213800098585047 0.010899885841037914
1 0.12978966858076013 0.3140151500701905 0.011228281518687372 0.011499218318773352
1 0.6309396909630817 0.042126432709071945 0.012552675993546196 0.011837212935737942
1 0.5557289019874905 0.6287803131601085 0.011606485947318699 0.011362635571023693
1 0.5226852997489597 0.6147896206897238 0.010631312494692595 0.012277458025061565
1 0.5143653724504553 0.5175432536913 0.01166366494220236 0.011756814044454823
1 0.6302962095841117 0.3780497027480084 0.010800568953804348 0.011660529219585915
1 0.6371905389039412 0.2604735519575036 0.010691704957381538 0.011174803194792374
1 0.5272798952849016 0.5116152970687203 0.011229224826978601 0.012371560801630434
1 0.6546001641646677 0.04091404831927756 0.011485182720681896 0.012835709945015285
1 0.27376263037971826 0.40449959298838734 0.009929055752961533 0.011739896691363792
1 0.6913080215454102 0.039509594440460205 0.011453296827233356 0.012374271517214567
1 0.6193647384643554 0.6234147237694782 0.011794546376103941 0.012963294982910156
1 0.6462120491525402 0.053121994370999535 0.013932829317839249 0.01166851105897323
1 0.5816746794659159 0.7786200564840565 0.010043807651685633 0.009880895199983017
1 0.07295218757961107 0.10717117268106213 0.00990332727846892 0.01026147344838018
1 0.6954944859380308 0.3232963720093603 0.01129225026006284 0.011502081933228867
1 0.6898873370626698 0.3596664096998132 0.01140105206033458 0.01102447509765625
1 0.6956198319144871 0.4264517141425091 0.011639636495838995 0.011905856754468836
1 0.5360334334166154 0.6412328533504319 0.011827282283617102 0.011307861493981403
1 0.6201565783956776 0.7621862162714419 0.011039319245711617 0.014596192733101223
1 0.6052863079568614 0.3834506998891416 0.011204263438349184 0.011687537898188051
1 0.6580344594043234 0.27641531695490296 0.010368616684623386 0.01105443291042162
1 0.13097724707230277 0.06947265500607698 0.010934871176014776 0.012775524802829907
1 0.5566010578818943 0.5854737343995468 0.01143814169842264 0.01079337493233059
1 0.6473353012748386 0.5220721493596616 0.010793685913085938 0.011227151621942934
1 0.6404590814009957 0.4570343598075535 0.011133898859438688 0.011193648628566578
1 0.3437835664852805 0.08323138433953989 0.010583947534146517 0.011722175971321438
1 0.5599325636158818 0.5017953229987103 0.010805378789487093 0.011373250380806301
1 0.09866068674170453 0.4479816063590672 0.009792866914168648 0.010370213052500849
1 0.5486263295878535 0.5106732327005138 0.010626647783362347 0.011226239411727242
1 0.5178943924281909 0.45276314279307484 0.011554261912470278 0.01242747514144234
1 0.5022498835688052 0.6121980625650157 0.011674632196841032 0.020172160604725712
1 0.663023451100225 0.5189388109290082 0.012123688407566235 0.01155853271484375
1 0.561914640924205 0.029631075651749317 0.010207611581553583 0.0109376337217248
1 0.6597715357075566 0.3532951461232227 0.012401145437489386 0.011606685493303381
1 0.5964797372403352 0.6453133458676545 0.011193876681120499 0.012023262355638586
1 0.5507290155991263 0.5545835909636124 0.010869378628938095 0.010784149169921875
1 0.6114824751149053 0.35906209375547327 0.013752937316894531 0.01321945501410443
1 0.5632820751356042 0.5398989864017651 0.01034757365351138 0.012491039607835852
1 0.5999702370685079 0.1822905229485553 0.013476164444633152 0.013757560564124065
1 0.6704978320909583 0.507330438365107 0.011352497598399286 0.011185148487920347
1 0.5922536331674327 0.3664764684179555 0.011318849480670433 0.011884927749633789
1 0.4792423922082652 0.5996354040892228 0.012651723364125128 0.021148038947063942
1 0.543073737103006 0.8326731764751932 0.011004904042119566 0.010164882825768513
1 0.7263193752454675 0.36845017775245337 0.012014845143193785 0.012690974318462868
1 0.5724051724309507 0.6041731005129608 0.011210192804751188 0.011933824290399965
1 0.49803810534269916 0.546692361002383 0.010548757470172386 0.010557983232581097
1 0.25548623955768085 0.15747446599213974 0.010892992434294327 0.01147541792496391
1 0.5984910674717115 0.5648374142854109 0.010542703711468239 0.011475770369819973
1 0.6449954613395359 0.016130337896554367 0.011145757592242699 0.012306126563445381
1 0.6581994243290115 0.4211314553799837 0.011188693668531336 0.01248038333395253
1 0.580228328704834 0.46676962271980615 0.010194736978282099 0.011137029399042543
1 0.5104675189308499 0.48244926722153375 0.010689175647238026 0.012012429859327234
1 0.5791661739349366 0.4865908000780188 0.009858317997144617 0.010855550351350204
1 0.5380600949992305 0.45597727402396826 0.01141815600187882 0.011387285978897758
1 0.6189844090005626 0.43273642788762634 0.011369663736094599 0.012743846229884937
1 0.6870073028232742 0.45027371593143634 0.011138045269510021 0.01169413069020147
1 0.7172310870626697 0.4901497882345449 0.012828163478685461 0.013299195662788723
1 0.5999185935310696 0.5495086234548817 0.01075081203294837 0.011926879053530485
1 0.6326520961263905 0.05815347640410713 0.011708093726116676 0.01385169962178106
1 0.5217650558637537 0.5907703275265901 0.010153003360914148 0.010567499243694801
1 0.5923616782478665 0.13674067932626474 0.011440235635508661 0.013379729312399159
1 0.5655459113742994 0.6583324515301249 0.010854555212933083 0.011801761129628057
1 0.49610531848409906 0.5939039769379989 0.010872301848038383 0.012367207071055536
1 0.6174541141675867 0.6693968150926672 0.011076222295346468 0.011459516442340355
1 0.6279231361720874 0.275723467702451 0.011379739512567934 0.010922618534253992
1 0.5635285066521686 0.34131953768108203 0.011234179787013843 0.011817978776019554
1 0.6702142902042556 0.26579879677813983 0.010628472203793734 0.01129162829855214
1 0.08045325590216594 0.20277145634526794 0.010294074597566025 0.011327743530273438
1 0.6742887911589248 0.15918013842209525 0.010443728903065557 0.010375593019568401
1 0.14899636869845184 0.3780745734339175 0.009932632031648056 0.011211167211117952
1 0.6507317086924677 0.4694645663966303 0.01151250756305197 0.011431455612182617
1 0.5620658501334812 0.7589836327925973 0.009390830993652344 0.010795137156610903
1 0.6230219550754712 0.47279811423757806 0.011479833851689878 0.012090382368668266
1 0.29197303108547046 0.03186354300250178 0.010332853897758152 0.01052271024040554
1 0.6055875446485437 0.6373217416846234 0.01253235858419667 0.012403695479683254
1 0.6121665705805239 0.5159823790840481 0.010787134585173233 0.011594108913255774
1 0.4845809988353563 0.5279569833174996 0.009529103403506071 0.011310618856678839
1 0.540972139524377 0.8182362888170325 0.01000754729561184 0.011349843895953636
1 0.6810384833294413 0.43949999498284376 0.011115115621815557 0.011093917100325874
1 0.5406388096187427 0.5248542246611221 0.011042532713516899 0.01336143327795941
1 0.08604589493378349 0.299404590026192 0.0099604492602141 0.010760701220968494
1 0.5477788551993992 0.24597178334775177 0.011748148047405739 0.011701998503311821
1 0.5860094713128131 0.6179378343665082 0.011802320894987686 0.012444454690684443
1 0.27619143154310144 0.334047327870908 0.010844624560812244 0.011974521305250086
1 0.3022371478702711 0.5152976823889691 0.010135215261708136 0.011797365934952446
1 0.37996899304182635 0.6613852874092434 0.011370404906894848 0.012465103812839672
1 0.6016529746677566 0.12363671219867209 0.010525164396866508 0.011620542277460512
1 0.6193902803503949 0.28607950003250787 0.010519359422766644 0.010482808817987856
1 0.16592476678931195 0.43955046197642456 0.010685858519180962 0.011183821636697521
1 0.14890668703162152 0.43422209698220954 0.010513512984566067 0.010010677835215693
1 0.5891331071438997 0.6607995758885923 0.010294727657152258 0.011803647746210512
1 0.16139915715093195 0.42037084828252375 0.011871109838071077 0.012178006379500679
1 0.3847619942996813 0.5219648195349652 0.010367066963859226 0.01028968976891559
1 0.3406925667887149 0.6164153658825419 0.010674652845963188 0.013255264448082966
1 0.5624094838681428 0.0720582708068516 0.011444174725076427 0.01150729863539986
1 0.5516413398410962 0.4485789226449054 0.011468140975288723 0.012647390365600586
1 0.67239583056906 0.14508495123490042 0.010099659795346468 0.01048353443975034
1 0.5417864426322605 0.75438464206198 0.01009443531865659 0.011730650196904722
1 0.4799425653789354 0.5570983472077743 0.010684044464774754 0.011982710465140965
1 0.5086754508640455 0.5968738742496656 0.009871026744013247 0.010328935540240745
1 0.5032942191414211 0.55975515946098 0.011852969294009 0.011962227199388586
1 0.2577990967294444 0.11725389439126718 0.009087085723876953 0.010337373484735903
1 0.31024668527686083 0.20336188440737515 0.009386829707933508 0.009998155676800272
1 0.535298264544943 0.4965373951455821 0.011025719020677649 0.010679949884829313
1 0.5276312309762706 0.5805362825808318 0.010668650917384937 0.010784024777619736
1 0.5734660936438519 0.5855702006298563 0.011023355566936989 0.011609761611275051
1 0.4904308111771293 0.5697159145189368 0.011044585186502209 0.011125149934188179
1 0.07965047981428064 0.13818902554719345 0.009428159050319506 0.009466938350511633
1 0.5660346072653065 0.05890377189802086 0.011953851451044497 0.011905742728191872
1 0.6092243194580077 0.1660537823386814 0.011897626130477242 0.011265132738196331
1 0.1043328565099965 0.5116525525632113 0.011127067648846169 0.010947807975437329
1 0.5490997252256975 0.49479698098224134 0.010608610899552055 0.011598379715629246
1 0.6618292642676313 0.3221349732383437 0.010844645292862602 0.012448023842728657
1 0.6211929735930071 0.37182635328044056 0.014891168345575747 0.013886462087216585
1 0.5513257358385169 0.7669965080592944 0.009487276491911514 0.010416030883789062
1 0.2514700060305388 0.13285941144694452 0.010158207105553669 0.010915331218553625
1 0.7009403394616168 0.37874876934549084 0.011166282322095789 0.011648675669794497
1 0.5572060087452764 0.6452323664789615 0.011172709257706352 0.011959905209748642
1 0.6498843897943911 0.5012256788170856 0.011876728223717731 0.011727830638056215
1 0.6308781686036484 0.358229891113613 0.011798713518225628 0.011630089386649754
1 0.5198685293612273 0.565543672312861 0.010884803274403448 0.01322273586107337
1 0.634013321088708 0.7819818206455398 0.01089689005976138 0.011359878208326258
1 0.08918608789858612 0.1504553400951883 0.009996745897376019 0.01099401971568232
1 0.662892486738122 0.22258312805839206 0.012195711550505264 0.021678178206734032
1 0.38799669949904725 0.44605087715646496 0.011059190915978474 0.01222638461900794
1 0.574429004088692 0.743838766346807 0.010326198909593664 0.009586168372112772
1 0.5457530747289243 0.5994113009908925 0.010270554086436396 0.011318870212720789
1 0.2444108361783235 0.11633199194203252 0.00953804928323497 0.010357898214588995
1 0.09937931662020477 0.34151102148968243 0.011688304984051247 0.012109549149222996
1 0.6737042924632197 0.027529664661573326 0.02169356138809868 0.01158737099688986
1 0.3709855390631634 0.4430916672167571 0.01020346517148225 0.010598421096801758
1 0.5884090091871179 0.7504899605460786 0.009694555531377378 0.010679369387419327
1 0.5618035585983939 0.4200313402258831 0.010650033536164658 0.011520966239597485
1 0.06642197007718294 0.20042209003282632 0.010168282882027004 0.012578694716743801
1 0.48377976210221 0.630341332891713 0.009206730386485224 0.011580819668977158
1 0.6328138475832731 0.3087709779324739 0.010246732960576597 0.01016867679098378
1 0.1145761375841887 0.4633665914120882 0.010972344357034435 0.011703905851944633
1 0.5733887734620468 0.36259266993273864 0.012793229973834495 0.016679465770721436
1 0.09192118178243222 0.1951296329498291 0.010646638662918755 0.011761644612187925
1 0.41107954927112744 0.06749494179435399 0.0109315592309703 0.011526387670765753
1 0.4953967747480973 0.648908687674481 0.01001956151879352 0.010039225868556812
1 0.09777514830879543 0.36182542469190515 0.009912304256273352 0.011216080707052479
1 0.5663228449614153 0.38588909999183985 0.010249801304029383 0.010102468988169794
1 0.5015728059022323 0.5210359925809114 0.010126590728759766 0.011392033618429432
1 0.6755715867747432 0.3081497420435366 0.011724679366402004 0.010666619176449984
1 0.14768608238386075 0.4837624715722126 0.008744084316751232 0.008998912313710089
1 0.318409308143284 0.3894344231356745 0.00926915459010912 0.009183090666066046
1 0.6408039072285527 0.3243145920012308 0.010472857433816662 0.011992823170578999
1 0.5736063459645147 0.6442428671795389 0.0108916655830715 0.011542610500169836
1 0.128524635149085 0.27812246654344647 0.011348973149838655 0.013201133064601734
1 0.6708717968152917 0.41342478213102923 0.011441479558530062 0.011272430419921875
1 0.6597366436668064 0.3419225662946701 0.010591610618259594 0.011087224535320118
1 0.12240466864212701 0.4331059041230575 0.010990453803020973 0.011010087054708729
1 0.5734968911046567 0.5015742882438328 0.010606040125307829 0.010691974474036175
1 0.12556152758391007 0.35879537333612854 0.010609917018724524 0.01063048321267833
1 0.30198437234629755 0.2168484978053881 0.00947670314622962 0.010376888772715693
1 0.4788017687590226 0.5153855033542798 0.01031767803689708 0.011079290638799253
1 0.3401832554651344 0.5602360393690027 0.01039048899774966 0.010197307752526325
1 0.38704125777534815 0.6277333238850469 0.011004240616508152 0.017310951067053753
1 0.2531792599221934 0.17793607711791992 0.009865221769913383 0.010325887928838316
1 0.6634978004123855 0.15236921414085056 0.009587163510529892 0.009576745655225672
1 0.535310641579006 0.7048851718073307 0.009777525196904722 0.011821622433869736
1 0.10833807095237402 0.33153698755347216 0.012557516927304476 0.01914723023124363
1 0.6841616215913193 0.4135076274042544 0.011930175449537195 0.012068458225416101
1 0.40356998858244514 0.018579782351203583 0.010573055433190388 0.01266335145286892
1 0.656293195226918 0.4435969331990118 0.010876717774764351 0.011532970096753992
1 0.2197140196095342 0.02823187475619109 0.010565799215565557 0.010581897652667503
1 0.5023105040840481 0.4667061826457148 0.011348724365234375 0.010710488195004671
1 0.06679729534232098 0.1335186232691226 0.009268029876377272 0.011505583058232847
1 0.5462938702624777 0.7274133018825364 0.010464232900868292 0.01222154368524966
1 0.5336488018865171 0.5576702200848124 0.010682852371879246 0.010274887084960938
1 0.6264218143794847 0.011319121750800507 0.011430304983387823 0.011887438595294952
1 0.5988204375557278 0.480853127396625 0.01068102795144786 0.010670216187186863
1 0.6849312160326088 0.5110879359037979 0.011329733807107677 0.010853352754012398
1 0.48818444169085956 0.4680135509242182 0.010492428489353344 0.010988992193470831
1 0.37094949639361835 0.41710502168406616 0.010143943454908289 0.010501384735107422
1 0.3906294677568518 0.4937631617421689 0.011659072793048363 0.011834092762159265
1 0.522791458212811 0.4944682535917862 0.010786035786504332 0.011690678803817085
1 0.35801527551982715 0.5971351706463358 0.011350481406502102 0.012191357819930367
1 0.38275370131368225 0.32235368567964306 0.012521997742030933 0.013906377813090448
1 0.489191076029902 0.6570286750793457 0.009737968444824219 0.011003121085788891
1 0.3483474967272385 0.39847858574079437 0.010265643182008163 0.010871348173721977
1 0.62064238216566 0.3319320490826731 0.011197649914285412 0.01085899575896885
1 0.3102899219678796 0.26238194755885913 0.008693612140157948 0.009253501892089844
1 0.10493965252586034 0.10633438048155412 0.009712395460709282 0.01015601987424104
1 0.6757212929103684 0.32321468319581903 0.010694254999575407 0.012644242981205816
1 0.5852566387342371 0.5443792757780656 0.010881382486094599 0.011737906414529552
1 0.28202030969702674 0.3111508825550909 0.011122807212497875 0.011308545651643173
1 0.35644572584525397 0.3693711239358653 0.010516231474669083 0.010817154594089672
1 0.10489670090053392 0.4721883328064628 0.009787642437478771 0.00981313249339228
1 0.587405764538309 0.38406867825466656 0.011987064195715862 0.01188870616581129
1 0.5379850760750149 0.7383058382117231 0.009867502295452616 0.010734641033670177
1 0.09807430661242941 0.28166022508040717 0.010400492212046747 0.011549244756283968
1 0.502842322639797 0.6583495762037195 0.010938810265582542 0.009821352751358696
1 0.5621805398360543 0.01640718268311542 0.01155791075333305 0.011309932107510775
1 0.5874613057012144 0.479552818381268 0.011146047840947691 0.010510714157767918
1 0.29939740637074347 0.041882660077965775 0.00963604968527089 0.010015871213830036
1 0.2969784011011538 0.4296666902044545 0.00875786076421323 0.009340441745260487
1 0.30274014887602435 0.14815379225689435 0.009069173232368801 0.009730463442595108
1 0.5036972502003545 0.5349210448887037 0.010620324508003567 0.010522800943125849
1 0.13740413085274075 0.4232904081759245 0.010047518688699474 0.010583359262217646
1 0.34327875531238056 0.3858471175898676 0.010613094205441683 0.011085873064787491
1 0.1269828754922618 0.4885110647782036 0.009864827860956606 0.01047453672989555
1 0.6678622390912926 0.4001969669176184 0.011625683825948963 0.011134147644042969
1 0.284766031348187 0.013890909112018086 0.01033981986667799 0.011087298393249512
1 0.3564849897571232 0.6343059332474418 0.01078279381212981 0.011075185692828636
1 0.3138479979141899 0.35332405308018566 0.00967307712720788 0.010225726210552712
1 0.5953613364178202 0.7348489139391028 0.010044844254203465 0.010029709857443104
1 0.6093551594278087 0.1885037836821183 0.010684345079504925 0.011626367983610733
1 0.07967600096826968 0.25612331473309063 0.009626005006873089 0.010674061982528023
1 0.6908660764279573 0.33372510516125226 0.011224788168202276 0.011384704838628355
1 0.1249343260474827 0.33430237355439557 0.010908427445784859 0.012596980385158375
1 0.6566575195478357 0.39310163259506226 0.010835751243259594 0.01080010766568391
1 0.57869495516238 0.36670223655907996 0.01038818774016007 0.010780352613200312
1 0.6187520649122156 0.5631624512050463 0.011006645534349524 0.011076097903044327
1 0.5719064422275709 0.7154347792915676 0.010129140770953636 0.009802113408627718
1 0.5496789579806121 0.6173181430153225 0.010759913403054943 0.011094321375307829
1 0.10353921289029328 0.18027935857358185 0.011291265487670898 0.012066799661387568
1 0.24348468365876574 0.08155298492182857 0.009692814039147419 0.010936773341634998
1 0.5555249504421069 0.7785733057105023 0.010025604911472485 0.010082949762759
1 0.5350110323532767 0.47159476902173914 0.011119116907534391 0.01009169868800951
1 0.6898681806481402 0.4723621347676153 0.01044024591860564 0.011937245078708813
1 0.6590150231900422 0.019581928849220276 0.011384818864905315 0.012041538953781128
1 0.12162610240604568 0.18404300316520356 0.011577948280002758 0.014469043068263843
1 0.3008907981540846 0.46533990942913556 0.009539396866508152 0.01050841290017833
1 0.6219059177066969 0.39926831359448633 0.014873940011729364 0.012243773626244587
1 0.5416048402371613 0.5810133685236392 0.010410288105840269 0.010727965313455334
1 0.5991256548010785 0.31670986051144806 0.010024195132048233 0.010561673537544582
1 0.37168131444765173 0.37210311060366424 0.010736377342887547 0.01007643989894701
1 0.6027411688929019 0.39451449591180554 0.01009437312250552 0.012513487235359524
1 0.2948709156202234 0.484464116718458 0.010151324064835258 0.01033801617829696
1 0.6352343766585641 0.33868142249791516 0.013393733812415081 0.011422091204187145
1 0.27077478947846784 0.1910224375517472 0.009730235390041185 0.009981404180112093
1 0.6088969811149265 0.5559238350909689 0.010265308877696161 0.010661166647206182
1 0.3320036592042964 0.5506022080131199 0.010920486372450123 0.010815413101859715
1 0.36615520974864124 0.013902973869572515 0.010189802750297215 0.010627427826757017
1 0.5982916873434315 0.4404860734939575 0.01000765095586362 0.01103012458137844
1 0.5165874854378079 0.6654885229857073 0.010242586550505264 0.010426666425622028
1 0.6271015664805537 0.6390226612920347 0.010700723399286684 0.016304099041482677
1 0.5685354937677798 0.46273366782976233 0.011606589607570484 0.011495123738827913
1 0.7125526511150858 0.3796192252117654 0.01119306813115659 0.011517483255137568
1 0.2853552880494491 0.17082140238388724 0.009693664053212042 0.010363858679066534
1 0.32743657056404196 0.5016833388287089 0.009857306661813156 0.009895034458326258
1 0.5556866189707881 0.20487301245979644 0.010789705359417458 0.012059356855309528
1 0.6520988630211871 0.483944146529488 0.011324509330417797 0.011923831442128057
1 0.48623532315959106 0.5436652432317319 0.010371923446655273 0.010269621144170347
1 0.2787792786307957 0.37851731155229656 0.009515098903490149 0.011370358259781548
1 0.6471607788749364 0.22939493345177694 0.011024889738663383 0.012169091597847317
1 0.6050805008929708 0.15249044480531113 0.01058723615563434 0.01225275578706161
1 0.35489900604538294 0.4294166305790777 0.010811709839364757 0.010185542313948921
1 0.6707013482632844 0.29577872027521546 0.011189688806948454 0.010434254356052563
1 0.30420115719670837 0.41962629815806507 0.008717764978823454 0.009029264035432236
1 0.5925835008206575 0.1580411247585131 0.012780085853908375 0.014070179151452106
1 0.6974463255509085 0.4880641128705896 0.010196022365404211 0.010449347288712212
1 0.3189345753711203 0.3676778453847636 0.008994786635689114 0.010137990764949634
1 0.2158981302510137 0.014644088628499405 0.009852471558944038 0.010279669061951015
1 0.5393555786298669 0.7768946315931237 0.00922599046126656 0.01173612345819888
1 0.3794489943462869 0.360516000053157 0.010404628256092901 0.011753566887067713
1 0.0721782834633537 0.07532936075459355 0.009944630705791971 0.011857323024583899
1 0.12721044602601425 0.3729959726333618 0.010757332262785538 0.011105029479317043
1 0.4953552121701448 0.4951285279315451 0.010322943977687671 0.011510807534922724
1 0.596668181212052 0.713140280350395 0.011419254800547724 0.01167960788892663
1 0.6236070342685864 0.18723664076431937 0.010969369307808254 0.011380195617675781
1 0.5544419288635255 0.28089915151181427 0.010133121324622112 0.012489982273267664
1 0.5457101282866105 0.5442401015240214 0.011494470679241676 0.011429537897524626
1 0.675490317137345 0.058719515800476074 0.01035072492516559 0.011536929918372112
1 0.3660621435745903 0.42885736797166907 0.010212400685185972 0.011655931887419327
1 0.494186484295389 0.4555147108824357 0.010410640550696331 0.012175497801407524
1 0.5705363128496252 0.702251268469769 0.010553795358409052 0.010738372802734375
1 0.09090667185576065 0.3772122341653575 0.009838974994161854 0.01138703719429348
1 0.6559225165325663 0.10204332807789676 0.011035836261251698 0.010622211124586023
1 0.09743374845255977 0.4963315466175909 0.01078243877576745 0.011501561040463655
1 0.3882761312567669 0.06242081911667533 0.011843163034190302 0.012821321902067764
1 0.5738091261490531 0.5355888034986414 0.010246940281080164 0.012113902879797894
1 0.24893664277118183 0.21589372469031293 0.010280422542406164 0.009830889494522758
1 0.37419403117635974 0.5136657486791196 0.00969292806542438 0.010318776835565981
1 0.5594838598500127 0.6003712778506072 0.011399393496306046 0.011551483817722485
1 0.3892921209335327 0.5974622083746869 0.010109030682107677 0.010617111040198284
1 0.25100089156109356 0.22880386269610864 0.009891281957211702 0.010833325593367867
1 0.5316380314205005 0.6552859078282895 0.010598369266675867 0.010188579559326172
1 0.6640331226846448 0.06775284331777821 0.010680862095045008 0.011001804600591246
1 0.09804984279300856 0.268050421839175 0.01100711200548255 0.011469260506007984
1 0.7126329463461171 0.3449671773806863 0.010645866394042969 0.01191919005435446
1 0.36785262563954224 0.658893523008927 0.011194726695185122 0.011942200038744055
1 0.6070011180380116 0.411367706630541 0.010866289553434952 0.011031959367835003
1 0.35630228208458936 0.6547782317451808 0.011000301526940388 0.011775141176970108
1 0.41701641290084174 0.03503244078677634 0.010860215062680452 0.012176321900409202
1 0.6351181527842646 0.5259295235509458 0.011095793350883152 0.01098688789035963
1 0.11589873355367908 0.4802458597266156 0.011406463125477667 0.011222383250360903
1 0.09324223580567734 0.211044342621513 0.013211986292963442 0.012965803561003311
1 0.3541228667549465 0.6192341887432596 0.011439364889393682 0.012126632358716883
1 0.49959848238074256 0.5047965257064156 0.010937359022057575 0.010541667108950407
1 0.3020748781121295 0.09153041113977847 0.010873068933901579 0.011683536612469216
1 0.655088880787725 0.23948151132334833 0.010743597279424253 0.01039724764616593
1 0.0684391078741654 0.26552253184111224 0.010483871335568636 0.010863863903543224
1 0.6067843022553817 0.7599603404169497 0.009497725445291271 0.009089096732761549
1 0.24387791882390558 0.18666031049645465 0.009978854137918224 0.01053942804751189
1 0.6807382625082264 0.08442472893258801 0.00939290419868801 0.009703501411106276
1 0.6074263945869778 0.30563887305881665 0.010600380275560461 0.010197680929432745
1 0.6478766980378525 0.4357885588770327 0.010884741078252378 0.010940323705258577
1 0.37348210293313727 0.4601989621701448 0.010538059732188349 0.01166845404583475
1 0.6557646627011507 0.2566616949827775 0.01078232474949049 0.011136822078538977
1 0.5224093043285868 0.4683414231175962 0.01088032515152641 0.011442080787990406
1 0.7113816634468411 0.36770560948745057 0.010866911514945652 0.011283511700837509
1 0.07239337589429773 0.28930138505023456 0.01040828746298085 0.010736486186151918
1 0.3689484777657882 0.6327285144640051 0.010019131328748621 0.011288228242293648
1 0.6141200687574304 0.39608302064563916 0.010749153468919836 0.012089900348497473
1 0.24214712433193042 0.10041793532993484 0.009281179179315981 0.010246131731116253
1 0.14481106530065124 0.4078042299851127 0.009758793789407482 0.00995536472486413
1 0.4934082445891007 0.6246373549751614 0.009827240653659986 0.010721040808636208
1 0.5888296624888545 0.3515041068844173 0.010770383088485054 0.011347094307775083
1 0.32228844062141754 0.26509995045869245 0.010151717973792034 0.009252568949823793
1 0.6672185089277185 0.02839829092440398 0.010238958441692848 0.011067074278126593
1 0.2934895702030348 0.5006476588871168 0.009617328643798828 0.011518125948698624
1 0.1395481254743493 0.36003660119098163 0.010746230249819548 0.010711172352666441
1 0.2949784009352975 0.29383483140364935 0.009109351945960003 0.010090993798297386
1 0.37226294175438257 0.49293871547864826 0.0097553885501364 0.010211426278819208
1 0.16338021858878757 0.47187802065973694 0.008374380028766134 0.009310038193412449
1 0.6032798704893693 0.5893694317859152 0.010676694952923317 0.011224186938741932
1 0.564601535382478 0.44874439550482703 0.011037639949632727 0.012044916982236116
1 0.6611752613731052 0.46126479687898053 0.010891893635625425 0.01203466498333475
1 0.5220588082852572 0.5461001396179199 0.014336772586988367 0.011251325192658798
1 0.6044348633807638 0.6786642489225967 0.011282589124596638 0.011733594148055367
1 0.6096558259881061 0.7864959136299465 0.010452788809071417 0.011795624442722485
1 0.06706012591071751 0.27752663778222125 0.009631203568500021 0.010723259138024372
1 0.37969605300737463 0.5791524285855499 0.01007024101589037 0.011082711427108101
1 0.5505792576333751 0.7030444974484651 0.010410101517387058 0.010652500650157099
1 0.3040443296017854 0.2411565676979397 0.009805803713591202 0.009735128153925356
1 0.31132972758749256 0.29164565127828845 0.00951491231503694 0.009964403898819633
1 0.09064715064090231 0.39221699341483734 0.01049059888590937 0.010528357132621433
1 0.5561900553495989 0.258518125699914 0.011310204215671704 0.011377562647280485
1 0.17113271485204284 0.4560661989709605 0.009925002637116806 0.010631924090178116
1 0.3011988245922586 0.10714460455853006 0.009303113688593325 0.009280412093452785
1 0.6487689329230267 0.5393641720647397 0.011137817216956097 0.012286600859268852
1 0.5918265840281611 0.09256658087606015 0.012569883595342222 0.012057599814041801
1 0.6342389479927395 0.6262969970703125 0.012136417886485224 0.011076056438943615
1 0.37336249973462976 0.6133348941802979 0.009989655536154041 0.010641782180122707
1 0.11826005707616391 0.5009199329044508 0.010966414990632431 0.010688387829324474
1 0.6580279495405115 0.08865577759950058 0.010525558305823284 0.010818740595941958
1 0.38443319953006244 0.02357189940369648 0.010168671607971191 0.010207676369210949
1 0.5343492238417916 0.6300691936327063 0.010862537052320398 0.011629850968070652
1 0.3347621281509814 0.17010261701500934 0.011601856221323427 0.012598659681237263
1 0.07896589973698491 0.3682447075843811 0.010301999423814856 0.011053256366563879
1 0.5546839340873386 0.7149942439535389 0.009701687356700068 0.010458034017811651
1 0.7164431032927141 0.5161630589029064 0.011459433514138927 0.01128698431927225
1 0.29211473464965826 0.4470072310903798 0.008712934411090353 0.01031715973563816
1 0.6172811052073603 0.1233717099480007 0.010573221289593239 0.011039495468139648
1 0.5786413524461829 0.4507635831832886 0.010467612225076427 0.011098519615505054
1 0.13886154734570047 0.44634621039680816 0.00941708813542905 0.009360043898872707
1 0.0721164293911146 0.4981404180112092 0.009737755941308063 0.011161389558211617
1 0.6046834821286409 0.5294698321301005 0.010703874670940895 0.012366398521091625
1 0.5604983516361403 0.4790234824885492 0.010181655054507048 0.011740798535554306
1 0.09904428668644118 0.4001089619553607 0.010473220244697903 0.010663162107053011
1 0.6661717373391857 0.4750572702159052 0.010467031727666441 0.014432990032693615
1 0.09202150676561438 0.10752206263334854 0.010252061097518257 0.010405042897100035
1 0.5259174885957137 0.4811865454134734 0.011233993198560633 0.011263888815174932
1 0.3096447405607804 0.01737439697203429 0.010281645733377209 0.011689210715501205
1 0.48296709682630456 0.49786720068558404 0.01065894831781802 0.012530347575312075
1 0.312442686246789 0.4577909656192945 0.008768309717592985 0.009215707364289658
1 0.7050087348274563 0.33478777304939605 0.01122221739395805 0.011335103408150051
1 0.1504555370496667 0.391294873279074 0.010822586391283117 0.010565177254054859
1 0.5789109831270963 0.43839398674342944 0.010705761287523352 0.010534659675929859
1 0.5782296968543011 0.7300995329151982 0.010122547978940218 0.009720553522524626
1 0.08411985635757446 0.4044121322424515 0.00982231160868769 0.010292079137719196
1 0.6647583920022716 0.17169278600941534 0.009998321533203125 0.010336585666822351
1 0.5733013775037683 0.672228315602178 0.010406079499617867 0.012759913568911345
1 0.7195872016575027 0.7489524716916292 0.010998518570609715 0.010976832845936651
1 0.6400749787040378 0.48377067109812855 0.011097286058508831 0.011532928632653278
1 0.29319939406021783 0.3178769194561502 0.009182598279870075 0.009965316109035326
1 0.6002430915832518 0.2428919854371444 0.011063078175420347 0.010987800100575323
1 0.2631512206533681 0.26782039974046795 0.00853673271510912 0.010137765303902004
1 0.37566323383994726 0.6462927901226543 0.011154972988626232 0.010420882183572521
1 0.578715583552485 0.34479287396306574 0.010450466819431469 0.012526864590852158
1 0.5275337696075441 0.5463599018428636 0.010867222495701 0.010567105334738026
1 0.1379007049228834 0.4740514755249023 0.010121739428976307 0.009234967439070992
1 0.22646572278893512 0.04011944325073906 0.010023573170537535 0.011358401049738344
1 0.11633942438208539 0.3664656100065812 0.009687361509903618 0.010427972544794497
1 0.07468610224516495 0.05106746891270514 0.00929328669672427 0.00990704349849535
1 0.4108237701913584 0.056042204732480255 0.010975070621656336 0.01192530341770338
1 0.6212251808332361 0.2467718331710152 0.011525672415028448 0.011417762092922046
1 0.07481671934542448 0.3968957222026328 0.010046710138735563 0.01084838224493939
1 0.1583632645399674 0.4965615790823232 0.010575470717056938 0.009374970975129501
1 0.28594460694686225 0.4174948360608972 0.010058942048445992 0.010071837383767834
1 0.6482064102006995 0.21501738092173703 0.011242845784062925 0.011069878287937329
1 0.10666037642437479 0.4212459481280783 0.011242845784062925 0.014505054639733356
1 0.33231022046959924 0.08686290875725124 0.010602370552394703 0.012453820394433063
1 0.6194268102231234 0.5796758091968038 0.010772248973017153 0.011334149733833645
1 0.28055934284044354 0.061617804610210915 0.013319741124692171 0.011119282763937244
1 0.6787392367487368 0.42486814312312915 0.011429289112920347 0.011636018753051758
1 0.5827231303505276 0.7068433554276176 0.010328977004341457 0.010595694832179859
1 0.6062986228777014 0.4316659906636114 0.010862288267716118 0.011115550994873047
1 0.2998063667960789 0.16167291869287903 0.009744519772736923 0.009225109349126402
1 0.5709728365359098 0.7900350819463315 0.010653164075768513 0.010519359422766644
1 0.08243711357531341 0.49866435838782275 0.01117699560911759 0.01064864448879076
1 0.4060935170754143 0.09684109169503918 0.01130775265071703 0.011109362477841585
1 0.31774804903113324 0.09939156407895294 0.009792244952657948 0.011301082113514776
1 0.2555278384167215 0.19190976930701215 0.00976220421169115 0.009930527728536854
1 0.13836544492970343 0.3981263326561969 0.010204833486805792 0.01124046159827191
1 0.5041618554488473 0.606279704881751 0.010694628176481827 0.011052504829738453
1 0.363429826238881 0.5045999340389086 0.009520509968633238 0.009779536205789318
1 0.3244593341065489 0.3795491016429404 0.009872911416965982 0.010858883028445036
1 0.4829576222792915 0.5826655263486117 0.010511004406472912 0.010805793430494226
1 0.3303630488074344 0.5342801031859025 0.010289820639983467 0.010483430779498558
1 0.6193658476290496 0.3047612231710683 0.010475635528564453 0.010389328002929688
1 0.670770437821098 0.48458238269971765 0.010940220045006794 0.010877733645231827
1 0.06794822734335194 0.11761052712150243 0.009720802307128906 0.010253926982050356
1 0.6859118212824282 0.061817000741543976 0.010706486909285835 0.010692570520483929
1 0.5753630762514861 0.5145893407904584 0.010435767795728601 0.011425039042597231
1 0.39009796018185816 0.012770608067512512 0.0110235421553902 0.010807691708855007
1 0.6664979872496233 0.4290308848671291 0.010921457539434019 0.011842541072679602
1 0.32872820839933725 0.10480649574943213 0.010721475533817127 0.01135235247404679
1 0.58337228194527 0.5850712320078975 0.011896548063858696 0.010421338288680367
1 0.6152003537053647 0.31694038017936377 0.010060227435568104 0.010424468828284222
1 0.5843816010848336 0.3255613783131475 0.010125616322393003 0.01058748494023862
1 0.408353372760441 0.08486251727394434 0.010274757509646208 0.010940935300744099
1 0.616384330003158 0.14447209627731986 0.01042430297188137 0.010098633558853813
1 0.27513112192568573 0.2721477176832116 0.008508640786875849 0.009137858515200407
1 0.08650354198787522 0.35535377004872193 0.010272181552389393 0.010651298191236414
1 0.6472602305204971 0.12842080385788626 0.011379615120265796 0.01256846344989279
1 0.6682397697282874 0.5705178509587827 0.010984814685323963 0.011898248091987942
1 0.06649176970772121 0.235808859700742 0.009080358173536219 0.010105153788690981
1 0.6477036061494248 0.2656777630681577 0.010093771893045177 0.01052416925844939
1 0.5870627942292587 0.7213042300680408 0.010471095209536345 0.010505095772121265
1 0.3318175621654676 0.4034699979035751 0.010264427765556004 0.010266013767408289
1 0.35394232039866247 0.4499071784641432 0.010091058585954748 0.010533498681109886
1 0.6433293715767239 0.2948428444240404 0.01034346870754076 0.010882875193720278
1 0.6851428280705991 0.4824098504107932 0.010708228401515796 0.010373157003651495
1 0.38296154789302655 0.08763590066329292 0.012171175168908161 0.011784553527832031
1 0.12489247840383777 0.05017287834830906 0.01125409292138141 0.011016337767891262
1 0.3572903145914492 0.014109249996102375 0.012347998826400093 0.010956077472023342
1 0.5968802078910496 0.7829497378805408 0.009305705194887907 0.01012346018915591
1 0.5846471579178519 0.6955741799396017 0.012759706248407778 0.018524750419284985
1 0.365444417880929 0.5803621333578358 0.010101823703102444 0.010594948478367016
1 0.6781909984091054 0.044305638126705 0.012319440427033798 0.011618494987487793
1 0.6112959384918214 0.8605980458466904 0.011464139689569887 0.011138376982315727
1 0.6833304529604705 0.5532210391500721 0.012332584546959919 0.011444755222486414
1 0.39402213303939154 0.08502782168595688 0.013450912807298742 0.016690705133521038
1 0.09976491720780084 0.2967776215594748 0.010339985723080843 0.010926702748174253
1 0.68649204917576 0.373040012691332 0.011235693226689878 0.01084074766739555
1 0.6503882926443347 0.3311084560726 0.010477833125902258 0.011014254196830418
1 0.37504646052484925 0.5457853441653043 0.010203112726626188 0.010624553846276325
1 0.5366911784462307 0.6044432080310324 0.010565737019414488 0.010990578195323114
1 0.2887913558794104 0.3287866948091466 0.009480621503747028 0.010893012518468111
1 0.23697643694670303 0.22182870947796363 0.010156631469726562 0.011851352194081182
1 0.670542872470358 0.4418130283770354 0.011667852816374405 0.01143311417621115
1 0.6547731731248938 0.2935215597567351 0.010754543802012568 0.011023708011793054
1 0.5959438033725905 0.6679433325062627 0.010409189307171364 0.010654449462890625
1 0.07846075037251346 0.06416025369063667 0.009361153063566788 0.009524096613344938
1 0.6119859114937161 0.6003818097321885 0.013283190519913383 0.011683090873386547
1 0.3334695048954176 0.526684045791626 0.01161262263422427 0.015341157498567001
1 0.5717523927273958 0.26057542925295624 0.01050822631172512 0.012473168580428413
1 0.2799893980440886 0.4409249917320583 0.01165313306062118 0.010603645573491636
1 0.3155732880467954 0.18800730290620224 0.010527465654456097 0.010615245155666187
1 0.6668546096138332 0.2848052460214366 0.010397454966669497 0.011087355406387993
1 0.6584991579470426 0.5331279920495074 0.011110596034837805 0.011346070662788723
1 0.5734929727471393 0.42480856439341663 0.010998041733451511 0.010473997696586277
1 0.3845288675764333 0.6344224266383959 0.011229561722796898 0.009975350421407948
1 0.667476280875828 0.10217381560284158 0.012809587561565895 0.01111459732055664
1 0.28795778233072034 0.25160698268724524 0.008950544440228006 0.00946745665177055
1 0.6053521529487942 0.20477625598078186 0.009810157444166101 0.011120153510052223
1 0.06682060075842816 0.4191288326097571 0.009606102238530699 0.010247106137483017
1 0.3087287363798722 0.5376299982485564 0.010107994079589844 0.011597260184909985
1 0.1374945744224217 0.34815146612084424 0.011230613874352497 0.011393153149148693
1 0.35910911922869476 0.4924380831096483 0.009656569232111391 0.00948587707851244
1 0.07432123370792555 0.4516609596169513 0.009991904963617739 0.011067463004070778
1 0.6599703664365022 0.1268376008324001 0.011905255525008492 0.01362766390261443
1 0.32972864417926123 0.3284359068974204 0.010388538889262989 0.010875056619229525
1 0.31045062645621924 0.1396467582039211 0.00883490106333857 0.0090484619140625
1 0.11712617459504501 0.10073325944983441 0.009787372920824133 0.010439416636591372
1 0.36824762173320935 0.5354843346968942 0.009556399739306906 0.01013809701670771
1 0.5611486538596775 0.26949029383452044 0.01057452740876571 0.010543595189633577
1 0.5397341458693795 0.5687206828075907 0.011020059170930283 0.01073752278866975
1 0.3466746625692948 0.021027013659477234 0.011142248692719833 0.01069746717162754
1 0.1267589123352714 0.4170098512069038 0.010783350985983143 0.010950668998386547
1 0.2720082842785379 0.20515702081763226 0.00974893569946289 0.009509687838347061
1 0.6140924122022546 0.8379390343375825 0.010883414227029552 0.01163495105245839
1 0.5650692815365999 0.2151788317638895 0.01098956232485564 0.011135122050409731
1 0.699932803278384 0.5484038021253503 0.011194975479789402 0.010481502698815388
1 0.6636422095091448 0.18320970949919327 0.01043106162029764 0.010345085807468579
1 0.688894852347996 0.31177096781523334 0.009984970092773438 0.010607615761134937
1 0.0712118563444718 0.4830921266389929 0.010150463684745457 0.01021471230880074
1 0.250889892163484 0.017421205406603607 0.008879018866497538 0.009352256422457487
1 0.07955727629039598 0.4723446317341016 0.009326815605163574 0.010006458862968113
1 0.38005625942479015 0.33894858152970025 0.010881346205006475 0.010923966117527172
1 0.49494196539339813 0.48177586431088654 0.012059242829032566 0.010505178700322691
1 0.5996652789737867 0.5783409346704897 0.01091697941655698 0.010367455689803413
1 0.2846279558928117 0.3603312658227008 0.009474920189898947 0.011206792748492699
1 0.585563794426296 0.6798799763555112 0.010336482006570568 0.010480549024498981
1 0.6266712313113004 0.5491668659707775 0.010704330776048742 0.011722689089567764
1 0.30078639154848846 0.43879768641098693 0.008771730505901834 0.010448507640672766
1 0.32605148074419604 0.07107041193091351 0.01066924566807954 0.011080669320147972
1 0.6546653664630392 0.1952461678048839 0.01006416652513587 0.010792918827222742
1 0.5788042648978855 0.8032245014024818 0.009716863217561142 0.010322197623874829
1 0.28410508321679157 0.2923499293949293 0.010129493215809698 0.010397102521813435
1 0.35860189406768134 0.4051287744356239 0.009573039801224419 0.010791353557420813
1 0.5411581163821014 0.4841149578923764 0.011714313341223675 0.011922794839610224
1 0.5923177573991858 0.3012717081152875 0.01058340072631836 0.011996600938879925
1 0.24962487428084668 0.05100860803023628 0.00948860334313434 0.009277851685233738
1 0.5505254890607751 0.68844807666281 0.010147115458612856 0.010401435520337976
1 0.27818213338437286 0.09896003163379172 0.009416124095087465 0.009554686753646187
1 0.5270511793053668 0.6706428631492284 0.009144658627717392 0.010585183682649033
1 0.10823894583660625 0.2855063417683477 0.010243996329929516 0.01155171187027641
1 0.2862986378047777 0.20036812450574792 0.008935119794762653 0.009996061739714249
1 0.35104042162065924 0.053451185641081436 0.011698274508766506 0.011586272198220959
1 0.6735130807627803 0.014148128097471983 0.011530834695567255 0.010568439312603161
1 0.31713061747343646 0.34052485292372503 0.009647597437319548 0.009673008452291075
1 0.08841763631157253 0.09350747647492783 0.009359603342802628 0.010397475698719854
1 0.35873674957648566 0.3522275219792905 0.010322226130444069 0.011078088179878567
1 0.10243102778559145 0.16622262933979864 0.010290539782980213 0.01031860061313795
1 0.3009559382563052 0.13056298960810123 0.00830078125 0.009090485780135445
1 0.5976943969726564 0.41517676477846893 0.014069101084833559 0.010858535766601562
1 0.15541523435841437 0.44544568269149115 0.009686096854831861 0.009876417077105978
1 0.3457247161346933 0.5774007983829663 0.009768752948097561 0.011181810627812925
1 0.558724942414657 0.675844835198444 0.012829987899116848 0.013074169988217562
1 0.48923522493113647 0.6374941908794901 0.01046058406000552 0.010386135267174763
1 0.25819050747415295 0.2483776963275412 0.010384310846743376 0.011147457620371943
1 0.6418558721957 0.3399945730748384 0.011075247888979704 0.01069740108821703
1 0.3920758573905281 0.10936635991801386 0.010050675143366274 0.010834372561910877
1 0.5868805284085481 0.1698020437489385 0.015400160913882048 0.012854244398034138
1 0.3063094408615775 0.07821503929469896 0.01063282593436863 0.010173590286918308
1 0.08905609275983727 0.44014684013698413 0.010155169860176418 0.010067773901897926
1 0.5037027752917745 0.6345783212910527 0.010585639787756878 0.011170200679613196
1 0.4810637961263242 0.6191476531650708 0.011379646218341331 0.011637273042098335
1 0.5969954573589823 0.22892127866330353 0.01129312100617782 0.012428511743960173
1 0.33578878155221104 0.14111025955366052 0.010821963781895845 0.010766412900841755
1 0.6631015694659688 0.5464328579280687 0.010583628778872282 0.01081626311592434
1 0.40606678568798565 0.11175901475160019 0.010898040688556175 0.011688906213511591
1 0.31419826590496563 0.1542675598807957 0.009769522625467052 0.009531622347624405
1 0.5703243172687033 0.48112992100093677 0.009995833687160326 0.011426459188046663
1 0.6275670321091361 0.6766102003014606 0.010534638943879501 0.012222124182659645
1 0.36705320166504907 0.30337300507918646 0.010219400343687637 0.011391805565875511
1 0.5512070552162502 0.7924453279246454 0.009686076122781506 0.009937410769255264
1 0.0854224329409392 0.32574502281520673 0.009911122529403023 0.010658222696055536
1 0.32891329799009406 0.4329554101695185 0.01214806282001993 0.009681784588357677
1 0.2746019674384076 0.04852857019590294 0.009675336920696756 0.01001496418662693
1 0.3705761717713397 0.025814104339350826 0.010333719460860542 0.010420128055240795
1 0.5641552469004756 0.23843652269114618 0.011116940042246943 0.010634401570195738
1 0.31700905509617017 0.27533737472865893 0.00922530630360479 0.009656346362570057
1 0.5945640232252039 0.6296528940615447 0.010947807975437329 0.011128384134043818
1 0.3023235383241073 0.3278874929832376 0.00892632940541143 0.009737096402956091
1 0.6708201843759288 0.553840388422427 0.011199806047522503 0.01218613334324049
1 0.32028731055881665 0.136926822040392 0.009153988050377888 0.009231909461643385
1 0.3392355118108832 0.44807121546372125 0.010721038217129915 0.01010559952777365
1 0.3513122771097267 0.5854917816493821 0.010399989459825598 0.009922649549401325
1 0.3152026611825694 0.40500849226246705 0.009898538174836533 0.009293825730033543
1 0.3190544273542322 0.3087552008421525 0.00873459940371306 0.009443013564400051
1 0.3694763598234757 0.35770693680514454 0.009747380795686142 0.010639447232951288
1 0.5497686655625053 0.8069066379381263 0.009852015453836193 0.010455546171768852
1 0.32445573256067606 0.45786280735679297 0.007607117295265198 0.010144036749134893
1 0.3801137856815172 0.5338604968527089 0.010155061016912046 0.010460314543350883
1 0.2847454444221828 0.12191295105478037 0.009357203607973845 0.008813785470050314
1 0.5709232662035071 0.41036636933036474 0.01575760219408118 0.010966218036154041
1 0.31947004276773205 0.11472926969113556 0.008549006088920261 0.009660907413648523
1 0.5657844543457031 0.7244286329849906 0.009801698767620584 0.010782490605893343
1 0.4882374431775963 0.4836979430654775 0.010878728783648949 0.011285844056502632
1 0.2605322132939878 0.08672765545223068 0.009040998375934103 0.009739865427431852
1 0.6518769575201947 0.14309063165084177 0.009778665459674337 0.010451316833496094
1 0.3315919300784235 0.15642384860826575 0.01047670841217041 0.010795385941215183
1 0.5489496562791907 0.7408813393634298 0.00994698897652004 0.010845184326171875
1 0.3037581340126369 0.30149231786313263 0.00988050129102624 0.01032696599545686
1 0.29022933089214825 0.07954350761745287 0.00971277900364088 0.010427796322366466
1 0.6179601835167926 0.06635879951974619 0.011721071989639946 0.01340646329133407
1 0.26717154876045557 0.1632922887802124 0.00864547231922979 0.010505997616311779
1 0.49373423534890876 0.5325611985248068 0.010075527688731318 0.010844811149265454
1 0.6314767028974451 0.5685191361800485 0.010783465012260105 0.011543854423191235
1 0.3761518597602844 0.2893175456834876 0.01012265682220459 0.01015372898267663
1 0.2643659529478654 0.21773641005806302 0.009866403496783712 0.009868455969769022
1 0.34696570427521417 0.5491578578948973 0.010961568873861561 0.011147561280623726
1 0.38669588254845666 0.6122059096460757 0.010742477748704992 0.011545450791068699
1 0.7036297010338824 0.51974458279817 0.010896931523862093 0.01226118336553159
1 0.34425710724747705 0.5370420891305675 0.010602191738460377 0.011180774025295093
1 0.11293879280919614 0.3370071597721266 0.010024785995483398 0.010822192482326343
1 0.4810101001159005 0.5933845768804136 0.010169557903123938 0.010911941528320312
1 0.342137309520141 0.4645991532698921 0.009922605493794317 0.010651546975840693
1 0.582828138185584 0.761689227560292 0.009333133697509766 0.009315076081649117
1 0.613214347673499 0.10641055003456446 0.011450021163277004 0.0127755766329558
1 0.6739831800046174 0.09242694274238918 0.010209249413531761 0.011307674905528193
1 0.6004634732785431 0.7511092890863833 0.009567716847295347 0.009753268697987432
1 0.11185554317806076 0.44582837560902466 0.009908188944277556 0.01071328702180282
1 0.684519788493281 0.5664118165555208 0.011510144109311312 0.010839856189230213
1 0.5467867021975309 0.6736966008725374 0.011079207710597828 0.009948398755944294
1 0.13708140020785126 0.49198121609895124 0.009433860364167587 0.009115219116210938
1 0.5769564483476721 0.4088591285373854 0.010592315507971722 0.010980108509893003
1 0.4093740193740182 0.04329552857772164 0.011399206907852837 0.011818170547485352
1 0.3717012742291326 0.6017856183259382 0.00996647192084271 0.011750843213952106
1 0.06688402528348177 0.05941782308661419 0.009092351664667543 0.011837803799173107
1 0.08490297068720279 0.336971525264823 0.01057655914970066 0.012145278246506401
1 0.5729181870170261 0.7623057158096976 0.00968957983929178 0.009857260662576427
1 0.673188188801641 0.07115978002548219 0.009824130846106487 0.010262432305709175
1 0.37332255166509876 0.05543697916943094 0.011053287464639416 0.011207082997197691
1 0.6400177789771039 0.8116590458413829 0.010053841964058254 0.011214007502016813
1 0.2860922606095024 0.4030820027641628 0.00879868217136549 0.009913848794024923
1 0.6447012528129246 0.2816871041836945 0.01042498712954314 0.011215520941692848
1 0.5428904243137525 0.7155504641325576 0.009402565334154211 0.01035109810207201
1 0.643466265305229 0.38417938222055853 0.010221356930940048 0.011679820392442785
1 0.3556087418742802 0.47198468187580944 0.009771696899248205 0.010041288707567297
1 0.5341992378234862 0.59387148981509 0.010513678840968921 0.011810717375382133
1 0.39314128004986315 0.03676272216050522 0.01063780162645423 0.011327049006586489
1 0.06668996810913086 0.18585586547851562 0.009656636611275051 0.012074055879012398
1 0.3552757747795271 0.02885327520577803 0.009507135204646898 0.010387221108312193
1 0.6188177129496699 0.26418753292249597 0.010553049004596214 0.010927552762238876
1 0.35662872506224597 0.38252236791279004 0.010395778262096901 0.01060479101927384
1 0.24722638337508493 0.06533582055050394 0.009268055791440218 0.010144363278928011
1 0.3881088547084643 0.28162799710812775 0.011524138243302055 0.011899346890656845
1 0.5767768673274828 0.3360715343252473 0.010158310765805452 0.010982510188351507
1 0.3092446638190228 0.38875892369643494 0.010086826656175696 0.011152568070784859
1 0.6799610594044558 0.4955862138582313 0.01099234041960343 0.011553090551625128
1 0.3688861028007839 0.3838797522627789 0.009653806686401367 0.010499938674595043
1 0.23438483735789423 0.031239675438922386 0.00912643515545389 0.009911008503126062
1 0.6875531777091648 0.768750522447669 0.010999057603918987 0.011118847390879755
1 0.10287029846854832 0.31037719353385596 0.009888607522715693 0.010103453760561735
1 0.5894084287726361 0.5108076593150264 0.01060280592545219 0.012239787889563519
1 0.48658348166424303 0.5122961168703826 0.011363444120987602 0.010595031406568445
1 0.0856529396513234 0.17198362557784372 0.012224762336067532 0.010794038357942001
1 0.5688741932744565 0.7739685514698857 0.009876500005307405 0.010633593020231827
1 0.28861605602761975 0.22537798466889755 0.009228664895762568 0.009375427080237347
1 0.3599810833516328 0.4167257132737533 0.010283693023349926 0.010365828223850414
1 0.32510087217973627 0.44377027387204376 0.010216825682183971 0.010627103888470192
1 0.6156104751255201 0.038829228152399475 0.010811805725097656 0.011250920917676844
1 0.6023606321086055 0.51483997054722 0.011635344961415167 0.011147395424220875
1 0.6144083375516146 0.46081860169120453 0.011256570401399033 0.018536235975182575
1 0.14614418278569757 0.458462611488674 0.009404078773830248 0.009115094723908798
1 0.31149594680122705 0.12336121434750766 0.00889798869257388 0.00967338810796323
1 0.08448939997216928 0.04169610142707825 0.009293322977812393 0.008983884168707806
1 0.350859038207842 0.06998172791107841 0.00999152660369873 0.011278758878293245
1 0.2741062433823296 0.178908109664917 0.00979595598967179 0.009799812151038128
1 0.6372266852337382 0.15071459438489831 0.010050815084706182 0.01128592698470406
1 0.6356283478114915 0.40268174461696454 0.011288228242293648 0.011182660641877548
1 0.27143230645552924 0.24262937255527664 0.009226197781770126 0.010107144065525219
1 0.29773890453836194 0.353124825850777 0.009087645489236584 0.009578870690387228
1 0.6091130298116932 0.5712354908818784 0.010139133619225544 0.010501861572265625
1 0.6207063301749851 0.78461041657821 0.009722295014754585 0.00993620831033458
1 0.6277931047522504 0.14205324649810788 0.00991157863451087 0.011560077252595322
1 0.329443416841652 0.3100445996160093 0.009044782623000767 0.010309343752653702
1 0.3242058650307033 0.023977020512456478 0.010095036548116932 0.009934015896009363
1 0.6176254852958347 0.2126674548439358 0.011127223139223845 0.01154159462970236
1 0.25974023860433826 0.20538660754328186 0.009753165037735649 0.009671066118323284
1 0.6124941058780835 0.7736037088477093 0.009779743526292883 0.009745514911154041
1 0.27551172090613324 0.15894035152767017 0.010057449340820312 0.009205165116683296
1 0.37291871723921405 0.6253687195155933 0.012593419655509617 0.014997357907502548
1 0.06866008561590443 0.22038375813028085 0.01222240924835205 0.012254901554273523
1 0.6199027973672618 0.8238306252852731 0.009525589320970617 0.009397133536960768
1 0.6753388073133386 0.5820783739504606 0.011444547901982847 0.011432772097380264
1 0.07595845927362857 0.3162441979283872 0.012185832728510317 0.012213520381761633
1 0.2736899852752685 0.03457475486009017 0.009931750919507898 0.010188418885935907
1 0.610173225402832 0.05107356672701628 0.011882699054220448 0.011324022127234417
1 0.662420770396357 0.14009387596793796 0.009714126586914062 0.010757487753163214
1 0.30435387984566065 0.49610610630201263 0.008997461070185122 0.009813723356827446
1 0.35465877729913464 0.5288357216378917 0.009713654932768448 0.00985413012297257
1 0.632097461949224 0.7985214150470236 0.010372763094694717 0.009850128837253736
1 0.6282172203063965 0.15938310001207434 0.01237939751666525 0.013356540514075237
1 0.30628983870796533 0.47682279607524036 0.009349781533946161 0.009753051011458687
1 0.06656527778376704 0.30107802930085553 0.009474655856256899 0.012365838755731997
1 0.2931504145912502 0.34116345903147816 0.009799604830534561 0.010492345561151918
1 0.2464229023974875 0.20255313748898715 0.009347521740457287 0.00975105036859927
1 0.07190862686737724 0.4633540848027105 0.0102225749388985 0.01052478085393491
1 0.27221924325694213 0.019632638796516087 0.010217086128566578 0.010982194672460142
1 0.6533723603124204 0.38307390523993445 0.011789591416068699 0.011752532876056175
1 0.26404015914253565 0.28930019295733905 0.010145394698433254 0.010528025419815727
1 0.3417061178580574 0.4129921664362368 0.013826520546622898 0.01038124250329059
1 0.7170259226923403 0.7976375662762187 0.010670703390370245 0.010081000950025476
1 0.24394486261450726 0.038170208101687225 0.009320196898087212 0.009999140449192213
1 0.0913737442182458 0.4748579522837763 0.010168718255084495 0.012917725936226223
1 0.12632711555646814 0.4441918601160464 0.009796526121056599 0.0110998361007027
1 0.08720071937726892 0.4871627247851828 0.00982219239939814 0.01017983063407566
1 0.331651557398879 0.4220495483149653 0.009917154260303663 0.01097659442735755
1 0.1376744664233664 0.3816636800765991 0.009995377582052479 0.010652759800786558
1 0.6077160005984099 0.32474082773146423 0.010614270749299423 0.010115920201591824
1 0.6635707668636155 0.07952416461447012 0.009711493616518766 0.010309571805207626
1 0.3012079259623652 0.45279146277386206 0.009100851805313774 0.009685101716414742
1 0.3422043323516846 0.15013755922732147 0.011230323625647503 0.010533726733663807
1 0.277771286342455 0.22351722095323645 0.008895791095236073 0.008737916531770126
1 0.08474811782007632 0.0801181585892387 0.009221812953119692 0.01012291078982146
1 0.3129487244979195 0.5200631203858749 0.009312546771505604 0.010973536449929943
1 0.09265599561774213 0.41530750108801795 0.010115385055541992 0.01349639892578125
1 0.5360974228900411 0.666236867075381 0.009509086608886719 0.010989417200503141
1 0.3126987892648448 0.1722036548282789 0.011659601460332457 0.010151717973792034
1 0.2886936353600543 0.2404066168743631 0.00891776706861413 0.009415502133576767
1 0.3300818624379842 0.3432142281013986 0.009796512191710264 0.010905776334845501
1 0.3485286339469579 0.41191590350607166 0.00959989298944888 0.010968581489894703
1 0.31995689350625744 0.2410252197929051 0.009854669156281845 0.00934588390847911
1 0.5949011470960535 0.46724792148755945 0.017297413038170856 0.011177104452381964
1 0.10958762790845789 0.35759215769560443 0.010515213012695312 0.011117914448613707
1 0.34875712316969165 0.1727953890095586 0.012722930182581362 0.012657144795293394
1 0.2864720717720363 0.0489801349847213 0.010063668955927309 0.010504727778227432
1 0.3422706405753675 0.12802661501843 0.010397129732629528 0.011445864387180493
1 0.7330482524374257 0.8159655073414678 0.009181768997855808 0.010162726692531421
1 0.31773183656775433 0.553177491478298 0.010639729707137398 0.010001825249713402
1 0.34131116841150366 0.3466795546853024 0.009837858054948889 0.014718870753827303
1 0.5712117319521697 0.03719947001208429 0.012839110001273777 0.01223125405933546
1 0.11496993251468825 0.2979722126670506 0.011616157448810081 0.011554241180419922
1 0.1044958674389383 0.4347299752028092 0.009691404259723166 0.010383491930754288
1 0.7173971507860266 0.8133148732392685 0.009177249410878057 0.009585961051609205
1 0.3153796817945397 0.04231233959612639 0.00961954697318699 0.010274301404538362
1 0.6499178513236668 0.1812529771224312 0.010099037833835766 0.010106791620669157
1 0.38000917434692383 0.47407517744147254 0.011722108592157778 0.012499156205550484
1 0.31529942802760913 0.47090397192084266 0.008764308431874151 0.009495289429374363
1 0.27876493205194885 0.08134151800819066 0.00984992151675017 0.010206746018451195
1 0.5919798560764479 0.3404824759649193 0.01126762058423913 0.010837109192557957
1 0.5964439640874448 0.01570251648840697 0.011917197186013927 0.012129028206286223
1 0.35378003379573 0.336168154426243 0.009913719218710194 0.01076588423355766
1 0.06619691589604253 0.40212784383607947 0.008931569431139074 0.012221383011859398
1 0.6461141731428064 0.1933137644892154 0.011357328166132387 0.011747567549995754
1 0.5777530462845512 0.6552633928216022 0.010587443476137907 0.011994631394096043
1 0.08723261563674263 0.053619275922360626 0.009674663129060165 0.009960412979125977
1 0.6268596027208411 0.3188658175261125 0.010254279426906421 0.010114089302394703
1 0.3743085161499355 0.5930376467497452 0.011507340099500574 0.019300585207731827
1 0.09035860196403835 0.46014362314473023 0.010309317837590757 0.010143705036329187
1 0.5608542276465375 0.2902599106664243 0.010439541028893513 0.011374701624331266
1 0.29756623765696644 0.411249181498652 0.009045911871868631 0.009529404018236242
1 0.3342446111466574 0.48602284037548565 0.009840991833935614 0.011911713558694591
1 0.6069248448247495 0.34342842775842414 0.012728400852369226 0.01083702108134394
1 0.09523791333903439 0.12297280975010086 0.009508931118509045 0.010413916214652683
1 0.0992509074833082 0.2570720755535623 0.010535903598951258 0.010047456492548403
1 0.31250524520874023 0.48737677802210266 0.009062767028808594 0.010094404220581055
1 0.09724618559298306 0.061025381088256836 0.008876479190328846 0.009593165439108143
1 0.3120316111523172 0.32923348053641943 0.008952410324760105 0.009366408638332201
1 0.6327573734781017 0.39168648097826086 0.010868694471276325 0.012624823528787365
1 0.6663932178331458 0.3336439660709838 0.010740238687266474 0.011136985991312109
1 0.5817308944204579 0.04113510898921801 0.009835429813550867 0.011737595433774202
1 0.5591767456220544 0.7324079430621603 0.00926040566485861 0.01067252781080163
1 0.32716955843827 0.12014520168304443 0.010652593620445416 0.011013953582100246
1 0.08118841959082561 0.12479582558507502 0.009650106015412704 0.011208668999049976
1 0.7232931385869565 0.821418637814729 0.009157595427139946 0.008889322695524796
1 0.1037998510443646 0.04429457239482714 0.009350755940312925 0.009930595107700514
1 0.6846757557081139 0.4616866941037385 0.010859779689622961 0.01111590343972911
1 0.7613734162372091 0.7575543859730597 0.009185003197711447 0.00941740948220958
1 0.38342187974763947 0.04123980973077858 0.009540977685347847 0.011648709359376327
1 0.339360583735549 0.10186788310175357 0.010624632887218311 0.011629726575768513
1 0.1610932142838188 0.4825067260990972 0.008434191994045092 0.008428480314171833
1 0.23951075388037643 0.012299407435500103 0.009798734084419582 0.009432405233383179
1 0.6930896924889605 0.4964770234149436 0.01032058052394701 0.012384704921556555
1 0.30621158558389416 0.373020439044289 0.008952659109364386 0.00996237734089727
1 0.6033166387806768 0.03861827565276105 0.011499736620032269 0.011426840139471966
1 0.6742213497991147 0.8976029727769934 0.012004893759022589 0.011374141858971638
1 0.7123273351918096 0.7828749988390051 0.010712830916694973 0.01065075915792714
1 0.5890915393829346 0.21550462556921915 0.011011683422586193 0.010787798010784645
1 0.35731068512667785 0.14981040228968082 0.011549293994903564 0.01179826777914296
1 0.341683504374131 0.06712563400683196 0.010810535887013311 0.010997383490852688
1 0.3314600470273391 0.4688791243926339 0.010141758815101955 0.011510921561199684
1 0.2844394497249437 0.3917749679606894 0.008901036303976307 0.010542916214984398
1 0.6432987607043722 0.6397316041200056 0.012996072354524033 0.015076699464217476
1 0.2858924451081649 0.26537842335908307 0.008272295412809952 0.01042932012806768
1 0.2926313773445461 0.3702537391496741 0.00871264416238536 0.013418633004893427
1 0.693900377854057 0.3477429695751356 0.011466026306152344 0.01098930835723877
1 0.6336737715679667 0.2077454380367113 0.009946201158606487 0.01129844914311948
1 0.5837997353595236 0.5186298100844674 0.009532182112984035 0.009441894033680792
1 0.11692158035610033 0.15497824420099673 0.010194156480872112 0.010332791701607082
1 0.5348381996154784 0.6216644100520922 0.010542371998662535 0.011903120123821755
1 0.7293721696604853 0.8316233054451321 0.00814931289009426 0.008280173591945482
1 0.6206991050554358 0.8487704525823179 0.011156102885370668 0.01085600645645805
1 0.5335922448531442 0.6834248459857443 0.010034602621327276 0.010541542716648266
1 0.09265081778816553 0.30805954725846 0.01005572858064071 0.010676674220872961
1 0.6741654354593029 0.46761129213416064 0.01089875594429348 0.011344951132069464
1 0.6364297763161038 0.6657384374867314 0.00950064866439156 0.012639004251231318
1 0.599137078160825 0.423798830612846 0.011550115502398949 0.011325545932935633
1 0.7021673865940259 0.3646538931390513 0.010472836701766304 0.0109616466190504
1 0.31775482841159985 0.058825876401818314 0.009725280430005945 0.011497922565626062
1 0.31282334742338763 0.44524732879970386 0.008991179258927055 0.00988638919332753
1 0.3969132900238037 0.12115559370621393 0.009615131046461023 0.009846956833549168
1 0.3706521573274032 0.06963661183481631 0.010845267254373302 0.010746857394342836
1 0.5889535468557606 0.8399081644804582 0.010700909987739895 0.014254570007324219
1 0.32213218542544736 0.541670851085497 0.01219378800495811 0.011652676955513332
1 0.6052547123121179 0.8757729737654977 0.010643585868503735 0.01047316841457201
1 0.08134992485461029 0.42823971872744354 0.009705724923507027 0.010931802832561989
1 0.37521584655927576 0.5621291243511698 0.009781225867893385 0.01970685046652089
1 0.2515813578730044 0.029155141633489857 0.009176088416058084 0.010305821895599365
1 0.12584421427353568 0.10226607840994129 0.011863739594169285 0.01062228368676227
1 0.35171331011730694 0.5119794348011846 0.0100131138511326 0.010673025380010191
1 0.34395898425060767 0.5223571528559146 0.010287668394005817 0.009419731471849524
1 0.3626926424710647 0.045417430608168885 0.01006606091623721 0.01061000512993854
1 0.2900921054508375 0.1902055014734683 0.009631592294444208 0.009692088417384935
1 0.5682962044425632 0.3187039520429529 0.015203849129054859 0.01844093073969302
1 0.12082608368085777 0.30645141394242 0.009630814842555834 0.011263909547225288
1 0.09284629510796588 0.4257018669791844 0.009885362956834875 0.010359598242718239
1 0.3478071896926217 0.48547217120294983 0.009637811909551207 0.01200959993445355
1 0.33553532122269913 0.3724836033323537 0.011331748055375141 0.010624134022256603
1 0.589578048042629 0.4014329236486683 0.010295950848123302 0.017094041990197224
1 0.32070274974988855 0.25282678396805475 0.00948128492935844 0.00955757887467094
1 0.572320036266161 0.02049387408339459 0.010715671207593836 0.010546054529107136
1 0.6047864789548126 0.46857671115709393 0.010032322095788044 0.01209053785904594
1 0.6055974338365637 0.2697721460591192 0.010727965313455334 0.010224528934644617
1 0.3543920905693718 0.32645101132600196 0.010519354239754055 0.010730328767195992
1 0.36616881515668787 0.521065442458443 0.009230976519377335 0.010185283163319464
1 0.08535077260888141 0.2470873024152673 0.00980134632276452 0.0101195418316385
1 0.2975692749023438 0.3808356264363165 0.009983352992845617 0.010833595110022503
1 0.6110185021939485 0.13537536496701447 0.010066716567329739 0.010685858519180962
1 0.7433271822722063 0.8083081245422362 0.010008272917374321 0.01056683581808339
1 0.3067018571107284 0.25310468673706055 0.00921500247457753 0.009905773660411005
1 0.32620672557664954 0.5667105239370595 0.012009827987007473 0.014187211575715439
1 0.7848962078923764 0.7620652447576108 0.00991833728292714 0.010980979256007984
1 0.7148629478786304 0.5456290245056151 0.01131712872049083 0.01272446176280146
1 0.7044455486795177 0.3517764754917311 0.010738041089928669 0.010925997858462126
1 0.6446364236914593 0.9879000705221423 0.010740487471870754 0.010398035464079483
1 0.6097684943157694 0.012430101309133612 0.010017726732336956 0.009993864790253017
1 0.2302410498909328 0.01604030572849771 0.014036966406780739 0.010371506214141846
1 0.7715776277625043 0.7654518666474717 0.009898393050484035 0.01099457948104195
1 0.26964516225068463 0.25726951723513397 0.009070126906685207 0.009931958240011463
1 0.6316305865412173 0.6456935094750444 0.010121594304623812 0.010905182879904041
1 0.07762263650479524 0.09300786515940791 0.009999814240828804 0.011304834614629332
1 0.12632935980091925 0.46523739462313446 0.009068343950354534 0.009950544523156208
1 0.7162678345389989 0.7626830391261887 0.010350102963654892 0.009917632393215014
1 0.25838376128155255 0.12648238824761432 0.009206170621125595 0.009670952092046324
1 0.2939578761225161 0.39611377664234326 0.009546611620032269 0.010430890580882196
1 0.5435191652049189 0.7855653762817383 0.009624190952466883 0.010302004606827446
1 0.7680500486622686 0.7832065665203592 0.011260198510211449 0.012468338012695312
1 0.1350652912388677 0.45739055716473126 0.009562399076378864 0.00895578964896824
1 0.59024309075397 0.04113481096599413 0.010219698366911514 0.0114664772282476
1 0.7577113275942595 0.8021000986513884 0.011069670967433765 0.01236160941745924
1 0.3285272642970085 0.05736024224239847 0.01003148439137832 0.010131633800009022
1 0.5633102188939634 0.7487481573353643 0.009110720261283543 0.009470981100331182
1 0.702061777529509 0.5297576759172522 0.01059059474779212 0.01141351202259893
1 0.10119445427604346 0.09533658234969428 0.00971823153288468 0.00998631767604662
1 0.34050913090291224 0.11692450357520062 0.010333105273868725 0.010464378025220789
1 0.2903611141702403 0.28081040797026263 0.00962278117304263 0.009314848029095194
1 0.26397100738857104 0.07251758679099705 0.009012491806693699 0.00878359960473102
1 0.6462174913157588 0.6667894695116126 0.011680063994034477 0.015483856201171875
1 0.6533755634142004 0.1560963081276935 0.010120847950810972 0.01012823892676312
1 0.3262922077075294 0.3166557498600172 0.011037336743396263 0.010815350905708645
1 0.6119066735972529 0.08087905075239099 0.010711669921875 0.014006355534429136
1 0.3530742539011914 0.1104276543078215 0.010191469088844631 0.010844178821729578
1 0.10143158228501031 0.1541453703590061 0.009965492331463358 0.01010522635086723
1 0.34869079874909437 0.5013397672901982 0.009964354660200037 0.012021728183912195
1 0.3617405632267828 0.06409639379252559 0.0098061872565228 0.010963968608690344
1 0.6313475836878237 0.19532271053480066 0.010199609010115913 0.011503240336542543
1 0.6102382100146749 0.23259334978849988 0.011900881062383238 0.012229380400284477
1 0.3029863523400348 0.18222400416498596 0.008791550346042799 0.009182432423467222
1 0.5962877895521081 0.8948089765465778 0.010286870210067085 0.011408100957455843
1 0.3812370922254479 0.2687649726867675 0.009812603826108187 0.009494615637737772
1 0.6004779546157174 0.4608380431714265 0.010254424551258917 0.011447294898655102
1 0.5906951842100724 0.03111371268396792 0.011448341867198114 0.010678773340971573
1 0.11978645946668542 0.08289975446203479 0.011284372080927309 0.010640419047811756
1 0.7206006464750869 0.7738031511721404 0.010268708933954653 0.010000684986943785
1 0.3689265043839165 0.3357969056005063 0.010816076527471128 0.014889198800791864
1 0.2880273590917173 0.2142343210137409 0.010979299959929092 0.009159233259118122
1 0.2923580563586691 0.1399691156719042 0.007968633071235989 0.009251874426136847
1 0.26322510968083923 0.031680354605550354 0.009536598039710003 0.009468713532323423
1 0.7239610423212466 0.7353471673053243 0.010210949441661005 0.010462221891983696
1 0.5944478097169296 0.822263593259065 0.011016203009563942 0.010264521059782608
1 0.7068620557370393 0.7726714300072711 0.0102075079213018 0.009768486022949219
1 0.3468497764805089 0.03856855630874633 0.010139127140459806 0.010177928468455439
1 0.6433622318765393 0.15920597055683966 0.009335517883300781 0.009172118228414784
1 0.3162718026534371 0.42502075174580445 0.008296054342518682 0.008563549622245457
1 0.5491379654925802 0.8491545967433765 0.00969169450842816 0.013292561406674593
1 0.7319828323695972 0.8431193724922511 0.009586126908012058 0.009402399477751358
1 0.35835455293240753 0.31455532364223315 0.009939836419146994 0.01067370953767196
1 0.32186158843662427 0.21008523650791336 0.01110381665437118 0.01024069993392281
1 0.3247809014890505 0.2990834712982177 0.010903652595437092 0.010997046595034391
1 0.08245650581691576 0.41481372066166095 0.009172418843144957 0.008947942567908245
1 0.3217149001100789 0.41334176581838855 0.011466360610464344 0.011189015015311863
1 0.07950169625489609 0.43765323058418604 0.009778188622516134 0.00863666119782821
1 0.296735608059427 0.1998567062875499 0.009040853251581606 0.009549534839132557
1 0.06828683614730836 0.4296398784803307 0.01071303305418595 0.012152837670367699
1 0.3311821144560109 0.5696908287380053 0.012629659279533054 0.013744437176248302
1 0.2604278999826182 0.23342724468397058 0.00936647083448327 0.010556739309559698
1 0.5719711884208347 0.24760839213495667 0.010792773702870245 0.010766112286111584
1 0.6468161396358325 0.693793193153713 0.010448891183604364 0.012892888939898949
1 0.15350593172985574 0.47413852940435 0.008320362671561863 0.008460459501846977
1 0.6004545999609906 0.8346562385559081 0.010690232981806215 0.010410599086595617
1 0.689967217652694 0.9663972854614258 0.010294665461001188 0.010345541912576427
1 0.5388165142225183 0.6951731598895529 0.00983739935833475 0.01061485124670941
1 0.26459444087484607 0.09978577365045962 0.009586520816968836 0.010153314341669497
1 0.28663261040397314 0.15587536148403003 0.010532980379850967 0.00928316945615022
1 0.7057057048963463 0.7477491212927777 0.009624771449876867 0.010520105776579483
1 0.34601772868114966 0.3112781877103059 0.012974086015120796 0.01493841668833857
1 0.5546718576680059 0.8227040042047915 0.00962698977926503 0.010596772898798403
1 0.531050910120425 0.9878907410994819 0.009578912154487942 0.009125999782396399
1 0.31720567786175274 0.49674702208975086 0.009038012960682745 0.010181416635927946
1 0.3755092854085176 0.5686766479326331 0.010084934856580652 0.013283045395560886
1 0.09919238090515138 0.37358708744463714 0.00848115008810292 0.009292504061823305
1 0.09403113178584886 0.13356144013612167 0.009300781332928202 0.010150111239889393
1 0.32400492254806607 0.4787073653677236 0.009692114980324455 0.01096586559129798
1 0.5827925827192224 0.26028733668120013 0.010546165963877802 0.010756596274997875
1 0.6490024483722189 0.9665693407473358 0.011393588522206182 0.01099557461945907
1 0.11838684393012006 0.3458969165449557 0.010318310364432957 0.011305412520533022
1 0.3048949241638183 0.40111977380254993 0.009309519892153532 0.011417964230413023
1 0.35849794356719306 0.09392645048058552 0.011183738708496094 0.011691673942234204
1 0.6528096820997156 0.5567858530127484 0.011469053185504417 0.015220185984735903
1 0.612893477730129 0.025654612675957054 0.011846210645592731 0.012692381506380827
1 0.2705036453578783 0.12029611546060312 0.009135660917862602 0.009136262147322945
1 0.29639743722003437 0.018440837445466415 0.009701562964397928 0.010688190874846085
1 0.5815050601959229 0.17366409820059073 0.009459847989289658 0.011585183765577234
1 0.3815629041713217 0.10244268956391708 0.010477247445479683 0.011214753855829653
1 0.774176431738812 0.8492819122646167 0.009278255960215693 0.010050856548806896
1 0.26961699776027515 0.01231488682653593 0.008239829021951427 0.00926622942737911
1 0.5762114421181057 0.5230091551075811 0.01093248699022376 0.01159141374670941
1 0.6178681435792341 0.5933085006216298 0.010178462318752125 0.011272617008375086
1 0.39202536707339086 0.1707088636315387 0.01115429919698964 0.011275706083878227
1 0.39711476149766334 0.027107517356457916 0.009917730870454208 0.010420345741769543
1 0.37209554340528406 0.4773378372192383 0.011584966079048489 0.01131837264351223
1 0.6977855018947434 0.7533596494923468 0.010691020799719769 0.010978325553562329
1 0.31695242550062097 0.22317913304204529 0.008756036343781845 0.009302719779636549
1 0.6068552473317022 0.29364078977833624 0.01136991252069888 0.010640538257101307
1 0.5122821434684421 0.6403090850166653 0.008952472520911175 0.014169610064962635
1 0.2807607132455577 0.13263022899627686 0.008684013200842815 0.009356695672740107
1 0.3579328241555587 0.5694957194120989 0.01517331600189209 0.013769813205884851
1 0.07240339984064517 0.3815719899923905 0.011630348537279211 0.011559284251669178
1 0.5779820110486902 0.9004338720570441 0.011918980142344599 0.011324592258619226
1 0.5819399667822797 0.8811329758685568 0.010107413582179859 0.009009610051694124
1 0.3800633057304051 0.16140453711799957 0.00940679467242697 0.009904861450195312
1 0.6144753746364429 0.7967581541641898 0.009533260179602581 0.010366771532141644
1 0.6922693667204483 0.5382162695345671 0.012065141097359035 0.011940728063168734
1 0.7048283037932024 0.5385852482007898 0.011085344397503395 0.011906665304432745
1 0.6911246672920559 0.9486456746640413 0.011667417443316917 0.012288881384808083
1 0.5897304286127505 0.8518265433933423 0.010452851005222485 0.010225213092306385
1 0.6450086261915124 0.3963267077570376 0.010923219763714333 0.011136054992675781
1 0.08083616650622824 0.027495325907416962 0.011835585469784944 0.010663843673208485
1 0.5792341232299806 0.8358028453329335 0.009924432505731997 0.010754916978918987
1 0.3344068932144538 0.513097908185876 0.009389573465222898 0.0103600958119268
1 0.7820088345071544 0.7802505285843558 0.009555816650390625 0.009742529495902683
1 0.3161774303602136 0.5081960636636486 0.00893240389616593 0.00887261266293733
1 0.2723138643347699 0.13897383213043216 0.008056143055791441 0.009643876034280529
1 0.26064233157945715 0.06141412776449452 0.009252195772917374 0.009959438572759214
1 0.5583661120870839 0.8714006258093794 0.009498430335003397 0.010326800139054008
1 0.3627519192902938 0.6433491706848145 0.01017363175101902 0.012483223624851391
1 0.5742806455363398 0.22663111272065536 0.01232004165649414 0.012306980464769446
1 0.31659238234810205 0.4361823382584945 0.008565156356148098 0.009444661762403406
1 0.3890977113143258 0.1262022412341574 0.010542247606360394 0.00997329794842264
1 0.26436660600745154 0.27747740952864935 0.008710570957349695 0.009783661883810291
1 0.5961274997047756 0.2545661096987517 0.012391774550728176 0.011443386907162874
1 0.06809578512025916 0.3319560133892557 0.01100184088167937 0.012023428212041441
1 0.6767121190610139 0.5308479951775592 0.013043776802394703 0.011027812957763672
1 0.09374254164488419 0.32257898540600494 0.009818833807240362 0.013288364462230518
1 0.07941150924433833 0.24177711942921515 0.01047007415605628 0.011758451876432999
1 0.713112333546514 0.72907483059427 0.010270077249278193 0.010011216868524965
1 0.6354503009630286 0.5832531037537949 0.009033742158309273 0.01090035231217094
1 0.3522765740104344 0.12118796161983324 0.010324307109998621 0.009927386822907822
1 0.3670313021411066 0.33167594412098755 0.009953960128452467 0.011246225108271059
1 0.5615734432054602 0.7051767680955969 0.013415046360181726 0.010245447573454483
1 0.5750867387522822 0.8740527940833052 0.00919943270475968 0.01105938787045686
1 0.33346174203831214 0.45618850770203956 0.009833219258681587 0.011640973713087
1 0.29613907440848974 0.11790836893993875 0.00942031196925951 0.009506692057070524
1 0.6028532359911047 0.8498135234998621 0.010413294253141983 0.013860578122346298
1 0.09364428209221881 0.03355691096057062 0.008557848308397375 0.008492379084877346
1 0.586470075275587 0.018224725256795467 0.010419741920802906 0.015550875145456066
1 0.26160700424857763 0.052227064319278885 0.009147726971170177 0.00920092022937277
1 0.36436717665713764 0.4831062866293866 0.01117793891740882 0.011317387871120289
1 0.5916623758233112 0.8618954368259597 0.01107844062473463 0.010344961415166441
1 0.5538167020548945 0.7540444083835769 0.008957800657852837 0.011376256528108017
1 0.3382044253141984 0.2993087146593177 0.009601924730383831 0.009281282839567764
1 0.3037263517794402 0.31408337924791424 0.009793426679528278 0.01081642897232719
1 0.10968697589376697 0.05204503950865372 0.009308566217837126 0.010542019553806469
1 0.36985562806544103 0.1502397578695546 0.012660656286322552 0.013657943062160328
1 0.5941855700119681 0.33206012974614685 0.009168687074080757 0.009868124256963316
1 0.660419858020285 0.9877266261888586 0.01193399014680282 0.011653485505477242
1 0.6849339526632557 0.9826179172681726 0.0074812018353006115 0.008275073507557745
1 0.2516869773035464 0.09746646881103514 0.009288642717444378 0.010723031085470448
1 0.33899381886357843 0.5038747372834579 0.011843629505323328 0.008869668711786684
1 0.7415847778320312 0.7644856909047002 0.009596119756283968 0.009723580401876698
1 0.6752658512281334 0.5204941293467646 0.010726265285326086 0.010709845501443615
1 0.3061943987141485 0.055890573107677956 0.01176446417103643 0.010619199794271717
1 0.11809982424196988 0.1298560266909392 0.014376080554464588 0.013033265652863876
1 0.7265183407327404 0.717958346657131 0.009068779323412024 0.00861495474110479
1 0.08288940916890683 0.2286305738532025 0.010556951813075855 0.011859375497569208
1 0.6057960676110309 0.25735039296357526 0.012478289396866508 0.010125554126241932
1 0.6196672501771346 0.09879573531772781 0.01004834797071374 0.009859416795813519
1 0.38257573998492694 0.14079933581144913 0.00950647437054178 0.009296417236328125
1 0.11623233815898068 0.06640430896178535 0.009755165680595066 0.015018240265224293
1 0.6513991252235745 0.16876507323721182 0.009762328603993292 0.009210534717725672
1 0.7641209312107251 0.8548656753871751 0.008971504543138586 0.010771170906398609
1 0.6119852895322054 0.0652117573696634 0.009180483610733696 0.010174481765083645
1 0.5936790341916292 0.7711279495902683 0.008045984351116678 0.009429351143215014
1 0.5792221712029498 0.8151381948719855 0.010129451751708984 0.01205120915951936
1 0.6660202067831287 0.8747287418531335 0.00956937541132388 0.009927998418393343
1 0.2976250752158787 0.260131369466367 0.009101100589918054 0.010264334471329399
1 0.37297884795976727 0.17579404167507007 0.011142108751379925 0.01019813703454059
1 0.5611516703730044 0.8095538305199663 0.009564980216648268 0.01047354159147843
1 0.6831847688426143 0.9280189016590947 0.00839884384818699 0.008759871773097826
1 0.7791486201078994 0.8170550595159116 0.011381522468898609 0.011656014815620754
1 0.5874415065931238 0.42724667424741 0.009590190389881964 0.010806373927904211
1 0.5862435879914656 0.27240941835486365 0.010051229725713316 0.010820969291355297
1 0.3638063073158264 0.5539886640465778 0.009918290635813837 0.012380185334578804
1 0.6189009417658267 0.22722606036974036 0.009305580802585768 0.010479491689930792
1 0.3673689209896585 0.2786235602005668 0.0112872953000276 0.010995699011761208
1 0.6417894259743069 0.9185581621916399 0.010310898656430452 0.009353140126103941
1 0.742560282997463 0.8477503735086194 0.008277851602305536 0.010441489841627039
1 0.7174766789311948 0.7147082245868185 0.009917051895805027 0.00983416515847911
1 0.09210019007973048 0.07131545699161032 0.009559828302134638 0.010569546533667522
1 0.633047456326692 0.09221374470254651 0.012762028238047724 0.013237414152725883
1 0.6244767645130986 0.8136147830797279 0.010941878609035328 0.010243996329929516
1 0.3573379698007003 0.5379054028054943 0.009705735289532206 0.01064300537109375
1 0.3563220086305038 0.46031603605850885 0.009512590325396994 0.009975702866264011
1 0.7392241436502208 0.7100322350211765 0.008962962938391644 0.009669220965841541
1 0.06781782015510228 0.3594714014426522 0.010857566543247387 0.011963714724001677
1 0.739402086838432 0.7219354795373004 0.009146358655846638 0.010187397832455843
1 0.5984593888987666 0.21669494587442148 0.01054170857305112 0.010510050732156506
1 0.27888553038887354 0.2345446089039678 0.009445770927097486 0.009208886519722317
1 0.3050563128098197 0.19097676484481144 0.008999057438062586 0.010378671729046364
1 0.5664666320966638 0.3247771723114926 0.010375872902248218 0.00824999679689822
1 0.768790058467699 0.879297401594079 0.009712426558784817 0.009592595307723335
1 0.6301082528155783 0.8804232970527981 0.009751651598059612 0.009689662767493206
1 0.5767094156016475 0.3007430719292682 0.01217087455417799 0.013265215832254162
1 0.6422369376472805 0.9601488528044329 0.011691839798637058 0.011516819829526155
1 0.6546435148819633 0.570539142774499 0.01048942234205163 0.011221097863238792
1 0.11478867219841998 0.14063834625741709 0.009693404902582583 0.011023200076559315
1 0.5603483863498854 0.7998709264008896 0.009907598080842392 0.01009505728016729
1 0.765714811242145 0.8349412627842117 0.010631478351095448 0.0103485687919285
1 0.7646910625955334 0.7435551933620288 0.011000425919242527 0.011326499607252039
1 0.6281475191530975 0.22495594231978708 0.00988906362782354 0.011562948641569717
1 0.3261840861776601 0.22867333370706308 0.008739927540654722 0.009552914163340693
1 0.6076850476472274 0.21485232270282245 0.010897677877674932 0.011014876158341118
1 0.5858422569606614 0.9113698212996773 0.013942303864852242 0.012297920558763586
1 0.10604768732319705 0.12957315341286038 0.010684645694235096 0.009978076686029848
1 0.33684606137483014 0.47832370840984845 0.008739512899647589 0.010652832362962805
1 0.7063291383826216 0.7186409701471743 0.010386259659476902 0.012222331503163214
1 0.6446282034334929 0.9479958492776623 0.010912128116773523 0.011072739310886547
1 0.2971349591794221 0.06090587377548218 0.009689123734183933 0.011189735454061756
1 0.6747295752815579 0.9135558916174847 0.01032319276229195 0.01007643989894701
1 0.49167209086210834 0.5576705310655676 0.01092547955720321 0.010424199311629585
1 0.3363420950329822 0.04797809797784557 0.010675704997518787 0.009892873142076574
1 0.770417192707891 0.8676604602647864 0.009122309477432915 0.009635883828868036
1 0.7205900731294053 0.7022498794223953 0.010523630225140114 0.01050041032874066
1 0.37260198593139654 0.14240753132364023 0.009101328642471977 0.009247696917989979
1 0.5834589833798616 0.9332510906717053 0.012542641681173573 0.012501592221467392
1 0.6767941350522249 0.9608499900154446 0.010098996369735054 0.009846936101498812
1 0.2414986568948497 0.02292368399060291 0.009673864945121433 0.010311620390933494
1 0.07564826115317967 0.34623420756796136 0.00945133748261825 0.010632369829260784
1 0.6408473719721256 0.9325168443762739 0.011217863663383152 0.010871389637822691
1 0.30445637910262396 0.36189607951952063 0.010044097900390625 0.009502037711765455
1 0.06864619255065918 0.46142127721206 0.009058475494384766 0.009259711141171663
1 0.7518947642782459 0.7656001630036726 0.008919467096743376 0.009284392647121264
1 0.3664470651875372 0.45144491092018457 0.00972617190817128 0.011558543080868929
1 0.3886912594670835 0.19887824680494226 0.009831262671429178 0.010001306948454483
1 0.5664793719416079 0.1929095102393109 0.009369352589482847 0.009003556292989979
1 0.6546930541162906 0.9514316683230193 0.0095935697140901 0.010316392649774965
1 0.3009486198425293 0.22841631847879162 0.009570038836935291 0.012121366417926292
1 0.6225138125212295 0.8739021550054136 0.012879744819972828 0.014972769695779552
1 0.33163024031597643 0.03346420889315398 0.009941075159155804 0.011105495950450068
1 0.3966361750727115 0.22054883708124573 0.008898942366890285 0.009121894836425781
1 0.38544163496597955 0.2529096810714058 0.009059615757154383 0.009960755057956861
1 0.06595816560413527 0.19393258509428604 0.009940194047015646 0.011750905410103176
1 0.6073529202005138 0.8900162655374279 0.010020463362984035 0.009228084398352581
1 0.5308454140372898 0.9533657820328422 0.008870788242505945 0.008714344190514606
1 0.5094394476517387 0.6480711750362231 0.00919453994087551 0.010167059691055962
1 0.6479835095612898 0.8426932044651196 0.00906471584154212 0.010340068651282269
1 0.5926440487737241 0.8750376286713972 0.012216858241869055 0.009815589241359545
1 0.682230970133906 0.9722925683726434 0.010572309079377548 0.009862236354662024
1 0.3287495426509691 0.28006981766742206 0.010231329047161598 0.010994351428488026
1 0.8373186576293954 0.7620652447576108 0.00991833728292714 0.010980979256007984
1 0.8383671066241356 0.7400478158680628 0.00991833728292714 0.010980979256007984
1 0.7597334320186069 0.9004605120633411 0.00991833728292714 0.010980979256007984
1 0.6553954166170688 0.9335963623757447 0.010310898656430452 0.009353140126103941
1 0.667569197718487 0.9497087197158572 0.010310898656430452 0.009353140126103941
1 0.6690014072598305 0.9618825008172758 0.010310898656430452 0.009353140126103941
1 0.6704336168011739 0.9715499152213434 0.010310898656430452 0.009353140126103941
1 0.6704336168011739 0.981217329625411 0.010310898656430452 0.009353140126103941
1 0.5945265111099776 0.9514989816425371 0.010310898656430452 0.009353140126103941
1 0.6059841874407241 0.9472023530185075 0.010310898656430452 0.009353140126103941
1 0.60204561120203 0.9357446766877608 0.010310898656430452 0.009353140126103941
1 0.5948845634953135 0.9203484241183202 0.010310898656430452 0.009353140126103941
1 0.6013295064313585 0.9067424334755588 0.010310898656430452 0.009353140126103941
1 0.6865459741412866 0.9135454287969398 0.010310898656430452 0.009353140126103941
1 0.579130258540537 0.8512443137485054 0.010310898656430452 0.009353140126103941
1 0.545115281933633 0.9719079676066807 0.010310898656430452 0.009353140126103941
1 0.5383122866122523 0.9608083436612699 0.010310898656430452 0.009353140126103941
1 0.5343737103735582 0.9758465438453747 0.010310898656430452 0.009353140126103941
1 0.54368307239229 0.9862300630201141 0.010310898656430452 0.009353140126103941
1 0.6335542211115838 0.9769207010013826 0.010310898656430452 0.009353140126103941
