0 0.41537395732855315 0.09153002231388192 0.00923913043478261 0.008967391304347826
0 0.09118917471985748 0.06007621796605585 0.00842391304347826 0.008559782608695651
0 0.4822897181981184 0.01782078318344715 0.010190217391304348 0.01046195652173913
0 0.36598537037203144 0.07407078318344718 0.009918478260869565 0.010733695652173914
0 0.7201027944125508 0.025137745364301977 0.010816369820169123 0.009686727812203411
0 0.6437027616763793 0.11374469622692544 0.010190217391304348 0.009918478260869565
0 0.3987299355894228 0.09057893535736021 0.010190217391304348 0.010597826086956521
0 0.5810668921111619 0.07386697883562104 0.011005434782608695 0.011956521739130435
0 0.2992734138502923 0.1587854570964906 0.010190217391304348 0.011141304347826087
0 0.06999352254594444 0.013676761444316718 0.007608695652173912 0.007880434782608695
0 0.9095919565418917 0.10341739435547867 0.007472826086956522 0.007336956521739131
0 0.6536891747198577 0.017684913618229763 0.009510869565217392 0.009918478260869565
0 0.3769228703720314 0.061706652748664555 0.010597826086956521 0.011277173913043479
0 0.4075607029020608 0.05658061394902065 0.008558273755711252 0.009844468903635615
0 0.42875710950246615 0.04947839187909931 0.009103260869565217 0.009103260869565217
0 0.3511076529807272 0.08392132666170803 0.00923913043478261 0.009782608695652175
0 0.40817287037203137 0.06802458753127325 0.00842391304347826 0.007880434782608695
0 0.45919189211116185 0.0389485005747515 0.007744565217391305 0.00842391304347826
0 0.33018373993724887 0.0834457831834472 0.00842391304347826 0.008559782608695651
0 0.28847178341550966 0.28881263100953414 0.008152173913043478 0.00842391304347826
0 0.38493917471985756 0.037250131009534115 0.008967391304347826 0.008831521739130434
0 0.3956049355894226 0.06048382666170803 0.009103260869565217 0.009103260869565217
0 0.8312027616763791 0.017345239705186283 0.010190217391304348 0.010869565217391304
0 0.23379902280089612 0.3944112292842869 0.012121870075121022 0.010813673015711074
0 0.3250614367205339 0.0950626310095341 0.008288043478260869 0.008695652173913044
0 0.6882000442850749 0.07461426144431672 0.011956521739130435 0.012092391304347827
0 0.2626565660242053 0.03528002231388192 0.00842391304347826 0.00923913043478261
0 0.26856689211116186 0.056815348400838454 0.01046195652173913 0.009918478260869565
0 0.4190424355894226 0.14669306579214275 0.008695652173913044 0.00842391304347826
0 0.4265152616763791 0.10803817448779497 0.010054347826086957 0.010733695652173914
0 0.6279418921111618 0.0907827397051863 0.012907608695652172 0.014809782608695653
0 0.10898184380927413 0.04654921717709703 0.00842391304347826 0.008695652173913044
0 0.4148304790676836 0.07787513100953414 0.00923913043478261 0.009646739130434782
0 0.08127069645898796 0.030049044053012373 0.00842391304347826 0.008559782608695651
0 0.7013114573285532 0.05375828318344717 0.009918478260869565 0.010869565217391304
0 0.6225750442850749 0.0139485005747515 0.010869565217391304 0.010597826086956521
0 0.47964026167637924 0.034532739705186284 0.008695652173913044 0.009646739130434782
0 0.3299799355894227 0.05097295709649064 0.008288043478260869 0.009103260869565217
0 0.5373848268937705 0.02386697883562107 0.008695652173913044 0.00923913043478261
0 0.3012435225459445 0.2879974136182298 0.009782608695652175 0.009782608695652175
0 0.2856125933893322 0.29362395799382296 0.008152173913043478 0.008152173913043478
0 0.49132504428507495 0.04941045709649065 0.008695652173913044 0.00842391304347826
0 0.43622993558942275 0.12264415274866457 0.012364130434782607 0.011684782608695652
0 0.38718102254594455 0.02773926144431672 0.009375 0.009375
0 0.4192462399372489 0.13283437013996888 0.008559782608695651 0.008152173913043478
0 0.4091224484755686 0.032844089459369286 0.011684782608695652 0.011956521739130435
0 0.43589026167637934 0.059600674487794984 0.008967391304347826 0.00923913043478261
0 0.7137878242082484 0.06669383797993939 0.011773385933303036 0.012987586059189456
0 0.3064065660242053 0.06992676144431671 0.008695652173913044 0.00842391304347826
0 0.09302341385029234 0.07407078318344718 0.008559782608695651 0.009103260869565217
0 0.2743664274892444 0.03170364170324112 0.00923913043478261 0.009375
0 0.3207408051546402 0.2315436092704037 0.010733695652173914 0.011005434782608695
0 0.6547081964589881 0.1346686092704037 0.008559782608695651 0.008559782608695651
0 0.6611620008068141 0.10083708753127324 0.011956521739130435 0.012092391304347827
0 0.4905098268937704 0.038201217966055856 0.007336956521739131 0.007201086956521738
0 0.7091239573285533 0.043024587531273244 0.009510869565217392 0.010597826086956521
0 0.21865549543576937 0.394091549712128 0.009280467518780212 0.009550858246986028
0 0.45042830515464005 0.14224526800076467 0.01494565217391332 0.009854404417243823
0 0.10315405607776905 0.03987154799780644 0.008152173913043478 0.008559782608695651
0 0.4154418921111619 0.12223654405301237 0.008559782608695651 0.00842391304347826
0 0.5046402616763794 0.0780789353573602 0.010054347826086957 0.010326086956521738
0 0.4030098268937706 0.11462784840083845 0.008695652173913044 0.00842391304347826
0 0.33620333789081164 0.2560560232112142 0.011684782608695652 0.01154891304347826
0 0.4464880877633358 0.04057893535736018 0.007608695652173912 0.00842391304347826
0 0.6018549355894227 0.10226371796605588 0.008831521739130434 0.008967391304347826
0 0.08330873993724884 0.07807893535736021 0.00923913043478261 0.009510869565217392
0 0.2921141249876758 0.041897735760392185 0.007932708160014377 0.00834412254519451
0 0.3101429790676836 0.20172023970518638 0.008288043478260869 0.008152173913043478
0 0.3231185225459445 0.2665979570964907 0.010054347826086957 0.010190217391304348
0 0.2869092834155097 0.01415230492257759 0.008288043478260869 0.008831521739130434
0 0.1350750442850749 0.05253545709649065 0.010326086956521738 0.010326086956521738
0 0.8950584396225847 0.07258472237053122 0.009375 0.010326086956521738
0 0.5837842834155098 0.057494696226925414 0.013179347826086955 0.013994565217391307
0 0.4481185225459444 0.061842522313881945 0.008967391304347826 0.009918478260869565
0 0.06717787996089424 0.024002848400838404 0.006174763430969815 0.00815217391304346
0 0.24064569645898792 0.07903002231388193 0.007065217391304347 0.006793478260869564
0 0.25178700080681404 0.05063328318344716 0.008152173913043478 0.008152173913043478
0 0.5581049355894228 0.0889485005747515 0.008831521739130434 0.00842391304347826
0 0.6134038486329012 0.11659795709649061 0.009646739130434782 0.010190217391304348
0 0.4316783051546401 0.15416589187909932 0.011141304347826087 0.011141304347826087
0 0.24241200080681402 0.058581652748664545 0.006793478260869565 0.006385869565217392
0 0.9314598397597642 0.05668312190907827 0.007201086956521738 0.007201086956521738
0 0.09295547906768359 0.023731109270403672 0.008152173913043478 0.008152173913043478
0 0.5008359138502922 0.09180176144431672 0.009782608695652175 0.00923913043478261
0 0.5156456964589878 0.07006263100953411 0.007336956521739131 0.007336956521739131
0 0.14387312754908074 0.1312120272662559 0.01080268826714257 0.008983575122139794
0 0.5490696095024662 0.01707350057475151 0.007880434782608695 0.007880434782608695
0 0.12411140759637185 0.05782639109014049 0.008152173913043478 0.008695652173913044
0 0.45470593317951097 0.06626314284314733 0.010738222211127104 0.010607545406356927
0 0.2860940660242054 0.024546326661708022 0.007744565217391305 0.008152173913043478
0 0.37430585719937154 0.08579941541289432 0.009924407417481797 0.011413043478260866
0 0.6286212399372488 0.1123180657921428 0.011820652173913043 0.012771739130434783
0 0.670238663977768 0.11340502231388194 0.01081636982016913 0.008967391304347826
0 0.6474391747198577 0.1246821962269254 0.008695652173913044 0.008152173913043478
0 0.4759046030593931 0.06636443755959787 0.012637378418202106 0.01162535223056231
0 0.31336935232541696 0.055616572322434533 0.00862877522366433 0.00752092610406174
0 0.5673205164100446 0.03573148063028563 0.010733695652173914 0.011005434782608695
0 0.7234729358443747 0.055576503852975474 0.012665348335990147 0.01130921083485636
0 0.33371634863290106 0.28249469622692547 0.010326086956521738 0.011005434782608695
0 0.5595995008068141 0.07869034840083845 0.008559782608695651 0.008831521739130434
0 0.24367556715531638 0.06934726460015198 0.006657608695652174 0.006385869565217392
0 0.5914609138502922 0.03350167538512728 0.012771739130434783 0.013722826086956519
0 0.446319691342895 0.08746983887727172 0.012092391304347827 0.011684782608695652
0 0.5338522181981183 0.03976371796605584 0.008967391304347826 0.009510869565217392
0 0.1678875442850749 0.07196480492257758 0.009103260869565217 0.008967391304347826
0 0.25498548885819916 0.06594903701828693 0.01141304347826087 0.011005434782608695
0 0.9293289654246505 0.06046560126651429 0.008831521739130434 0.009918478260869565
0 0.31786854586596025 0.085170259793585 0.01141304347826087 0.01290760869565217
0 0.5825614573285531 0.09730447883562107 0.009918478260869565 0.010733695652173914
0 0.3392190660242054 0.2305925223138819 0.011277173913043479 0.011820652173913043
0 0.4282136312415967 0.1108914353573602 0.012364130434782607 0.013722826086956519
0 0.30552341385029236 0.014967522313881938 0.011005434782608695 0.010733695652173914
0 0.6618450647665051 0.01438267607930404 0.011005434782608695 0.007137013112895937
0 0.6973978376358597 0.09292461582685162 0.014130434782608694 0.014538043478260867
0 0.522778848632901 0.07923382666170803 0.008016304347826088 0.007472826086956524
0 0.44444023674067606 0.016322573221280695 0.007472826086956522 0.007336956521739131
0 0.827803759266468 0.1341930657921428 0.009913951701916144 0.007336956521739125
0 0.5555913486329009 0.013540891879099326 0.00842391304347826 0.00923913043478261
0 0.4508985676474554 0.02190901928921943 0.007065217391304347 0.007472826086956524
0 0.31340384863290077 0.17392684691727897 0.014809782608695986 0.009630605728533467
0 0.23800776422589653 0.33809577614872166 0.009280467518780212 0.009550858246986028
0 0.3490989212609509 0.2349230655889873 0.010326086956521738 0.011005434782608695
0 0.38114839719313814 0.1107182886394073 0.010190217391304348 0.011141304347826087
0 0.4377165675027409 0.17216497821341076 0.010190217391304348 0.011141304347826087
0 0.40397415012508325 0.1686962134793944 0.010190217391304348 0.011141304347826087
0 0.34294007163314355 0.16572298656452325 0.010190217391304348 0.011141304347826087
0 0.31465598647834214 0.19149095316007309 0.010190217391304348 0.011141304347826087
0 0.5012317060959787 0.10427629699051984 0.010190217391304348 0.011141304347826087
0 0.284387053242502 0.07801279257582484 0.010190217391304348 0.011141304347826087
0 0.42928096315832626 0.08643693550129304 0.010190217391304348 0.011141304347826087
0 0.4129059664897571 0.1062584482671006 0.010190217391304348 0.011141304347826087
0 0.3910726375983316 0.10774506172453618 0.010190217391304348 0.011141304347826087
0 0.40844005830742014 0.14144163342640906 0.010190217391304348 0.011141304347826087
0 0.4104249063884589 0.13153087704350525 0.010190217391304348 0.011141304347826087
0 0.5284419872773138 0.06521609581041937 0.012771739130434783 0.013722826086956519
0 0.5358851675812089 0.07314470091674238 0.012771739130434783 0.013722826086956519
0 0.5105783545479656 0.04638565868290218 0.012771739130434783 0.013722826086956519
0 0.5234798670747172 0.05480980160837042 0.012771739130434783 0.013722826086956519
0 0.5795518253640602 0.03845705357657917 0.012771739130434783 0.013722826086956519
0 0.6098207585999001 0.03102398628940133 0.012771739130434783 0.013722826086956519
0 0.5912810976227755 0.09811648819074742 0.005458332222856441 0.01090183202119416
0 0.6622394165199086 0.11694692531826459 0.01240530050649184 0.01090183202119416
0 0.4912943755404514 0.027750117872130574 0.009924240405193458 0.008919680744613401
0 0.3990784197312403 0.0535462971936754 0.009103260869565217 0.009103260869565217
0 0.36636646487521696 0.08679049105118468 0.009924407417481797 0.011413043478260866
0 0.3167305373160078 0.06065149956717146 0.00862877522366433 0.00752092610406174
0 0.2626565660242053 0.03528002231388192 0.00842391304347826 0.00923913043478261
0 0.2332461973565356 0.07304197664940888 0.00842391304347826 0.00923913043478261
0 0.24304965357909214 0.05206311312967169 0.00842391304347826 0.00923913043478261
0 0.24949192481105795 0.05793719491519808 0.00842391304347826 0.00923913043478261
0 0.27946249097715936 0.027727631446776528 0.00842391304347826 0.00923913043478261
0 0.29542811968246574 0.019336086038881647 0.00842391304347826 0.00923913043478261
0 0.2718998247483301 0.019615804219144807 0.00842391304347826 0.00923913043478261
0 0.2525730110524328 0.04087438591914518 0.00842391304347826 0.00923913043478261
0 0.23492678985183102 0.04590931316388208 0.00842391304347826 0.00923913043478261
0 0.24445014732517156 0.04115410409940833 0.00842391304347826 0.00923913043478261
0 0.22680392612456987 0.07248254028888253 0.00842391304347826 0.00923913043478261
0 0.2099980011716158 0.06017494035730341 0.008423913043478252 0.010358003155835249
0 0.2198014573941723 0.06269240397967187 0.00842391304347826 0.00923913043478261
0 0.22652382737535393 0.08339154931914587 0.00842391304347826 0.00923913043478261
0 0.18226822499924122 0.08618873112177744 0.007303518046614458 0.007560821353203514
0 0.19095128622493443 0.07975521297572473 0.00842391304347826 0.00923913043478261
0 0.1884303974819913 0.07192310392835617 0.00842391304347826 0.00923913043478261
0 0.1766662500149235 0.07304197664940883 0.00842391304347826 0.00923913043478261
0 0.1766662500149235 0.0884264765638828 0.00842391304347826 0.00923913043478261
0 0.201034841196707 0.08562929476125113 0.00842391304347826 0.00923913043478261
0 0.2198014573941723 0.0884264765638828 0.00842391304347826 0.00923913043478261
0 0.1996343474506274 0.0666084585033561 0.00842391304347826 0.00923913043478261
0 0.20439602618729777 0.07975521297572472 0.00842391304347826 0.00923913043478261
0 0.2139193836606384 0.08367126749940901 0.00842391304347826 0.00923913043478261
0 0.21363928491142253 0.07667831299282993 0.00842391304347826 0.00923913043478261
0 0.21784076614966102 0.0702447948467772 0.00842391304347826 0.00923913043478261
0 0.206636816181025 0.07136366756782986 0.00842391304347826 0.00923913043478261
0 0.15481854757608315 0.07500000391125092 0.00842391304347826 0.00923913043478261
0 0.2069169149302409 0.09122365836651439 0.00842391304347826 0.00923913043478261
0 0.152577757582356 0.08339154931914582 0.00842391304347826 0.00923913043478261
0 0.08647445276740318 0.018217213317828895 0.00842391304347826 0.00923913043478261
0 0.10860225395545944 0.037517767755987114 0.00842391304347826 0.00923913043478261
0 0.09655800773917564 0.03500030413361865 0.00842391304347826 0.00923913043478261
0 0.11868580892723188 0.06409099488098759 0.00842391304347826 0.00923913043478261
0 0.129609660146652 0.14520926715730476 0.00842391304347826 0.00923913043478261
0 0.13997331386764034 0.062132967619145454 0.00842391304347826 0.00923913043478261
0 0.1326907463880269 0.06353155852046125 0.00842391304347826 0.00923913043478261
0 0.07230753648407912 0.020538625924064836 0.00842391304347826 0.008559782608695651
0 0.11570421379045577 0.04654921717709704 0.00842391304347826 0.008695652173913044
0 0.18422891624375276 0.08199295841783005 0.00842391304347826 0.00923913043478261
0 0.20089505392297105 0.07356588140921179 0.006442271231965755 0.0061537999657895704
0 0.2226027069872034 0.09524404037960689 0.009523357473340646 0.00587408178552641
0 0.8496032074223214 0.12000188526328152 0.009506343006264888 0.009367710510449693
0 0.916709265759468 0.05400238063018833 0.007472826086956522 0.007336956521739131
0 0.9116254734611994 0.06178693758691214 0.007472826086956522 0.007336956521739131
0 0.9055249227032768 0.09360208341004427 0.007472826086956522 0.007336956521739131
0 0.836724266933374 0.12474031123693947 0.009506343006264888 0.009367710510449693
0 0.840452381285438 0.11729421327833414 0.009506343006264888 0.009367710510449693
0 0.8411302202585403 0.10883273832537343 0.009506343006264888 0.009367710510449693
0 0.8950584396225847 0.07258472237053122 0.009375 0.010326086956521738
0 0.9259001128987475 0.06886167339122853 0.009375 0.010326086956521738
0 0.8892968083512136 0.03163118359820158 0.009375 0.010326086956521738
0 0.839614106979667 0.037568948791145376 0.010167584596537296 0.008799933951079093
0 0.5071592024149614 0.013447544336258754 0.007065217391304346 0.004765154102009106
0 0.4508985676474554 0.030708953240298525 0.007065217391304347 0.007472826086956524
0 0.43969536392895864 0.013445671737274068 0.00747282608695652 0.004967743534910143
