0 0.24388599999999996 0.115489 0.009511 0.013587
0 0.250679 0.127038 0.012228 0.012228
0 0.252717 0.19768999999999998 0.013587 0.012228
0 0.252038 0.11209200000000001 0.009511 0.009511
0 0.255435 0.220788 0.01087 0.012228
0 0.33288000000000006 0.115489 0.01087 0.01087
0 0.33423899999999995 0.17798900000000004 0.013587 0.01087
0 0.34714699999999993 0.200408 0.006793 0.006793
0 0.387228 0.11345100000000001 0.01087 0.012228
0 0.390625 0.16847799999999996 0.012228 0.013587
0 0.393342 0.153533 0.012228 0.016304
0 0.394701 0.19565200000000002 0.012228 0.01087
0 0.40421200000000007 0.19429300000000002 0.012228 0.01087
0 0.40692900000000004 0.16440199999999996 0.012228 0.013587
0 0.420516 0.141984 0.012228 0.012228
0 0.43410300000000007 0.14945699999999998 0.012228 0.013587
0 0.440217 0.19157600000000002 0.008152 0.01087
0 0.4476899999999999 0.188179 0.009511 0.012228
0 0.45244599999999996 0.19768999999999998 0.008152 0.009511
0 0.45380399999999993 0.18885900000000003 0.01087 0.01087
0 0.45991800000000005 0.165761 0.012228 0.013587
0 0.459239 0.197011 0.008152 0.01087
0 0.47622299999999995 0.199728 0.009511 0.01087
0 0.4789399999999999 0.16168500000000002 0.009511 0.01087
0 0.488451 0.192255 0.012228 0.009511
0 0.487772 0.157609 0.008152 0.01087
0 0.498641 0.19429299999999997 0.008152 0.008152
0 0.5054349999999999 0.19701099999999996 0.005435 0.008152
0 0.5142660000000001 0.128397 0.012228 0.014946
0 0.5183420000000001 0.19293500000000002 0.014946 0.01087
0 0.5387230000000001 0.19904899999999998 0.012228 0.009511
0 0.5387229999999998 0.17934800000000004 0.009511 0.01087
0 0.5414400000000001 0.144701 0.012228 0.012228
0 0.542799 0.18206500000000003 0.006793 0.01087
0 0.5468750000000001 0.21127699999999996 0.012228 0.012228
0 0.548913 0.189538 0.01087 0.009511
0 0.5529889999999998 0.15625 0.016304 0.01087
0 0.5529890000000001 0.139266 0.01087 0.014946
0 0.561821 0.203125 0.009511 0.012228
0 0.564538 0.21331500000000003 0.009511 0.01087
0 0.5672549999999998 0.168478 0.009511 0.008152
0 0.5692930000000002 0.16440199999999996 0.01087 0.008152
0 0.574049 0.199728 0.009511 0.01087
0 0.580163 0.207201 0.01087 0.009511
0 0.5937500000000001 0.201766 0.008152 0.009511
0 0.5971470000000001 0.133152 0.012228 0.01087
0 0.603261 0.141984 0.013587 0.009511
0 0.6046200000000002 0.209239 0.01087 0.008152
0 0.6154890000000001 0.24456500000000003 0.008152 0.01087
0 0.6161679999999999 0.224864 0.009511 0.012228
0 0.6182070000000001 0.15828799999999998 0.01087 0.012228
0 0.620924 0.240489 0.01087 0.008152
0 0.6229620000000001 0.091712 0.012228 0.012228
0 0.6236410000000001 0.255435 0.008152 0.01087
0 0.625679 0.13587 0.009511 0.013587
0 0.6317930000000002 0.21127699999999996 0.01087 0.012228
0 0.6324730000000001 0.06114100000000001 0.012228 0.013587
0 0.633832 0.131793 0.006793 0.013587
0 0.63519 0.17866799999999997 0.006793 0.014946
0 0.640625 0.17866799999999997 0.009511 0.012228
0 0.64538 0.159647 0.013587 0.012228
0 0.652174 0.186821 0.013587 0.009511
0 0.6542120000000001 0.19633199999999998 0.012228 0.009511
0 0.656929 0.016984 0.009511 0.009511
0 0.6596470000000001 0.129755 0.012228 0.012228
0 0.661005 0.14877699999999996 0.009511 0.012228
0 0.6616850000000001 0.036684999999999995 0.008152 0.01087
0 0.6650820000000001 0.028533 0.012228 0.01087
0 0.66644 0.19429299999999997 0.009511 0.008152
0 0.668478 0.106658 0.01087 0.012228
0 0.673913 0.14538 0.013587 0.01087
0 0.6732339999999999 0.19565199999999996 0.009511 0.008152
0 0.673913 0.168478 0.008152 0.01087
0 0.6752720000000001 0.21059800000000004 0.008152 0.01087
0 0.6759509999999999 0.186141 0.009511 0.008152
0 0.683424 0.254076 0.01087 0.013587
0 0.684103 0.079484 0.012228 0.009511
0 0.6841029999999999 0.069293 0.009511 0.01087
0 0.684783 0.220109 0.01087 0.013587
0 0.6888590000000001 0.09782600000000001 0.008152 0.01087
0 0.6915759999999999 0.128397 0.01087 0.012228
0 0.6936139999999998 0.09035300000000002 0.009511 0.012228
0 0.69837 0.16440199999999996 0.008152 0.013587
0 0.699049 0.13247299999999998 0.009511 0.012228
0 0.699728 0.138587 0.01087 0.008152
0 0.703125 0.117527 0.014946 0.009511
0 0.7017659999999999 0.091033 0.009511 0.013587
0 0.703125 0.18138599999999996 0.009511 0.009511
0 0.703804 0.107337 0.01087 0.01087
0 0.705163 0.13383199999999998 0.008152 0.012228
0 0.70856 0.055027 0.009511 0.012228
0 0.7092390000000001 0.175951 0.008152 0.009511
0 0.710598 0.16508199999999998 0.01087 0.012228
0 0.7119569999999998 0.15625 0.01087 0.01087
0 0.7126359999999999 0.0625 0.009511 0.008152
0 0.7173909999999999 0.07337000000000002 0.01087 0.013587
0 0.719429 0.04959199999999999 0.009511 0.012228
0 0.726902 0.02106 0.01087 0.009511
0 0.7323370000000001 0.017663 0.008152 0.008152
