1 0.42824902553555644 0.22267837336164345 0.010597826086956521 0.010597826086956521
1 0.12691400428464805 0.9393077636344755 0.009646739130434779 0.011133240712337723
1 0.0901612868933439 0.9385236713133648 0.009782608695652178 0.011475842890550156
1 0.4503278298833826 0.18850717770946956 0.008559782608695651 0.009103260869565217
1 0.4412245690138175 0.17797728640512173 0.008831521739130434 0.00923913043478261
1 0.4413604385790348 0.2321213081442521 0.01046195652173913 0.010190217391304348
1 0.4175384891951635 0.23509654219058113 0.011820652173913043 0.011277173913043479
1 0.44027348205729555 0.24801804727468688 0.010733695652173914 0.01154891304347826
1 0.09118262168997304 0.9031365183271092 0.008826895624132676 0.014297414916633595
1 0.14440836733513662 0.947913255556398 0.008765900014020668 0.011693082263814502
1 0.43578978640512167 0.20773272118773042 0.009918478260869565 0.00923913043478261
1 0.4489691342312087 0.2201647864051218 0.009646739130434782 0.008831521739130434
1 0.4294039168399045 0.27763761249207825 0.008288043478260869 0.008831521739130434
1 0.47193109075294787 0.057460982057295655 0.008559782608695651 0.008695652173913044
1 0.07341883256654862 0.9682773518029982 0.009721613085540062 0.010383964707444706
1 0.1121721564585611 0.891712174704687 0.008967391304347825 0.011208434328746011
1 0.4314886495257134 0.1655002112031531 0.008831521739130434 0.008559782608695651
1 0.0712074825455177 0.9333316889596404 0.009103260869565215 0.009553934102175941
1 0.47193109075294765 0.10318109075294782 0.011820652173913043 0.011820652173913043
1 0.4850212582213653 0.03612946031816521 0.010827074067270149 0.00896739130434782
1 0.45243380814425216 0.1635071777094696 0.009782608695652175 0.009646739130434782
1 0.43916486015475314 0.28508877319823134 0.009059930107959033 0.009059930107958776
1 0.13827067826779457 0.8840369915987131 0.00980573927064093 0.01141733222605601
1 0.4359935907529478 0.26160500379642615 0.010869565217391304 0.009646739130434782
1 0.44102202408321917 0.3009625875306349 0.010328605790978223 0.009829297903200281
1 0.12637052602377846 0.8704525859583565 0.009375000000000007 0.011545475522988567
1 0.13309606950203937 0.9567123526697098 0.008152173913043475 0.010456377831867213
1 0.45066750379642606 0.14964848205729564 0.008967391304347826 0.009918478260869565
1 0.4372406010551636 0.1465689118476157 0.01010271625660647 0.008378903058900922
1 0.13329987384986547 0.9023579869899687 0.007744565217391303 0.00984358659986373
1 0.10374824341508289 0.9224129071285825 0.011684782608695649 0.010918781831058218
1 0.4178320789983945 0.2676520390600853 0.011052963601642101 0.008967391304347826
1 0.08588139558899593 0.9194130226170272 0.010461956521739105 0.01119731236080437
1 0.4357435170033161 0.3112194802873199 0.011097973586219327 0.010146047018212407
1 0.09074220213176604 0.9778674924673854 0.00931400438988787 0.01100231692341957
1 0.13867366084844895 0.8946535485517468 0.009796487040645467 0.011904760653113276
1 0.45121098205729565 0.20698543857903484 0.010326086956521738 0.01046195652173913
1 0.14484878689334374 0.9342578270376114 0.009103260869565213 0.01058730162078387
1 0.44181389687074973 0.15884218270175832 0.009556719161280106 0.011007953617064943
1 0.10435965645856114 0.96649748877148 0.009103260869565215 0.008735025464846575
1 0.07344933037160467 0.9797072564093908 0.009239130434782607 0.010041362529232083
1 0.0752576978119811 0.9459342263495172 0.011768908793796405 0.012921445219810607
1 0.4632366979962628 0.08015161925434264 0.010192736225760718 0.008968230915833288
1 0.41017837336164326 0.20304522118773047 0.010869565217391304 0.009646739130434782
1 0.45290935162251317 0.12723000379642607 0.009646739130434782 0.009646739130434782
1 0.11556889558899591 0.970660274344571 0.008152173913043476 0.008052601600405435
1 0.47392580346960217 0.08191666418494062 0.010918773259395588 0.009784287918622873
1 0.4078685907529478 0.21799087336164347 0.0125 0.012635869565217393
1 0.4266185907529478 0.15256967770946958 0.009510869565217392 0.010054347826086957
1 0.10531074341508294 0.9549645254624248 0.010461956521739126 0.01023635796661708
1 0.4915650825383463 0.013780847946320764 0.009240809657753394 0.007562342289219961
1 0.09994389558899586 0.8941675103706825 0.009510869565217381 0.011478623382537427
1 0.10741672167595251 0.9421084819706698 0.010869565217391295 0.012640134198078296
1 0.44380693036443314 0.1345677999296506 0.011550592266449252 0.011007114005579475
1 0.12331346080638726 0.9113576405246359 0.010054347826086956 0.010372842739505306
1 0.08180530863247418 0.9320420348471665 0.009103260869565213 0.012979955884306626
1 0.41281316191856204 0.18911859075294765 0.011578248973118946 0.009510869565217383
1 0.429268047274687 0.18286859075294778 0.009646739130434782 0.010597826086956521
1 0.41801463777116 0.2935343516225129 0.00915078968859877 0.008288043478260863
1 0.4900696777094695 0.04672728640512176 0.010326086956521738 0.009510869565217392
1 0.4246484820572956 0.2510751124920782 0.01154891304347826 0.010597826086956521
1 0.11054172167595246 0.9079483016944156 0.009510869565217387 0.010651373269251458
1 0.4394582646659913 0.32430880814425217 0.010190217391304348 0.010869565217391304
1 0.5077564855972471 0.03284524614917377 0.009191601615749005 0.010007658618538856
1 0.41962130814425225 0.17417293857903474 0.010733695652173914 0.011141304347826087
1 0.14478085211073505 0.9221399375828061 0.010326086956521733 0.009553934102175941
1 0.43945826466599136 0.19570826466599128 0.010733695652173914 0.011005434782608695
1 0.4243767429268609 0.19856152553555656 0.009646739130434782 0.009103260869565217
1 0.1282047651542133 0.8874129043587073 0.010054347826087003 0.012436797284740066
1 0.48631159928518786 0.02247456901381739 0.010962104021002048 0.009646739130434775
1 0.11081346080638724 0.8789425069636819 0.011684782608695649 0.010782297058169991
1 0.45752891683990426 0.11445826466599134 0.013179347826086955 0.012092391304347827
1 0.5020499638581165 0.01423195532587655 0.010101876645120668 0.009465859580640059
1 0.0691130695721425 0.956674755861509 0.007857304207620076 0.010108214669683015
1 0.4208453936484367 0.305083684471734 0.011007953617065011 0.009104100481050576
1 0.1204509477068266 0.9592763080223377 0.00951086956521739 0.009417449329287713
1 0.44618380814425224 0.2760071777094694 0.01141304347826087 0.011005434782608695
1 0.1283660783519182 0.924664905881238 0.00964673913043478 0.009144479783511256
1 0.14355802602377854 0.9123130339348532 0.009782608695652173 0.008735025464846575
1 0.42926804727468687 0.2903643416379355 0.008559782608695391 0.009556719161280166
1 0.1214584041584626 0.8977538917731894 0.010466582636736953 0.012846251603404751
1 0.1428689153918445 0.9715832709321376 0.010869565217391302 0.010991194955479986
1 0.14163221095989476 0.9606590484499145 0.010869565217391302 0.010991194955479986
1 0.08824780298073182 0.9661211596910269 0.010869565217391292 0.012021781982103621
1 0.08598051152215733 0.9550938785061411 0.010869565217391302 0.010991194955479986
1 0.13354882794460157 0.9803169663173942 0.010461956521739126 0.01023635796661708
1 0.12633471875822821 0.9747517963736206 0.010461956521739126 0.01023635796661708
1 0.15316835706144719 0.9355462112369001 0.008559782608695648 0.010044143021216192
1 0.12004676347174056 0.9310029860117794 0.010326086956521733 0.009553934102175941
1 0.08444979734018737 0.9867054273565407 0.00989363545559777 0.0059774047544236455
1 0.1294890149088527 0.9651631662880333 0.009594995750318152 0.009631908210567022
1 0.41488460010224776 0.2619838104136491 0.00923913043478261 0.008967391304347826
1 0.420099370456969 0.28023550665517366 0.009692588726497716 0.009647578741920224
1 0.40422833024694765 0.24792660337048728 0.00923913043478261 0.008967391304347826
1 0.40105412220494346 0.23069518828532115 0.00923913043478261 0.008967391304347826
1 0.4036615073823037 0.2880576621872557 0.011279692747499966 0.012141599346352108
1 0.40422833024694754 0.27059951795623216 0.011052963601642101 0.008967391304347826
1 0.4068357154243079 0.30166141093870263 0.011279692747499966 0.012141599346352108
1 0.4704920306637012 0.07266955744104679 0.011553111100905518 0.008968230915833288
1 0.4980071323253767 0.03227842328453016 0.009191601615749005 0.010687846056111202
1 0.5155767066184326 0.015325299703865094 0.01145973268580898 0.008377223835930151
