1 0.52106 0.918478 0.014946 0.016304
1 0.5332880000000001 0.932065 0.014946 0.016304
1 0.5618210000000001 0.925272 0.014946 0.016304
1 0.5767660000000001 0.877717 0.014946 0.016304
1 0.5957880000000001 0.8736409999999999 0.014946 0.016304
1 0.6066579999999999 0.9144019999999999 0.023098 0.019022
1 0.607337 0.933424 0.024457 0.016304
1 0.6066580000000001 0.8451089999999999 0.014946 0.016304
1 0.6066580000000001 0.827446 0.014946 0.016304
1 0.615489 0.892663 0.024457 0.016304
1 0.6188860000000002 0.809783 0.014946 0.016304
1 0.6256790000000001 0.857337 0.014946 0.016304
1 0.6283970000000001 0.7798909999999999 0.014946 0.016304
1 0.630435 0.820652 0.013587 0.016304
1 0.6379080000000001 0.892663 0.014946 0.016304
1 0.643342 0.877717 0.014946 0.016304
1 0.643342 0.767663 0.014946 0.016304
1 0.661005 0.8355979999999998 0.017663 0.019022
1 0.6650820000000001 0.870924 0.014946 0.016304
1 0.667799 0.7513589999999999 0.014946 0.016304
1 0.674592 0.684783 0.014946 0.016304
1 0.6745920000000001 0.714674 0.012228 0.013587
1 0.6813860000000002 0.908967 0.025815 0.021739
1 0.682745 0.699728 0.014946 0.016304
1 0.684783 0.878397 0.016304 0.017663
1 0.684103 0.7282609999999999 0.012228 0.013587
1 0.685462 0.828804 0.014946 0.016304
1 0.685462 0.809783 0.014946 0.016304
1 0.690897 0.9375 0.014946 0.016304
1 0.694973 0.860054 0.014946 0.016304
1 0.69769 0.6467389999999998 0.017663 0.019022
1 0.703125 0.705163 0.014946 0.016304
1 0.703804 0.669158 0.013587 0.014946
1 0.707201 0.913723 0.014946 0.017663
1 0.7126360000000002 0.766304 0.014946 0.016304
1 0.713995 0.783967 0.014946 0.016304
1 0.713995 0.982337 0.014946 0.016304
1 0.726223 0.894701 0.014946 0.017663
1 0.72894 0.5964669999999999 0.017663 0.019022
1 0.732337 0.6813860000000002 0.013587 0.014946
1 0.7330160000000001 0.982337 0.014946 0.016304
1 0.735054 0.61413 0.013587 0.013587
1 0.741848 0.669158 0.013587 0.014946
1 0.75 0.70856 0.013587 0.014946
1 0.7513589999999999 0.603261 0.013587 0.013587
1 0.7513589999999999 0.6936139999999998 0.013587 0.014946
1 0.7513589999999999 0.7438860000000002 0.013587 0.014946
1 0.753397 0.763587 0.014946 0.016304
1 0.755435 0.8349180000000002 0.016304 0.017663
1 0.758152 0.680027 0.013587 0.014946
1 0.76087 0.719429 0.013587 0.014946
1 0.764946 0.656929 0.013587 0.014946
1 0.7669840000000001 0.851223 0.014946 0.017663
1 0.778533 0.619565 0.013587 0.013587
1 0.778533 0.7900820000000001 0.013587 0.014946
1 0.7798909999999999 0.574728 0.013587 0.013587
1 0.78125 0.807745 0.016304 0.017663
1 0.783967 0.9626360000000002 0.016304 0.017663
1 0.783967 0.596467 0.013587 0.013587
1 0.7873639999999998 0.862092 0.014946 0.017663
1 0.7907609999999999 0.761549 0.013587 0.014946
1 0.798913 0.738451 0.013587 0.014946
1 0.804348 0.5991849999999999 0.021739 0.019022
1 0.80163 0.643342 0.013587 0.014946
1 0.8029889999999998 0.6202450000000002 0.013587 0.014946
1 0.804348 0.762908 0.013587 0.014946
1 0.804348 0.5754080000000001 0.013587 0.014946
1 0.809783 0.6705160000000001 0.016304 0.014946
1 0.809103 0.494565 0.012228 0.016304
1 0.809783 0.808424 0.013587 0.016304
1 0.8125 0.789402 0.013587 0.016304
1 0.8138589999999999 0.970788 0.016304 0.017663
1 0.815217 0.7248639999999998 0.013587 0.014946
1 0.816576 0.652853 0.013587 0.014946
1 0.8220109999999999 0.6365490000000001 0.013587 0.014946
1 0.831522 0.841712 0.016304 0.017663
1 0.8328799999999998 0.6086959999999999 0.019022 0.019022
1 0.8349180000000002 0.815897 0.014946 0.017663
1 0.8342389999999998 0.412364 0.01087 0.014946
1 0.8369569999999998 0.6419840000000001 0.013587 0.014946
1 0.8423909999999999 0.711277 0.013587 0.014946
1 0.84375 0.563179 0.013587 0.017663
1 0.84375 0.474185 0.01087 0.013587
1 0.84375 0.48912999999999995 0.01087 0.013587
1 0.846467 0.921875 0.016304 0.017663
1 0.846467 0.659647 0.013587 0.014946
1 0.847826 0.950408 0.016304 0.017663
1 0.8478259999999999 0.37567900000000004 0.01087 0.014946
1 0.85462 0.82269 0.016304 0.017663
1 0.856658 0.981658 0.017663 0.012228
1 0.855978 0.357337 0.013587 0.016304
1 0.855978 0.506114 0.013587 0.017663
1 0.857337 0.529212 0.013587 0.017663
1 0.857337 0.386549 0.01087 0.014946
1 0.862772 0.965353 0.016304 0.017663
1 0.862772 0.661005 0.013587 0.017663
1 0.8682069999999998 0.555027 0.013587 0.017663
1 0.869565 0.444973 0.013587 0.017663
1 0.869565 0.358016 0.01087 0.014946
1 0.870924 0.476223 0.013587 0.017663
1 0.875 0.8580160000000001 0.016304 0.017663
1 0.879076 0.420516 0.021739 0.017663
1 0.8763589999999999 0.824728 0.013587 0.016304
1 0.8763589999999999 0.36616800000000005 0.01087 0.014946
1 0.877717 0.235054 0.013587 0.016304
1 0.879076 0.497283 0.013587 0.013587
1 0.8817929999999999 0.33695699999999995 0.013587 0.016304
1 0.8817929999999999 0.720788 0.013587 0.014946
1 0.88587 0.807065 0.013587 0.016304
1 0.88587 0.451766 0.013587 0.017663
1 0.888587 0.20788000000000004 0.013587 0.016304
1 0.889946 0.544158 0.013587 0.017663
1 0.890625 0.628397 0.014946 0.017663
1 0.894022 0.582201 0.013587 0.014946
1 0.89538 0.567255 0.013587 0.017663
1 0.89538 0.43274500000000005 0.01087 0.014946
1 0.8967389999999998 0.652853 0.013587 0.014946
1 0.8974180000000002 0.5237770000000002 0.014946 0.014946
1 0.898098 0.39130399999999993 0.013587 0.016304
1 0.8994569999999998 0.33287999999999995 0.013587 0.016304
1 0.8994569999999998 0.252717 0.013587 0.016304
1 0.8994569999999998 0.205163 0.013587 0.016304
1 0.900815 0.9286680000000002 0.016304 0.017663
1 0.901495 0.37024500000000005 0.017663 0.014946
1 0.900815 0.22282600000000002 0.013587 0.016304
1 0.902174 0.841033 0.013587 0.016304
1 0.9048909999999999 0.820652 0.013587 0.016304
1 0.9069290000000001 0.279891 0.012228 0.016304
1 0.908288 0.7982340000000001 0.014946 0.014946
1 0.908967 0.349864 0.01087 0.014946
1 0.911685 0.46671200000000007 0.013587 0.017663
1 0.911685 0.298234 0.01087 0.014946
1 0.9130429999999999 0.39945699999999995 0.013587 0.016304
1 0.914402 0.49524500000000005 0.013587 0.017663
1 0.918478 0.529212 0.013587 0.017663
1 0.918478 0.326766 0.01087 0.014946
1 0.922554 0.22962 0.013587 0.016304
1 0.9232340000000001 0.734375 0.014946 0.014946
1 0.9232340000000001 0.7588320000000001 0.014946 0.014946
1 0.923913 0.976223 0.016304 0.017663
1 0.9232340000000001 0.118207 0.012228 0.013587
1 0.925272 0.351902 0.016304 0.013587
1 0.92663 0.781929 0.016304 0.017663
1 0.92663 0.17934800000000004 0.013587 0.016304
1 0.92663 0.152174 0.013587 0.016304
1 0.92663 0.61481 0.013587 0.014946
1 0.9279889999999998 0.840353 0.016304 0.017663
1 0.9279889999999998 0.48369599999999996 0.013587 0.013587
1 0.9279889999999998 0.199728 0.013587 0.016304
1 0.9279889999999998 0.36684799999999995 0.013587 0.016304
1 0.9279889999999998 0.412364 0.01087 0.014946
1 0.9279889999999998 0.26426599999999995 0.01087 0.014946
1 0.929348 0.214674 0.013587 0.016304
1 0.929348 0.6351900000000001 0.013587 0.014946
1 0.9300270000000002 0.797554 0.012228 0.013587
1 0.9300270000000002 0.13315199999999996 0.012228 0.013587
1 0.9307069999999998 0.296875 0.01087 0.014946
