1 0.8418016019074812 0.19127295328223187 0.011906831160835598 0.013912138731583305
1 0.8434323849885361 0.2790378176647684 0.015170553456182066 0.017274835835332455
1 0.772056185680887 0.2370673366214918 0.017281117646590523 0.015635055044422978
1 0.9103228112925654 0.12644844988118048 0.01338884104853091 0.01340925175210704
1 0.8410847705343495 0.35562148690223694 0.012534597645635191 0.012547334899073061
1 0.7917692557625148 0.4448261260986328 0.01221155083697775 0.013217926025390625
1 0.8498613938041353 0.2967125021893045 0.011277323183806046 0.011669863825259
1 0.8422638851663341 0.05759064529253089 0.011678861535113792 0.011788440787273903
1 0.8278799057006836 0.21940904078276258 0.013392655745796535 0.013059885605521824
1 0.8084975947504458 0.26257932704427966 0.01165846119756284 0.011649442755657692
1 0.7755908136782439 0.40157638684563013 0.011032270348590355 0.011506510817486305
1 0.8175625593765922 0.315719925838968 0.011781692504882812 0.012341893237570057
1 0.8173107064288595 0.20197520048721976 0.012349916541058083 0.012117054151452106
1 0.7959451675415039 0.5124035918194315 0.011001172273055367 0.012288010638693104
1 0.8690001446267833 0.33005243798960804 0.01238648787788723 0.012104283208432405
1 0.8956382378287938 0.40262104117352027 0.01074969250222911 0.011398854462996773
1 0.7926715353260869 0.4047212186067001 0.012227763300356657 0.012602432914402172
1 0.7410141488780146 0.3477678091629691 0.012074511984120245 0.012616738029148266
1 0.8764756244161853 0.10296316250510838 0.012032716170601223 0.012624377789704697
1 0.8516479160474695 0.20669341087341309 0.01914430701214334 0.013393754544465439
1 0.913375647171684 0.218250440514606 0.012971878051757812 0.013572983119798742
1 0.8305566207222317 0.34274049038472376 0.011929719344429348 0.012918049874513046
1 0.7412029349285624 0.3686679964480193 0.011399393496306046 0.012281044669773266
1 0.8936120738153872 0.20606620415397311 0.012883725373641304 0.012344505475914997
1 0.8886519514996073 0.3499682778897493 0.010825323021930199 0.010733169058094854
1 0.9122187987617825 0.3418686286262843 0.010931429655655571 0.011124569436778193
1 0.8099191914434017 0.3737777834353239 0.011550074038298233 0.012340421261994736
1 0.8781434971353282 0.36356285343999445 0.013394355773925781 0.013681287350861923
1 0.8832329459812329 0.05685833485230156 0.013077113939368206 0.013248853061510168
1 0.7635307312011719 0.4126021136408267 0.01173964790675951 0.012722305629564367
1 0.7858885060185972 0.15659084527388864 0.010069888571034307 0.010648685952891474
1 0.7666764466658882 0.1755528398182081 0.012904291567595108 0.012893438339233398
1 0.8938667255899181 0.36306718898856116 0.010956764221191406 0.011381766070490297
1 0.7607433692268702 0.2574993838434634 0.011433186738387398 0.012367663176163383
1 0.7929609754811162 0.46219002163928485 0.011013818823772926 0.011700889338617739
1 0.7884543253027875 0.19870244938394296 0.011198748712954313 0.011618676392928413
1 0.8281494016232699 0.26068224077639374 0.015424438144849695 0.012392935545548149
1 0.7745337278946586 0.4427121411199155 0.011056319527004078 0.012077538863472317
1 0.8661548370359091 0.044402110882027064 0.008399543921455387 0.009169515706940645
1 0.8004567312157672 0.14196311909219492 0.01013171154519786 0.011519991833230724
1 0.8681270765221636 0.0884244960287343 0.010337249092433765 0.01045208391935929
1 0.7810927681300952 0.22121892804684845 0.012873608133067255 0.01257546051688816
1 0.7731207557346511 0.38935022768766986 0.012507148410962976 0.014620573624320652
1 0.8657189244809358 0.35051644366720447 0.012049135954483696 0.01230895000955333
1 0.8276105963665507 0.14698928335438605 0.011432647705078125 0.013829106869904892
1 0.8321407566899839 0.43406799046889594 0.015566867330799932 0.01964284026104471
1 0.795702436695928 0.3769351580868597 0.012223533962083899 0.012030088383218517
1 0.7930594734523608 0.27813301915707794 0.01251983642578125 0.012972582941469938
1 0.9170371760492739 0.20413750150929327 0.01238325367803159 0.017374515533447266
1 0.8060870170593262 0.23212694085162622 0.010913226915442425 0.0107085601143215
1 0.8406499174900922 0.7766557776409673 0.006685215029734588 0.008979061745460558
1 0.8511238098144531 0.339092414016309 0.012652189835258152 0.012530645598535952
1 0.8257077673207158 0.48344126991603686 0.01025879901388417 0.011025117791217308
1 0.8093684652577275 0.21885152485059656 0.01123909328294837 0.011260986328125
1 0.7944126958432405 0.3446206631867782 0.012266573698624321 0.01270692244819973
1 0.7731248399485712 0.35028596546338947 0.012058548305345617 0.012209477631942085
1 0.7676566372747006 0.21484019445336383 0.012821321902067764 0.012536981831426207
1 0.8641681256501572 0.21597014302792755 0.010730826336404552 0.011618862981381624
1 0.8535515121791675 0.15976480815721594 0.010814542355744736 0.010631229566491169
1 0.8139506215634553 0.4091670616813328 0.012796070264733356 0.013062228327212126
1 0.8627115539882493 0.2003445107003917 0.010813132576320484 0.011371135711669922
1 0.8741637934809146 0.25843994513801904 0.011437872181768003 0.011875670889149542
1 0.8603440301717642 0.4042417494168194 0.009397747324698875 0.010187710061014947
1 0.9192700178726859 0.23617277974667755 0.016130944956903873 0.013778727987538214
1 0.8849177982496179 0.4563581269720327 0.010809359343155571 0.011306088903675909
1 0.8135544735452404 0.390575445216635 0.012334657751995583 0.013060020363849144
1 0.7997810114984927 0.41713757618613867 0.011491277943486753 0.012812956519748852
1 0.8834717584692914 0.14249251718106476 0.010330905085024626 0.010499321896096935
1 0.841227510701055 0.2343105129573656 0.011362366054369055 0.01138050659843113
1 0.8513186910878057 0.1107429784277211 0.010985913483992867 0.011750438938970152
1 0.8153076379195504 0.24912346964297089 0.020595509073008663 0.011791478032651155
1 0.835973822552225 0.18060649996218472 0.010854803997537365 0.010662016661270805
1 0.9134187491043754 0.39114680497542664 0.01071303823719854 0.011152889417565388
1 0.8783914317255435 0.22529126250225567 0.012683536695397419 0.012716687243917713
1 0.7636739482050356 0.2412873351055643 0.010746002197265625 0.012909101403277855
1 0.9031136554220447 0.08809552244518112 0.012200728706691578 0.012891639833864958
1 0.7958785347316577 0.21621918678283694 0.013652801513671875 0.012500493422798489
1 0.9093253301537554 0.47187705143638276 0.011554261912470278 0.011030622150587
1 0.8548186965610669 0.25101154783497687 0.011055034139881964 0.011792742687722912
1 0.8424000947371774 0.24628477511198624 0.010395050048828125 0.010677544966987942
1 0.9236449366030485 0.2793791605078656 0.012996010158372961 0.01297208537226138
1 0.8475386578103771 0.40115377177362854 0.011837337328040081 0.012178421020507812
1 0.8668202109958816 0.11919829638107965 0.011751589567764946 0.012689600820126741
1 0.891710836509378 0.09866545196511917 0.008332823743736582 0.012008639963801394
1 0.895089688508407 0.07108845918074898 0.013345967168393343 0.012552178424337635
1 0.9141685237055239 0.2641379107599673 0.01296673650326936 0.013366491898246433
1 0.8535882908365001 0.4147319793701172 0.012582322825556215 0.012001120525857677
1 0.8397090331367825 0.4531055740688158 0.01129987965459409 0.011958868607230808
1 0.8889251791912577 0.3007267869037131 0.01056231623110564 0.011560315671174423
1 0.8580615416817043 0.10052063154137654 0.010626585587211277 0.010827147442361584
1 0.851742993230405 0.08444124719370967 0.012006759643554688 0.013420954994533375
1 0.9058473421179731 0.15795135498046878 0.010776022206182066 0.011890058932097061
1 0.8499888959138289 0.26465079058771546 0.011057065880816917 0.011542133663011633
1 0.8917072130286176 0.1251358830410501 0.012153791344684105 0.012644861055457073
1 0.7879321471504543 0.31136266044948413 0.011749350506326427 0.012872820315153702
1 0.8248959416928499 0.37259848221488623 0.01315971042798913 0.013781589010487432
1 0.8778600692749023 0.6457005791042161 0.010402264802352242 0.010481378306513247
1 0.8702243307362432 0.39356727185456647 0.011129130487856657 0.010767853778341541
1 0.8043691386347231 0.27911862083103345 0.014919612718665081 0.012472567350968071
1 0.8677891441013501 0.3800388419109842 0.012216153352156929 0.012779152911642323
1 0.8642543295155398 0.07389118101285852 0.010619453761888586 0.010572760001472805
1 0.8108887672424316 0.5034544364265774 0.011145094166631285 0.012169837951660156
1 0.7746096901271655 0.25647529311802075 0.010876614114512568 0.010930040608281675
1 0.8350558073624319 0.39069810120955756 0.01214400581691576 0.013296624888544497
1 0.9188165250031846 0.4617947599162226 0.009577543839164402 0.010575066442074984
1 0.8439036452251933 0.5834740763125212 0.011424147564431896 0.01166434909986413
1 0.8430268868156101 0.4806979220846425 0.010174917138141136 0.010074200837508492
1 0.7867932319641113 0.35828304290771484 0.011396781257961109 0.011219688083814539
1 0.8546371045319929 0.4530588647593622 0.010918741640837296 0.01162396306576936
1 0.9021403685860012 0.3315560772367146 0.009996745897376019 0.011530265859935596
1 0.9038683435191279 0.03985250514486562 0.013896195784859035 0.0137582136237103
1 0.8909685715385105 0.17914053149845288 0.013278961181640625 0.014688481455263884
1 0.7985924845156462 0.4342224286950153 0.01070304538892663 0.011708301046620245
1 0.9272385472836702 0.19181529335353684 0.012426956840183422 0.013051820837933083
1 0.844527990921684 0.22042808325394336 0.011132530544115149 0.011885622273320738
1 0.7933114093282947 0.47813251744145935 0.012017623237941578 0.012213126472804859
1 0.8754064103831416 0.2896953873012377 0.010281811589780062 0.011628275332243546
1 0.8201893101567808 0.23493275435074515 0.012446942536727242 0.01244955477507218
1 0.9016963295314624 0.1408645432928334 0.010648229847783628 0.011502836061560589
1 0.927544013313625 0.4542163143987241 0.011008801667586617 0.012440681457519531
1 0.8341658841008726 0.5597769281138545 0.010631519815196161 0.011888089387313179
1 0.8601810206537661 0.06409017936043117 0.013193130493164062 0.017372763675192127
1 0.8699306819749915 0.3131357897882876 0.011216951453167458 0.01102285799772843
1 0.8507871420487113 0.14627112513003143 0.01119543158489725 0.011277095131252125
1 0.8355815721594769 0.4997000279633895 0.01104072902513587 0.011893521184506624
1 0.8578462393387504 0.3878439302029817 0.011100312937860903 0.01038684015688689
1 0.8342791432919708 0.4156409968500552 0.011922172878099524 0.011759301890497622
1 0.9127075983130414 0.4997202624445376 0.012295308320418648 0.01273656928020975
1 0.8012399880782418 0.36615703416907264 0.01440666032874066 0.011502058609672215
1 0.8522766776706863 0.033071809488794075 0.011966373609459919 0.012429011904675026
1 0.8324527325837507 0.47126544040182367 0.010592999665633492 0.010678623033606487
1 0.8774654139643129 0.12623664088871167 0.012101297793181046 0.012704901073289953
1 0.8344154150589652 0.3769452856934589 0.010379335154657778 0.011737403662308403
1 0.7709040849105172 0.19409820307856024 0.012174274610436481 0.013086194577424423
1 0.8657831316408904 0.27902821872545325 0.011730235555897589 0.013097410616667374
1 0.9228212522423785 0.15553119389907175 0.010579067727793818 0.010986525079478388
1 0.8191780214724332 0.28650061980537744 0.01156454500944718 0.015224539715310802
1 0.8693619189055071 0.43056562672490656 0.00977400074834409 0.010913434235945993
1 0.9260366273962933 0.12645700703496518 0.012933399366295856 0.013566183007281761
1 0.8791410819343899 0.16788929441700812 0.010624553846276325 0.010312308435854704
1 0.8855199399201765 0.0800352692604065 0.009917300680409307 0.010613560676574707
1 0.907805235489555 0.06567295219587244 0.013443324876868206 0.01342941367107889
1 0.782854059468145 0.43291941933009936 0.010736341061799423 0.011455784673276155
1 0.8920562370963718 0.783989844114884 0.010447253351626188 0.010083198547363281
1 0.9202301605888035 0.6341199460236923 0.01071490412173064 0.010305653447690218
1 0.8475605301235032 0.09506121925685716 0.01127462801725968 0.012272834777832031
1 0.8941869943038278 0.37921084269233374 0.010406950245732847 0.01151176639225172
1 0.7423025628794794 0.3233515685019286 0.011353617129118546 0.01260168396908304
1 0.8719934380572775 0.24469343475673516 0.012720688529636547 0.01368205443672512
1 0.8591311081596043 0.3228463809127393 0.010523008263629417 0.013565621946168982
1 0.8786793584408967 0.022470082277837006 0.012228758438773777 0.01400154181148695
1 0.7945120230964993 0.4926194730012313 0.011965419935143513 0.012282247128693954
1 0.926331561544667 0.3948904535044794 0.011929885200832203 0.012917228367017664
1 0.8824320668759553 0.1945760975713315 0.011907743371051292 0.01261337943699049
1 0.8470356775366743 0.015596367742704308 0.012633738310440727 0.012685431086498757
1 0.8842658996582031 0.39239524758380395 0.010742767997409985 0.01171248892079229
1 0.9143102480017622 0.417834997177124 0.010483202726944633 0.010352818862251614
1 0.8908385193866232 0.2851253385129182 0.0175317266713018 0.014140294945758324
1 0.9251623775648034 0.5178150508714758 0.011333672896675442 0.011639802352241848
1 0.9173423518305239 0.08148267476455025 0.011285781860351562 0.012271041455476181
1 0.7770417876865554 0.18109568305637525 0.010551079459812329 0.01102547023607337
1 0.8575275462606679 0.5006224798119586 0.010410350301991339 0.010821425396463146
1 0.7853860647782035 0.2450966316720714 0.010294914245605469 0.010045279627260954
1 0.9145501178243886 0.32613377499839535 0.01032157566236413 0.010593176535938099
1 0.9063981926959493 0.18797552067300546 0.012656999670940895 0.013491278109343155
1 0.883531839951225 0.2717991289885148 0.012372016906738281 0.012883352196734886
1 0.7504955581996753 0.3349990229243818 0.011010916336722996 0.011823033509047134
1 0.8928769153097401 0.4795802572499151 0.01024992569633152 0.010126030963400135
1 0.8066317102183467 0.45768893283346423 0.012433839880901833 0.012231121892514437
1 0.9155915301779041 0.37592663972274115 0.011044875435207203 0.01191437762716542
1 0.9223517127659009 0.42983077920001483 0.011919187462848167 0.011848159458326258
1 0.8935536301654318 0.6680976411570673 0.009636132613472317 0.0102813140205715
1 0.9045448095902152 0.4269875858141029 0.011397776396378227 0.013452654299528702
1 0.8568502509075663 0.8380984845368757 0.010387420654296875 0.010134904280952785
1 0.8523551277492358 0.1278313968492591 0.011505956235139267 0.01187276840209961
1 0.9093889153521996 0.444375349127728 0.012280173923658289 0.012886254683784817
1 0.9063492443250574 0.40496714218803076 0.010982389035432236 0.011125813359799593
1 0.8773699221403704 0.6593977886697522 0.01029570206351902 0.011016928631326427
1 0.8343287207043462 0.0204641941167605 0.008523909847762707 0.011011278960914646
1 0.7525055304817531 0.381611388662587 0.01172650378683339 0.01297623178233271
1 0.8191733982252039 0.5346098153487496 0.01098533298658288 0.012012689009956692
1 0.8811507432357125 0.6725531660992167 0.009754180908203125 0.009601385697074558
1 0.8517870073733121 0.8109322838161301 0.009483627651048742 0.008527175239894701
1 0.7727251260176949 0.4251534420510997 0.011273549950641136 0.01222328517747962
1 0.7528341956760574 0.3256301568902057 0.01036511296811311 0.010325659876284391
1 0.7529978544815726 0.3075616981672204 0.011541449505349865 0.011994963106901749
1 0.8669957699983015 0.17932118540224823 0.01274208400560462 0.01171638654625934
1 0.8281606798586638 0.1718759070272031 0.010351968848186989 0.010497062102608059
1 0.9213134931481402 0.04265002064082934 0.012009993843410328 0.012458044549693232
1 0.7733541156934656 0.3104127593662428 0.010450031446373981 0.011157740717348845
1 0.9276219450909157 0.4078782440287874 0.01241961769435717 0.011789053630562556
1 0.882327183433201 0.44178944566975475 0.01131227742070737 0.010673491851143215
1 0.810791720514712 0.5200051224750021 0.011066353839376698 0.011310701784880264
1 0.8202806141065514 0.46593408999235736 0.010918741640837296 0.01155488387398098
1 0.8906257048897122 0.15584194141885507 0.017868622489597485 0.015555568363355554
1 0.8357442358265752 0.4288416945415994 0.011114866837211277 0.01048291247823964
1 0.9013226965199346 0.3058757885642674 0.010507417761761208 0.01150518914927607
1 0.8944486120472783 0.6291851997375488 0.009556314219599184 0.010273767554241676
1 0.8972880322000255 0.49310174195662787 0.011228312616762907 0.011722979338272758
1 0.86547909612241 0.29757362863291864 0.011570474375849184 0.012292405833368715
1 0.8714952883513079 0.4116247011267621 0.012221129044242527 0.012369072955587635
1 0.8288046795388927 0.5220751140428626 0.011487546174422554 0.01232147216796875
1 0.9271996539572009 0.3677171624225119 0.011365310005519703 0.012346931125806726
1 0.8671653581702191 0.026258624766183937 0.011703657067340355 0.018081275017365166
1 0.9286984360736349 0.09347399680510811 0.01158967225447945 0.01439226710278055
1 0.8086310676906419 0.5358462333679199 0.010501198146654211 0.011043424191682236
1 0.9098140260447626 0.5507303942804751 0.009898517442786175 0.009578331657077955
1 0.8101334157197373 0.4344944124636443 0.015170760776685633 0.012686812359353771
1 0.9185350252234418 0.6194596705229386 0.010024195132048233 0.010311251101286514
1 0.7805936273725907 0.37150069156322757 0.009104853709199345 0.009204255728354038
1 0.8673629346101182 0.2653740385304327 0.01033459538998811 0.01134515845257303
1 0.8071345660997474 0.1921513495237931 0.010476858719535496 0.010866559070089588
1 0.8710563701132069 0.5063532539035963 0.010046627210534138 0.010560906451681385
1 0.766819829526155 0.2732121426126231 0.01075056324834409 0.012339591979980469
1 0.9283189980880074 0.22356757910355277 0.011580633080523949 0.01658134875090226
1 0.8840089466260828 0.6295377275218135 0.010251003762950068 0.010763541511867359
1 0.7981297244196353 0.23919635233671765 0.013519079788871433 0.013759924017864723
1 0.8878740227740743 0.46665488118710724 0.011122496231742527 0.01323637755020805
1 0.8961014189058397 0.11180293504532327 0.009025914235213187 0.011803659222150844
1 0.7672813664311949 0.28819937291352643 0.011114949765412704 0.010600152223006538
1 0.7798854993737261 0.27325830252274225 0.012993854025135872 0.013199329376220703
1 0.8370785505875297 0.2890371447024138 0.010606185249660328 0.010854016179623812
1 0.8939232411591902 0.6396376568338146 0.0094293096791143 0.009748210077700407
1 0.820243151291557 0.4505002705947212 0.010899377905804176 0.011077901591425356
1 0.9244362996972124 0.333820975345114 0.012777452883513077 0.012773202813189964
1 0.8800637203714122 0.7328885534535283 0.010023282921832542 0.009993926338527514
1 0.9074383611264436 0.7587705487790315 0.009760151738705843 0.01054593791132388
1 0.8790204835974653 0.3195346065837404 0.01268444890561311 0.01664720216523046
1 0.9056022478186567 0.012869108954201574 0.013255575428838316 0.012636327873105589
1 0.8820446055868397 0.7478743428769318 0.008763562078061312 0.009324364040208899
1 0.8150871110999067 0.17843878787496817 0.011709627897843071 0.012176928312882133
1 0.890960921411929 0.5212107430333677 0.009629995926566746 0.010422146838644276
1 0.8617243559464164 0.7030834529710852 0.010352922522503395 0.009789674178413723
1 0.8087659089461617 0.15611412214196246 0.009730131729789402 0.010450674139935036
1 0.912190229996391 0.1793048692786175 0.009681618731954823 0.010531881581182066
1 0.8611030578613281 0.7188516285108483 0.009877992712933084 0.010306897370711617
1 0.8621135379957116 0.7330605050791865 0.00933638862941576 0.00925370921259341
1 0.8936169665792714 0.3415553777114204 0.009861075359842052 0.010704392972199814
1 0.8679359270178755 0.5559852641561757 0.009796806003736414 0.009556438611901325
1 0.752682519995648 0.35054974970610253 0.010836228080417797 0.01087908122850501
1 0.8699072132939878 0.5181382324384607 0.010017975516941235 0.010837409807288128
1 0.900107072747272 0.5157804281815238 0.010127482206925102 0.00986468273660411
1 0.843419365260912 0.3282296573338301 0.010830920675526495 0.01244668986486352
1 0.8637930828592052 0.4708393967669944 0.010083654652471128 0.010376266811204992
1 0.8567143937815791 0.43101863239122473 0.010963066764499829 0.011881558791450832
1 0.9291422470756199 0.027236863322879955 0.010944366455078125 0.014076616453087849
1 0.90445497761602 0.6458487096040146 0.009848221488620924 0.009466627369756285
1 0.836470769799274 0.25704079088957416 0.01058984839397928 0.010538267052691917
1 0.8476879907690961 0.3784029198729474 0.010775151460067087 0.011103345000225563
1 0.9157665086829144 0.36044746896494984 0.010324809862219769 0.011525776075280231
1 0.7931136670319929 0.16491246223449707 0.010296863058338995 0.009761457857878311
1 0.8311989618384321 0.5768549442291261 0.011699137480362602 0.011860702348792034
1 0.784375750500223 0.3336680246436078 0.011768216672150986 0.012219429016113281
1 0.8702353187229324 0.5441106091374937 0.009938696156377378 0.010430501854938011
1 0.8717010124869969 0.7647493403890858 0.00855416836945907 0.008769118267556896
1 0.8795245626698369 0.7784349192743716 0.008033669513204823 0.008451876432999321
1 0.8597070652505626 0.824092968650486 0.009407831274944803 0.008884720180345617
1 0.9042318800221318 0.38186143792193866 0.010600090026855469 0.01121919051460598
1 0.8969105430271314 0.7400683112766431 0.010526076607082203 0.010524335114852242
1 0.8582524424013884 0.5768545192220936 0.010414289391559105 0.010712623596191406
1 0.8398852141007132 0.11994787402774977 0.011964383332625679 0.012569790301115616
1 0.9229317540707795 0.1743923114693683 0.012757674507472828 0.01411635979362156
1 0.8417945115462594 0.5484249073526134 0.011056402455205503 0.01269518810769786
1 0.9186224937438965 0.3068502778592317 0.010227410689644192 0.01092021361641262
1 0.8801919481028682 0.4897200957588527 0.009591931882111923 0.0102081298828125
1 0.8952717366425886 0.15395345376885458 0.01020651278288468 0.010276265766309656
1 0.9041053315867549 0.6592342335244884 0.00997472845989725 0.009775286135466202
1 0.7973863352899966 0.2964650651682978 0.01269166365913723 0.01350539663563604
1 0.9290660982546599 0.11015835533971371 0.011635531549868376 0.013941878857819931
1 0.8440513196198836 0.5250077454940133 0.010789207790208899 0.011562679124915081
1 0.8842219062473462 0.33973306158314587 0.012711649355681046 0.019869638525921364
1 0.8685766924982485 0.4437060304310011 0.010546269624129585 0.010694866595060928
1 0.8521597903707752 0.7491181415060291 0.010379044905952785 0.011556044868800953
1 0.8653519464575726 0.14371771916099216 0.010514756907587465 0.01041338754736859
1 0.7682826000711194 0.3285186511019002 0.010801398235818615 0.01125387782635896
1 0.8894393133080524 0.41701174300649896 0.011444050332774285 0.012507760006448498
1 0.9283627634463103 0.05288936262545378 0.01208819513735564 0.013645493465921154
1 0.7537502413210663 0.3631991666296254 0.010949964108674423 0.012552292450614597
1 0.9124668784763501 0.7101663713869841 0.009273694909137228 0.008030891418457031
1 0.9062307813893195 0.3552226333514503 0.01024764517079229 0.010752084462539009
1 0.8779953459034796 0.42388592595639435 0.010589226432468579 0.010787466297978941
1 0.9112240542536197 0.5696143067401388 0.010409438091775646 0.010160155918287195
1 0.913571834564209 0.1445671786432681 0.010563518690026325 0.011281407397726307
1 0.7971334042756453 0.25351083796957263 0.011380402938179348 0.01296028883560844
1 0.7604495753412662 0.34050163497095526 0.011057563450025476 0.010688750640205715
1 0.8550228657929795 0.48852304790330975 0.009890639263650646 0.009681743124256964
1 0.8610084575155506 0.7764142699863601 0.009087479632833729 0.008946999259617018
1 0.9232354786085045 0.6582419975944187 0.012349418971849524 0.011898828589397926
1 0.8290905745133109 0.1363157604051673 0.011603396871815557 0.0124329484027365
1 0.9131836269212805 0.6046729087829591 0.010772870934527855 0.012057801951532778
1 0.8843255250350289 0.5737810134887695 0.009726068247919497 0.00927734375
1 0.806021379387897 0.2054491354071576 0.011542237323263416 0.011440463688062586
1 0.8990813130917756 0.1730633611264436 0.010704455168350883 0.010720252990722656
1 0.8000287595002546 0.1773209571838379 0.010526822960895042 0.010007526563561481
1 0.8897627954897672 0.43147606953330664 0.010530388873556385 0.011936550555021866
1 0.8589385903399923 0.5651093151258386 0.010249593983525816 0.010154931441597317
1 0.8572216863217561 0.5213462373484736 0.011270771855893343 0.014255316361137058
1 0.92981769727624 0.06702800937320876 0.011064778203549593 0.015407106150751528
1 0.8589975522912066 0.18942488794741424 0.01205767755923064 0.01486131419306216
1 0.8481930649798849 0.3125881008479906 0.011337321737538214 0.01138448715209961
1 0.8899967152139416 0.5882764691891876 0.009412060613217562 0.010243084119713825
1 0.8344859662263289 0.3097306127133576 0.011180628900942595 0.021649194800335426
1 0.8747862732928732 0.7184974836266559 0.00898216081702191 0.009054598600968071
1 0.848094193831734 0.43954422681227967 0.01085662841796875 0.010896112607873005
1 0.9296209086542544 0.24025761562844977 0.011369456415591032 0.014193949492081352
1 0.8858982583750848 0.5613762399424678 0.010699396548063858 0.010112347810164742
1 0.9308799660724141 0.29623273144597595 0.01092089777407439 0.014786533687425696
1 0.8984111288319463 0.5947874110677968 0.011548249617866848 0.012642611627993376
1 0.9269487961478855 0.6931829245194143 0.009943920633067255 0.013202791628630264
1 0.8893223430799402 0.6555749644403872 0.010280401810355808 0.009434907332710598
1 0.8332071097000786 0.3257657613443292 0.009565063144849695 0.01074705175731493
1 0.8572368207185164 0.23933596196381943 0.01126961086107337 0.011579036712646484
1 0.8691187319548235 0.5952327769735585 0.011648924454398777 0.012038977249808933
1 0.8725173577018406 0.4579158036605171 0.010460438935653023 0.011132862256920856
1 0.9284975010415782 0.4808342612308005 0.0108496209849482 0.012750304263571034
1 0.927490234375 0.5407065308612325 0.011746779732082203 0.011899574943210766
1 0.9002451689346977 0.5638915559519893 0.010453099789826767 0.010326924531356148
1 0.7769713401794434 0.2978185570758322 0.01170112775719684 0.01182829815408458
1 0.9053953212240468 0.5283063805621603 0.010271030923594599 0.009441624517026155
1 0.8535234824470852 0.5444604624872622 0.010940095652704653 0.01145196997601053
1 0.8922338278397268 0.5477019600246263 0.01057297250498896 0.009679047957710598
1 0.8211031789365022 0.42592467432436737 0.013565478117569633 0.015301497086234715
1 0.8447269564089569 0.04497941032699917 0.009549970212190048 0.01030963659286499
1 0.8749228975047235 0.4817885575087174 0.010286704353664234 0.01019758763520614
1 0.8428842088450555 0.02665548220924709 0.009621537250021229 0.010742472565692406
1 0.8394218113111414 0.13443458080291748 0.010789539503014606 0.01056744741356891
1 0.8818615208501401 0.5023439034171726 0.010036136793053669 0.010448580202849014
1 0.763670361560324 0.31625395235808 0.011144264884617016 0.011492895043414574
1 0.8851797477058742 0.701685843260392 0.008755269257918648 0.008496367413064709
1 0.8991656096085259 0.700533265652864 0.00897490459939708 0.008350082065748133
1 0.9069613995759385 0.6761841773986816 0.009207020635190218 0.010513761769170347
1 0.834801031195599 0.16251159232595697 0.010725892108419666 0.010545222655586575
1 0.8711607172066533 0.7937013782234793 0.00810929077679191 0.011007638728706061
1 0.8126513854317042 0.4921442322109057 0.01165746605914572 0.011440484420112942
1 0.8419501885123872 0.8153191442074984 0.009283438972804857 0.010343634563943615
1 0.9285523787788725 0.7078087018883746 0.008869834568189539 0.010492905326511547
1 0.9126140553018321 0.5871047144350798 0.010479346565578296 0.01244428883428159
1 0.8828876536825429 0.3777689856031667 0.01077034162438434 0.011714214863984482
1 0.9008337518443231 0.7276910284291144 0.008998207423997961 0.009707160617994226
1 0.86645914160687 0.16261105952055555 0.010193700375764267 0.010668236276377802
1 0.8757561808047089 0.8041651352592136 0.008545751157014267 0.008652065111243206
1 0.8833988023840863 0.8102518993875256 0.009444361147673233 0.009443863578464674
1 0.8503882573998492 0.17645715112271518 0.010711379673170008 0.010666277097619099
1 0.9172243657319441 0.5416724370873492 0.00900869784147843 0.010990350142769192
1 0.9102037263953168 0.725246927012568 0.011713193810504417 0.01019287109375
1 0.925419226936672 0.680155671161154 0.010913102523140285 0.014412506766941235
1 0.929144755653713 0.14547816566799 0.011043755904487942 0.013072635816491169
1 0.8458415736322817 0.8291638623113217 0.01071905053180197 0.010285128717837126
1 0.9284946607506792 0.5781442808068317 0.010362542193868885 0.012124351833177649
1 0.8741959696230682 0.15471692707227624 0.010708518650220789 0.011384300563646399
1 0.9305088831030804 0.6141232407611349 0.009880604951278023 0.01044451672097911
1 0.9061320760975713 0.6197108704110851 0.009637832641601562 0.010266324748163637
1 0.8690746348837147 0.6830550069394319 0.008700453716775646 0.008780023326044497
1 0.8487417386925739 0.46911590513975726 0.010285087253736414 0.010466585988583773
1 0.8577313837797746 0.7633589039678159 0.009366035461425781 0.008628513502038044
1 0.8814985855765964 0.5395014389701511 0.011957914932914402 0.010732401972231657
1 0.8298355392787768 0.46118795353433356 0.010436223900836449 0.013160104336945908
1 0.8503667789956798 0.7990835231283436 0.008290456688922384 0.008855695309846298
1 0.8603892533675485 0.17147593912870984 0.01004467839780061 0.011064467222794243
1 0.8919098273567534 0.5365927530371625 0.010135526242463486 0.010170356087062671
1 0.8741147414497707 0.8217811377152152 0.00913338039232337 0.00874365930971892
1 0.7843235679294753 0.17223005191139554 0.010110523389733356 0.01004419119461723
1 0.789319183515466 0.18574985213901685 0.010787673618482508 0.01128555380779764
1 0.8423874481864597 0.4918266793955927 0.010245115860648777 0.010963605797809105
1 0.9235439300537109 0.5604521917260211 0.013179281483525816 0.011027501977008324
1 0.9314016673875891 0.42169644521630323 0.009366076925526495 0.0109363431515901
1 0.9159501117208729 0.01143224731735561 0.012533934220023777 0.012002846469049868
1 0.8343047681062117 0.7898955137833304 0.010043351546577785 0.012295764425526495
1 0.9271811195041821 0.5997466522714366 0.013563156127929688 0.013929678046185036
1 0.7881264686584473 0.14451349299886954 0.010853601538616676 0.013459226359491762
1 0.8711462228194528 0.5785395995430325 0.010176078132961109 0.010706528373386547
1 0.9064335201097571 0.5406662277553392 0.00952637713888417 0.009525589320970617
1 0.88951009252797 0.7224675883417545 0.008768123129139776 0.009292685467263927
1 0.7618229492850925 0.2798884329588517 0.011409676593282948 0.014156486677086872
1 0.8644097991611646 0.2319559947304104 0.009899678437606148 0.010616323222284731
1 0.8935466451764345 0.6822707232384093 0.0077740462104728125 0.009395431564774624
1 0.76206752528315 0.3038813238558562 0.010166956030804176 0.010877339736275051
1 0.7738313260285752 0.3399401320063549 0.010549047718877378 0.015136923478997272
1 0.8867610226506772 0.7602090213609778 0.008464274199112602 0.008629633032757303
1 0.8940958354784094 0.28762861956720764 0.015167153399923573 0.014227846394414488
1 0.8398043591043224 0.8016627353170643 0.008663675059442934 0.010671615600585938
1 0.8641675658847974 0.8093495576278024 0.008775835451872452 0.009203537650730299
1 0.8569157849187437 0.7904725696729576 0.008790928384532099 0.008963958076808764
1 0.9065596124400264 0.6337842215662417 0.009740829467773438 0.010154454604439114
1 0.8313356067823326 0.24561147067857822 0.011155335799507473 0.010877920233685036
1 0.9093546245409094 0.314868045889813 0.011132198831309443 0.011086152947467308
1 0.930181648420251 0.4403027710707291 0.009464056595512058 0.012187885201495628
1 0.8815817003664763 0.6848575550576916 0.0078894159068232 0.008536421734353771
1 0.9249956504158352 0.31665469252544903 0.011056278062903362 0.010732464168382727
1 0.8757402585900347 0.7047002211860991 0.00889562523883322 0.008688636448072351
1 0.812662352686343 0.16756171247233514 0.010037090467370075 0.010501560957535454
1 0.7621737833826677 0.3771557172749521 0.008548583398742936 0.010854785907753982
1 0.8386989883754563 0.1494247809700344 0.012307664622431215 0.010241467019786005
1 0.9310564787491508 0.3073467586351477 0.009275519329568615 0.010354746942934782
1 0.9315460039221722 0.20625136209570843 0.00972084377122962 0.011458749356477158
1 0.8484482531037267 0.7762117502944519 0.0069000571036967814 0.007510177929642928
1 0.9316984674204951 0.3482827323934306 0.00917716648267663 0.011519470940465513
1 0.8647132541822351 0.7431354730025582 0.008980626645295517 0.008461786353069803
1 0.7798185141190238 0.3230074563104173 0.01116491400677225 0.014209907339966816
1 0.8981229533319888 0.5751296126324198 0.009665281876273777 0.010003089904785156
1 0.855387895003609 0.4779172150985054 0.009825416233228601 0.010183002637780231
1 0.8962574627088463 0.7554282727448838 0.00834867228632388 0.008342411207116169
1 0.8581201097239619 0.22667666103528894 0.010582177535347317 0.010555495386538298
1 0.8219428477079973 0.2477578702180282 0.013341364653214165 0.010967296102772589
1 0.8459624622179114 0.7884173600570016 0.00859596418297809 0.008298708044964334
1 0.932587312615436 0.5891669522161069 0.008596378823985224 0.010219200797702954
1 0.9316269418467646 0.635117240574049 0.009773088538128397 0.012612716011379078
1 0.8708861807118292 0.6936621251313582 0.009359608525815218 0.008433839549189028
1 0.7717291605165455 0.3749986708720877 0.006523207078650367 0.009766893578817113
1 0.880725280098293 0.09178410664848659 0.010247603706691578 0.010348273360210915
1 0.8906492564989172 0.7100838992906653 0.0087127685546875 0.008934725885805876
1 0.9175155888433042 0.6908976098765497 0.008956245754076086 0.008943889452063519
1 0.9165866063988727 0.671533024829367 0.010593206986137058 0.010379501011060633
1 0.8872022836104685 0.7687981646993884 0.007247385771378227 0.008353523586107336
1 0.8540781477223272 0.04869173402371614 0.01086637248163638 0.010389535323433254
1 0.9318649043207584 0.6240102830140487 0.00844598853069803 0.010558853978696077
1 0.8004567104837169 0.15372476888739545 0.015306141065514606 0.009721973667974058
1 0.8196341887764309 0.159363663714865 0.01289566703464674 0.009796412094779636
1 0.9331059041230574 0.528797792351764 0.007326830988344939 0.0095221063365107
1 0.9138977216637652 0.7010573511538297 0.008924235468325407 0.008538370547087296
1 0.9013996345950058 0.6878438125032018 0.0077740462104728125 0.009395431564774624
1 0.9087459795349595 0.6898703904176721 0.0077740462104728125 0.009395431564774624
1 0.8641612654166192 0.7549742059200212 0.0077740462104728125 0.009395431564774624
