0 0.531929 0.811821 0.009511 0.006793
0 0.5346470000000001 0.7900820000000001 0.012228 0.006793
0 0.5339670000000001 0.80231 0.008152 0.006793
0 0.535326 0.819973 0.008152 0.009511
0 0.5455160000000001 0.805027 0.012228 0.009511
0 0.549592 0.826087 0.009511 0.01087
0 0.553668 0.84375 0.006793 0.01087
0 0.557065 0.300951 0.008152 0.012228
0 0.559103 0.824049 0.006793 0.009511
0 0.564538 0.31725499999999995 0.006793 0.006793
0 0.5699729999999998 0.37975499999999995 0.006793 0.006793
0 0.574728 0.8444290000000001 0.008152 0.006793
0 0.5760869999999999 0.387228 0.005435 0.005435
0 0.577446 0.8288040000000001 0.008152 0.008152
0 0.582201 0.8580160000000001 0.009511 0.012228
0 0.58356 0.79144 0.009511 0.009511
0 0.5855979999999998 0.819973 0.005435 0.009511
0 0.587636 0.7826089999999999 0.006793 0.01087
0 0.5937499999999999 0.830163 0.005435 0.008152
0 0.599185 0.826087 0.008152 0.005435
0 0.605978 0.369565 0.008152 0.008152
0 0.6080159999999999 0.415761 0.006793 0.008152
0 0.610054 0.7744569999999998 0.008152 0.01087
0 0.6141300000000001 0.76087 0.008152 0.008152
0 0.61481 0.8091029999999999 0.006793 0.009511
0 0.620924 0.825408 0.005435 0.006793
0 0.6250000000000001 0.758152 0.008152 0.01087
0 0.625679 0.777174 0.009511 0.01087
0 0.628397 0.37432099999999996 0.009511 0.006793
0 0.628397 0.83288 0.006793 0.008152
0 0.629076 0.8091029999999999 0.008152 0.009511
0 0.630435 0.8423910000000001 0.008152 0.008152
0 0.6311139999999998 0.799592 0.009511 0.009511
0 0.640625 0.402853 0.006793 0.006793
0 0.640625 0.8125 0.006793 0.008152
0 0.648098 0.491168 0.01087 0.009511
0 0.6494569999999998 0.4789399999999999 0.01087 0.009511
0 0.6494570000000001 0.826087 0.008152 0.01087
0 0.651495 0.34850499999999995 0.009511 0.006793
0 0.652853 0.7119570000000001 0.006793 0.008152
0 0.652853 0.699728 0.006793 0.008152
0 0.654212 0.745924 0.006793 0.01087
0 0.6548910000000001 0.807745 0.008152 0.006793
0 0.655571 0.360734 0.006793 0.006793
0 0.658967 0.434783 0.008152 0.01087
0 0.660326 0.7982340000000001 0.008152 0.006793
0 0.660326 0.593071 0.008152 0.009511
0 0.6616850000000001 0.341033 0.008152 0.008152
0 0.663723 0.8736409999999999 0.009511 0.01087
0 0.664402 0.752038 0.01087 0.009511
0 0.6657610000000002 0.527853 0.008152 0.006793
0 0.6677990000000001 0.7173910000000001 0.006793 0.008152
0 0.669158 0.855978 0.009511 0.01087
0 0.669158 0.34578799999999993 0.006793 0.006793
0 0.669158 0.3566579999999999 0.006793 0.009511
0 0.6698370000000001 0.427989 0.008152 0.01087
0 0.6705160000000001 0.518342 0.006793 0.006793
0 0.6705160000000001 0.547554 0.006793 0.008152
0 0.671875 0.69769 0.006793 0.006793
0 0.6732339999999999 0.607337 0.009511 0.01087
0 0.673913 0.7690220000000001 0.01087 0.008152
0 0.673913 0.76019 0.008152 0.004076
0 0.674592 0.7927990000000001 0.009511 0.012228
0 0.6752720000000001 0.757473 0.008152 0.004076
0 0.67663 0.32269 0.008152 0.009511
0 0.67663 0.7533970000000001 0.008152 0.004076
0 0.67731 0.710598 0.006793 0.008152
0 0.6786680000000002 0.6841029999999999 0.006793 0.009511
0 0.679348 0.5543480000000001 0.008152 0.008152
0 0.682745 0.34442899999999993 0.009511 0.009511
