1 0.9181639422541079 0.9238262176513672 0.011149240576702614 0.013422924539317255
1 0.9016951892686926 0.6530303125796111 0.010375022888183594 0.011494097502335258
1 0.8790259983228601 0.7684650628463082 0.009826162587041441 0.011123284049656079
1 0.8857023197671642 0.727428146030592 0.009570453477942425 0.010260457577912704
1 0.8860338667164678 0.3892878423566403 0.011170884837274965 0.012069168298140816
1 0.9096190203791079 0.7265527559363324 0.009826452835746433 0.009477781212848166
1 0.8113941109698751 0.6384948647540548 0.009577295054560122 0.009418819261633831
1 0.8989267349243164 0.6823975521585216 0.009361847587253736 0.011056568311608356
1 0.8743854812953782 0.33130610750421235 0.011863252390985903 0.012861418011395828
1 0.7558856839719026 0.6350407185761825 0.011408225349757984 0.01203143078347911
1 0.9227646952090056 0.6044386262479037 0.01144085759701936 0.01238920377648395
1 0.8114275517671006 0.36091360838516906 0.009088474771250849 0.009339384410692297
1 0.7121005680250085 0.6036920132844344 0.009338710619055706 0.010149167931598167
1 0.7829546721085259 0.3951792794725169 0.009319968845533289 0.009161166522813879
1 0.7319257155708645 0.505664815073428 0.008541355962338655 0.009770870208740234
1 0.8785841775977093 0.362845126701438 0.011782397394594938 0.01169224148211272
1 0.9277762122776196 0.6655123959416929 0.010168407274329144 0.011103795922320824
1 0.8813036835711935 0.7514883538951045 0.010098706121030062 0.010464626809825068
1 0.7834728282430897 0.3488163118777068 0.009712177774180536 0.00976996318153713
1 0.7985701353653617 0.48286484635394555 0.010590511819590693 0.010893676591956097
1 0.7654371054276176 0.37155388230862824 0.009441417196522589 0.00984428239905316
1 0.9206004557402239 0.7524477295253589 0.009086567422618036 0.009677679642387058
1 0.721959342127261 0.4447754517845485 0.008909266927967901 0.009505883507106615
1 0.8907425507255222 0.37672177605007007 0.010813091112219769 0.011882989302925442
1 0.9095242541769275 0.6043653073518173 0.010348610256029211 0.011724637902301292
1 0.9270792214766793 0.7245682011479917 0.009837648142939028 0.01014609958814538
1 0.8605797394462253 0.9820582348367443 0.009299900220788044 0.009427775507387907
1 0.8921712585117505 0.3355512022972107 0.010948720185653023 0.011189579963684082
1 0.8951642409614894 0.35279132231422095 0.011560191278872282 0.011790083802264671
1 0.7343106684477434 0.43152614261793054 0.009930278943932575 0.009957603786302649
1 0.7965693059174912 0.391997982626376 0.010234708371369736 0.009852943213089653
1 0.8901550044184146 0.9278965203658395 0.010531964509383492 0.010209000628927479
1 0.724319478739863 0.41625541189442505 0.010070261747940727 0.01251419730808424
1 0.7413242588872495 0.41306765183158545 0.010228696076766304 0.01606352432914402
1 0.9091561151587446 0.8538648978523586 0.010274182195248812 0.011120796203613281
1 0.8173215078270953 0.5475673571876858 0.009210379227347996 0.008913060893183168
1 0.8674099549003269 0.8516612260237985 0.009130975474481997 0.01000188744586447
1 0.9173191526661748 0.8460441050322158 0.009625269019085428 0.010387793831203296
1 0.8416646667148755 0.8624861344047214 0.008863656417183254 0.008983197419539742
1 0.8180650420810864 0.5184836491294529 0.00907147448995839 0.009721445000689962
1 0.931803620379904 0.9291307200556216 0.010347200476604958 0.01040748927904212
1 0.8254151136978812 0.5064136049021846 0.009364750074303669 0.009649276733398438
1 0.9165116185727327 0.6222802037778109 0.010071961776069973 0.011881289274796196
1 0.9250452414802883 0.7675183337667714 0.010582177535347317 0.009874592656674593
1 0.8352258723715077 0.5154614137566608 0.009934508282205334 0.009519307509712551
1 0.7532326449518617 0.6997019518976626 0.00784314197042714 0.007800268090289572
1 0.9334836213485054 0.7096034547557002 0.009261421535326086 0.009820730789847996
1 0.7571153848067574 0.3438781033391538 0.009482052015221638 0.009415118590645168
1 0.8703514804010807 0.9708617459172789 0.010305280270783798 0.01018511730691661
1 0.7515520427538 0.4982657847197159 0.009797054788340693 0.009424748628035835
1 0.7006111352340036 0.42520683744679333 0.009917508000912874 0.00957569868668266
1 0.913078494693922 0.3415341863165731 0.010781454003375511 0.011197324680245441
1 0.8992253179135531 0.8664048443669858 0.010197349216627039 0.010091242582901665
1 0.8387344609136167 0.9798273832901664 0.009671833204186481 0.010052722433338995
1 0.7980139566504438 0.4284103227698285 0.009712011917777683 0.0104522705078125
1 0.7621933066326639 0.43606186949688464 0.009421970533288044 0.009254497030506964
1 0.9196982798369036 0.7902002541915232 0.011007765065068785 0.010880553204080334
1 0.8350372107132621 0.4983087985411935 0.010309012039847996 0.010296044142349907
1 0.9330556289009425 0.6173692578854767 0.010192788165548573 0.01110313249670941
1 0.7499017715454102 0.5189669650533925 0.009595705115276834 0.009090340655782948
1 0.7386033224022907 0.4744682985803355 0.009375986845596977 0.009421276009601095
1 0.9115034393642261 0.8074244623598845 0.009435280509617018 0.010139631188434105
1 0.7272854680600374 0.3598535371863324 0.009938281515370245 0.010103059851604958
1 0.9316904648490575 0.818996761156165 0.011154838230298914 0.011382641999617867
1 0.7986786883810291 0.4540441554525625 0.00965043772821841 0.01012557485829229
1 0.7869938352833624 0.4815452979958576 0.009087811345639437 0.009240907171498175
1 0.7946963724882707 0.6131522344506305 0.012008293815281079 0.011522417483122452
1 0.8007052670354428 0.49868536513784656 0.00949548638385275 0.01105858968651813
1 0.8071401637533436 0.3717091938723688 0.00965255239735479 0.009801216747449793
1 0.9306229301120923 0.6957975677821946 0.010483949080757473 0.009790461996327276
1 0.7667447380397632 0.29256110605986224 0.009912490844726562 0.009880915932033373
1 0.8882858649544094 0.8270723094110903 0.009757290715756624 0.010027678116508152
1 0.7476441341897716 0.3154836426610532 0.01112854999044667 0.010496201722518257
1 0.7778388520945673 0.43680605681046203 0.009354508441427479 0.009511201278023098
1 0.9038708728292714 0.8263646830683169 0.009674238122027853 0.009548933609672215
1 0.7676660081614619 0.33480101046354876 0.011703118034031079 0.009955489117166271
1 0.9095068599866785 0.7115743263908055 0.010367973991062329 0.00951696478802225
1 0.9194328059320864 0.36709188119224884 0.01067791814389436 0.010701423105986221
1 0.7425028552179751 0.7787034407905911 0.007625040800675102 0.008154910543690557
1 0.6995296063630476 0.4026830585106559 0.010813837466032608 0.010048062905021336
1 0.7850751669510551 0.424936875053074 0.00964243515678074 0.009810634281324304
1 0.8512161296346913 0.780926580014436 0.01082847429358441 0.01324562404466712
1 0.7915348177370819 0.5249939586805261 0.008910842563795008 0.009163110152534817
1 0.9325693171957264 0.3692596580671228 0.009921571482782778 0.010142637335735817
1 0.9018181095952573 0.9873798826466436 0.010746250981869905 0.010346329730489979
1 0.7478224712869396 0.6136896713920261 0.011731106302012568 0.011763862941576086
1 0.8004766961802607 0.2977836339370064 0.008866766224736753 0.010188496631124744
1 0.9058449993962827 0.32768181662844575 0.010233962017556896 0.010312483686467876
1 0.791297726009203 0.6647012130073879 0.010633924733037535 0.010811266691788383
1 0.7227240852687669 0.6115549336309019 0.009824172310207201 0.01016633406929348
1 0.8078304581020188 0.3374882463527763 0.009836570076320482 0.010256913693054863
1 0.8793305106784985 0.9407367084337317 0.011170760444972828 0.011046077894127888
1 0.9089106891466223 0.8360657277314558 0.009806632995605469 0.009665655053180197
1 0.7353859984356426 0.5273486842279849 0.010209166485330334 0.010367103244947351
1 0.9254917269167693 0.3549569676751676 0.011891613835873812 0.011422465676846712
1 0.7301822745281717 0.5997731374657672 0.010820057081139606 0.009625434875488281
1 0.9003918896550717 0.3017553868501082 0.008617691371751867 0.00880593838899032
1 0.8099745667499044 0.3508881084297014 0.009768568951150646 0.010565148747485618
1 0.8978778797647229 0.7563374146171239 0.008586593296216883 0.009348579075025476
1 0.9287012349004331 0.3425303166327269 0.011283294014308765 0.010654731937076733
1 0.724725743998652 0.48276273063991376 0.01001212907874066 0.010609212129012398
1 0.709335990574049 0.37021350083143817 0.013454105543053669 0.011049306910970936
1 0.7375334034795347 0.3497297893399778 0.009394189585810122 0.010274731594583263
1 0.8846575695535411 0.976178666819697 0.00976363472316576 0.009621081144913383
1 0.8345689358918564 0.9661570217298425 0.009880729343580164 0.01109840558922809
1 0.7482635871223781 0.35236251872518787 0.009409489838973335 0.009672164916992188
1 0.7342647469562031 0.3349072861930598 0.010398284248683765 0.014717717533526213
1 0.8385997440503992 0.5387106978374979 0.009760151738705843 0.009952006132706352
1 0.933469295501709 0.7397716356360395 0.009986918905506964 0.010525579037873642
1 0.709359479987103 0.5870132031648055 0.010048700415569801 0.010395132977029552
1 0.7719045100004778 0.42161774117013684 0.009957147681194803 0.009331775748211405
1 0.8868459618609884 0.9876589567764944 0.010791280995244566 0.009715204653532608
1 0.80688824860946 0.465286752452021 0.010496885880180027 0.011137837949006454
1 0.7252107288526453 0.5590861776600713 0.010697820912236753 0.01285951033882473
1 0.720175660174826 0.5091067397076151 0.010370917942212976 0.009432709735372791
1 0.8919711734937585 0.6970884903617527 0.009674735691236414 0.00932411525560462
1 0.9154180651125702 0.9022775318311608 0.01026904064676036 0.010558667390242867
1 0.9253858068714971 0.8377911526223889 0.010626336802606997 0.010779090549634851
1 0.8114180979521379 0.5586705104164456 0.01014871182649032 0.009667707526165506
1 0.9314352947732678 0.2679035145303477 0.007834227188773777 0.007760296697201936
1 0.9037555197010869 0.9488883847775668 0.009967969811480978 0.010586821514627209
1 0.8485291729802671 0.5264249780903691 0.010586406873620075 0.010894796122675356
1 0.7403515525486157 0.5895350083060886 0.010977869448454483 0.010715069978133492
1 0.9168246518010679 0.9833863714466925 0.011355731798254925 0.009603583294412365
1 0.8290257039277449 0.9330327199852985 0.009559921596361242 0.010300885076108187
1 0.7148702248283055 0.3853611324144446 0.009869824285092562 0.009588117184846298
1 0.7753077589947245 0.35832389022993005 0.009807959846828295 0.009990204935488493
1 0.7194609434708303 0.49719578805177106 0.009725156037703804 0.009288860403973124
1 0.7904161577639373 0.46557886704154633 0.01090551459270975 0.010003711866295856
1 0.7501008614249851 0.5325204393138057 0.009936830271845278 0.009854316711425781
1 0.902522957843283 0.6737155914306641 0.010131504224694294 0.010085976642111073
1 0.795034989066746 0.6475808931433636 0.010836559793223505 0.01042913353961447
1 0.9175609505694844 0.8210391583650007 0.011115613191024117 0.01073779230532439
1 0.7912383908810822 0.2709118179653002 0.009411148403001867 0.009932974110478941
1 0.9117746975110925 0.6849491285241168 0.00964882062829059 0.009856099667756454
1 0.8594140384508215 0.8429847592892854 0.008728317592454992 0.008272875910219938
1 0.8951403369074282 0.7384141217107358 0.008711317311162535 0.009505271911621094
1 0.7662114889725394 0.32431595254203543 0.00959541486657184 0.009985613434211067
1 0.8860880810281506 0.8583700138589612 0.010790617569633152 0.010352549345596977
1 0.7877121593641199 0.36494728922843933 0.00955187756082286 0.010102176147958507
1 0.8993101949277132 0.3155952121900476 0.009459371152131454 0.010394552479619566
1 0.7053384366242783 0.4669102793154509 0.01137443210767663 0.011828153029732082
1 0.8874861883080524 0.2910075913304868 0.009615566419518513 0.009220185487166695
1 0.7371564118758492 0.6646894164707349 0.011886762536090355 0.011343043783436651
1 0.7930213264797046 0.34028088009875745 0.010021292644998302 0.009894754575646442
1 0.8847998743471892 0.902009860329006 0.01043037746263587 0.010553152664847996
1 0.7542122757953146 0.37578386068344116 0.010039412457010021 0.009866014770839525
1 0.7650646541429602 0.3070947812951129 0.010306980298913044 0.010000643522843071
1 0.7072730686353601 0.746862909068232 0.008547409721042799 0.008819414221722147
1 0.6333747324736222 0.9854508275571077 0.009356498718261719 0.008776125700577446
1 0.9190550057784371 0.27236846218938415 0.008567768594493036 0.00865917620451554
1 0.8890971722810166 0.41629586012467096 0.01197889576787534 0.013195473214854364
1 0.9247851579085641 0.3788502060848733 0.01039786960767663 0.010794701783553413
1 0.9293444467627484 0.5814875519793966 0.011734216109566067 0.01204154802405316
1 0.8307420481806216 0.8142482508783754 0.013841546100118885 0.015318994936735733
1 0.8570562030958093 0.9557731047920559 0.009939608366593071 0.009577543839164402
1 0.801955160887345 0.2833912165268607 0.009929615518321161 0.00905627789704696
1 0.7425454803135083 0.5098239960877792 0.009867502295452616 0.010061823803445568
1 0.9334840152574622 0.6423592567443848 0.009222652601159138 0.010059564009956692
1 0.7068507360375444 0.9836786933567212 0.009040376414423403 0.00828726395316746
1 0.8723063054292097 0.7775296128314474 0.009213447570800781 0.009070396423339844
1 0.7684797826020615 0.5640099981556768 0.00920266690461532 0.008660938428795856
1 0.8909229817597761 0.9512101049008577 0.009392489557680876 0.009784366773522419
1 0.8167826196421748 0.49893076523490576 0.011147457620371943 0.010416030883789062
1 0.813252241715141 0.9632311074630074 0.01123909328294837 0.01093843708867612
1 0.7219865633093794 0.43359855983568274 0.009815962418265965 0.010579482368800953
1 0.7171024239581564 0.7259154734404192 0.011518644249957542 0.010342432105022926
1 0.747207786725915 0.3637854793797369 0.010365320288616676 0.009813370911971382
1 0.8331895703854768 0.9173001206439474 0.017920245294985565 0.009688460308572521
1 0.8023901814999788 0.6580066888228706 0.009671999060589334 0.009661011073900305
1 0.7979931209398353 0.3292745696785657 0.009893500286599865 0.010216711331968721
1 0.8362461380336597 0.48253957084987475 0.01091928067414657 0.010819891224736753
1 0.7704936110455057 0.6128084970557172 0.011540744615637737 0.0115020171455715
1 0.7869280939516814 0.5661030230314836 0.009727312170940897 0.009138687797214674
1 0.7736160444176715 0.6392702434373938 0.013400699781334919 0.013606278792671535
1 0.7282889407614002 0.8845312284386675 0.008136500482973845 0.0077772555143936824
1 0.7567414408144743 0.6741899200107739 0.010544901308806046 0.011581794075343921
1 0.8547450977823009 0.8323486576909603 0.008938374726668648 0.009124672931173573
1 0.8149703896563985 0.6282948825670325 0.01020788109820822 0.010492366293202276
1 0.8106874590334685 0.8568182406218157 0.010862391927967901 0.011027958082116169
1 0.9325870223667312 0.6528372971907906 0.00988558064336362 0.009867709615956182
1 0.8800618337548297 0.8453361262445864 0.009175881095554518 0.008716417395550272
1 0.7446739777274753 0.3884060952974402 0.01070039168648098 0.015621983486673107
1 0.7749963843304178 0.4689863764721414 0.008877546890922215 0.009069836657980213
1 0.7138312173926313 0.7970808277959409 0.007665343906568445 0.008024796195652174
1 0.7803132637687351 0.5196402902188508 0.014475573664126188 0.009009091750435207
1 0.7393214184304943 0.8236829508905826 0.009045808211616848 0.009068364682404892
1 0.7588543062624724 0.3591088769228562 0.010092901146930199 0.009902080763941225
1 0.742869294208029 0.7942895060000212 0.007592740266219429 0.0073007500689962635
1 0.7448272290437119 0.5432200639144235 0.009400823841924253 0.009816128274668818
1 0.7594835447228472 0.7218569050664487 0.009451907614003057 0.009897978409476902
1 0.857480297917905 0.9701264008231785 0.010055127351180367 0.009290280549422554
1 0.730381094891092 0.5533478156380032 0.010524749755859375 0.00914038782534392
1 0.9115718965945037 0.3070287082506262 0.008449595907460089 0.008880449377972147
1 0.9334305058354918 0.6824614898018215 0.009028144504712976 0.010489256485648777
1 0.6817514585412066 0.7425168908160665 0.008778115977411684 0.009407872739045517
1 0.7613478121550186 0.3874946962232175 0.009777234948199728 0.009320160616999086
1 0.8815030015033226 0.9123406617537789 0.010366149570630945 0.01011292830757473
1 0.7981515138045602 0.6366661216901697 0.011184858239215355 0.010681297468102497
1 0.9015524283699368 0.770177924114725 0.00989296125329059 0.010933751645295517
1 0.776090269503386 0.5540166419485341 0.009064591449239979 0.008494729581086533
1 0.9066791949064836 0.26950635080752167 0.008617401123046875 0.008614830348802649
1 0.870004073433254 0.8138217926025391 0.009444112363068954 0.008944967518682066
1 0.7234540814938752 0.7200837342635444 0.007665841475777004 0.00870240252950917
1 0.7362405320872432 0.49285064572873316 0.009616063988727072 0.010032798932946247
1 0.7399746024090311 0.4426497065502664 0.00898543648097826 0.009167650471562925
1 0.747112979059634 0.4856262828992761 0.010116991789444633 0.00943129995594854
1 0.7512989666150963 0.5800707858541737 0.009245126143745754 0.009419980256453804
1 0.9099647687829058 0.7752799158510956 0.014016856317934782 0.012360448422639267
1 0.873413023741349 0.7927720443062163 0.010186278301736584 0.015513129856275476
1 0.7850735291190769 0.32599569960375846 0.01000138987665591 0.009746830626998259
1 0.7317670739215352 0.7120256631270699 0.008027615754500679 0.008710073388141134
1 0.8082033447597337 0.6481707614401112 0.00968796273936396 0.009770103122877039
1 0.8796569368113643 0.8111029500546661 0.01228568864905316 0.010743431423021399
1 0.8919187628704567 0.7995597797891368 0.010386757228685461 0.009837648142939028
1 0.9165658121523649 0.6952622455099354 0.009774498317552649 0.009348247362219769
1 0.8180438746576724 0.5343208520308785 0.009018441905146059 0.009255243384319803
1 0.841465017069941 0.8399914865908416 0.008850056192149286 0.00910112132196841
1 0.7574859080107315 0.5430717675582223 0.009268677752950916 0.009283438972804857
1 0.9087974921516749 0.2595481976218846 0.008371477541716202 0.008541459622590439
1 0.7422293994737708 0.32302157094945083 0.009798588960067085 0.010447073889815289
1 0.9169547246850055 0.24963911719944165 0.009457671124002209 0.009045932603918987
1 0.7765749019125233 0.6981350857278575 0.006968000660771909 0.00727744724439538
1 0.7480319271916928 0.3950518784315689 0.009562243586001188 0.008964445279992145
1 0.7938045833421791 0.44280162583226745 0.009796806003736414 0.010050099828968878
1 0.7300411307293436 0.6805177978847337 0.009093823640242867 0.009140056112538214
1 0.9332520028819209 0.8982467029405676 0.00931748099949049 0.010080296060313349
1 0.9136832693348761 0.6725041037020476 0.009762059087338655 0.009459930917491083
1 0.7494854305101477 0.5610889766527258 0.009274855903957201 0.008915030437967052
1 0.7427418335624364 0.8099082449208135 0.007734547490658967 0.008360406626825747
1 0.7924032003983207 0.4057205371234728 0.009733822034752888 0.009282334991123365
1 0.7557526464047638 0.29514284755872644 0.009825996730638586 0.01111845348192298
1 0.7231029842210852 0.576917316602624 0.00937063797660496 0.010370669157608696
1 0.7817032440848972 0.6850233492643936 0.010069391001825747 0.010349605394446331
1 0.8789410798445992 0.8864717276200003 0.010902238928753395 0.010522966799528702
1 0.9109416629957117 0.9597121736277705 0.010260291721509851 0.009660347648288893
1 0.8662057544874109 0.8266085749087125 0.00915801006814708 0.009364418361497961
1 0.9214178582896357 0.6584917669710906 0.009885870892068615 0.01165176474529764
1 0.823757026506507 0.8411704560984736 0.01045388760774032 0.010157585144042969
1 0.8762370399806811 0.8316777478093687 0.008785828300144361 0.009094694386357847
1 0.9061188490494437 0.7000746726989746 0.009130146192467731 0.009705294733462126
1 0.8967758883600649 0.2813249463620393 0.008656667626422384 0.008860297825025476
1 0.7932654463726543 0.5137277478757112 0.009513564731763758 0.009113353231678839
1 0.708545912867007 0.9413468734077786 0.009735978167989979 0.011470794677734375
1 0.8662328512772269 0.8843979628189749 0.00988906362782354 0.009370389192000679
1 0.9213547706604003 0.23856056254843008 0.008858017299486242 0.009066187817117443
1 0.7212252616882324 0.9062406083811885 0.008212504179581352 0.007750013600225034
1 0.8275653590326724 0.5252814500228219 0.009453400321628736 0.009944086489470108
1 0.728353147921355 0.6966007274130115 0.010099369546641474 0.008986390155294666
1 0.7686791627303413 0.48593692157579504 0.007851890895677649 0.00917921895566194
1 0.8977206478948179 0.9610140219978665 0.009051737578018852 0.009375655132791271
1 0.732408855272376 0.8732333390609078 0.008525350819463316 0.009468990823496943
1 0.7205995684084685 0.9213848943295686 0.007828546606976053 0.008944967518682066
1 0.8617938083151112 0.9190979211226754 0.01063977117123811 0.010614021964695141
1 0.8453536448271379 0.964924148891283 0.009526252746582031 0.009628212970236073
1 0.6729917940886123 0.984096444171408 0.008540526680324389 0.008404939070991848
1 0.7502660544022269 0.46949267387390137 0.009436856145444124 0.009068800055462381
1 0.9135192373524539 0.9728193075760551 0.009799293849779211 0.010621651359226391
1 0.9231783410777216 0.8050997568213422 0.010700142901876698 0.01136543439782184
1 0.6888424002605937 0.9082814921503481 0.01081873022991678 0.01065726902173913
1 0.7149769948876421 0.5761979144552479 0.009227794149647589 0.010350849317467731
1 0.8518349606057873 0.9442494848500127 0.00907922827679178 0.013059616088867188
1 0.7758837160856826 0.3767052992530491 0.010201827339504078 0.00997478029002314
1 0.8935472239618716 0.891266511834186 0.010683474333389946 0.010616924451745075
1 0.9329200412916101 0.30078758364138397 0.0077339669932489806 0.007864889891251274
1 0.7468736275382664 0.45696156957875134 0.009304502735967222 0.009579596312149712
1 0.8617568016052246 0.78995128299879 0.009516301362410835 0.010033566018809443
1 0.6943479206251062 0.7427284821220066 0.00927759253460428 0.009737014770507812
1 0.7296064003654148 0.8962016727613367 0.007609035657799762 0.0077291571575662365
1 0.8088368125583816 0.5410236897675887 0.010306233945100204 0.009524511254352072
1 0.9082032701243525 0.7557901299518087 0.009623942167862602 0.009776571522588316
1 0.8428232980811079 0.9513050162273906 0.009433704873789911 0.009073672087296196
1 0.9167850328528363 0.8677306382552439 0.010577492091966711 0.009903037029763927
1 0.7607577780018682 0.692189009293266 0.008471032847528872 0.007991707843282948
1 0.862172976784084 0.893574797588846 0.009060196254564367 0.009393194447393003
1 0.732793600662895 0.3166392056838326 0.009522147800611414 0.009536224862803583
1 0.8969238115393597 0.7862788283306621 0.009452488111413044 0.009463393169900646
1 0.7487177434174912 0.333760377181613 0.00970347031303074 0.009522315600643988
1 0.9103197014850118 0.2936545973238738 0.008455691130264946 0.008089832637621008
1 0.9133654262708581 0.8931535430576489 0.010087344957434612 0.010016938914423403
1 0.725243215975554 0.395217055859773 0.01018735636835513 0.009981507840363876
1 0.9240903025088103 0.9443170920662258 0.010373820429262907 0.009940230328103771
1 0.9313902025637419 0.9648019749185315 0.00936363054358441 0.009248028630795687
1 0.8369361628656802 0.9043467355811079 0.009918544603430706 0.009002644082774286
1 0.8370327742203423 0.9379040054653001 0.008396977963654892 0.008700702501379925
1 0.7278106730917225 0.2998385325722072 0.00991709335990574 0.009759218796439793
1 0.9230793662693191 0.7077740586322285 0.009738590406334919 0.009444153827169666
1 0.8479314057723337 0.9843821110932722 0.01271256156589674 0.011063741601031761
1 0.7987803168918775 0.5530125991157864 0.009731624437415081 0.009337052055027174
1 0.7298593106477158 0.8557365251624066 0.009589651356572691 0.009641232697860054
1 0.7383302191029424 0.7268845102061396 0.010110357533330503 0.00972648288892663
1 0.8558251754097317 0.8055461800616719 0.009930652120838995 0.010659508083177649
1 0.749353201492973 0.7915710366290547 0.00958741229513417 0.00853704369586447
1 0.7424767742986265 0.6887549939362898 0.008521328801694124 0.009065545123556385
1 0.9334397937940515 0.9152910605720852 0.009170615154763927 0.010924505150836449
1 0.8967985899552054 0.837606492249862 0.009700277577275816 0.009418777797533117
1 0.6234266654304836 0.9612885350766389 0.007922172546386719 0.0101470947265625
1 0.7389228447623872 0.3748417082040207 0.010532669399095617 0.01062446573506231
1 0.7106556063113005 0.9156186269677203 0.009917010431704313 0.01042876036270805
1 0.9247417449951172 0.954952053401781 0.01078431502632473 0.010151448457137398
1 0.7033394523288892 0.9718757919643237 0.007972634356954823 0.007586893828018852
1 0.7259055427882983 0.9609417293382727 0.01104172416355299 0.013202003810716711
1 0.8990347281746243 0.8114519533903701 0.009886990422787874 0.010528149812117867
1 0.782575793888258 0.28291844285052753 0.009912283524222996 0.011167671369469685
1 0.8351289915001909 0.8800124085467794 0.010946025019106657 0.012891976729683254
1 0.7787588160970935 0.507976189903591 0.00978299845819888 0.009855913079303244
1 0.7971160308174464 0.35316501363464026 0.010242379230001698 0.009868733260942541
1 0.7162954910941747 0.36874796774076374 0.00911223370095958 0.009820539018382196
1 0.7511035877725353 0.44264812573142676 0.009372835573942764 0.009740819101748259
1 0.6680792518284011 0.7990208916042161 0.01013258229131284 0.010645244432532269
1 0.738673334536345 0.5757431569306747 0.00967332591181216 0.009698826333750849
1 0.7623615886854088 0.55176043510437 0.008673419123110563 0.007746509883714758
1 0.7159619538680367 0.7641497072966204 0.007600369660750679 0.00731609178626019
1 0.8421805008597996 0.9180805579475735 0.009339705757472826 0.009033990942913553
1 0.79977504066799 0.38150282787240075 0.010339156441066578 0.0118913806003073
1 0.7611844435982085 0.4901278537252675 0.00864684063455333 0.009328925091287365
1 0.720231470854386 0.30086066411889123 0.011081280915633492 0.00965862688810929
1 0.6952964948571246 0.9326646638953168 0.010695084281589672 0.010545730590820312
1 0.6457471432893171 0.9859999781069548 0.009530772333559782 0.00826263427734375
1 0.9107998350392217 0.664479048355766 0.009990899459175442 0.010543491529381794
1 0.8914230180823285 0.775682946910029 0.01059449237325917 0.009808001310929008
1 0.8662540808967921 0.869146036065143 0.01100934070089589 0.011608414028001867
1 0.9274746438731318 0.6287228128184443 0.010157211967136547 0.010706196660580843
1 0.7174218011939008 0.8306600736535114 0.00790857232135275 0.008217023766559103
1 0.7162822433139968 0.9770370566326639 0.008128829624341883 0.008939411329186481
1 0.8484710403110669 0.874331640160602 0.00930798572042714 0.008862288101859715
1 0.8698199520940366 0.9037635844686757 0.013393028922702954 0.011767387390136719
1 0.806833142819612 0.5295890414196512 0.009548767753269361 0.009662151336669922
1 0.8916347545126209 0.8495407311812692 0.009836321291716202 0.009388177291206692
1 0.8435531077177627 0.9304933340653129 0.009072220843771229 0.0092627069224482
1 0.8717875687972361 0.9573747178782588 0.01016260230022928 0.010003089904785156
1 0.7826475475145422 0.6562294338060461 0.009867046190344769 0.010654200678286345
1 0.7295985429183297 0.8183518078016198 0.008372762928838316 0.007707803145698879
1 0.7867143053817378 0.3010369282193575 0.009789922629684204 0.013806487952965045
1 0.7969394766766092 0.5407651610996411 0.009593466053838316 0.00971823153288468
1 0.9151301176651665 0.7364070311836575 0.009476371433423914 0.01009443531865659
1 0.9001484124556832 0.9702708824821141 0.009828940681789232 0.010009060735287874
1 0.7869112387947415 0.38357979836671247 0.0103613397349482 0.01017959221549656
1 0.733266954836638 0.7740234292071798 0.0074763919996178665 0.0074289570684018345
1 0.9301088167273481 0.754115685172703 0.009771927543308424 0.009850045909052309
1 0.7744837843853496 0.3884038484614829 0.0096161469169285 0.009704802347266155
1 0.8366016926972764 0.8921432495117188 0.00919503751008407 0.009093740712041441
1 0.7313257507655933 0.3830534427062324 0.008856856304666271 0.010231422341388206
1 0.7641345728998599 0.5057111201078995 0.009153034376061481 0.008562792902407438
1 0.7294162459995437 0.37518348382866906 0.008984980375870415 0.01061405306277068
1 0.7966781906459643 0.31218982779461407 0.010221108146335766 0.009485493535580843
1 0.8036831565525222 0.51712239306906 0.010977537735648777 0.009083623471467392
1 0.6982499412868333 0.8046835609104324 0.009379594222359035 0.01040923077127208
1 0.9326212302498196 0.27836062597191846 0.007665260978367018 0.008351595505424168
1 0.7135384601095448 0.9505342400592306 0.008105236551036005 0.0076989712922469426
1 0.7286149107891581 0.4677825492361318 0.0083587065986965 0.008465124213177225
1 0.7652931835340416 0.4081316538479017 0.009884005007536514 0.009364993675895359
1 0.8704002629155698 0.9870818594227667 0.00980402075726053 0.010262364926545517
1 0.7614209755607274 0.4617466408273448 0.00879980170208475 0.010302854620892067
1 0.7804675931515902 0.41194390473158465 0.009565229001252548 0.009692207626674486
1 0.7376937866210938 0.5647433737049932 0.010354664014733356 0.009016617484714674
1 0.7770417876865552 0.45374869781991706 0.009421348571777344 0.00923528878585152
1 0.9253051384635594 0.9133659445721171 0.010581099468728771 0.010384518167246943
1 0.7896771016328232 0.4991720344709313 0.009221491606339165 0.009748728378959324
1 0.785598734150762 0.44818241181580915 0.008983902309251867 0.009867180948672087
1 0.7560283826745073 0.40284984526426887 0.008946709010912024 0.00986376016036324
1 0.7541451454162598 0.7401429259258768 0.00786652772322945 0.00870302449101987
1 0.7387212877688201 0.6772201372229535 0.010497093200683594 0.009639076564622961
1 0.7142401778179668 0.8921742853911028 0.00846062535824983 0.00838258992070737
1 0.9306691418523373 0.32292373867138574 0.00942068514616593 0.010541989751484081
1 0.9233257459557574 0.33202163259620254 0.010513720305069633 0.011146209162214527
1 0.6912642561871073 0.7800193869549296 0.010240513345469599 0.010461641394573708
1 0.622179414915002 0.982178439264712 0.008985125500222912 0.009074750153914742
1 0.89376802029817 0.7075426474861479 0.011529424916143003 0.00934762540070907
1 0.9334256959998091 0.3115790719571321 0.007317252781080164 0.007863936216934868
1 0.6817004162332286 0.7972632905711298 0.008920006130052649 0.010195317475692085
1 0.6525673451630967 0.9736721619315769 0.010111891705056896 0.00944444407587466
1 0.8604831280915635 0.9058640521505603 0.008910054745881454 0.010602370552394703
1 0.9009671833204187 0.9192940048549485 0.015176938927691917 0.011811588121497112
1 0.7155354126639988 0.8092845419178838 0.008754232655400816 0.0070816537608271056
1 0.7327047223630159 0.4517516882523247 0.009135163348654041 0.009333444678265116
1 0.7567056365635083 0.32451169387153955 0.01846350794253142 0.008767584095830503
1 0.7816011387368907 0.3159833991009256 0.00907661603844684 0.00869925125785496
1 0.7748544319816257 0.5318834056024966 0.009212701216987942 0.010082659514054008
1 0.7159582428310227 0.4058556764022164 0.008923447650411854 0.008723963861880095
1 0.7830399222995923 0.3361126339953879 0.009247157884680706 0.009064197540283203
1 0.782712169315504 0.5470851815265158 0.0086638823799465 0.008376162985096807
1 0.7638298324916672 0.4732876601426498 0.00998550912608271 0.00940413060395614
1 0.7000861203352343 0.8886703270393156 0.008115809605051065 0.00857861131099685
1 0.7753393961035687 0.7081076165904169 0.007134022920028023 0.0067399895709493885
1 0.7382338979969854 0.461739270583443 0.00866624583368716 0.009135743846064028
1 0.7172935941944951 0.4663905112639717 0.009194871653681215 0.012608351914779
1 0.7469722913659137 0.712278884390126 0.008488033128821331 0.010128062704335089
1 0.8098384193752124 0.6425120726875637 0.008724212646484375 0.010316848754882812
1 0.9338920842046323 0.9757792016734248 0.008650572403617527 0.010042356408160667
1 0.9192705569059951 0.6474477830140486 0.009821435679560122 0.009632172791854195
1 0.654259785361912 0.8336560207864513 0.007601240406865659 0.00814645186714504
1 0.9260110647782034 0.2883519504381262 0.008691912112028702 0.010379583939262058
1 0.7272967877595322 0.8393792898758599 0.009391618811565897 0.008487577023713486
1 0.9279627799987793 0.25954691223476245 0.008853953817616339 0.012224881545357082
1 0.7085538532422936 0.7754463942154594 0.007626906685207201 0.0072546419890030574
1 0.9044002035389777 0.8823511082193127 0.010510320248811142 0.01319284024445907
1 0.9321435223455015 0.22378542112267535 0.009353679159413214 0.010311126708984375
1 0.8417758319688879 0.8500522323276685 0.008068126180897589 0.008392541304878567
1 0.7637742498646611 0.5143313096917194 0.009141507356063179 0.010011776633884594
1 0.7270342785379161 0.797983107359513 0.007495216701341711 0.007512175518533459
1 0.9133740300717561 0.208536262097566 0.009018276048743206 0.011681660361911938
1 0.7740130009858504 0.6629911505657694 0.013385897097380264 0.01563611237899117
1 0.7085926014444103 0.843822541444198 0.007878469384234884 0.00814043957254161
1 0.7222427492556365 0.9659404339997664 0.008387233899987263 0.0075817108154296875
1 0.7173377327297046 0.9321445796800696 0.008053074712338655 0.009340203326681385
1 0.7193547746409541 0.7467206664707351 0.008383419202721638 0.008853041607400646
1 0.8972923237344493 0.36377426852350647 0.010193658911663551 0.010124901066655699
1 0.7040360492208729 0.7637351699497388 0.008060455322265625 0.008134219957434612
1 0.7570447092470916 0.5603746745897376 0.00882032643193784 0.009376194166100544
1 0.9227751234303351 0.8815793576447861 0.011323223943295687 0.015864828358525814
1 0.9310052291206692 0.9875010407489279 0.009178576262100883 0.00853617294974949
1 0.6808945821679157 0.8499415853749152 0.008251812147057575 0.008135256559952446
1 0.6988680466361669 0.41449826696644654 0.008888659269913383 0.009114265441894531
1 0.9059898956962253 0.36554794855739764 0.014162229455035667 0.011588570864304253
1 0.7986231679501741 0.3659306764602661 0.010612156080163044 0.011562347412109375
1 0.9009675357652747 0.8888650769772738 0.00987869760264521 0.010572309079377548
1 0.6928285308506179 0.9842179547185482 0.012847029644510021 0.009533052859099014
1 0.7832106507342793 0.5348298860632855 0.009126953456712805 0.009673989337423573
1 0.8974655607472295 0.7249792762424634 0.009888151417607847 0.009950637817382812
1 0.7671434775642727 0.7000258901844851 0.00808927287226138 0.008599571559740149
1 0.7342820789503014 0.7446153889531676 0.008740964143172554 0.012917228367017664
1 0.6770972998245901 0.8888055345286496 0.009688294452169666 0.009566970493482508
1 0.7650634931481403 0.4545252167660257 0.008365962816321331 0.008855042250260063
1 0.7631478724272354 0.5750658823096234 0.009285263393236242 0.00903332751730214
1 0.9191232349561608 0.3242571042931598 0.008734827456266983 0.009460366290548573
1 0.9151545400204866 0.9440099882042926 0.009587826936141304 0.010748241258704144
1 0.7170628672060759 0.7809860188028087 0.0069653884224269704 0.007935523986816406
1 0.8545829524164614 0.9832613571830418 0.011700091154679008 0.008515731148097826
1 0.766026434691056 0.3966146163318468 0.009400948234226393 0.012395127959873364
1 0.848120171090831 0.8552949532218601 0.00807840927787449 0.00890412537947945
1 0.769983374554178 0.6831568013066831 0.008110543955927309 0.00950697193975034
1 0.720895352570907 0.8750532399053159 0.009365745212720789 0.009390291960343071
1 0.928884215976881 0.2311369854470958 0.0073179991348930025 0.007753786833389946
1 0.7320211037345554 0.8068605091260828 0.008009578870690388 0.0075357685918393345
1 0.6701150562452234 0.9730021435281505 0.008535965629245924 0.007848242054814878
1 0.6893288778222124 0.8711503692295242 0.008879412775454313 0.00926759968633237
1 0.6853590011596679 0.8162437521893047 0.007525734279466711 0.00783812481424083
1 0.6798344073088274 0.8091929269873578 0.0076347848643427306 0.008585100588591202
1 0.70095854220183 0.9591835685398269 0.0078026315440302306 0.008087821628736414
1 0.5850437378618847 0.927090655129534 0.010041071021038551 0.010881672734799593
1 0.7534672281016473 0.570592154627261 0.010392562202785328 0.008424261341924253
1 0.7544866852138352 0.7489211040994396 0.007349387459132982 0.009490386299465014
1 0.9096972838692043 0.28285028623498004 0.008917103643002718 0.008892556895380434
1 0.6722218264704165 0.9461090253747027 0.010190590568210766 0.009324281112007473
1 0.8488798763441003 0.8178094366322394 0.011545969092327614 0.011238512785538383
1 0.6969171814296558 0.8290168306101924 0.008235889932383661 0.0078461273856785
1 0.7040574654288915 0.8229138954826021 0.008263836736264437 0.00813305896261464
1 0.919838117516559 0.20342423604882282 0.009413843569548233 0.009312194326649542
1 0.895873733188795 0.9775718813357146 0.008930703868036684 0.009279790131942085
1 0.7703985545946204 0.5431655178899351 0.009919788526452106 0.009134997492251188
1 0.9283008575439453 0.9736559909322986 0.01328377101732337 0.009955530581266983
1 0.810486710589865 0.3571054417154063 0.0075054168701171875 0.00969832876454229
1 0.7652061089225437 0.5274912585382876 0.012738227844238281 0.009083333222762398
1 0.7099643375562585 0.8751362924990447 0.008438276207965353 0.008067753003991169
1 0.9332404551298723 0.8681593770566194 0.009057044982910156 0.010342971138332203
1 0.8503433310467265 0.9052714264911154 0.009882222051205843 0.008897822836171026
1 0.6837620113206946 0.9690782090891963 0.0075707642928413725 0.007848366447117018
1 0.6896955034007196 0.8829741892607315 0.008602432582689367 0.008462449778681215
1 0.7545511826224949 0.4247921446095343 0.008569302766219429 0.008688491323719854
1 0.6293205904167077 0.926691474939578 0.008137205372685967 0.007943543745840803
1 0.8529716159986411 0.9165615413499915 0.009904280952785326 0.009467166403065557
1 0.7141781475232996 0.3969085112861965 0.008523319078528362 0.008395319399626358
1 0.771935566611912 0.675215140632961 0.011219646619713825 0.00934401802394701
1 0.6619381593621295 0.8235772588978644 0.009155418561852497 0.008640869804050611
1 0.9117278638093369 0.7445039127183997 0.009371550186820652 0.01082673280135445
1 0.7491658252218494 0.7679819438768469 0.008443583612856657 0.013498637987219769
1 0.6794726537621539 0.8643034022787343 0.00761550405751104 0.008014222849970278
1 0.7891948948735776 0.4121640713318534 0.008603552113408628 0.008833667506342348
1 0.9253118141837742 0.8939207118490468 0.011813661326532778 0.010898216910984204
1 0.9209639922432278 0.6352496561796768 0.010259628295898438 0.013445522474206013
1 0.7321696903394617 0.7621620219686757 0.010240720665973167 0.00903432265571926
1 0.7789201825193877 0.49396873926184864 0.007310967986510019 0.006299544543835036
1 0.7504050835319185 0.4280242090639861 0.010854845461638077 0.008883932362432066
1 0.7342155498007069 0.6976257821787958 0.007706808007281759 0.008807887201723845
1 0.7330788114796514 0.7907462742017662 0.007554220116656759 0.007850066475246264
1 0.767756171848463 0.4481596272924673 0.009719019350798233 0.011163887770279594
1 0.6932129237962805 0.8462920810865319 0.008243229078209919 0.008056225983992867
1 0.6818629140439241 0.7674738220546558 0.007793758226477582 0.007926401884659477
1 0.6794923492099929 0.9602860782457435 0.00804275015126104 0.007476516391920008
1 0.6531333682033054 0.9411382207606018 0.005684285697202035 0.006000839926858698
1 0.6913040824558425 0.9561933019886846 0.008226809294327446 0.008189408675484035
1 0.7161357921102772 0.8207915140234907 0.008277602817701258 0.008279758950938349
1 0.6801471917525583 0.8778159722037937 0.008340711178986923 0.00815055681311566
1 0.9327223819235096 0.30493574557097064 0.0066892375116762905 0.008258736651876698
1 0.843318574514103 0.09701941447517988 0.009018276048743206 0.011681660361911938
1 0.846177980863395 0.0851052213531301 0.009018276048743206 0.011681660361911938
1 0.9201501156423795 0.3041693019013343 0.008449595907460089 0.008880449377972147
1 0.9239626574414355 0.2965442183032225 0.008449595907460089 0.008880449377972147
1 0.9244392251663175 0.31036468232480025 0.008449595907460089 0.008880449377972147
1 0.7552852613115197 0.41385046654648555 0.009884005007536514 0.009364993675895359
1 0.7798040733709491 0.2922204253090408 0.00740708400527413 0.0095173784290269
1 0.7466153705470775 0.749636678160054 0.007349387459132982 0.009490386299465014
1 0.6854337883645507 0.7530356549479721 0.006633813398518638 0.008417025208543663
1 0.6839315957529161 0.7605466180061451 0.006633813398518638 0.008417025208543663
1 0.6931116617129053 0.7643855546803223 0.006633813398518638 0.008417025208543663
1 0.6952814954852663 0.774233261801038 0.006633813398518638 0.008417025208543663
1 0.7001218939005333 0.7819111351493925 0.006633813398518638 0.008417025208543663
1 0.7029593688336208 0.790423559948655 0.006633813398518638 0.008417025208543663
1 0.704127740864892 0.7962654201050118 0.006633813398518638 0.008417025208543663
1 0.7183151155303297 0.7528687446577906 0.006633813398518638 0.008417025208543663
1 0.7258260785885026 0.7827456866003007 0.006633813398518638 0.008417025208543663
1 0.6854337883645506 0.8363238897486006 0.006633813398518638 0.008417025208543663
1 0.7039608305747105 0.8513458158649463 0.006633813398518638 0.008417025208543663
1 0.7027924585434393 0.8677030243027453 0.006633813398518638 0.008417025208543663
1 0.6694104005071153 0.8573545863114848 0.006633813398518638 0.008417025208543663
1 0.6670736564445728 0.8384937235209616 0.006633813398518638 0.008417025208543663
1 0.6582274110649469 0.8406635572933229 0.006633813398518638 0.008417025208543663
1 0.666072194703483 0.8276445546591568 0.006633813398518638 0.008417025208543663
1 0.6745846195027457 0.8276445546591568 0.006633813398518638 0.008417025208543663
1 0.6807603002394655 0.8293136575609728 0.006633813398518638 0.008417025208543663
1 0.6829301340118267 0.8201335916009838 0.006633813398518638 0.008417025208543663
1 0.6742507989223825 0.8399959161325964 0.006633813398518638 0.008417025208543663
1 0.6675743873151176 0.8481745203514959 0.006633813398518638 0.008417025208543663
1 0.6605641551274897 0.8506781747042201 0.006633813398518638 0.008417025208543663
1 0.6557237567122227 0.8528480084765812 0.006633813398518638 0.008417025208543663
1 0.6485466142344132 0.8571876760213033 0.006299992818155247 0.006080281146000983
1 0.6498818965558659 0.8629460810325691 0.00629999281815555 0.005913370855819221
1 0.6482127936540499 0.8707074095260141 0.006633813398518638 0.008417025208543663
1 0.6105810122596723 0.8973806234772053 0.00803814753885972 0.007877287511529385
1 0.5972281890451426 0.9053923174059232 0.00803814753885972 0.007877287511529385
1 0.5848768275717028 0.9083967026291923 0.00803814753885972 0.007877287511529385
1 0.5895503156967881 0.8998842778299297 0.00803814753885972 0.007877287511529385
1 0.597895830205869 0.8883674678073978 0.00803814753885972 0.007877287511529385
1 0.6474681863898101 0.8831932488117676 0.00803814753885972 0.007877287511529385
1 0.6551460597381645 0.8711757079186911 0.00803814753885972 0.007877287511529385
1 0.6676643315017863 0.868171322695422 0.00803814753885972 0.007877287511529385
1 0.6546453288676198 0.8868652751957633 0.00803814753885972 0.007877287511529385
1 0.6436292497156328 0.9043908556648332 0.00803814753885972 0.007877287511529385
1 0.6449645320370858 0.9122356393033694 0.00803814753885972 0.007877287511529385
1 0.6548122391578013 0.9152400245266386 0.00803814753885972 0.007877287511529385
1 0.6614886507650661 0.9112341775622796 0.00803814753885972 0.007877287511529385
1 0.6629908433767008 0.916742217138273 0.00803814753885972 0.007877287511529385
1 0.6703348961446923 0.9148227488011834 0.0063690446370435125 0.005373633158803574
1 0.6663290491803333 0.8984655403633846 0.0063690446370435125 0.005373633158803574
1 0.6551460597381649 0.8994670021044742 0.0063690446370435125 0.005373633158803574
1 0.6601533684436134 0.9039735799393779 0.0063690446370435125 0.005373633158803574
1 0.6439630702959964 0.921499160408448 0.0063690446370435125 0.005373633158803574
1 0.6501387510327163 0.9256719176629887 0.0063690446370435125 0.005373633158803574
1 0.6372866586887315 0.926506469113897 0.0063690446370435125 0.005373633158803574
1 0.628190047873833 0.9344953404088647 0.005534493186135489 0.005700070045720231
1 0.6276893170032882 0.9523547414582981 0.005534493186135489 0.005700070045720231
1 0.635200280061461 0.9612009868379239 0.005534493186135489 0.005700070045720231
1 0.6470509106643562 0.9609506214026513 0.006535954927225212 0.006200800916264788
1 0.6617390162003387 0.961451352273196 0.006535954927225212 0.006200800916264788
1 0.6385384858650933 0.9734688931662727 0.006535954927225212 0.006200800916264788
1 0.6851064568257655 0.9475977981881216 0.006535954927225212 0.006200800916264788
1 0.6911986824173947 0.9735523483113633 0.007036685797770072 0.006701531786809193
1 0.6402812758593207 0.9513197484616807 0.005684285697202035 0.006000839926858698
1 0.6356077877342352 0.94714699120714 0.005684285697202035 0.006000839926858698
1 0.6462900463058588 0.9479815426580481 0.005684285697202035 0.006000839926858698
1 0.6512973550113073 0.9488160941089562 0.005684285697202035 0.006000839926858698
1 0.6634818061945655 0.8885614793533914 0.005684285697202035 0.006000839926858698
1 0.6728287824447362 0.8737064635272271 0.005684285697202035 0.006000839926858698
1 0.6666531017080163 0.8825527089068531 0.005684285697202035 0.006000839926858698
1 0.6681552943196507 0.8897298513846629 0.005684285697202035 0.006000839926858698
1 0.6711596795429199 0.8949040703802932 0.005684285697202035 0.006000839926858698
1 0.6588083180694801 0.9246141020326217 0.005684285697202035 0.006000839926858698
1 0.6541348299443946 0.9309566930595232 0.005684285697202035 0.006000839926858698
1 0.6436194816629525 0.9269508460951645 0.005684285697202035 0.006000839926858698
1 0.6437863919531341 0.9324588856711579 0.005684285697202035 0.006000839926858698
1 0.6349401465735082 0.9324588856711579 0.005684285697202035 0.006000839926858698
1 0.6389459935378671 0.9374661943766064 0.005684285697202035 0.006000839926858698
1 0.7267968580049748 0.45726569498649655 0.009135163348654041 0.009333444678265116
1 0.7894202202002115 0.5525792399628949 0.009135163348654041 0.009333444678265116
1 0.7716384779413267 0.4948655753495998 0.006997850835535538 0.0073045617829480235
1 0.9251594957342338 0.6804922016824745 0.009028144504712976 0.010489256485648777
1 0.9018164560034169 0.7480664045158663 0.008586593296216883 0.009348579075025476
1 0.8559543351645854 0.8676360605548221 0.00930798572042714 0.008862288101859715
