0 0.263587 0.201087 0.016304 0.013587
0 0.265625 0.21195700000000003 0.017663 0.01087
0 0.688179 0.449049 0.02038 0.017663
0 0.688179 0.46942900000000004 0.017663 0.017663
0 0.737772 0.467391 0.019022 0.024457
0 0.73981 0.4402170000000001 0.014946 0.021739
0 0.7588320000000001 0.442935 0.012228 0.01087
0 0.7717389999999998 0.445652 0.013587 0.013587
0 0.7798910000000001 0.464674 0.008152 0.016304
0 0.7880430000000002 0.464674 0.008152 0.016304
0 0.80231 0.49048899999999995 0.014946 0.019022
0 0.811821 0.51019 0.014946 0.02038
0 0.814538 0.478261 0.009511 0.016304
0 0.8498640000000001 0.542799 0.017663 0.017663
0 0.870924 0.5516299999999998 0.013587 0.019022
