1 0.453125 0.66712 0.017663 0.016304
1 0.46942900000000004 0.710598 0.017663 0.016304
1 0.476223 0.826087 0.014946 0.016304
1 0.480299 0.869565 0.014946 0.016304
1 0.480978 0.690217 0.013587 0.016304
1 0.484375 0.8423909999999999 0.014946 0.016304
1 0.491848 0.8811139999999998 0.013587 0.014946
1 0.495924 0.6263589999999999 0.013587 0.016304
1 0.495924 0.682065 0.013587 0.016304
1 0.497283 0.660326 0.013587 0.016304
1 0.501359 0.832201 0.016304 0.017663
1 0.502038 0.713315 0.014946 0.016304
1 0.503397 0.933424 0.017663 0.013587
1 0.507473 0.9517660000000001 0.023098 0.017663
1 0.506793 0.8729620000000001 0.013587 0.012228
1 0.5074730000000001 0.8607340000000001 0.012228 0.014946
1 0.5088320000000001 0.777174 0.014946 0.016304
1 0.5122279999999999 0.894701 0.016304 0.014946
1 0.514266 0.91712 0.017663 0.013587
1 0.5149459999999999 0.800272 0.016304 0.019022
1 0.519701 0.6970110000000002 0.012228 0.016304
1 0.5251360000000002 0.817935 0.014946 0.016304
1 0.5251360000000002 0.7432069999999998 0.012228 0.016304
1 0.5312499999999999 0.901495 0.019022 0.014946
1 0.5305710000000001 0.861413 0.014946 0.016304
1 0.533288 0.9313859999999999 0.017663 0.028533
1 0.5332880000000001 0.839674 0.014946 0.016304
1 0.538043 0.776495 0.013587 0.02038
1 0.539402 0.6657610000000002 0.013587 0.016304
1 0.540761 0.871603 0.013587 0.012228
1 0.5475539999999999 0.72962 0.019022 0.013587
1 0.5495920000000001 0.808424 0.012228 0.016304
1 0.55231 0.830163 0.014946 0.016304
1 0.5543479999999998 0.5665759999999999 0.016304 0.016304
1 0.557065 0.9150820000000001 0.013587 0.012228
1 0.5577450000000002 0.785326 0.012228 0.016304
1 0.559103 0.849185 0.014946 0.016304
1 0.5624999999999999 0.5964669999999999 0.016304 0.016304
1 0.563179 0.46671200000000007 0.017663 0.017663
1 0.5631790000000001 0.9286680000000002 0.012228 0.012228
1 0.565897 0.496603 0.017663 0.025815
1 0.5679349999999999 0.648098 0.016304 0.016304
1 0.5699730000000001 0.815217 0.012228 0.016304
1 0.5699730000000001 0.6963320000000001 0.012228 0.017663
1 0.5740490000000001 0.668478 0.012228 0.016304
1 0.5767660000000001 0.846467 0.014946 0.016304
1 0.584918 0.449049 0.017663 0.023098
1 0.5855979999999998 0.5774459999999999 0.016304 0.016304
1 0.5849180000000002 0.6263589999999999 0.012228 0.016304
1 0.5869569999999998 0.6086959999999999 0.016304 0.016304
1 0.586957 0.543478 0.013587 0.013587
1 0.5876360000000002 0.830163 0.014946 0.016304
1 0.5876360000000002 0.7567929999999999 0.012228 0.016304
1 0.589674 0.5 0.016304 0.016304
1 0.5930710000000001 0.851902 0.014946 0.016304
1 0.5937499999999999 0.48505399999999993 0.016304 0.016304
1 0.5978259999999999 0.5298909999999999 0.016304 0.016304
1 0.5971470000000001 0.793478 0.012228 0.016304
1 0.5985050000000001 0.653533 0.012228 0.016304
1 0.5985050000000001 0.6263589999999999 0.012228 0.016304
1 0.6059779999999999 0.45787999999999995 0.016304 0.016304
1 0.6086959999999999 0.5733699999999999 0.016304 0.016304
1 0.6100539999999999 0.5923909999999999 0.016304 0.016304
1 0.6093750000000001 0.8192929999999999 0.012228 0.016304
1 0.61481 0.7955160000000001 0.017663 0.017663
1 0.613451 0.655571 0.012228 0.012228
1 0.621603 0.631114 0.012228 0.017663
1 0.624321 0.324049 0.017663 0.014946
1 0.625679 0.597826 0.009511 0.013587
1 0.6290759999999999 0.48641299999999993 0.016304 0.016304
1 0.629076 0.538043 0.013587 0.013587
1 0.633832 0.420516 0.017663 0.014946
1 0.6324730000000001 0.5543479999999998 0.012228 0.016304
1 0.6338320000000001 0.75 0.012228 0.016304
1 0.6331520000000002 0.597826 0.008152 0.013587
1 0.639266 0.281929 0.017663 0.014946
1 0.6392660000000001 0.26426599999999995 0.014946 0.014946
1 0.6399459999999999 0.311141 0.016304 0.016304
1 0.6419839999999999 0.442935 0.02038 0.016304
1 0.6392660000000001 0.699728 0.012228 0.016304
1 0.642663 0.669837 0.013587 0.019022
1 0.6447009999999999 0.526495 0.017663 0.017663
1 0.643342 0.610734 0.012228 0.017663
1 0.64606 0.40149500000000005 0.017663 0.014946
1 0.648777 0.640625 0.014946 0.014946
1 0.6501360000000002 0.579484 0.012228 0.017663
1 0.651495 0.688179 0.014946 0.014946
1 0.655571 0.373641 0.02038 0.016304
1 0.6548909999999999 0.45244599999999996 0.013587 0.013587
1 0.655571 0.656929 0.012228 0.017663
1 0.656929 0.283288 0.014946 0.014946
1 0.660326 0.557065 0.016304 0.021739
1 0.6623640000000001 0.419837 0.02038 0.016304
1 0.661005 0.597147 0.012228 0.017663
1 0.6650820000000001 0.265625 0.014946 0.014946
1 0.6657610000000002 0.519022 0.016304 0.016304
1 0.6657610000000002 0.201087 0.016304 0.016304
1 0.6677990000000001 0.35869599999999996 0.02038 0.016304
1 0.6657609999999999 0.48777199999999993 0.013587 0.013587
1 0.667799 0.04008199999999999 0.017663 0.014946
1 0.669158 0.13994600000000001 0.017663 0.019022
1 0.672554 0.2866850000000001 0.016304 0.016304
1 0.674592 0.5808419999999999 0.017663 0.023098
1 0.6779889999999998 0.19021700000000002 0.016304 0.016304
1 0.685462 0.387228 0.02038 0.016304
1 0.6827450000000002 0.512908 0.012228 0.017663
1 0.684783 0.15081500000000003 0.016304 0.016304
1 0.685462 0.108696 0.017663 0.019022
1 0.688179 0.351902 0.02038 0.016304
1 0.689538 0.370924 0.02038 0.016304
1 0.689538 0.436141 0.02038 0.016304
1 0.6888589999999999 0.808424 0.016304 0.013587
1 0.6888589999999999 0.793478 0.016304 0.013587
1 0.689538 0.6501359999999999 0.014946 0.02038
1 0.689538 0.407609 0.014946 0.016304
1 0.690897 0.32744599999999996 0.017663 0.01087
1 0.691576 0.25 0.016304 0.016304
1 0.6936140000000001 0.19429299999999997 0.017663 0.013587
1 0.692935 0.761549 0.013587 0.017663
1 0.6963320000000001 0.168478 0.02038 0.016304
1 0.695652 0.5285329999999999 0.016304 0.016304
1 0.695652 0.736413 0.013587 0.016304
1 0.699049 0.119565 0.017663 0.019022
1 0.699728 0.293478 0.016304 0.016304
1 0.702446 0.22146700000000002 0.016304 0.016304
1 0.702446 0.18206500000000003 0.016304 0.016304
1 0.705842 0.643342 0.014946 0.017663
1 0.7099180000000002 0.09918500000000002 0.02038 0.016304
1 0.70788 0.501359 0.013587 0.013587
1 0.7092389999999998 0.273098 0.016304 0.016304
1 0.711277 0.41711999999999994 0.02038 0.016304
1 0.7092389999999998 0.76019 0.013587 0.017663
1 0.711277 0.328125 0.017663 0.014946
1 0.7099180000000002 0.714674 0.012228 0.016304
1 0.710598 0.467391 0.013587 0.013587
1 0.713995 0.375 0.02038 0.016304
1 0.7126360000000002 0.152174 0.014946 0.013587
1 0.713315 0.24184800000000004 0.016304 0.016304
1 0.718071 0.11956500000000002 0.02038 0.016304
1 0.719429 0.656929 0.014946 0.014946
1 0.722147 0.07472799999999999 0.02038 0.016304
1 0.721467 0.73981 0.016304 0.014946
1 0.721467 0.26087 0.016304 0.016304
1 0.722147 0.6338319999999998 0.014946 0.02038
1 0.7255429999999999 0.6093750000000001 0.019022 0.012228
1 0.7248639999999998 0.08967399999999999 0.014946 0.013587
1 0.726223 0.103261 0.014946 0.013587
1 0.7275820000000001 0.674592 0.014946 0.014946
1 0.7275820000000001 0.692255 0.012228 0.017663
1 0.7282609999999999 0.5937499999999999 0.013587 0.019022
1 0.730978 0.432065 0.013587 0.013587
1 0.731658 0.153533 0.014946 0.013587
1 0.734375 0.7119569999999998 0.017663 0.016304
1 0.734375 0.34171200000000007 0.017663 0.014946
1 0.734375 0.31182099999999996 0.017663 0.014946
1 0.7357340000000001 0.25135900000000005 0.02038 0.016304
1 0.7357340000000001 0.03125 0.02038 0.016304
1 0.7357340000000001 0.048913000000000005 0.02038 0.016304
1 0.738451 0.119565 0.017663 0.019022
1 0.73913 0.6419840000000001 0.016304 0.012228
1 0.742527 0.088315 0.017663 0.019022
1 0.7425270000000002 0.599864 0.012228 0.017663
1 0.744565 0.6542120000000001 0.016304 0.012228
1 0.745924 0.20788000000000004 0.016304 0.016304
1 0.7486409999999999 0.61481 0.019022 0.012228
1 0.747283 0.69837 0.013587 0.019022
1 0.749321 0.493886 0.017663 0.023098
1 0.7513590000000001 0.157609 0.021739 0.016304
1 0.750679 0.6365490000000001 0.009511 0.014946
1 0.754076 0.5869569999999998 0.013587 0.019022
1 0.7561139999999998 0.671875 0.014946 0.02038
1 0.7561140000000001 0.550951 0.012228 0.017663
1 0.7567929999999999 0.42119599999999996 0.013587 0.013587
1 0.758152 0.463315 0.016304 0.021739
1 0.76019 0.078125 0.014946 0.017663
1 0.762908 0.258832 0.014946 0.014946
1 0.767663 0.063179 0.021739 0.014946
1 0.766304 0.523098 0.016304 0.021739
1 0.768342 0.309103 0.014946 0.014946
1 0.769022 0.4089670000000001 0.016304 0.021739
1 0.769022 0.19837 0.016304 0.016304
1 0.77106 0.33016299999999993 0.02038 0.016304
1 0.7724180000000002 0.440217 0.02038 0.016304
1 0.77106 0.09375 0.014946 0.013587
1 0.7744570000000001 0.044158 0.021739 0.014946
1 0.7717389999999998 0.471467 0.013587 0.013587
1 0.773098 0.21331500000000003 0.016304 0.016304
1 0.7751360000000002 0.549592 0.012228 0.017663
1 0.7751360000000002 0.495924 0.012228 0.016304
1 0.775815 0.45923899999999995 0.013587 0.013587
1 0.7792120000000001 0.613451 0.012228 0.017663
1 0.783288 0.230978 0.02038 0.016304
1 0.7819290000000001 0.597147 0.012228 0.017663
1 0.784647 0.11277200000000001 0.014946 0.013587
1 0.785326 0.40760900000000005 0.016304 0.021739
1 0.7880429999999999 0.265625 0.019022 0.014946
1 0.7894019999999999 0.161005 0.019022 0.014946
1 0.7873640000000001 0.632473 0.012228 0.017663
1 0.7887230000000001 0.557745 0.012228 0.017663
1 0.794837 0.061821 0.021739 0.014946
1 0.797554 0.09918500000000002 0.024457 0.016304
1 0.7927990000000001 0.438859 0.012228 0.016304
1 0.793478 0.5978259999999999 0.013587 0.019022
1 0.794158 0.470109 0.012228 0.016304
1 0.797554 0.14741799999999997 0.019022 0.014946
1 0.797554 0.2914399999999999 0.019022 0.014946
1 0.797554 0.372283 0.016304 0.016304
1 0.7995920000000001 0.525136 0.012228 0.017663
1 0.800272 0.6182069999999998 0.013587 0.019022
1 0.8029889999999998 0.15828799999999998 0.019022 0.014946
1 0.8057070000000001 0.321332 0.021739 0.017663
1 0.804348 0.346467 0.016304 0.016304
1 0.8063860000000002 0.43070699999999995 0.012228 0.016304
1 0.810462 0.13383200000000003 0.02038 0.017663
1 0.8077450000000002 0.55231 0.012228 0.017663
1 0.809103 0.46195699999999995 0.012228 0.016304
1 0.809783 0.5978259999999999 0.013587 0.019022
1 0.814538 0.49320699999999995 0.012228 0.016304
1 0.815897 0.269701 0.014946 0.014946
1 0.8158970000000001 0.516984 0.012228 0.017663
1 0.817935 0.36548899999999995 0.016304 0.016304
1 0.817935 0.254755 0.016304 0.014946
1 0.8186139999999998 0.300951 0.014946 0.014946
1 0.819973 0.411685 0.017663 0.016304
1 0.8213320000000001 0.39673899999999995 0.017663 0.016304
1 0.824728 0.07201099999999999 0.021739 0.016304
1 0.8267660000000001 0.446332 0.014946 0.017663
1 0.827446 0.339674 0.013587 0.013587
1 0.828804 0.326087 0.016304 0.016304
1 0.8281250000000001 0.505435 0.012228 0.016304
1 0.830842 0.428668 0.017663 0.017663
1 0.831522 0.35461999999999994 0.016304 0.016304
1 0.8376360000000002 0.377717 0.017663 0.016304
1 0.8383149999999999 0.205163 0.019022 0.024457
1 0.844429 0.41711999999999994 0.017663 0.016304
1 0.844429 0.277853 0.014946 0.014946
1 0.8451089999999999 0.305707 0.016304 0.016304
1 0.8451089999999999 0.342391 0.013587 0.013587
1 0.8600540000000001 0.16712 0.021739 0.016304
1 0.858696 0.32880399999999993 0.016304 0.016304
1 0.859375 0.39130399999999993 0.017663 0.016304
1 0.859375 0.19429300000000002 0.014946 0.021739
1 0.8607340000000001 0.309103 0.014946 0.014946
1 0.861413 0.36412999999999995 0.016304 0.016304
1 0.861413 0.347826 0.013587 0.013587
1 0.8641299999999998 0.079484 0.019022 0.014946
1 0.86413 0.29212 0.016304 0.016304
1 0.870924 0.24456500000000003 0.016304 0.016304
1 0.872962 0.275136 0.014946 0.014946
1 0.875679 0.151495 0.02038 0.014946
1 0.877717 0.19157600000000002 0.021739 0.016304
1 0.8763589999999999 0.352582 0.016304 0.023098
1 0.877038 0.30231 0.014946 0.014946
1 0.887908 0.279212 0.014946 0.014946
1 0.891304 0.296196 0.016304 0.016304
1 0.8926629999999999 0.037364 0.019022 0.014946
1 0.8926629999999999 0.095788 0.019022 0.014946
1 0.892663 0.256793 0.016304 0.016304
1 0.894701 0.172554 0.02038 0.021739
1 0.89606 0.110734 0.017663 0.014946
1 0.8980979999999998 0.076766 0.019022 0.014946
1 0.9001360000000002 0.15421199999999996 0.017663 0.014946
1 0.905571 0.193614 0.017663 0.014946
1 0.9076090000000001 0.21331500000000003 0.021739 0.016304
1 0.911685 0.038723 0.019022 0.014946
1 0.914402 0.172554 0.016304 0.016304
1 0.917799 0.122962 0.017663 0.014946
1 0.924592 0.19361400000000004 0.02038 0.017663
1 0.9266299999999998 0.09035299999999999 0.019022 0.014946
1 0.92731 0.17051599999999997 0.017663 0.014946
1 0.92731 0.14605999999999997 0.017663 0.014946
1 0.9279889999999998 0.12024499999999999 0.019022 0.014946
