0 0.5045500423597253 0.4075534110483916 0.011765811754309612 0.011173357134279997
0 0.4122031745703324 0.4695241243942925 0.012987950573796812 0.012580291084621265
0 0.3940628844758738 0.5529095608255138 0.014111700265303902 0.014215386432150135
0 0.39077117909555853 0.4782106358072032 0.01365210180697234 0.013634681701660156
0 0.36628407758215187 0.3984660480333412 0.012551250665084175 0.012276400690493376
0 0.41173686151919164 0.43669603181921923 0.013395060663637907 0.013534753218941067
0 0.21732267089512036 0.4777966167615807 0.013442516326904297 0.012101339257281761
0 0.48136327577673865 0.43125250028527295 0.01230608898660411 0.01290192811385445
0 0.42380756398905883 0.41648422635119897 0.012897004251894743 0.012396988661392876
0 0.47214999406234076 0.32780351846114447 0.012658367986264437 0.01310951813407566
0 0.39059312965558923 0.4359572607537974 0.012920016827790634 0.012457775033038597
0 0.4179987907409668 0.371051972327025 0.011902145717454992 0.011341048323589821
0 0.49501546569492505 0.35206028948659485 0.012462926947552223 0.011663162189981213
0 0.42266409811766253 0.5303023068801217 0.013432222863902216 0.013337778008502464
0 0.3428506967814072 0.4102937034938646 0.012168700280396835 0.012039018713909645
0 0.38306880774705304 0.5012738601021145 0.014716474906257961 0.014737585316533628
0 0.427500175393146 0.45674587332684063 0.013373354206914488 0.013310453166132387
0 0.4919838490693466 0.4272423619809358 0.011996600938879925 0.010608590167501698
0 0.4816920549973197 0.3494417460068413 0.01208838172580885 0.011346630428148352
0 0.3967886593030846 0.526012316994045 0.014031907786493715 0.01421592546545941
0 0.39540767669677734 0.4065403316331947 0.013188403585682745 0.012987468553626019
0 0.46284781849902606 0.4237934402797533 0.012619650882223377 0.012473603953485903
0 0.4098344937614772 0.2375972789266835 0.012009174927421238 0.0115820428599482
0 0.3825197245763695 0.2966051412665326 0.013271554656650707 0.012354456860086193
0 0.4609236872714499 0.33211681117182196 0.011506878811380138 0.011375634566597317
0 0.41808531595313025 0.39852360020513117 0.012157129204791527 0.012035328408946161
0 0.3822398859521617 0.3906141778697138 0.013173631999803625 0.012367746104364809
0 0.48485861653866974 0.33690672983293946 0.013163317804751188 0.012591333492942478
0 0.3582467773686285 0.5952066131260084 0.012522770010906716 0.012542890465777855
0 0.34267459744992457 0.47435161341791565 0.012207756871762484 0.012987095376719599
0 0.42516600567361584 0.4811784236327461 0.012811826623004417 0.013097711231397547
0 0.36603778341542115 0.514141093129697 0.013731500376825747 0.01307211751523225
0 0.10279342920883844 0.513439416885376 0.01373582300932511 0.013371944427490234
0 0.39150637647380004 0.38039371241693914 0.012068240538887356 0.012268439583156421
0 0.36393449617468787 0.4468701611394468 0.011408805847167969 0.012830775717030401
0 0.49721819939820655 0.396401117677274 0.012267143830009129 0.012333087299181067
0 0.21905485443446948 0.5247351812279742 0.013313894686491592 0.013472557067871094
0 0.16819337139958918 0.47711250056391175 0.012710467628810718 0.011512549027152683
0 0.2671768457993217 0.35109686851501465 0.011844531349513843 0.011237579843272333
0 0.4512154537698497 0.43427610397338867 0.013369104136591372 0.013378101846446161
0 0.3795785281969154 0.2770687289859938 0.012601230455481487 0.011014668837837551
0 0.48679160553476086 0.4162697481072467 0.012180400931316872 0.011816750402035921
0 0.4070715696915337 0.32636919228926947 0.012303725532863453 0.01107956015545389
0 0.39255439198535413 0.3664846627608589 0.012886347978011421 0.012091802514117699
0 0.30690934347069787 0.48606039130169415 0.011647908583931301 0.01064698592476223
0 0.3745564040930375 0.37529862704484357 0.011336176291756008 0.011439525562783947
0 0.15833560280177905 0.41275917965432873 0.012665458347486414 0.01283102450163468
0 0.12294297114662502 0.4727555150571077 0.012940997662751572 0.012532275655995245
0 0.4411100356475166 0.3812258347221043 0.012822016425754711 0.012620428334111753
0 0.3172543981800909 0.5167608053787894 0.011683546978494396 0.012663924175760021
0 0.33533964468085253 0.4468972993933636 0.013943806938503101 0.014197059299634851
0 0.3640682101249695 0.38439216561939404 0.012200122294218643 0.011840307194253673
0 0.42516088485717773 0.5456717117972996 0.014639688574749489 0.013852907263714333
0 0.4378090941387674 0.48011416455973743 0.012079280355702276 0.01261473738628885
0 0.32523384431134106 0.3894624917403511 0.012030666289122208 0.012572869010593579
0 0.22669506072998047 0.5047123432159424 0.012255917424741 0.01302878752998684
0 0.28266863200975506 0.49692597596541693 0.012137661809506624 0.01243690822435462
0 0.4163012919218644 0.3237163077877916 0.012846366218898609 0.011050802857979485
0 0.3332042797752049 0.48277925408404804 0.010955333709716797 0.011499902476435122
0 0.10368585068246591 0.4985762264417565 0.013469830803249195 0.01233461628789487
0 0.42785833711209503 0.3639619454093602 0.01123356819152832 0.010763209799061651
0 0.26376958515333093 0.507168199705041 0.011555961940599524 0.011048752328623896
0 0.37920376788014953 0.4520859200021495 0.01202572428661844 0.011325566664985989
0 0.3390582799911499 0.4231981194537619 0.013357333515001379 0.012290622877038044
0 0.37356437548347143 0.3233275931814443 0.013084302777829378 0.012560243191926376
0 0.3275281413984687 0.4126877525578375 0.011593968405023865 0.012169537336929985
0 0.17437110258185345 0.5105555783147399 0.013410806655883789 0.012509677721106487
0 0.40851662469946826 0.3921219784280528 0.01239733074022376 0.012579544730808422
0 0.07090179816536281 0.5214955184770667 0.014097887536753778 0.014154703720756199
0 0.35973304250965954 0.565701090771219 0.012875017912491508 0.012702983358631964
0 0.36992616757102637 0.36409112681513245 0.012354550154312798 0.012166728144106657
0 0.3390959261552148 0.5736091240592625 0.013639114473177038 0.014316102732782778
0 0.40759672289309296 0.36310714224110485 0.01219220783399499 0.01272947891898777
0 0.46090007864910626 0.38113650031711743 0.011742550393809443 0.012078368145486584
0 0.34754086577374005 0.37351811450460687 0.014212960782258408 0.011320528776749321
0 0.3647183335345725 0.5499131679534912 0.01256698110829229 0.012592046157173489
0 0.35430457799330994 0.5841379165649414 0.012587972309278406 0.012449513310971468
0 0.3715295662050662 0.5760889882626742 0.01232854698015296 0.014456209929093071
0 0.4731427690257196 0.4035119647565096 0.0121466180552607 0.019983384920203167
0 0.3113095967665963 0.4977520807929661 0.01286570922188137 0.0122189418129299
0 0.21386440940525223 0.5026734808216924 0.013038262076999829 0.013184423032014267
0 0.12255266956661057 0.5424360814301864 0.012602940849635914 0.013058745342752209
0 0.38982038912565814 0.4524399664091028 0.012369404668393343 0.012420623198799465
0 0.26880011351212213 0.4288379835045856 0.011358758677606997 0.011011870011039402
0 0.4390353638192881 0.31528912419858185 0.010286600693412449 0.011530420054560122
0 0.24200358598128613 0.5089068412780761 0.011827012766962465 0.013452903084132984
0 0.39011391349460767 0.3253213840982188 0.013273404992145042 0.011702620464822521
0 0.2414481950842816 0.4862051217452339 0.012545336847719938 0.012609191562818445
0 0.48936084560726 0.3776854950448741 0.012039692505546238 0.011748417564060375
0 0.27449018022288446 0.41383090226546576 0.012955313143522842 0.013471727785856827
0 0.2992690127828847 0.4468410326086956 0.013373540795367699 0.012354560520337976
0 0.3545316924219546 0.27537835162618884 0.01203174176423446 0.011385254237962805
0 0.07238101959228516 0.47457164266835083 0.013494823289954144 0.013509833294412365
0 0.44207515923873236 0.33111938898978027 0.01207138144451639 0.015600778486417688
0 0.4040371309156003 0.3778895398844843 0.012046363042748493 0.011125543843144957
0 0.08594525378683338 0.4897506755331289 0.013807918714440388 0.013340286586595617
0 0.3291809944354969 0.5181471783181896 0.012958281066106714 0.012488448101541271
0 0.19716571724933124 0.4958774317865786 0.01315543962561566 0.013329879097316578
0 0.4130788575048032 0.29177211678546405 0.010334118552829907 0.010004002115000849
0 0.45476247953331994 0.4039280932882558 0.012352860492208729 0.012337643167246943
0 0.3749491857445758 0.5983368728471838 0.012409749238387398 0.012401021045187244
0 0.3835397803265115 0.5706093414970066 0.015445294587508492 0.012964746226435122
0 0.3743779555610988 0.44287290262139367 0.011404120403787365 0.012952690539152725
0 0.4120617327482804 0.313802024592524 0.010196934575619905 0.010370689889659052
0 0.1927630279375159 0.47875379479449726 0.013386995896049168 0.013928703639818274
0 0.2751103380452032 0.436048025670259 0.009488582611083984 0.010306534559830376
0 0.3093680609827456 0.38923831867135095 0.011025822680929432 0.011363988337309464
0 0.3933929567751677 0.5823508656543234 0.012373426686162535 0.012318839197573454
0 0.2671154892962912 0.08222414358802464 0.012149271757706352 0.012586484784665316
0 0.25156332098919415 0.4388034810190616 0.011601365130880604 0.01282290790392005
0 0.1988032693448274 0.4281618076822032 0.011373789414115574 0.011983166570248812
0 0.2886329630146856 0.5387868051943571 0.013895262842592985 0.013735895571501358
0 0.1501129036364348 0.5082559585571289 0.01196159487185271 0.012089936629585598
0 0.2999799977178159 0.3718233315841012 0.010408235632854958 0.011062829390816067
0 0.33606325867383374 0.3212202631908914 0.01148937448211338 0.012346868929655655
0 0.41508011714271875 0.5618989363960598 0.013309883034747581 0.013679919035538383
0 0.36376853870308923 0.2514621174853781 0.01261536453081214 0.011680292046588402
0 0.3000335278718368 0.42659024051997974 0.013012388478154722 0.012439282044120457
0 0.14309122769728952 0.5208003209984821 0.01291284353836723 0.0119329950083857
0 0.46291019605553674 0.3478880226612091 0.012368658314580503 0.011805096398229185
0 0.3509341154409491 0.5555156313854716 0.01297379317490951 0.013209736865499744
0 0.2376148908034615 0.07375979164372319 0.010580498239268427 0.01037467562634012
0 0.30214774090310803 0.5487643221150273 0.012316330619480297 0.013885767563529636
0 0.4400099878725799 0.46871919217317 0.01221459844838018 0.013963035915208899
0 0.27234113734701404 0.16330598748248554 0.011152661365011463 0.012383378070333729
0 0.33095494560573413 0.3760618411976358 0.010584167812181555 0.010224109110624893
0 0.4821104433225548 0.39951635961947235 0.011987033097640327 0.011509014212566872
0 0.4458740016688471 0.34853518268336425 0.011635666308195694 0.010642772135527237
0 0.27999847868214484 0.5577987484309984 0.01385442070339037 0.014112866443136463
0 0.4347317529761273 0.3560906493145486 0.010621153790017834 0.010837513467539911
0 0.0851206053858218 0.5378557910089907 0.0133238875347635 0.01237276326055112
0 0.46410708842070214 0.36946261965710187 0.011686262877091118 0.010622636131618336
0 0.32134854275247327 0.4310331137283989 0.013165473937988281 0.012905411098314367
0 0.10250960743945578 0.48313991401506506 0.014002146928206734 0.013533042824786644
0 0.4506294053533803 0.32301459169906116 0.01143099950707477 0.01236065703889598
0 0.41438705506532086 0.2231222442958666 0.012227773666381836 0.011590916177500849
0 0.28460686103157373 0.46254422871962836 0.011584427045739216 0.012390789778336235
0 0.20530347202135169 0.09868005565975023 0.012523132821787958 0.012421784193619438
0 0.2475641395734704 0.49702870327493415 0.011899720067563265 0.011838788571565048
0 0.175232311953669 0.10067742285521135 0.010786958362745203 0.010429454886394997
0 0.09474686436031174 0.527185522991678 0.014136925987575367 0.014741814654806385
0 0.22867188246353812 0.4926025193670522 0.012244805045749829 0.01189579134402068
0 0.24412038015282672 0.5395227515179178 0.011656698973282524 0.012009910915208899
0 0.310521706290867 0.43554979821910034 0.010961947233780571 0.011008096777874489
0 0.1235030630360479 0.4595233823942102 0.012616862421450407 0.012819984684819761
0 0.27289168731026026 0.4822801507037619 0.013890846915867016 0.012968809708305027
0 0.09977400821188223 0.5618550570114799 0.013634142668350883 0.011808706366497536
0 0.25718170663584833 0.5190149701159933 0.011525859003481657 0.011262002198592476
0 0.17617643397787344 0.42960923650990357 0.01342941367107889 0.013194913449494736
0 0.26333989267763885 0.05732050667638365 0.01112440358037534 0.01142132800558339
0 0.16689033611961032 0.0695517555527065 0.010328158088352368 0.01034453122512154
0 0.32455595323572983 0.3048503709876019 0.01237213417239811 0.013006666432256285
0 0.4106658541637918 0.26131827934928564 0.012242296467656675 0.012753382973049
0 0.4874787382457567 0.3878006079922552 0.012332781501438305 0.012340581935384998
0 0.06838687088178552 0.1929636519888173 0.012029088061788807 0.0119976168093474
0 0.38025058352428937 0.5870293845301089 0.011539096417634384 0.011732744133990745
0 0.22552180290222168 0.07642939816350522 0.009433228036631708 0.009784377139547596
0 0.2881637448849885 0.45323783418406616 0.010236201078995415 0.011200262152630348
0 0.23762544341709305 0.455885472504989 0.01175758113031802 0.01119597061820652
0 0.4592712962109109 0.3943571681561677 0.011460739633311396 0.011367828949638035
0 0.17497627113176428 0.05138556594433992 0.009485731954159944 0.009783708530923595
0 0.4364275051199871 0.29619573510211444 0.01046119565549104 0.010629902715268343
0 0.2646575285040814 0.5330710203751273 0.013219480929167374 0.01162993389627208
0 0.09011890836383986 0.0675720391066178 0.012663006782531738 0.011780801026717476
0 0.4593730698461118 0.36140079083650006 0.012397455132525902 0.011406400929326597
0 0.4195036525311677 0.28209618900133215 0.010149924651436184 0.01078752849413001
0 0.3854526851488196 0.261524946793266 0.012970634128736414 0.01145383586054263
0 0.40956513778023096 0.2766363206117049 0.010148421577785328 0.010457142539646313
0 0.22690691118655 0.037686543620151024 0.010835336602252464 0.009851764077725618
0 0.3165358875108802 0.4172208205513332 0.012103412462317425 0.011775472889775816
0 0.13339927922124448 0.09356394021407416 0.010432201883067255 0.010428594506305199
0 0.16631260125533395 0.13558388274648916 0.01271496648373811 0.013390219729879627
0 0.1717905790909477 0.0896536656047987 0.010806622712508492 0.010555500569550888
0 0.24263735439466394 0.04547540389973184 0.011701936307160751 0.011467262454654858
0 0.45320941572603973 0.3691746281540912 0.011671657147614853 0.01133330490278161
0 0.2574782475181248 0.4622856326725172 0.010900849881379501 0.010979217031727667
0 0.3526530913684679 0.26042169073353644 0.010542081749957542 0.010602826657502548
0 0.08420184643372246 0.4417457373245902 0.01436763742695684 0.013023086216138758
0 0.13958580597587253 0.482591898544975 0.011635883994724438 0.013606569041376528
0 0.32282226597485336 0.4812061786651612 0.012161059871963833 0.012004790098770805
0 0.32080985152203106 0.4014747505602629 0.011783952298371689 0.010546321454255478
0 0.14832980736442233 0.13189336009647534 0.012785973756209663 0.012340224307516346
0 0.16316018415533978 0.05016316797422326 0.009753942489624023 0.010762344235959261
0 0.15353594655575958 0.0693742036819458 0.011399828869363537 0.011224166206691578
0 0.18598630117333453 0.1294221307920373 0.01142176337864088 0.011140564213628355
0 0.2883304409358812 0.400092319301937 0.011718729267949644 0.01112700026968251
0 0.21022132168645447 0.40635332853897765 0.011989614237909731 0.012179416158924932
0 0.2962650319804316 0.39032461332238233 0.013099400893501614 0.010748531507409138
0 0.1620689060377038 0.4955364310223123 0.014639149541440218 0.0171216052511464
0 0.31610505477241846 0.378685738729394 0.01082474252452021 0.010422012080316958
0 0.0967576140942781 0.05233146055884983 0.011980543965878694 0.012081752652707308
0 0.09884879381760307 0.4171419972958772 0.011845060016797937 0.011318289715310802
0 0.1765966363575147 0.4479494302169137 0.012767055760259214 0.012510672859523609
0 0.13150419877923053 0.16967981276304825 0.010671605234560759 0.010621350744496222
0 0.2520935120789901 0.10258929107500159 0.0119238107100777 0.011496035949043606
0 0.10463311361229938 0.5483018211696459 0.012300429136856743 0.012521909630816917
0 0.2712070216303286 0.5155138969421387 0.012624740600585938 0.012345065241274626
0 0.1432244881339695 0.32025316487187927 0.011469177577806555 0.011662773464037024
0 0.2402974729952605 0.06068151411802872 0.010875266531239386 0.01053172609080439
0 0.2651258655216383 0.03837111203566841 0.011430304983387823 0.010939784671949304
0 0.37294072949368023 0.22494905927906864 0.011382895967234736 0.012704745582912281
0 0.1333671860072924 0.11858906953231148 0.00978925953740659 0.009455950363822605
0 0.18822776752969492 0.09456390919892685 0.01132759840592094 0.010688325633173403
0 0.40267028238462366 0.576005106386931 0.011128047238225523 0.011465321416440218
0 0.26154771058455756 0.13213937178902005 0.009843867758046026 0.009321606677511463
0 0.24158138814179797 0.12943211845729663 0.01181923824807872 0.011514684428339418
0 0.3304638447968856 0.24176205759463104 0.011748562688412874 0.011588096618652344
0 0.26679167540177057 0.44620375011278235 0.013550136400305706 0.01337196515954059
0 0.24770536630049997 0.415285322977149 0.012595653533935547 0.013111788293589716
0 0.06634178887242856 0.4636338171751603 0.010145881901616636 0.010201723679252293
0 0.2643962217413861 0.020350276128105492 0.010010283926258917 0.009830871353978697
0 0.2701220512390137 0.10532468816508417 0.01110288371210513 0.0099984770235808
0 0.3976047272267549 0.25696285911228345 0.011268268460812777 0.01116578475288723
0 0.13609044448189114 0.4165777745454208 0.012574009273363196 0.011252403259277344
0 0.14742120452549146 0.4784745185271554 0.010868300562319548 0.011713639549587086
0 0.250394230303557 0.5317706439806067 0.009666836780050526 0.010700018509574558
0 0.11909701513207477 0.3815375514652418 0.014781495799189028 0.014325245566990063
0 0.3926977903946586 0.15406724162723706 0.013050908627717392 0.012488956036775009
0 0.47537028789520264 0.3896220870639967 0.011760722035947054 0.011396532473356827
0 0.17174780887106192 0.4661143292551455 0.011548954507578974 0.011411345523336659
0 0.31916917925295624 0.5054329892863398 0.011922774107559868 0.010690709818964418
0 0.2607885339985723 0.4035018112348474 0.013835388681162958 0.013126311094864555
0 0.3403414163900458 0.36559065528537915 0.01139544144920681 0.011026258053986923
0 0.17882122164187225 0.5363088379735532 0.013157533562701683 0.01333549748296323
0 0.1696680110433827 0.2794751395349917 0.012133391007133152 0.011117251023002293
0 0.17916651394056238 0.06541923854662024 0.01004996507064156 0.0100549200306768
0 0.2688378976738971 0.12069312904192053 0.010123232136601988 0.009563622267349907
0 0.1014366460883099 0.31157865731612494 0.011609264042066492 0.011968426082445227
0 0.06705640450767848 0.5471787452697754 0.013198557107344917 0.013782542684803839
0 0.35462704948757007 0.36380080036495044 0.011783807174019192 0.013130944708119268
0 0.36070837404416956 0.32085976393326476 0.01042020320892334 0.01165244890295941
0 0.2028582821721616 0.39675426483154297 0.013787518376889437 0.01233772609544837
0 0.14288057969964066 0.18064740429753845 0.010378039401510487 0.00989663082620372
0 0.276458916456803 0.05847974445508874 0.009661902552065641 0.010322861049486242
0 0.263116919476053 0.4695014746292778 0.012729852095894192 0.013294676075810972
0 0.09769007434015689 0.3736193698385488 0.01451135718304178 0.015181002409561821
0 0.0942547787790713 0.42903460627016815 0.012728224629941194 0.011704154636548914
0 0.23966661743495776 0.1096081474552984 0.009309830872908882 0.009841286617776623
0 0.15899432223776114 0.49990585575933044 0.011205341504967731 0.011090610338293987
0 0.30840257976366126 0.34550010380537616 0.009985965231190557 0.011526382487753162
0 0.223105119622272 0.09079117619473002 0.011690015378205673 0.010704242664834728
0 0.3997057106183922 0.20533305665721063 0.010739751484083094 0.010531363279923149
0 0.29998266178628674 0.05756631882294364 0.00900411605834961 0.010099861932837444
0 0.22829641466555387 0.4161623301713363 0.012820223103398863 0.012161265248837679
0 0.23049617850262188 0.4659451660902604 0.01230310357135275 0.012265920639038086
0 0.13373891685319983 0.10650900654170824 0.009851859963458517 0.00937657770903214
0 0.25419724505880603 0.12279998219531515 0.009946035302203634 0.010480206945668097
0 0.19174417205478833 0.059258080047109855 0.009818263675855554 0.01014311935590661
0 0.3812012050462805 0.3387244369672693 0.012295515640922215 0.016141165857729706
0 0.22203680743341858 0.3899072564166525 0.011400077653967815 0.010654449462890625
0 0.2427080299543298 0.3960628690926925 0.014019696608833645 0.012624279312465504
0 0.1180077013762101 0.2951023164002792 0.011846853339153786 0.011889934539794922
0 0.3388832237409508 0.34591544711071515 0.010958775230076 0.010696338570636253
0 0.21651788379835046 0.4452359158059825 0.011391888494076937 0.012778323629628057
0 0.19162162490513016 0.4192435896914939 0.011395475138788637 0.011570339617521866
0 0.12143874686697256 0.10271409801814867 0.00924360233804454 0.00962718673374342
0 0.32559971187425696 0.35029159939807386 0.010978491409965183 0.011653775754182236
0 0.44269665946131165 0.36656283813974144 0.01200853223386018 0.010646996290787407
0 0.1251798038897307 0.2667056062947149 0.013426977655161982 0.01292562484741211
0 0.178118664285411 0.38190617768660834 0.011634536411451258 0.013034571772036345
0 0.4479760864506597 0.3394839569278386 0.010809577029684315 0.011054186717323635
0 0.10755760255067245 0.1342360610547273 0.01047404952671217 0.010677845581718113
0 0.10204214635102644 0.2402942076973293 0.01186433045760445 0.011031565458878227
0 0.3123101980789848 0.3641211468240489 0.010673440021017323 0.009713380233101223
0 0.3537214113318402 0.22120166861492657 0.012018452519955843 0.012347760407820992
0 0.090336667454761 0.111922315929247 0.00995028018951416 0.010810209357220192
0 0.07326558361882748 0.4118448547694994 0.012954857038414997 0.012477086937945824
0 0.17093997934590213 0.034652095773945686 0.00966848497805388 0.010030466577281122
0 0.23152655103932257 0.3390222010405167 0.01330108227937118 0.01356481469195822
0 0.30613004642984143 0.46927810751873517 0.012812925421673317 0.016225441642429516
0 0.19112858564957327 0.10879591236943785 0.01248069431470788 0.011133318362028702
0 0.32714382806063996 0.36771602215974225 0.011010989789729532 0.010765283004097317
0 0.28304210953090503 0.3219965955485468 0.00983509810074516 0.010005930195684019
0 0.25782520874686865 0.4456015877101732 0.009958391604216202 0.009835948114809782
0 0.3487270208804504 0.31920366701872455 0.012976020574569702 0.012396356333856997
0 0.3531102201213007 0.34558518036552094 0.01271125544672427 0.012121470078178074
0 0.08135433041531107 0.1090692126232645 0.010860500128372856 0.01121742829032566
0 0.4387371125428573 0.27894599541373877 0.011479896047840948 0.010086287622866423
0 0.24458655067112134 0.38351508845453675 0.012196789617123812 0.012410329735797386
0 0.27572468052739685 0.13460727878238843 0.01048515153967816 0.010055158449255901
0 0.08045929670333864 0.05080257032228554 0.010137760120889416 0.010762458262236221
0 0.18933304496433423 0.34865743180979847 0.013640528139860733 0.013057895328687586
0 0.3260378630264946 0.3415733627651049 0.010227576546047046 0.011221346647843071
0 0.28456858966661536 0.37729926731275476 0.01254954545394234 0.011500814686650816
0 0.16474273412123971 0.20127702795940894 0.013706445693969727 0.012850222380264946
0 0.1407473657442176 0.15196873312411102 0.010862609614496645 0.01110826367917268
0 0.1335064172744751 0.05523919022601584 0.011207134827323582 0.011339436406674593
0 0.18934250914532202 0.4482118979744289 0.013180338818094006 0.012352031210194464
0 0.15328576253808066 0.056930681933527405 0.0098987454953401 0.009385430294534435
0 0.25927982123001764 0.3378970933997113 0.011950223342232082 0.012716293334960938
0 0.3379376912894456 0.2610271391661271 0.01042832628540371 0.011304005332615063
0 0.09144892381585162 0.22804088177888293 0.011131753092226774 0.01060349008311396
0 0.3076228473497474 0.46465591762376873 0.010577616484268852 0.010601458342179008
0 0.3980728750643523 0.2697392131971276 0.00941709850145423 0.00930549787438434
0 0.2754753050596817 0.03016527191452358 0.009945226752239725 0.009940061880194622
0 0.16247926069342572 0.24056665793709134 0.013208109399546747 0.01188802719116211
0 0.12203732262486998 0.1116411945094233 0.009693985399992569 0.009083467981089716
0 0.3958605268727179 0.23298565201137378 0.009795002315355383 0.010120827218760614
0 0.07353559006815372 0.1455617210139399 0.01143318155537481 0.011433010515959366
0 0.07057359944219174 0.04916084590165512 0.010992993479189665 0.01100151953489884
0 0.34749876934549084 0.35507863500843884 0.010194612585979958 0.009748666182808254
0 0.16472478016563083 0.38879983321480127 0.0117208543031112 0.01174163818359375
0 0.24407897824826447 0.025084314786869545 0.010203713956086533 0.010458582121392956
0 0.1366558541422305 0.28413746667944867 0.012982337371162746 0.012573097063147503
0 0.35580008962880016 0.20588127426479172 0.01066874421161154 0.010413978410803753
0 0.07644519857738329 0.5737152099609375 0.011101852292599886 0.010876862899116848
0 0.09819201282832932 0.02375163656214009 0.010742819827535877 0.012094607819681582
0 0.13364799126334811 0.40337324142456055 0.012050442073656164 0.011858940124511719
0 0.3865409208380658 0.21876605697300122 0.010307488234146782 0.010149603304655655
0 0.20949026812677796 0.2984786759252134 0.012589350990627125 0.0126842623171599
0 0.06715036734290745 0.1304287806801174 0.01190718878870425 0.011213116023851477
0 0.30359548071156384 0.35988900454148004 0.010075776473335598 0.009857955186263374
0 0.08095289054124252 0.16769094570823337 0.010793898416602093 0.010087334591409435
0 0.28693906120632007 0.02684105608774268 0.010205559108568274 0.009856040063111679
0 0.21416571865911072 0.37510471758635155 0.01350359294725501 0.013295588286026665
0 0.20014652998551077 0.23120335910631262 0.01151275634765625 0.011720553688381031
0 0.12735016967939294 0.34630094403805933 0.012531664060509724 0.012434026469355043
0 0.0787118206853452 0.29155151740364404 0.011087811511495838 0.012356820313826851
0 0.0726785711620165 0.16055798530578613 0.011844313662985096 0.011227379674496859
0 0.08770423350126846 0.409670308880184 0.010327069655708645 0.010171916173852009
0 0.32278628129026166 0.2768824618795644 0.012301925731741863 0.01358521502950917
0 0.31698289124862006 0.14688833900119946 0.013676684835682745 0.012792939725129501
0 0.3402855797954228 0.20454301004824432 0.009736908518749735 0.009772798289423403
0 0.44237375259399414 0.28995696358058765 0.009465217590332031 0.009378723476244055
0 0.3076924863068954 0.06696818704190462 0.008508557858674423 0.008958101272583008
0 0.06803200037583061 0.37977722416753357 0.013585173565408459 0.013250558272652004
0 0.4271890857945318 0.3119618581688922 0.010163607804671577 0.009843577509341032
0 0.26021920079770294 0.15111228694086487 0.01025228915007218 0.010329619697902515
0 0.1392801015273384 0.34756104842476226 0.011513129524562671 0.011485224184782608
0 0.3321300887543222 0.21212344584257706 0.009236180264016857 0.009041931318200153
0 0.3244624954202901 0.256972831228505 0.007620643014493196 0.010417979696522589
0 0.27264402223669965 0.3803459665049677 0.01181731016739555 0.011648592741593071
0 0.22156834602355957 0.42847891475843347 0.010390717050303583 0.01284157711526622
0 0.07663823728976042 0.5644204720206882 0.012402223504107933 0.011659912441087805
0 0.26604786126509955 0.28377466616423236 0.01297592080157736 0.011452426081118376
0 0.30127782407014264 0.10982937398164169 0.010122299194335938 0.011151147925335426
0 0.19696658590565555 0.41072613778321637 0.010800817738408628 0.010712157125058382
0 0.19092903966489044 0.2972636015518852 0.011459806691045347 0.012351118999978771
0 0.2885008998539137 0.31063818931579584 0.010588127633799677 0.010824348615563435
0 0.23689450101740497 0.22147270907526428 0.012241218401038128 0.010210265283999239
0 0.2830791058747664 0.04635785714439724 0.010609295057213825 0.010547259579534117
0 0.40149258530658216 0.2984351282534392 0.010409417359725288 0.011051841404127039
0 0.22777560482854425 0.1084599494934082 0.010464523149573284 0.010531964509383492
0 0.28134095150491467 0.2753314453622569 0.012271922567616339 0.01124529216600501
0 0.24336470728335174 0.160546556763027 0.01086877739947775 0.010199308395385742
0 0.39315722558809363 0.2749386041060738 0.013720113298167353 0.011707762013310972
0 0.3494381204895351 0.33929055151732074 0.010850766430730406 0.010267247324404509
0 0.3468291461467743 0.23906296232472296 0.01055719282316125 0.01130056381225586
0 0.2589244116907534 0.30892267434493353 0.013843101003895636 0.01212553356004798
0 0.30272761635158374 0.3088016510009766 0.011121335236922554 0.010687040246051292
0 0.29853271401446796 0.34846170311388763 0.010112430738366169 0.00998774300450864
0 0.12135923427084219 0.0318965626799542 0.011268242545749829 0.010577663131382153
0 0.1743796752846759 0.16933167499044668 0.011886814366216246 0.012123024981954823
0 0.29958405702010443 0.3202803756879724 0.010633841804836109 0.00998482496842094
0 0.22502770631209668 0.4425424492877463 0.012849973595660667 0.012229836505392323
0 0.09431999662648076 0.21352141836415167 0.01150518914927607 0.011792265850564709
0 0.4439328960750414 0.304884153863658 0.010467301244321077 0.011262085126793903
0 0.08280128758886585 0.3390785818514616 0.015426247016243313 0.014098519864289658
0 0.0764913999516031 0.0953780930975209 0.012018084526062012 0.011492552964583687
0 0.3042126531186311 0.2908395373302957 0.011617660522460938 0.01180273553599482
0 0.47132682281991706 0.3992459152055823 0.010924722837365192 0.013119718302851137
0 0.1918973093447478 0.3221999458644701 0.011404037475585938 0.010243374368418818
0 0.33170169332753063 0.15334627939307174 0.01193838534147843 0.01197064441183339
0 0.12230442399563995 0.17927162543587064 0.010123615679533585 0.010309074235999065
0 0.1851594137108844 0.041462339784788055 0.009579658508300781 0.010081672150155773
0 0.2315355694812277 0.016146503064943397 0.011676684669826343 0.01021328179732613
0 0.3075383227804433 0.3289141343987506 0.010504017705502718 0.010773928269096043
0 0.18532839028731637 0.18660746450009552 0.01486726429151452 0.013204906297766644
0 0.3246617443535639 0.20222715709520422 0.008019140881040821 0.010352217632791271
0 0.37905605979587725 0.2026775608892026 0.009931978972061821 0.010372203329335089
0 0.2393558232680611 0.2470022077145784 0.011484374170717985 0.010690357374108356
0 0.2714518049488897 0.011269109728543655 0.010456955951193104 0.00958367469518081
0 0.27942154718481976 0.34555586524631665 0.012163639068603516 0.011511719745138416
0 0.08263446455416473 0.4011490655981976 0.013026994207630987 0.012397724649180536
0 0.2470941958220109 0.15004154391910718 0.009588739146356997 0.009884430014568827
0 0.2762947393500287 0.33582585790882946 0.009447781935982082 0.009205154750658117
0 0.21214667610500168 0.32252624760503357 0.012083385301672894 0.011519141819166101
0 0.1608433619789455 0.31238889694213867 0.011057853698730469 0.009710353353749151
0 0.28573190647622815 0.2985264011051344 0.011521360148554262 0.011574848838474438
0 0.178643682728643 0.40799244590427564 0.01265090444813604 0.014096052750297215
0 0.29168708428092627 0.06936354481655618 0.0093799466672151 0.009521748708642048
0 0.36798703281775763 0.1953668283379596 0.009590944518213686 0.010882232500159222
0 0.17503436233686365 0.33103714818539826 0.01047664103300675 0.012516063192616339
0 0.4314737319946289 0.2832046073416005 0.01034943953804348 0.010017788928488026
0 0.06628679192584494 0.11397220259127408 0.009845847668855087 0.009521909382032312
0 0.10722554766613504 0.18150322333626126 0.009737543437791906 0.00939798355102539
0 0.18156918235447095 0.24565786900727646 0.011188838792883831 0.010923779529073963
0 0.17659809796706485 0.26427321848662005 0.011861873709637184 0.010618396427320398
0 0.2601773220559825 0.18953941179358438 0.01173852837604025 0.011417181595512058
0 0.2871033005092455 0.012713278117387192 0.00930097828740659 0.008313741372979206
0 0.13485213466312573 0.022277013115260914 0.011290249617203423 0.011392458625461743
0 0.15191681488700534 0.26130464802617615 0.01237927312436311 0.012532856153405231
0 0.19107273350591242 0.07358861746995346 0.011316672615382984 0.01091623824575673
0 0.09266920193381933 0.3013162716575291 0.01244960660519807 0.012052432350490406
0 0.3373953602884127 0.2251495589380679 0.009455446315848309 0.009456572325333305
0 0.2905777951945429 0.2667868137359619 0.012339985888937244 0.0117908353390901
0 0.10821128409841788 0.061743049517921776 0.010350901147593622 0.009675860404968262
0 0.35796065952466877 0.10399285088414732 0.010507168977156929 0.010484726532645847
0 0.06924444696177608 0.0343647793583248 0.010860629703687586 0.009854013505189316
0 0.21388726649077042 0.01300567453322203 0.008701884228250256 0.008797742750333704
0 0.15344054284303085 0.3919957202413808 0.01124484642692234 0.011525610218877378
0 0.42142951488494873 0.3035006004831065 0.009729375009951384 0.011012222455895466
0 0.3461641332377558 0.15018329931342084 0.011356996453326683 0.011801460514897886
0 0.2925158998240595 0.12686204910278323 0.010322778121284817 0.009628897127897842
0 0.3169286873029626 0.36543118435403577 0.010836953702180283 0.009494646735813307
0 0.15135469125664752 0.30332886654397717 0.012074543082195778 0.012688636779785156
0 0.3262766651485276 0.1131136883860049 0.010762359784997028 0.010940748712290888
0 0.38249826431274414 0.1040830715842869 0.010871016460916271 0.01051552399345066
0 0.24511755031088125 0.20980881608050805 0.00973052563874618 0.009691590848176376
0 0.42528523051220435 0.29648963264797046 0.011534037797347359 0.009559216706649117
0 0.2277804402997656 0.22017070040131576 0.012241218401038128 0.010210265283999239
0 0.21410934922330657 0.23221428063533914 0.012241218401038128 0.010210265283999239
0 0.23005895547917543 0.20552310281939534 0.012241218401038128 0.010210265283999239
0 0.23005895547917543 0.18273795102529694 0.012241218401038128 0.010210265283999239
0 0.2580521419690676 0.21593917221098308 0.012241218401038128 0.010210265283999239
0 0.26033065714847736 0.20194257896603696 0.012241218401038128 0.010210265283999239
0 0.2713977308770394 0.23253978280382617 0.012241218401038128 0.010210265283999239
0 0.25805214196906745 0.2305867697929034 0.012241218401038128 0.010210265283999239
0 0.256750133295119 0.26183497796766675 0.012241218401038128 0.010210265283999239
0 0.25772663980058025 0.24165384352146532 0.012241218401038128 0.010210265283999239
0 0.23835926077559666 0.2584172051985518 0.010613707558602683 0.008582754441564094
0 0.2520303518520557 0.24962864664939957 0.010613707558602683 0.008582754441564094
0 0.23347672824828983 0.26915877675862665 0.010613707558602683 0.008582754441564094
0 0.24714781932474883 0.26948427892711374 0.010613707558602683 0.008582754441564094
0 0.2556108757054138 0.29096742204726367 0.010613707558602683 0.008582754441564094
0 0.24356729547139047 0.2860848895199568 0.010613707558602683 0.008582754441564094
0 0.2412887802919806 0.27827283747626586 0.010613707558602683 0.008582754441564094
0 0.3073657204948659 0.25353467267124474 0.010613707558602683 0.008582754441564094
0 0.3125737551906598 0.24214209677419551 0.010613707558602683 0.008582754441564094
0 0.3024831879675591 0.2222864644964812 0.010613707558602683 0.008582754441564094
0 0.31615427904401805 0.2261924905183266 0.010613707558602683 0.008582754441564094
0 0.32591934409863166 0.22586698834983948 0.010613707558602683 0.008582754441564094
0 0.3096442356742756 0.21056838643094483 0.010613707558602683 0.008582754441564094
0 0.2992281662826878 0.19950131270238278 0.010613707558602683 0.008582754441564094
0 0.28978860339656126 0.2073133647460736 0.010613707558602683 0.008582754441564094
0 0.2862080795432029 0.219356944980097 0.010613707558602683 0.008582754441564094
0 0.2722114862982568 0.1933167715011274 0.010613707558602683 0.008582754441564094
0 0.28327856002681884 0.19331677150112736 0.010613707558602683 0.008582754441564094
0 0.29206711857597106 0.18420271078348796 0.010613707558602683 0.008582754441564094
0 0.2959731445978165 0.19136375849020457 0.010613707558602683 0.008582754441564094
0 0.2849060708692544 0.17443764572887435 0.010613707558602683 0.008582754441564094
0 0.3073657204948656 0.16890410886459328 0.010613707558602683 0.008582754441564094
0 0.27709401882556345 0.14579345490200774 0.010613707558602683 0.008582754441564094
0 0.2959731445978164 0.15458201345115993 0.010613707558602683 0.008582754441564094
0 0.3057382096524299 0.1594645459784667 0.010613707558602683 0.008582754441564094
0 0.3236408289192215 0.18127319126710376 0.010613707558602683 0.008582754441564094
0 0.31062074217973673 0.17866917391920675 0.010613707558602683 0.008582754441564094
0 0.31973480289737605 0.1881087368053332 0.010613707558602683 0.008582754441564094
0 0.30996973784276244 0.19396777583810135 0.010613707558602683 0.008582754441564094
0 0.3324293874683736 0.1923402649956657 0.010613707558602683 0.008582754441564094
0 0.33796292433265473 0.1776926674137453 0.010613707558602683 0.008582754441564094
0 0.35163401540911365 0.1646725806742605 0.010613707558602683 0.008582754441564094
0 0.3789761975620316 0.1682531045276188 0.010613707558602683 0.008582754441564094
0 0.36563060865405966 0.1477464679129302 0.010613707558602683 0.008582754441564094
0 0.37051314118136636 0.1376559006898294 0.010613707558602683 0.008582754441564094
0 0.3675836216649823 0.16369607416879897 0.010613707558602683 0.008582754441564094
0 0.3890667647851322 0.18094768909861628 0.010613707558602683 0.008582754441564094
0 0.3975298211657972 0.1936422736696139 0.010613707558602683 0.008582754441564094
0 0.38939226695361917 0.19364227366961387 0.010613707558602683 0.008582754441564094
0 0.37799969105656994 0.18745773246835856 0.010613707558602683 0.008582754441564094
0 0.3560367479296353 0.1939508670846905 0.010613707558602683 0.008582754441564094
0 0.33763742216416703 0.16825310452761844 0.010613707558602683 0.008582754441564094
0 0.38776475611118344 0.2265179926868128 0.010613707558602683 0.008582754441564094
0 0.36906028347007963 0.11151195097619977 0.01050716897715693 0.010484726532645847
0 0.36655391677272875 0.12189547015093893 0.01050716897715693 0.010484726532645847
0 0.3500835070472805 0.11437637005888648 0.01050716897715693 0.010484726532645847
0 0.342564406955228 0.1054250604254907 0.01050716897715693 0.010484726532645847
0 0.2942273349348908 0.11580857960022983 0.01050716897715693 0.010484726532645847
0 0.3548287946667278 0.18307930298377045 0.010613707558602683 0.008582754441564094
0 0.11626465768110196 0.174439819168795 0.010123615679533585 0.010309074235999065
0 0.11384875115528674 0.19296174319258483 0.010123615679533585 0.010309074235999065
0 0.17436251359080704 0.014519569661130645 0.007655229539874467 0.006809262399230719
0 0.1771810712042581 0.022572580106256665 0.007655229539874467 0.006809262399230719
0 0.18523409295697552 0.02055932749497516 0.007655229539874467 0.006809262399230719
0 0.18885795274569833 0.022572580106256665 0.007655229539874467 0.006809262399230719
0 0.18603939513224732 0.03223619264040788 0.007655229539874467 0.006809262399230719
0 0.2057692984264049 0.014116919138874341 0.007655229539874467 0.006809262399230719
0 0.2242912484576548 0.025391133762050763 0.007655229539874467 0.006809262399230719
0 0.19530037014787233 0.015727521227899548 0.007655229539874467 0.006809262399230719
0 0.18362348860643216 0.051160767186454036 0.007655229539874467 0.006809262399230719
