1 0.069293 0.6813859999999999 0.005435 0.009511
1 0.07337000000000002 0.663723 0.008152 0.006793
1 0.075408 0.47758199999999995 0.009511 0.009511
1 0.076766 0.6494570000000001 0.009511 0.008152
1 0.079484 0.462636 0.006793 0.009511
1 0.08152200000000001 0.496603 0.008152 0.009511
1 0.08288000000000001 0.612092 0.008152 0.009511
1 0.085598 0.710598 0.01087 0.01087
1 0.087636 0.722147 0.012228 0.009511
1 0.091033 0.475543 0.008152 0.008152
1 0.091712 0.450408 0.009511 0.012228
1 0.09782600000000001 0.5380430000000002 0.008152 0.008152
1 0.09850500000000001 0.501359 0.009511 0.008152
1 0.09782600000000001 0.5169839999999999 0.005435 0.009511
1 0.099185 0.48913000000000006 0.008152 0.008152
1 0.101223 0.73913 0.012228 0.008152
1 0.100543 0.710598 0.008152 0.01087
1 0.10122300000000001 0.4789399999999999 0.006793 0.006793
1 0.101902 0.6963319999999998 0.008152 0.009511
1 0.10597800000000002 0.46942899999999993 0.008152 0.006793
1 0.107337 0.5312500000000001 0.008152 0.008152
1 0.108016 0.5081520000000002 0.009511 0.008152
1 0.11073400000000001 0.48437499999999994 0.009511 0.009511
1 0.11413000000000001 0.715353 0.008152 0.012228
1 0.11481 0.557745 0.009511 0.009511
1 0.11413000000000001 0.5407610000000002 0.005435 0.01087
1 0.116168 0.525136 0.006793 0.009511
1 0.11820700000000002 0.490489 0.005435 0.008152
1 0.11956500000000002 0.5047549999999998 0.008152 0.009511
1 0.12092400000000002 0.4816579999999999 0.005435 0.009511
1 0.12432100000000001 0.561821 0.006793 0.006793
1 0.12432100000000001 0.5720110000000002 0.006793 0.008152
1 0.12432100000000001 0.5373639999999998 0.006793 0.006793
1 0.127717 0.5455159999999999 0.008152 0.006793
1 0.129076 0.511549 0.005435 0.006793
1 0.129755 0.595788 0.006793 0.006793
1 0.129755 0.608696 0.006793 0.008152
1 0.130435 0.527174 0.008152 0.005435
1 0.13519 0.016304 0.012228 0.008152
1 0.13383200000000003 0.5794839999999999 0.006793 0.009511
1 0.13587 0.5224179999999999 0.008152 0.009511
1 0.136549 0.542799 0.006793 0.009511
1 0.137908 0.590353 0.006793 0.009511
1 0.138587 0.559103 0.008152 0.006793
1 0.13994600000000001 0.5706520000000002 0.008152 0.008152
1 0.144701 0.620245 0.006793 0.006793
1 0.14538 0.5855980000000001 0.005435 0.008152
1 0.147418 0.595788 0.006793 0.006793
1 0.14945700000000003 0.5672549999999998 0.008152 0.009511
1 0.152174 0.700408 0.008152 0.006793
1 0.152174 0.6080159999999999 0.008152 0.006793
1 0.152853 0.648777 0.009511 0.006793
1 0.153533 0.671875 0.01087 0.006793
1 0.15421199999999996 0.684103 0.012228 0.006793
1 0.15421200000000002 0.6209240000000001 0.006793 0.008152
1 0.15421199999999996 0.580842 0.004076 0.009511
1 0.158967 0.658288 0.01087 0.006793
1 0.15828800000000004 0.5998639999999998 0.006793 0.009511
1 0.16304300000000002 0.015625 0.01087 0.006793
1 0.162364 0.633832 0.006793 0.006793
1 0.16576099999999996 0.6209240000000001 0.008152 0.008152
1 0.16712 0.6705160000000001 0.01087 0.006793
1 0.16643999999999998 0.6807070000000001 0.006793 0.008152
1 0.168478 0.644701 0.008152 0.006793
1 0.170516 0.5869570000000001 0.006793 0.008152
1 0.171196 0.6107339999999999 0.008152 0.009511
1 0.171875 0.705842 0.009511 0.009511
1 0.173913 0.6311139999999998 0.008152 0.006793
1 0.175272 0.654212 0.008152 0.006793
1 0.17663 0.014946 0.008152 0.005435
1 0.17934799999999998 0.66644 0.008152 0.006793
1 0.18002699999999996 0.6942930000000002 0.006793 0.008152
1 0.18138599999999996 0.6779890000000001 0.009511 0.008152
1 0.18206499999999998 0.644022 0.008152 0.008152
1 0.18274499999999996 0.023098 0.009511 0.01087
1 0.18342399999999998 0.7248639999999998 0.008152 0.009511
1 0.18342399999999998 0.6236410000000001 0.008152 0.008152
1 0.184783 0.7038040000000001 0.008152 0.008152
1 0.184783 0.6576090000000001 0.008152 0.008152
1 0.188179 0.66712 0.009511 0.008152
1 0.189538 0.694973 0.006793 0.006793
1 0.190897 0.6861410000000001 0.006793 0.008152
1 0.190897 0.654212 0.006793 0.006793
1 0.192255 0.610054 0.006793 0.008152
1 0.19429299999999997 0.70856 0.008152 0.006793
1 0.19904899999999998 0.7432070000000001 0.009511 0.008152
1 0.19904899999999998 0.680027 0.009511 0.006793
1 0.201087 0.716712 0.005435 0.009511
1 0.201766 0.04347800000000001 0.006793 0.008152
1 0.203125 0.6963320000000001 0.009511 0.006793
1 0.203125 0.7595110000000002 0.009511 0.008152
1 0.204484 0.654212 0.009511 0.006793
1 0.20788 0.6677990000000001 0.008152 0.006793
1 0.20923900000000004 0.7724179999999999 0.01087 0.009511
1 0.20788 0.7072009999999999 0.005435 0.009511
1 0.20991799999999997 0.736413 0.009511 0.008152
1 0.20991799999999997 0.747962 0.006793 0.006793
1 0.21263599999999996 0.786005 0.009511 0.009511
1 0.21263599999999996 0.80231 0.006793 0.006793
1 0.214674 0.682745 0.01087 0.006793
1 0.21467399999999998 0.7255429999999999 0.008152 0.005435
1 0.21467399999999998 0.627038 0.008152 0.006793
1 0.216712 0.6698370000000001 0.006793 0.008152
1 0.218071 0.046875 0.009511 0.009511
1 0.21875000000000003 0.7615490000000001 0.01087 0.006793
1 0.218071 0.735054 0.006793 0.005435
1 0.218071 0.65625 0.006793 0.008152
1 0.219429 0.6942929999999999 0.006793 0.01087
1 0.220788 0.7690220000000001 0.009511 0.008152
1 0.221467 0.641304 0.008152 0.008152
1 0.222147 0.7866850000000001 0.009511 0.008152
1 0.222147 0.718071 0.009511 0.006793
1 0.223505 0.745245 0.009511 0.006793
1 0.22418499999999997 0.705163 0.008152 0.008152
1 0.22690199999999996 0.674592 0.008152 0.009511
1 0.22758199999999998 0.828125 0.009511 0.009511
1 0.23029899999999998 0.726902 0.012228 0.008152
1 0.22962 0.6311139999999998 0.008152 0.006793
1 0.23029899999999998 0.80231 0.006793 0.006793
1 0.232337 0.7493209999999999 0.008152 0.009511
1 0.232337 0.644022 0.008152 0.008152
1 0.233016 0.6209240000000001 0.009511 0.008152
1 0.234375 0.773777 0.009511 0.006793
1 0.235054 0.816576 0.008152 0.008152
1 0.235734 0.8525820000000001 0.009511 0.006793
1 0.235054 0.716033 0.005435 0.008152
1 0.235734 0.658967 0.006793 0.008152
1 0.237092 0.762908 0.009511 0.006793
1 0.236413 0.738451 0.005435 0.006793
1 0.237092 0.6875 0.006793 0.01087
1 0.23980999999999997 0.7975540000000001 0.009511 0.008152
1 0.23980999999999997 0.7017660000000001 0.009511 0.006793
1 0.240489 0.7846470000000001 0.008152 0.006793
1 0.24184800000000004 0.6256790000000001 0.01087 0.012228
1 0.240489 0.8342390000000001 0.005435 0.008152
1 0.240489 0.7466029999999999 0.005435 0.009511
1 0.24184799999999998 0.8063860000000002 0.008152 0.006793
1 0.24456499999999998 0.66712 0.008152 0.008152
1 0.24456499999999998 0.612772 0.008152 0.008152
1 0.245245 0.7690220000000001 0.006793 0.008152
1 0.245245 0.711277 0.006793 0.006793
1 0.24592399999999998 0.8192929999999999 0.008152 0.01087
1 0.247283 0.726902 0.008152 0.008152
1 0.247962 0.644022 0.006793 0.008152
1 0.25000000000000006 0.695652 0.01087 0.008152
1 0.249321 0.875 0.006793 0.01087
1 0.25 0.8444290000000001 0.008152 0.006793
1 0.25 0.653533 0.008152 0.008152
1 0.2527170000000001 0.684783 0.01087 0.008152
1 0.251359 0.8091029999999999 0.005435 0.009511
1 0.252038 0.7513589999999999 0.006793 0.005435
1 0.252038 0.859375 0.004076 0.009511
1 0.25407599999999997 0.6236410000000001 0.008152 0.008152
1 0.254755 0.610734 0.009511 0.006793
1 0.25747299999999995 0.883152 0.009511 0.008152
1 0.256793 0.7173910000000001 0.005435 0.008152
1 0.25883199999999995 0.831522 0.009511 0.01087
1 0.258832 0.8478259999999999 0.006793 0.005435
1 0.2601899999999999 0.8552990000000001 0.006793 0.006793
1 0.26086999999999994 0.6745920000000001 0.008152 0.012228
1 0.262228 0.690897 0.008152 0.009511
1 0.2629079999999999 0.8736410000000001 0.006793 0.008152
1 0.26494599999999996 0.651495 0.008152 0.006793
1 0.26494600000000007 0.723505 0.005435 0.009511
1 0.26834199999999997 0.892663 0.009511 0.008152
1 0.26834199999999997 0.841712 0.006793 0.009511
1 0.26902199999999993 0.637228 0.008152 0.008152
1 0.27037999999999995 0.905571 0.008152 0.006793
1 0.27173899999999995 0.663723 0.008152 0.009511
1 0.27241799999999994 0.6222830000000001 0.009511 0.008152
1 0.27309799999999995 0.7092390000000001 0.008152 0.008152
1 0.274457 0.8736410000000001 0.008152 0.008152
1 0.27649499999999994 0.91712 0.009511 0.008152
1 0.278533 0.6807070000000001 0.013587 0.008152
1 0.277853 0.857337 0.006793 0.01087
1 0.27989099999999995 0.6419840000000001 0.008152 0.006793
1 0.28600499999999995 0.61481 0.006793 0.009511
1 0.28736399999999995 0.9368209999999999 0.009511 0.009511
1 0.28940199999999994 0.6317930000000002 0.008152 0.008152
1 0.28940199999999994 0.918478 0.008152 0.01087
1 0.30095099999999997 0.6250000000000001 0.009511 0.008152
1 0.30095099999999997 0.612092 0.006793 0.009511
1 0.30095099999999997 0.6019020000000002 0.006793 0.008152
1 0.31589699999999993 0.621603 0.006793 0.009511
1 0.31861399999999995 0.643342 0.009511 0.009511
1 0.32948399999999994 0.644022 0.009511 0.005435
1 0.32948399999999994 0.629076 0.009511 0.008152
1 0.33084199999999997 0.6786680000000002 0.006793 0.006793
1 0.33288000000000006 0.607337 0.008152 0.008152
1 0.335598 0.6596470000000001 0.008152 0.006793
1 0.340353 0.620245 0.006793 0.009511
1 0.34375 0.6521740000000001 0.008152 0.008152
1 0.347826 0.637228 0.008152 0.008152
1 0.349185 0.629076 0.008152 0.008152
1 0.353261 0.66712 0.01087 0.008152
1 0.35801599999999995 0.628397 0.006793 0.009511
1 0.35869599999999996 0.650815 0.008152 0.008152
1 0.367527 0.675951 0.009511 0.006793
1 0.369565 0.6345110000000002 0.008152 0.008152
1 0.371603 0.6650820000000001 0.006793 0.006793
1 0.376359 0.652853 0.005435 0.006793
1 0.383152 0.15557100000000001 0.008152 0.009511
1 0.38383199999999995 0.664402 0.006793 0.008152
1 0.3851899999999999 0.6392659999999999 0.006793 0.006793
1 0.391984 0.656929 0.006793 0.009511
1 0.394022 0.141984 0.01087 0.009511
1 0.396739 0.66712 0.008152 0.008152
1 0.403533 0.150136 0.008152 0.012228
1 0.404212 0.659647 0.006793 0.009511
1 0.40692899999999993 0.6752720000000001 0.006793 0.008152
1 0.40828799999999993 0.136549 0.009511 0.009511
1 0.40828799999999993 0.685462 0.006793 0.006793
1 0.415761 0.152853 0.005435 0.006793
1 0.415761 0.6657610000000002 0.005435 0.008152
1 0.4177989999999999 0.6820649999999999 0.006793 0.005435
1 0.423913 0.15625 0.008152 0.005435
1 0.42663000000000006 0.16508199999999998 0.008152 0.006793
1 0.42731 0.6936139999999998 0.006793 0.009511
1 0.429348 0.682065 0.008152 0.008152
1 0.434783 0.153533 0.01087 0.008152
1 0.434783 0.18070699999999998 0.01087 0.008152
1 0.43817899999999993 0.169837 0.006793 0.008152
1 0.4476899999999999 0.174592 0.006793 0.009511
1 0.45176599999999995 0.186821 0.009511 0.009511
1 0.461277 0.186141 0.006793 0.008152
1 0.461957 0.20040799999999998 0.008152 0.009511
1 0.47078799999999993 0.188179 0.006793 0.006793
1 0.47486399999999995 0.203125 0.006793 0.009511
1 0.47961999999999994 0.215353 0.008152 0.006793
1 0.4802989999999999 0.18885900000000003 0.006793 0.01087
1 0.485734 0.22554299999999997 0.006793 0.008152
1 0.487772 0.235054 0.008152 0.008152
1 0.48913000000000006 0.19768999999999998 0.008152 0.009511
1 0.48913000000000006 0.21331499999999998 0.008152 0.008152
1 0.494565 0.25 0.008152 0.008152
1 0.497283 0.190897 0.008152 0.006793
1 0.5 0.220788 0.008152 0.006793
1 0.500679 0.24252699999999996 0.006793 0.006793
1 0.504076 0.20108700000000002 0.008152 0.01087
1 0.5047549999999998 0.21059799999999998 0.006793 0.008152
1 0.5095110000000002 0.25407599999999997 0.008152 0.008152
1 0.51019 0.22962 0.006793 0.008152
1 0.5108699999999999 0.21331499999999998 0.005435 0.008152
1 0.5156249999999999 0.26086999999999994 0.009511 0.008152
1 0.5169839999999999 0.205842 0.009511 0.009511
1 0.517663 0.24252699999999996 0.005435 0.009511
1 0.522418 0.222147 0.006793 0.009511
1 0.525815 0.26426599999999995 0.01087 0.006793
1 0.527853 0.25611399999999995 0.006793 0.009511
1 0.5298910000000001 0.274457 0.008152 0.008152
1 0.531929 0.28328799999999993 0.009511 0.006793
1 0.535326 0.266304 0.008152 0.01087
1 0.5394020000000002 0.274457 0.008152 0.008152
1 0.5394020000000002 0.253397 0.008152 0.009511
1 0.5407610000000002 0.28804299999999994 0.008152 0.008152
1 0.5441579999999999 0.26970099999999997 0.006793 0.006793
1 0.5482339999999999 0.2941579999999999 0.009511 0.009511
1 0.549592 0.28057099999999996 0.009511 0.006793
1 0.550272 0.26562499999999994 0.008152 0.009511
1 0.550951 0.31317899999999993 0.009511 0.009511
1 0.557065 0.335598 0.013587 0.01087
1 0.5557070000000001 0.298913 0.008152 0.005435
1 0.5611410000000001 0.349185 0.01087 0.008152
1 0.5597829999999999 0.307065 0.005435 0.01087
1 0.5625000000000001 0.293478 0.008152 0.01087
1 0.563179 0.31997299999999995 0.009511 0.009511
1 0.5672549999999998 0.365489 0.006793 0.008152
1 0.5726900000000001 0.336277 0.012228 0.009511
1 0.5733700000000002 0.36005400000000004 0.01087 0.008152
1 0.5754079999999999 0.347826 0.009511 0.008152
1 0.576087 0.277174 0.008152 0.01087
1 0.5767659999999999 0.31861399999999995 0.009511 0.006793
1 0.580842 0.310462 0.009511 0.009511
1 0.58356 0.332201 0.006793 0.006793
1 0.58356 0.391984 0.006793 0.006793
1 0.5842389999999998 0.368886 0.005435 0.006793
1 0.584918 0.2927989999999999 0.006793 0.009511
1 0.586277 0.357337 0.009511 0.008152
1 0.587636 0.28328799999999993 0.006793 0.009511
1 0.590353 0.346467 0.009511 0.008152
1 0.5910330000000001 0.336957 0.008152 0.008152
1 0.591712 0.402174 0.006793 0.008152
1 0.593071 0.3865489999999999 0.009511 0.006793
1 0.593071 0.324728 0.006793 0.008152
1 0.594429 0.371603 0.009511 0.006793
1 0.594429 0.30027199999999993 0.006793 0.008152
1 0.5951090000000001 0.31182099999999996 0.008152 0.009511
1 0.5985049999999998 0.430707 0.006793 0.008152
1 0.599185 0.380435 0.008152 0.008152
1 0.5998639999999998 0.349185 0.006793 0.008152
1 0.6019020000000002 0.320652 0.008152 0.008152
1 0.6025819999999998 0.33899499999999994 0.009511 0.009511
1 0.6025819999999998 0.35937499999999994 0.009511 0.006793
1 0.605299 0.39538000000000006 0.006793 0.008152
1 0.6066579999999999 0.410326 0.006793 0.008152
1 0.6093749999999999 0.430027 0.006793 0.009511
1 0.611413 0.38247299999999995 0.008152 0.006793
1 0.612092 0.34714699999999993 0.006793 0.009511
1 0.613451 0.375 0.009511 0.008152
1 0.6141300000000001 0.35869599999999996 0.008152 0.008152
1 0.6141300000000001 0.4490489999999999 0.008152 0.009511
1 0.616168 0.413043 0.006793 0.008152
1 0.6182069999999998 0.391984 0.005435 0.006793
1 0.620245 0.403533 0.006793 0.008152
1 0.620924 0.357337 0.005435 0.008152
1 0.621603 0.461957 0.006793 0.01087
1 0.6222830000000001 0.427989 0.008152 0.005435
1 0.6277170000000001 0.34307099999999996 0.008152 0.006793
1 0.628397 0.4504079999999999 0.009511 0.009511
1 0.628397 0.3851899999999999 0.006793 0.006793
1 0.628397 0.4375 0.006793 0.005435
1 0.6290759999999999 0.476902 0.005435 0.008152
1 0.6297549999999998 0.366168 0.006793 0.009511
1 0.6317930000000002 0.399457 0.008152 0.008152
1 0.6331520000000002 0.46399499999999994 0.008152 0.009511
1 0.633832 0.414402 0.006793 0.005435
1 0.633832 0.44497299999999995 0.006793 0.006793
1 0.6345109999999999 0.425951 0.005435 0.006793
1 0.6358700000000002 0.487772 0.008152 0.008152
1 0.6392659999999999 0.502038 0.009511 0.009511
1 0.641304 0.37975499999999995 0.008152 0.009511
1 0.641304 0.5244570000000001 0.008152 0.008152
1 0.6419839999999999 0.542799 0.009511 0.009511
1 0.641304 0.39334199999999997 0.005435 0.006793
1 0.643342 0.45584199999999997 0.006793 0.009511
1 0.644022 0.43953799999999993 0.008152 0.006793
1 0.64606 0.497283 0.006793 0.008152
1 0.6467390000000001 0.428668 0.008152 0.009511
1 0.6467389999999998 0.5095110000000002 0.005435 0.008152
1 0.648777 0.47214699999999993 0.006793 0.009511
1 0.6494570000000001 0.40692899999999993 0.008152 0.006793
1 0.6521740000000001 0.486413 0.008152 0.008152
1 0.6521740000000001 0.560462 0.008152 0.006793
1 0.6528529999999999 0.42051599999999995 0.009511 0.009511
1 0.6555709999999999 0.5455159999999999 0.009511 0.009511
1 0.655571 0.519701 0.006793 0.006793
1 0.658288 0.43817899999999993 0.009511 0.006793
1 0.656929 0.5326089999999999 0.004076 0.005435
1 0.658967 0.45584199999999997 0.008152 0.006793
1 0.6623640000000001 0.51019 0.006793 0.006793
1 0.6630430000000002 0.5394020000000002 0.008152 0.008152
1 0.6630429999999999 0.46875 0.005435 0.008152
1 0.66644 0.43002700000000005 0.012228 0.012228
1 0.6650820000000001 0.488451 0.006793 0.006793
1 0.6650820000000001 0.561821 0.006793 0.006793
1 0.66712 0.4789399999999999 0.005435 0.006793
1 0.669158 0.4504079999999999 0.009511 0.009511
1 0.6698370000000001 0.5169839999999999 0.008152 0.02038
1 0.671196 0.461957 0.008152 0.008152
1 0.671875 0.502038 0.006793 0.006793
1 0.6732340000000001 0.548913 0.006793 0.01087
1 0.673913 0.581522 0.008152 0.008152
1 0.675951 0.5271740000000001 0.006793 0.008152
1 0.67663 0.441576 0.008152 0.01087
1 0.67663 0.593071 0.008152 0.009511
1 0.67731 0.5142659999999999 0.006793 0.006793
1 0.679348 0.485734 0.008152 0.006793
1 0.680027 0.470109 0.006793 0.008152
1 0.682065 0.571332 0.01087 0.006793
1 0.684783 0.504076 0.008152 0.008152
1 0.686821 0.5896740000000001 0.006793 0.008152
1 0.6875 0.5339670000000001 0.008152 0.008152
1 0.689538 0.550951 0.009511 0.006793
1 0.6888589999999999 0.561821 0.005435 0.006793
1 0.691576 0.582201 0.008152 0.009511
1 0.692255 0.543478 0.006793 0.008152
1 0.6970110000000002 0.566576 0.008152 0.008152
