0 0.23579002463299292 0.7801111055457075 0.011337321737538214 0.011242825052012568
0 0.18422209698220957 0.859291346176811 0.010646944460661514 0.0102875336356785
0 0.14298088654227878 0.8403454656186311 0.010518177695896313 0.01128826970639436
0 0.10792356988658076 0.8533012141352113 0.011682551840077276 0.01087677997091542
0 0.1666276714076166 0.8567583457283352 0.010163856589275856 0.010543864706288214
0 0.19528892765874445 0.852213776629904 0.010171019512674084 0.009927998418393343
0 0.22307187577952511 0.7339280169943103 0.011153283326522163 0.011212887971297554
0 0.12492989457171898 0.8380177332007368 0.011526688285495922 0.011315594548764437
0 0.1683467263760774 0.8104399598163107 0.009770103122877039 0.010454799817956013
0 0.20893872302511465 0.7506821259208347 0.011334750963293987 0.01187233302904212
0 0.21905475077421768 0.8331916435905125 0.009571137635604195 0.009423090064007303
0 0.32517097307288134 0.2179831940194835 0.008537333944569464 0.009315760239310886
0 0.22655884079311206 0.5697658061981201 0.009810012319813604 0.009216951287311056
0 0.1669147325598675 0.7893340898596723 0.009400699449622112 0.010057863981827446
0 0.19816105262092926 0.7779841008393662 0.010474308677341625 0.011303404103154722
0 0.0768780837888303 0.8663450531337571 0.009863869003627611 0.009664908699367357
0 0.2613896494326384 0.7673944597658904 0.011275415835173233 0.011695405711298403
0 0.19405210536459222 0.5771298408508302 0.008530637492304262 0.008906944938327955
0 0.24833834689596426 0.7055756320124087 0.011432647705078125 0.012411076089610224
0 0.11694777530172595 0.8178791585175889 0.008869834568189539 0.01080110798711362
0 0.20579889546269958 0.7096475310947585 0.009705543518066406 0.0095221063365107
0 0.23252326509226923 0.612324455510015 0.00866692999134893 0.00822492267774499
0 0.18641162955242657 0.5676280830217444 0.00935189620308254 0.009339726489523182
0 0.2053513941557511 0.6966197801672894 0.009295173313306726 0.011013528575067934
0 0.2246577639759723 0.7028067274976608 0.0054375199802236315 0.008087418857202605
0 0.3452193413091743 0.23199603868567426 0.006983873636826225 0.007103671198305877
0 0.21787158302638843 0.776681775632112 0.008798267530358356 0.008772311003311821
0 0.1345304302547289 0.8259403394616167 0.008999762327774712 0.009616188381029211
0 0.33223766662785836 0.2615327442089475 0.005910201523995897 0.007409382192722619
0 0.31312283225681464 0.24452468623285706 0.007222009741741678 0.0073984394902768345
0 0.10476352857506793 0.8376657859138821 0.012701200402301292 0.011599374854046364
0 0.15791103632553763 0.8351239743440046 0.010314101758210556 0.011976242065429688
0 0.1818895858267079 0.8026833948881729 0.0100183279617973 0.009062186531398607
0 0.2622767116712487 0.6644808831422226 0.00855018781579059 0.00898500110792077
0 0.18241364022959833 0.8200742472773013 0.010666349659795347 0.009460283362347147
0 0.33732251499010174 0.20748888927957285 0.00817101934681768 0.008707378221594769
0 0.21779632568359375 0.7006156548209813 0.010424696880838146 0.009081923443338146
0 0.3386703574139139 0.23257395495539124 0.0074549965236497965 0.007638288580853006
0 0.21750796359518304 0.6128110989280369 0.008032425590183424 0.008377717888873556
0 0.2374648529550304 0.749485326849896 0.009107320205025051 0.010232303453528362
0 0.21267194742764883 0.5416418945550157 0.005044163115173848 0.0056680216003649605
0 0.20515448114146356 0.524810148322064 0.006957966348399286 0.007292042607846467
0 0.24547787334607996 0.6674573317818022 0.010274949281112007 0.009161658909009851
0 0.24089139440785284 0.6208455666251804 0.00859845202902089 0.009377728337826937
0 0.18951457479725714 0.6300761388695758 0.009686013926630434 0.010361920232358187
0 0.20176312197809637 0.8313773611317511 0.008746499600617783 0.009615359099014946
0 0.21932447474935785 0.6245818656423817 0.00813876027646272 0.008503893147344175
0 0.19408701813739276 0.5514298936595088 0.007765417513640031 0.008142512777577276
0 0.2051037705462912 0.6061217784881592 0.008440888446310291 0.00846794377202573
0 0.1709613800048828 0.7663834613302479 0.009262375209642492 0.010206056677776833
0 0.2291879757590916 0.7700540086497432 0.00932994096175484 0.009417533874511719
0 0.12628998445427936 0.8211822095124619 0.00790547287982443 0.009984638379967731
0 0.19544819126958435 0.8114186784495481 0.009068032969599184 0.01136178555695907
0 0.21721296725065808 0.6481859165689221 0.009281531624172045 0.011185272880222485
0 0.16024982410928476 0.8478729413903277 0.009182121442711872 0.010657600734544836
0 0.2201589771455028 0.6588994525844601 0.005661502410622199 0.0055391169007733285
0 0.21509445180294864 0.6613507677088731 0.0061624046104941975 0.006484526736876843
0 0.24671919449515964 0.7440013470857041 0.009366035461425781 0.01283338795537534
0 0.19403029524761695 0.6275005547896676 0.012310753697934359 0.009717319322668987
0 0.21386341426683508 0.8438173998957095 0.009160000344981318 0.008762815724248472
0 0.20205208529596747 0.7999407104823899 0.009854378907576851 0.009600058845851732
0 0.22497499507406482 0.6773051800935166 0.009014440619427225 0.00805688940960428
0 0.2197489842124607 0.6919862913048785 0.009253812872845194 0.009693892105765965
0 0.1981625971586808 0.5294006181799847 0.007125191066576086 0.009018276048743206
0 0.24348435194596 0.750291637752367 0.01030731201171875 0.011949912361476734
0 0.24960769777712613 0.6575126336968462 0.008783651434856913 0.009077756301216457
0 0.22130423006804092 0.5781986817069675 0.00907723799995754 0.008499352828316067
0 0.3458437919616699 0.22490056701328442 0.006595570108164911 0.006986555845841118
0 0.31326387239539105 0.2527463021485702 0.00708633920420771 0.006581658902375594
0 0.19489467662313711 0.6014861334925112 0.007401404173477837 0.008267174596371859
0 0.21326103417769723 0.6204544979593029 0.006875432055929432 0.008485959923785666
0 0.0702103272728298 0.8766105485999067 0.0068975531536599865 0.009293431821076767
0 0.18895156487174655 0.5926687406456989 0.006930703702180282 0.0068915823231572694
0 0.3358742079862471 0.2581234583679042 0.005910201523995897 0.007409382192722619
0 0.33132853128826106 0.25357774391317967 0.005910201523995897 0.007409382192722619
0 0.32541915158087925 0.24516817217193954 0.005910201523995897 0.007409382192722619
0 0.33041939594866393 0.2442590292809947 0.005910201523995897 0.007409382192722619
0 0.3301921121137646 0.21312088526613251 0.005910201523995897 0.007409382192722619
0 0.3245100162412821 0.25141852954718535 0.005910201523995897 0.007636667915458359
0 0.32769198992987225 0.2584643869520082 0.005910201523995897 0.007636667915458359
0 0.20259700658688334 0.5407880789173889 0.005044163115173848 0.0056680216003649605
0 0.2063537641885247 0.5512046296964342 0.005044163115173848 0.0056680216003649605
0 0.1986694872760765 0.5582059179249728 0.005044163115173848 0.0056680216003649605
0 0.2003771043677316 0.5658902586636128 0.005044163115173848 0.0056680216003649605
0 0.20789061957101432 0.5602550754552766 0.005044163115173848 0.0056680216003649605
0 0.2102812834993315 0.5650364430259859 0.005044163115173848 0.0056680216003649605
0 0.2152333730651314 0.5677686530663911 0.005044163115173848 0.0056680216003649605
0 0.2142088028101383 0.5594012598176497 0.005044163115173848 0.0056680216003649605
0 0.2154041347742969 0.5751114675499803 0.005044163115173848 0.0056680216003649605
0 0.20993976008100035 0.579551308865639 0.005044163115173848 0.0056680216003649605
0 0.206183002479359 0.5822835189060442 0.005044163115173848 0.0056680216003649605
0 0.20481690880603481 0.589455570262108 0.005044163115173848 0.0056680216003649605
0 0.2005478660768969 0.5952615165979693 0.005044163115173848 0.0056680216003649605
0 0.22189307972258634 0.5899678596446839 0.005044163115173848 0.0056680216003649605
0 0.22377145852340705 0.5947492272153931 0.005044163115173848 0.0056680216003649605
0 0.20157243633188993 0.5752822306775051 0.005044163115173848 0.0056680216003649605
0 0.2376349974127968 0.6464943756141692 0.0061624046104941975 0.006484526736876843
0 0.2427578486877623 0.6374439298553266 0.0061624046104941975 0.006484526736876843
0 0.23678118886696925 0.6357362985800732 0.0061624046104941975 0.006484526736876843
0 0.23661042715780367 0.6299303522442119 0.0061624046104941975 0.006484526736876843
0 0.23097529075534162 0.6251489846735024 0.0061624046104941975 0.006484526736876843
0 0.23012148220951406 0.6328333254121425 0.0061624046104941975 0.006484526736876843
0 0.22465710751621756 0.6341994304323451 0.0061624046104941975 0.006484526736876843
0 0.22499863093454858 0.6394930873856305 0.0061624046104941975 0.006484526736876843
0 0.23029224391867958 0.6422252974260358 0.0061624046104941975 0.006484526736876843
0 0.2299513769601033 0.7028067274976608 0.0054375199802236315 0.008087418857202605
0 0.22926833012344122 0.685047362235026 0.0054375199802236315 0.008087418857202605
0 0.21072811170928568 0.8280474801450055 0.005160503708142419 0.006029333420980141
0 0.20816668607180294 0.8157525349631811 0.005160503708142419 0.006029333420980141
0 0.2126064905101063 0.8099465886273195 0.005160503708142419 0.006029333420980141
0 0.209191256326796 0.7925287496197353 0.005160503708142419 0.006029333420980141
0 0.20509297530682363 0.7870643295389246 0.005160503708142419 0.006029333420980141
0 0.2112403968367822 0.7834783038608925 0.005160503708142419 0.006029333420980141
0 0.1758927230395204 0.8386347940515755 0.005160503708142419 0.006029333420980141
0 0.16803768441790662 0.8446115035149618 0.005160503708142419 0.006029333420980141
0 0.183064714824472 0.8480267660654686 0.005160503708142419 0.006029333420980141
0 0.16872073125456866 0.8324873214606631 0.005160503708142419 0.006029333420980141
0 0.17794186354950653 0.8300966376753084 0.005160503708142419 0.006029333420980141
0 0.1692330163820652 0.8254860332321242 0.005160503708142419 0.006029333420980141
0 0.1642809268162652 0.8236076388293455 0.005160503708142419 0.006029333420980141
0 0.1839185233702995 0.8294135851652067 0.005160503708142419 0.006029333420980141
0 0.2061175455618166 0.8323165583331372 0.005160503708142419 0.006029333420980141
0 0.21448486931092683 0.8350487683735426 0.005160503708142419 0.006029333420980141
0 0.23336661114341356 0.6765092058587594 0.0054375199802236315 0.008087418857202605
0 0.2362695601992273 0.6852181253625516 0.0054375199802236315 0.008087418857202605
0 0.2555656333349306 0.6623358662741565 0.0054375199802236315 0.008087418857202605
