0 0.7086221031520676 0.4418477182802947 0.008741876353388247 0.009296334308126698
0 0.5446955121081808 0.423915199611498 0.00898122787475586 0.008825861889383068
0 0.5545343212459398 0.4066954436509505 0.008694296297819717 0.008245291917220406
0 0.8035090073295262 0.5195584919141687 0.007423483807107677 0.007561061693274457
0 0.5656479234280793 0.4009203988572825 0.00942862552145253 0.009896428688712742
0 0.5190079419509225 0.4063706683075946 0.009191285008969515 0.009011253066684889
0 0.385574423748514 0.47227702451788867 0.00930122707201087 0.009503022484157396
0 0.7623613191687543 0.49478080998296325 0.008755725363026495 0.0081475713978643
0 0.7748111849245818 0.47400266709535016 0.007361743761145551 0.007962278697801672
0 0.6859828492869501 0.45446578316066577 0.008327608523161514 0.008551390274711277
0 0.764620884605076 0.5199179338372272 0.006707937821097996 0.007758990578029467
0 0.8009748044221299 0.4860104892564857 0.0075433979863705845 0.008173362068507982
0 0.7222339381342349 0.4374674714129904 0.008583483488663383 0.009683152903681215
0 0.7485458747200344 0.4848355417666228 0.009210213370945143 0.009083042974057405
0 0.761151873547098 0.5084771384363589 0.007639967876931896 0.007946283920951511
0 0.4612653099972268 0.47356415831524395 0.008642787518708603 0.008407613505487856
0 0.8889088423355765 0.5663498380909795 0.008100841356360394 0.008677067963973335
0 0.5138293141904083 0.4179255858711574 0.009242596833602242 0.009710809458856997
0 0.8450809561687967 0.5577650484831437 0.00702766750169837 0.0072699007780655574
0 0.4624609895374464 0.4520753570224928 0.007930330608202063 0.009078274602475374
0 0.6661505699157715 0.3931450895641161 0.012890235237453296 0.012809950372447138
0 0.7049578998399817 0.4582771270171456 0.008643067401388416 0.009033192758974821
0 0.516012015550033 0.44394751217054285 0.009084763734237007 0.009116255718728771
0 0.3504539987315302 0.4534746252972146 0.010616053705630095 0.009642393692680027
0 0.41697672139043396 0.44937610626220703 0.010998186857804008 0.010134240855341372
0 0.36095938216085016 0.43803480397100036 0.009305793306101923 0.009723995042883831
0 0.6104226319686227 0.45443433264027466 0.0077752652375594426 0.008109092712402344
0 0.7763200635495393 0.49409370837004296 0.008067711539890455 0.008152215377144192
0 0.7183972856272822 0.4759974583335545 0.007830619812011719 0.008443521416705587
0 0.7241953352223272 0.5001268179520316 0.008905203446097996 0.010859572369119396
0 0.7003940706667693 0.4792652181957079 0.007717837458071502 0.007911194925722868
0 0.605610173681508 0.4619796172432277 0.009454996689506199 0.008684158325195312
0 0.8535256385803224 0.5817835538283639 0.00731057706086532 0.007887653682542883
0 0.6968120284702468 0.45395852690157684 0.008764723072881285 0.00988565320553987
0 0.5983651513638704 0.40118890223295794 0.010083426599917204 0.011282609856646995
0 0.6297422699306322 0.43283349016438366 0.009447139242421026 0.008657590202663256
0 0.6137784563976786 0.43166675774947455 0.00903338971345321 0.009712861931842306
0 0.8935203966887102 0.6014217501101287 0.0071617624034052306 0.005820274353027344
0 0.8789887013642683 0.5923724796461023 0.006777929223102072 0.00720878269361413
0 0.5372906871463942 0.4215538501739502 0.010132976200269617 0.00922356481137483
0 0.6314739766328232 0.4543876855269723 0.008470866991126019 0.008406100065811821
0 0.5266096799269967 0.39601267939028534 0.008592460466467815 0.009320881055748981
0 0.6155051252116328 0.46348256131877064 0.007801698601764181 0.008634577626767366
0 0.8757778250652811 0.6029606902081034 0.007625496905782948 0.007333796957264776
0 0.4671865908995919 0.365287096604057 0.009018162022466246 0.008930703868036684
0 0.4756899501966393 0.4428850049557893 0.009405094644297724 0.010111228279445484
0 0.45112158422884735 0.47362611604773475 0.009254051291424295 0.009208637735118036
0 0.42645895999410877 0.4006904493207517 0.008011569147524626 0.008618152659872303
0 0.5209829185319983 0.4347314990085105 0.009579223135243292 0.009271113768867825
0 0.6252384704092274 0.4717682651851488 0.008584665215533712 0.008124579554018766
0 0.3977642888608186 0.44574107812798547 0.009408867877462635 0.009202698002690855
0 0.8453621035036833 0.5431896707286006 0.006855384163234545 0.008477584175441576
0 0.8355077038640562 0.5753206792085067 0.008214577384617018 0.006681317868440047
0 0.9024374381355618 0.6025114888730257 0.007867439933445143 0.006651505180027174
0 0.5451185392296832 0.40202974236529804 0.009300563646399456 0.011469965395720108
0 0.816838782766591 0.5518140378205673 0.008254299993100374 0.0070111647896144704
0 0.4518941900004511 0.3552804952082427 0.010270326033882473 0.009621148524077042
0 0.7064676699431047 0.4735108251157014 0.010991552601689878 0.01004003441852072
0 0.3925210703974185 0.4185391457184502 0.010786471159561821 0.011737709460051163
0 0.4292406154715497 0.3753736200539962 0.007799718690955121 0.007351839024087658
0 0.3724905718927798 0.46335813273554266 0.007915870003078295 0.008326323136039402
0 0.6115147341852603 0.4265328801196555 0.011097410450810972 0.01179572810297427
0 0.6157793065775996 0.4827468498893407 0.008369673853335173 0.009809535482655401
0 0.5682882122371509 0.3402564616306968 0.009152267290198284 0.009692039178765339
0 0.43544105343196704 0.35341238586798956 0.00941845645075259 0.010701892168625542
0 0.362303754557734 0.4812237646268761 0.008502421171768852 0.008401798165362814
0 0.4369599145391714 0.3651081595731819 0.008848718974901281 0.00811286335406096
0 0.8565396640611732 0.5943357115206511 0.007005567136018172 0.006005764007568359
0 0.6215211308520773 0.4606800701307213 0.0072015886721403695 0.006299765213676121
0 0.643379667530889 0.48172092437744135 0.00574692435886549 0.0058228036631708556
0 0.36501359939575195 0.47144164209780487 0.00794870957084324 0.00909423828125
0 0.7318970016811204 0.44805577526921814 0.008390468099842901 0.00849207587864088
0 0.5487631300221318 0.38427268940469494 0.010066073873768682 0.009745411250902258
0 0.8087150532266368 0.539688255475915 0.008448351984438688 0.008303186167841372
0 0.34043470672939136 0.4746279509171195 0.008745877639107082 0.007885228032651155
0 0.5194829028585682 0.36956542212030163 0.009031254312266474 0.00956118106842041
0 0.30551670945209003 0.4454849284628164 0.008291887200396994 0.008176927981169327
0 0.5148486158122187 0.4312343234601228 0.009325918943985649 0.010513150173684826
0 0.8971189830614172 0.5934827120407767 0.008654801741890285 0.006909557010816492
0 0.7937883086826489 0.4985509540723717 0.007239673448645551 0.007643367933190387
0 0.5881024236264436 0.09396753103836725 0.009150546530018682 0.008900435074515965
0 0.3861351842465608 0.4345634709233823 0.009137609730596128 0.008826380190641983
0 0.430995656096417 0.41664612811544666 0.007776104885598888 0.009838850601859715
0 0.4673596568729566 0.40622032984443335 0.00990989933843198 0.009180530257846998
0 0.4454094793485559 0.16663288033526874 0.007738185965496561 0.008480673250944717
0 0.47637083219445264 0.3522439028905785 0.007657548655634341 0.008282371189283289
0 0.4093999318454577 0.3574165209479955 0.007828531057938286 0.007835393366606339
0 0.3491240998973017 0.4420704167822133 0.009627425152322521 0.00972350783970045
0 0.8472161085709281 0.5680717799974524 0.006606723951256793 0.0063601784084154215
0 0.39411188208538556 0.4838390972303308 0.008637055106784986 0.008367662844450577
0 0.47834484991819964 0.37922122167504346 0.008662337842194931 0.009735428768655529
0 0.44330683998439624 0.3606998557629793 0.009088018666143003 0.008528833803923233
0 0.5017991584280262 0.42482482350390893 0.008661705514659052 0.008379075838171917
0 0.6682822186013927 0.5138923810875934 0.011432315992272419 0.010326634282651155
0 0.3179996324622113 0.4400337675343389 0.008824597234311312 0.009168500485627548
0 0.44844878238180413 0.4312880972157354 0.010670993639075237 0.009400077488111414
0 0.6529799440632696 0.13479626178741452 0.01151269415150518 0.010513378226238747
0 0.4604692044465438 0.4246699239896692 0.011310328607973845 0.012439779613329016
0 0.6356260776519775 0.1335569775622824 0.008561818496040676 0.008950979813285496
0 0.627944441085175 0.4048562118200688 0.007452925425156828 0.006004917294471095
0 0.8162711806919265 0.5311420378477677 0.006547886392344599 0.006549482760222062
0 0.36878811794778577 0.5014148795086405 0.00945518327795941 0.008821653283160666
0 0.4511548747187075 0.4140090268591176 0.008232199627420177 0.008423152177230171
0 0.4781163006341048 0.3212528073344778 0.006398781486179518 0.006040805221899696
0 0.8087506294250488 0.5088216947472614 0.009318932243015455 0.0070338871168053665
0 0.47703420597573987 0.36504929739495995 0.008255398791769276 0.008748826773270317
0 0.45549409285835596 0.16001722087030829 0.0069635640019955845 0.0077596540036408805
0 0.33981941575589386 0.4942003955011782 0.007913268130758534 0.008236802142599354
0 0.40196520349253784 0.5075375722802203 0.007658709650454314 0.008839690166970959
0 0.46787729988927423 0.16675307958022412 0.006356063096419624 0.005514590636543606
0 0.33515292665232777 0.4646317129549773 0.009094507797904636 0.00882051302039105
0 0.3798583072164785 0.49648707845936646 0.010731904403023098 0.010753299878991169
0 0.8156144929968793 0.5720065883968186 0.006501488063646399 0.0063106080760126524
0 0.344521107233089 0.4612346524777619 0.007433120323264081 0.007259907929793648
0 0.6485854853754458 0.5046244807865308 0.010155138762100883 0.009581918301789658
0 0.46263769398564875 0.4359450443931248 0.009462978528893513 0.010478330695110817
0 0.4748448703600012 0.16019596742547076 0.005773171134617018 0.005359660024228303
0 0.3248170281800887 0.46515707347704016 0.007542405844382618 0.00803536954133407
0 0.4237955964129904 0.36103841403256287 0.008553587872049084 0.008149802684783936
0 0.9270172533781633 0.6014865274014681 0.00905683766240659 0.007429392441459324
0 0.5738662636798361 0.10817530880803647 0.007808519446331522 0.00727925093277641
0 0.8214938122293224 0.5181262596793796 0.007746986720872961 0.0077230204706606655
0 0.793581775996996 0.5211107523544974 0.006819559180218241 0.005914625914200493
0 0.7647926911063816 0.48395751870196796 0.0073034037714419155 0.00768174295840056
0 0.8291229787080183 0.5638711763464886 0.006836476533309273 0.006751309270444123
0 0.4272265226944634 0.4304912504942521 0.013087562892747961 0.010436161704685375
0 0.638124424478282 0.4667954289394876 0.007721403370732846 0.006862215373827063
0 0.8628489660180132 0.580144156580386 0.007572547249172045 0.0076231749161430025
0 0.6900073756342349 0.4624536555746328 0.007854212885317595 0.00831815470819888
0 0.33735289910565247 0.4154811734738557 0.007425388564234195 0.006771377895189367
0 0.49337574710016663 0.4110918744750645 0.01444188408229662 0.01295073654340661
0 0.6665495374928351 0.15608188898667044 0.009221491606339165 0.008382392966228983
0 0.4867969388547151 0.1716230744900911 0.006142533343771229 0.006117841471796451
0 0.4877501777980639 0.38759784853976703 0.010033731875212296 0.009437037550884745
0 0.3527560441390327 0.5243569664333178 0.009030134781547215 0.009104853091032608
0 0.6939705351124639 0.4737755993138189 0.007670734239661176 0.009061098098754883
0 0.4756715245868849 0.4041549122851828 0.007871990618498428 0.00815855938455333
0 0.3428143593280212 0.4300661864488021 0.008857785359672878 0.009859841802845831
0 0.874927106110946 0.5856575654900592 0.0068489572276239806 0.006163410518480383
0 0.4215397627457328 0.43208914217741595 0.00983453833538553 0.009088018666143003
0 0.3687601918759553 0.43074217568273127 0.009521650231402853 0.009520644726960556
0 0.4050323030223017 0.5196964222451915 0.008784625841223675 0.007082690363344939
0 0.3981308522431746 0.3539430045563241 0.008541646211043648 0.007648309935694156
0 0.7310862126557722 0.45853888470193616 0.009762929833453634 0.00877405249554178
0 0.5187561408333157 0.3580191925815914 0.00770004935886549 0.008523326853047247
0 0.3772404064302859 0.426681373430335 0.007349828015203061 0.007108398105787195
0 0.8281512882398523 0.5554780338121497 0.0071873042894446335 0.007878303527832031
0 0.44388509833294415 0.45186211751854943 0.008046440456224524 0.007973981940228006
0 0.3557503184546595 0.5222952262214993 0.0071228302043417225 0.006855384163234545
0 0.8438238682954209 0.5317934699680494 0.00711221280305282 0.006779380466627039
0 0.32588554465252423 0.38249266665914783 0.007516073144000509 0.007796950962232508
0 0.4039639338203099 0.4909497758616571 0.007586012715878694 0.006795592930005945
0 0.29451188833817193 0.5347113609313964 0.008263152578602667 0.008608154628587805
0 0.4192592786706012 0.5073805891949198 0.012155532836914062 0.01090767072594684
0 0.3916110525960508 0.37091203617013013 0.008318227270375128 0.007389747578164806
0 0.7141224253655212 0.4484480956685545 0.008741876353388247 0.009296334308126698
0 0.718247667025611 0.4456979384234462 0.008741876353388247 0.009296334308126698
0 0.7193477314683016 0.4613738347205632 0.008741876353388247 0.009296334308126698
0 0.7259481181244457 0.47402455804806126 0.008741876353388247 0.009296334308126698
0 0.7374987947726983 0.47402455804806126 0.008741876353388247 0.009296334308126698
0 0.7388738753260615 0.48117496688534267 0.008741876353388247 0.009296334308126698
0 0.775176001934855 0.4836501084059401 0.008741876353388247 0.009296334308126698
0 0.7849877931411232 0.4999260326949259 0.007239673448645551 0.007643367933190387
0 0.8047889531095561 0.49910098552139337 0.007239673448645551 0.007643367933190387
0 0.7855378253624685 0.5087265358792723 0.007239673448645551 0.007643367933190387
0 0.7921382120186129 0.5150518975430213 0.007239673448645551 0.007643367933190387
0 0.7847127770304505 0.5194521491351946 0.007239673448645551 0.007643367933190387
0 0.7797624870383423 0.5095515830528047 0.007239673448645551 0.007643367933190387
0 0.7704119392754714 0.513676818920467 0.007239673448645551 0.007643367933190387
0 0.7745371809355615 0.512301740297913 0.007239673448645551 0.007643367933190387
0 0.7753622292675793 0.518627101961662 0.007239673448645551 0.007643367933190387
0 0.8146895330937722 0.5098265987773154 0.007239673448645551 0.007643367933190387
0 0.8078141303269553 0.49057549806155754 0.007239673448645551 0.007643367933190387
0 0.8141395008724267 0.48892540371449256 0.007239673448645551 0.007643367933190387
0 0.8486189821220294 0.5761128963111138 0.0056256963603060275 0.006751957892397425
0 0.8436686921299209 0.5774879749336681 0.0056256963603060275 0.006751957892397425
0 0.8301929027069598 0.5706125818208975 0.0056256963603060275 0.006751957892397425
0 0.8230424838294701 0.5670373774022568 0.0056256963603060275 0.006751957892397425
0 0.8183672099480346 0.541185899298239 0.0056256963603060275 0.006751957892397425
0 0.8230424838294701 0.5395358049511741 0.0056256963603060275 0.006751957892397425
0 0.8238675321614882 0.5293602231442736 0.0056256963603060275 0.006751957892397425
0 0.8310179510389779 0.5205597199599272 0.0056256963603060275 0.006751957892397425
0 0.8367932893631044 0.5186346098883514 0.0056256963603060275 0.006751957892397425
0 0.8224924516081252 0.5081840123569401 0.0056256963603060275 0.006751957892397425
0 0.8194672743907258 0.5048838236628101 0.0056256963603060275 0.006751957892397425
0 0.8246925804935066 0.5013086192441694 0.0056256963603060275 0.006751957892397425
0 0.8326680477030144 0.5013086192441695 0.0056256963603060275 0.006751957892397425
0 0.8293678543749422 0.49498325758042055 0.0056256963603060275 0.006751957892397425
0 0.8252426127148521 0.4947082418559097 0.0056256963603060275 0.006751957892397425
0 0.822767467718798 0.48948294309020407 0.0056256963603060275 0.006751957892397425
0 0.8307429349283055 0.5123092482246026 0.0056256963603060275 0.006751957892397425
0 0.8400934826911766 0.5070839494588969 0.0056256963603060275 0.006751957892397425
0 0.8362432571417591 0.511759216775581 0.0056256963603060275 0.006751957892397425
0 0.8439437082405941 0.513409311122646 0.0056256963603060275 0.006751957892397425
0 0.8290928382642696 0.5241349243785681 0.0056256963603060275 0.006751957892397425
0 0.829642870485615 0.5279851445217196 0.0056256963603060275 0.006751957892397425
0 0.8420185954658855 0.5378857106041094 0.0056256963603060275 0.006751957892397425
0 0.8403684988018496 0.5472362452374775 0.0056256963603060275 0.006751957892397425
0 0.91022259091271 0.5948139655778505 0.0056256963603060275 0.006751957892397425
0 0.6378793453174354 0.47869575140782233 0.00574692435886549 0.0058228036631708556
0 0.6384293775387808 0.5009720250931992 0.00574692435886549 0.0058228036631708556
0 0.643379667530889 0.49904691502162346 0.00574692435886549 0.0058228036631708556
0 0.6453047803055979 0.4929965690823852 0.00574692435886549 0.0058228036631708556
0 0.6301788942186006 0.4715453425705408 0.00574692435886549 0.0058228036631708556
0 0.6414545547561805 0.4748455312646706 0.00574692435886549 0.0058228036631708556
0 0.627944441085175 0.41008151058577463 0.007452925425156828 0.006004917294471095
0 0.4753661395273781 0.3146524299462179 0.006398781486179518 0.006040805221899696
0 0.47949138118746837 0.3281282004472485 0.006398781486179518 0.006040805221899696
0 0.4819665261835225 0.33225343631491083 0.006398781486179518 0.006040805221899696
0 0.48911694506101205 0.3325284520394218 0.006398781486179518 0.006040805221899696
0 0.49516729949581095 0.3314283891413784 0.006398781486179518 0.006040805221899696
0 0.49214212227841153 0.32482801175311854 0.006398781486179518 0.006040805221899696
0 0.5009426378199372 0.3229029016815428 0.006398781486179518 0.006040805221899696
0 0.5427450866421843 0.3460042225404523 0.006398781486179518 0.006040805221899696
0 0.5036927989266641 0.3795561409307732 0.006398781486179518 0.006040805221899696
0 0.4935172028317749 0.3757059207876216 0.006398781486179518 0.006040805221899696
0 0.48306659062621304 0.3913818170847387 0.006398781486179518 0.006040805221899696
0 0.47949138118746826 0.38890667556414116 0.006398781486179518 0.006040805221899696
0 0.4775662684127595 0.39660711585044434 0.006398781486179518 0.006040805221899696
0 0.46794070453921577 0.3949570215033794 0.006398781486179518 0.006040805221899696
