0 0.7153529999999999 0.987092 0.009511 0.006793
0 0.7262230000000001 0.97894 0.012228 0.006793
0 0.7248640000000001 0.9836959999999999 0.006793 0.005435
0 0.7248640000000001 0.987772 0.006793 0.005435
0 0.7275820000000001 0.972147 0.006793 0.009511
0 0.7330160000000001 0.987772 0.006793 0.005435
0 0.7350540000000001 0.971467 0.008152 0.01087
0 0.7404889999999998 0.9782610000000002 0.01087 0.008152
0 0.741848 0.987092 0.008152 0.006793
0 0.749321 0.9673910000000001 0.006793 0.008152
0 0.75 0.9802990000000001 0.008152 0.006793
0 0.7554350000000001 0.973505 0.008152 0.009511
0 0.7561139999999998 0.963315 0.009511 0.008152
0 0.7561140000000001 0.9802990000000001 0.006793 0.006793
0 0.757473 0.987772 0.006793 0.005435
0 0.76087 0.955842 0.008152 0.006793
0 0.764946 0.9626360000000002 0.008152 0.006793
0 0.765625 0.9470110000000002 0.009511 0.008152
0 0.765625 0.9544840000000001 0.006793 0.006793
0 0.765625 0.987092 0.006793 0.006793
0 0.77106 0.9701089999999999 0.009511 0.01087
0 0.7717389999999998 0.9830160000000001 0.005435 0.006793
0 0.773777 0.966033 0.009511 0.008152
0 0.775815 0.929348 0.01087 0.008152
0 0.775815 0.9361409999999999 0.008152 0.005435
0 0.7771740000000001 0.9490490000000001 0.008152 0.006793
0 0.7778529999999999 0.9592390000000001 0.009511 0.008152
0 0.777174 0.9436140000000001 0.005435 0.006793
0 0.779212 0.9802990000000001 0.009511 0.006793
0 0.779212 0.987772 0.006793 0.005435
0 0.78125 0.966033 0.008152 0.008152
0 0.7826089999999999 0.9334240000000001 0.01087 0.008152
0 0.7826090000000001 0.970788 0.008152 0.006793
0 0.7826090000000001 0.9442930000000002 0.008152 0.008152
0 0.783967 0.9375 0.008152 0.008152
0 0.783967 0.9775820000000001 0.005435 0.006793
0 0.785326 0.922554 0.008152 0.01087
0 0.786005 0.9538040000000001 0.009511 0.008152
0 0.786685 0.932065 0.01087 0.008152
0 0.786685 0.9279890000000001 0.01087 0.008152
0 0.786685 0.9802990000000001 0.005435 0.006793
0 0.788723 0.963995 0.006793 0.006793
0 0.789402 0.939538 0.008152 0.006793
0 0.79144 0.9592390000000001 0.006793 0.008152
0 0.7927990000000001 0.981658 0.006793 0.006793
0 0.793478 0.988451 0.008152 0.004076
0 0.794158 0.9150819999999998 0.009511 0.009511
0 0.794837 0.9701090000000001 0.01087 0.008152
0 0.7948370000000001 0.930027 0.008152 0.006793
0 0.7948370000000001 0.9388590000000001 0.008152 0.008152
0 0.7948370000000001 0.9341029999999999 0.008152 0.009511
0 0.7955159999999999 0.951087 0.009511 0.005435
0 0.7955160000000001 0.9544840000000001 0.006793 0.006793
0 0.798913 0.94769 0.01087 0.006793
0 0.798913 0.9660329999999999 0.008152 0.005435
0 0.799592 0.9775820000000001 0.006793 0.006793
0 0.800272 0.953804 0.005435 0.005435
0 0.800951 0.961277 0.006793 0.006793
0 0.8029890000000001 0.987092 0.008152 0.006793
0 0.8036680000000002 0.965353 0.006793 0.006793
0 0.805027 0.9823370000000001 0.009511 0.008152
0 0.8084240000000001 0.9782609999999999 0.008152 0.005435
0 0.8091029999999999 0.9599180000000002 0.009511 0.006793
0 0.8111409999999999 0.9388589999999999 0.01087 0.01087
0 0.810462 0.9517659999999999 0.006793 0.009511
0 0.8111410000000001 0.969429 0.008152 0.009511
0 0.814538 0.9544840000000001 0.006793 0.006793
0 0.8165759999999999 0.988451 0.01087 0.004076
0 0.8158970000000001 0.961277 0.006793 0.006793
0 0.817935 0.942935 0.01087 0.01087
0 0.817255 0.9782609999999999 0.006793 0.01087
0 0.8192929999999999 0.901495 0.01087 0.009511
0 0.8192929999999999 0.956522 0.005435 0.005435
0 0.8213319999999998 0.878397 0.009511 0.009511
0 0.8220109999999999 0.887228 0.01087 0.008152
0 0.82337 0.97962 0.01087 0.008152
0 0.824049 0.9130430000000002 0.009511 0.008152
0 0.825408 0.9198370000000001 0.009511 0.008152
0 0.826087 0.942935 0.01087 0.01087
0 0.826087 0.970788 0.01087 0.006793
0 0.825408 0.952446 0.006793 0.008152
0 0.827446 0.960598 0.008152 0.008152
0 0.8288040000000001 0.8947009999999999 0.008152 0.009511
0 0.8308420000000001 0.92731 0.012228 0.006793
0 0.830163 0.8845109999999999 0.008152 0.01087
0 0.8315220000000001 0.984375 0.008152 0.006793
0 0.8322009999999999 0.9232340000000001 0.009511 0.006793
0 0.83356 0.875 0.009511 0.008152
0 0.83356 0.934783 0.009511 0.008152
0 0.83356 0.9442929999999999 0.009511 0.01087
0 0.83356 0.890625 0.006793 0.009511
0 0.83356 0.965353 0.006793 0.006793
0 0.8342390000000001 0.9782610000000002 0.008152 0.008152
0 0.8349179999999999 0.9544840000000001 0.009511 0.006793
0 0.8376360000000002 0.969429 0.006793 0.009511
0 0.838995 0.91712 0.009511 0.005435
0 0.8396740000000001 0.936821 0.008152 0.006793
0 0.841033 0.9850540000000001 0.01087 0.008152
0 0.840353 0.9436139999999998 0.006793 0.009511
0 0.840353 0.9320649999999999 0.006793 0.005435
0 0.841033 0.8817930000000002 0.008152 0.008152
0 0.841033 0.9510870000000001 0.008152 0.008152
0 0.8423909999999999 0.859375 0.01087 0.009511
0 0.8430709999999999 0.921875 0.009511 0.006793
0 0.84375 0.925951 0.008152 0.006793
0 0.84375 0.877038 0.008152 0.006793
0 0.844429 0.887228 0.009511 0.008152
0 0.84375 0.969429 0.005435 0.009511
0 0.8451090000000001 0.871603 0.008152 0.006793
0 0.845788 0.9599180000000002 0.006793 0.006793
0 0.847147 0.8947009999999999 0.009511 0.009511
0 0.8471470000000001 0.9096470000000001 0.006793 0.004076
0 0.847826 0.934783 0.008152 0.008152
0 0.848505 0.97962 0.009511 0.01087
0 0.849185 0.9130429999999999 0.01087 0.005435
0 0.8491850000000001 0.9408970000000001 0.008152 0.006793
0 0.8498640000000001 0.8817930000000002 0.006793 0.008152
0 0.8505430000000002 0.953125 0.008152 0.009511
0 0.8525820000000001 0.9626360000000002 0.012228 0.006793
0 0.851223 0.86413 0.006793 0.01087
0 0.8525819999999998 0.9701090000000001 0.009511 0.008152
0 0.8525819999999998 0.904212 0.009511 0.009511
0 0.8525820000000001 0.921875 0.006793 0.009511
0 0.85462 0.8756790000000001 0.01087 0.012228
0 0.855299 0.88519 0.009511 0.009511
0 0.856658 0.913723 0.009511 0.009511
0 0.856658 0.934783 0.006793 0.013587
0 0.856658 0.952446 0.006793 0.01087
0 0.8580159999999999 0.9055709999999999 0.009511 0.009511
0 0.858696 0.980978 0.01087 0.008152
0 0.859375 0.921875 0.009511 0.009511
0 0.860054 0.8654889999999998 0.01087 0.013587
0 0.8600540000000001 0.8913040000000001 0.008152 0.008152
0 0.861413 0.9741850000000001 0.01087 0.008152
0 0.862772 0.882473 0.01087 0.009511
0 0.8627720000000001 0.945652 0.008152 0.01087
0 0.8634509999999999 0.9361409999999999 0.009511 0.01087
0 0.862772 0.960598 0.005435 0.013587
0 0.86481 0.921875 0.009511 0.009511
0 0.8661679999999999 0.866848 0.009511 0.01087
0 0.866848 0.8994570000000001 0.01087 0.008152
0 0.866848 0.914402 0.008152 0.008152
0 0.869565 0.9619569999999998 0.008152 0.01087
0 0.870245 0.8736409999999999 0.009511 0.01087
0 0.870245 0.9048909999999999 0.009511 0.01087
0 0.8716029999999999 0.982337 0.009511 0.01087
0 0.872283 0.888587 0.01087 0.01087
0 0.875 0.891304 0.01087 0.01087
0 0.875 0.949728 0.008152 0.01087
0 0.875679 0.866848 0.009511 0.01087
0 0.875679 0.8994569999999998 0.009511 0.01087
0 0.8763589999999999 0.8811139999999998 0.01087 0.009511
0 0.877717 0.9313859999999999 0.01087 0.009511
0 0.879755 0.9619569999999998 0.014946 0.01087
0 0.878397 0.8491850000000001 0.009511 0.008152
0 0.878397 0.908288 0.009511 0.012228
0 0.8790759999999999 0.919158 0.01087 0.009511
0 0.879076 0.981658 0.008152 0.009511
0 0.879755 0.860054 0.009511 0.01087
0 0.8811139999999998 0.838995 0.009511 0.009511
0 0.882473 0.8532609999999999 0.009511 0.01087
0 0.8838319999999998 0.8947009999999999 0.009511 0.009511
0 0.88519 0.875679 0.012228 0.009511
0 0.88587 0.9748639999999998 0.013587 0.009511
0 0.8838320000000001 0.9211959999999999 0.006793 0.005435
0 0.886549 0.908967 0.009511 0.008152
0 0.886549 0.9313860000000002 0.009511 0.006793
0 0.886549 0.8892659999999999 0.009511 0.009511
0 0.888587 0.869565 0.01087 0.01087
0 0.8892659999999999 0.953804 0.009511 0.01087
0 0.889946 0.923913 0.01087 0.008152
0 0.890625 0.8580160000000001 0.009511 0.006793
0 0.891304 0.8220109999999999 0.01087 0.013587
0 0.8919840000000001 0.8498639999999998 0.012228 0.009511
0 0.8919839999999999 0.905571 0.009511 0.006793
0 0.892663 0.838995 0.01087 0.009511
0 0.892663 0.887228 0.01087 0.008152
0 0.894022 0.879076 0.01087 0.008152
0 0.894022 0.91712 0.01087 0.008152
0 0.894701 0.8967389999999998 0.012228 0.01087
0 0.893342 0.9313859999999999 0.006793 0.009511
0 0.89606 0.9415759999999999 0.006793 0.01087
0 0.898098 0.919158 0.01087 0.009511
0 0.900815 0.951087 0.01087 0.01087
0 0.9014950000000002 0.8654890000000001 0.012228 0.008152
0 0.9014950000000002 0.966033 0.012228 0.008152
0 0.903533 0.872283 0.013587 0.008152
0 0.9028529999999999 0.974185 0.009511 0.01087
0 0.902853 0.8838319999999998 0.006793 0.009511
0 0.904212 0.855978 0.009511 0.008152
0 0.904212 0.9130429999999999 0.006793 0.01087
0 0.9048910000000001 0.9313860000000002 0.008152 0.006793
0 0.9055709999999999 0.846467 0.009511 0.01087
0 0.9069290000000001 0.828804 0.012228 0.013587
0 0.908288 0.898098 0.009511 0.008152
0 0.908967 0.9259509999999999 0.008152 0.009511
0 0.9096470000000001 0.949049 0.006793 0.009511
0 0.911005 0.9103259999999999 0.009511 0.01087
0 0.911005 0.887908 0.006793 0.009511
0 0.911005 0.9347829999999999 0.006793 0.005435
0 0.914402 0.940897 0.013587 0.009511
0 0.9150819999999998 0.841033 0.009511 0.008152
0 0.9157610000000002 0.8505429999999999 0.008152 0.01087
0 0.917799 0.86481 0.009511 0.009511
0 0.917799 0.96875 0.009511 0.01087
0 0.918478 0.894701 0.01087 0.006793
0 0.9177990000000001 0.9463319999999998 0.006793 0.009511
0 0.918478 0.855978 0.008152 0.008152
0 0.919158 0.879755 0.009511 0.012228
0 0.9205160000000001 0.9300270000000002 0.006793 0.012228
0 0.923913 0.847147 0.008152 0.009511
0 0.923913 0.9028529999999999 0.008152 0.009511
0 0.923913 0.955163 0.008152 0.01087
0 0.924592 0.96875 0.009511 0.01087
0 0.925272 0.911685 0.01087 0.01087
0 0.9252720000000001 0.88587 0.008152 0.008152
0 0.9279890000000001 0.859375 0.008152 0.009511
0 0.9279890000000001 0.936821 0.008152 0.006793
0 0.9279890000000001 0.9252720000000001 0.008152 0.008152
0 0.929348 0.86413 0.008152 0.008152
0 0.9307069999999998 0.872283 0.01087 0.008152
0 0.9313860000000002 0.88519 0.006793 0.006793
0 0.9313860000000002 0.930027 0.006793 0.009511
0 0.932065 0.900815 0.008152 0.008152
0 0.932065 0.8926629999999999 0.008152 0.005435
0 0.932065 0.914402 0.008152 0.008152
0 0.932065 0.9252720000000001 0.008152 0.008152
0 0.932745 0.935462 0.006793 0.009511
0 0.933424 0.839674 0.005435 0.005435
0 0.933424 0.952446 0.002717 0.013587
