0 0.411685 0.138587 0.01087 0.016304
0 0.414402 0.157609 0.01087 0.016304
0 0.42391299999999993 0.169837 0.013587 0.016304
0 0.425272 0.14538 0.01087 0.016304
0 0.45652199999999993 0.175951 0.013587 0.012228
0 0.46671200000000007 0.209239 0.014946 0.013587
0 0.475543 0.203125 0.013587 0.012228
0 0.51087 0.26087 0.013587 0.019022
0 0.524457 0.259511 0.013587 0.016304
0 0.5346470000000001 0.238451 0.012228 0.012228
0 0.5543480000000001 0.214674 0.01087 0.024457
0 0.577446 0.19497299999999998 0.013587 0.012228
0 0.589674 0.152174 0.019022 0.013587
0 0.599185 0.139266 0.01087 0.014946
0 0.617527 0.172554 0.017663 0.024457
0 0.618886 0.13179300000000002 0.017663 0.016304
0 0.6426629999999999 0.161005 0.019022 0.017663
0 0.6949730000000001 0.100543 0.012228 0.013587
0 0.707201 0.092391 0.014946 0.01087
0 0.713315 0.064538 0.01087 0.014946
0 0.733696 0.045515999999999994 0.01087 0.012228
0 0.7398100000000001 0.038723 0.012228 0.009511
0 0.8437499999999999 0.8661680000000002 0.019022 0.017663
0 0.8498640000000001 0.963995 0.012228 0.014946
0 0.8532609999999999 0.88519 0.019022 0.014946
0 0.8607340000000001 0.936821 0.02038 0.017663
0 0.86413 0.9578799999999998 0.016304 0.019022
0 0.8763589999999999 0.7642660000000001 0.01087 0.017663
0 0.882473 0.8369569999999998 0.023098 0.013587
0 0.882473 0.813179 0.02038 0.023098
0 0.88519 0.85394 0.017663 0.014946
0 0.891304 0.742527 0.016304 0.025815
0 0.8919840000000001 0.762908 0.014946 0.017663
0 0.134511 0.726902 0.01087 0.01087
0 0.14130399999999999 0.814538 0.021739 0.017663
0 0.144022 0.7269019999999999 0.013587 0.019022
0 0.16372299999999998 0.817935 0.012228 0.016304
0 0.173234 0.8036680000000002 0.014946 0.014946
0 0.186821 0.7982340000000001 0.012228 0.017663
0 0.24320700000000003 0.7683420000000001 0.01087 0.012228
0 0.254076 0.7595109999999999 0.013587 0.019022
0 0.263587 0.7595109999999999 0.013587 0.019022
