0 0.6576089999999999 0.459918 0.005435 0.006793
0 0.6650820000000001 0.467391 0.006793 0.008152
0 0.672554 0.464674 0.005435 0.005435
0 0.6963320000000001 0.47622299999999995 0.006793 0.006793
0 0.700408 0.463315 0.006793 0.008152
0 0.7472829999999999 0.5074729999999998 0.005435 0.006793
0 0.754755 0.513587 0.009511 0.008152
0 0.794837 0.66712 0.005435 0.008152
0 0.8084240000000001 0.65625 0.008152 0.008152
0 0.8138590000000001 0.9701090000000001 0.008152 0.008152
0 0.814538 0.961277 0.006793 0.006793
0 0.8240490000000001 0.9701090000000001 0.006793 0.008152
0 0.8247279999999999 0.955842 0.005435 0.006793
0 0.832201 0.98913 0.006793 0.002717
0 0.835598 0.951087 0.005435 0.005435
0 0.840353 0.981658 0.006793 0.009511
0 0.8423909999999999 0.9415759999999999 0.005435 0.005435
0 0.84375 0.629076 0.005435 0.008152
0 0.84375 0.923913 0.005435 0.008152
0 0.8478259999999999 0.94837 0.005435 0.005435
0 0.8505429999999999 0.985054 0.005435 0.005435
0 0.85394 0.612772 0.006793 0.008152
0 0.85394 0.913723 0.006793 0.006793
0 0.857337 0.9442929999999999 0.005435 0.005435
0 0.857337 0.9857340000000001 0.005435 0.006793
0 0.8607340000000001 0.9375 0.006793 0.005435
0 0.8607340000000001 0.671196 0.006793 0.008152
0 0.862772 0.957201 0.005435 0.006793
0 0.86413 0.6182070000000001 0.008152 0.008152
0 0.86481 0.9313860000000002 0.006793 0.006793
0 0.8682069999999998 0.60394 0.005435 0.006793
0 0.8688860000000002 0.858696 0.006793 0.008152
0 0.870245 0.625679 0.006793 0.006793
0 0.870245 0.963995 0.006793 0.006793
0 0.871603 0.7819290000000001 0.006793 0.006793
0 0.871603 0.976223 0.006793 0.006793
0 0.8736410000000001 0.987092 0.008152 0.006793
0 0.8763589999999999 0.7357339999999999 0.01087 0.009511
0 0.875679 0.905571 0.004076 0.006793
0 0.877038 0.593071 0.006793 0.006793
0 0.8783970000000001 0.674592 0.006793 0.006793
0 0.879755 0.651495 0.006793 0.009511
0 0.8804350000000001 0.5842390000000001 0.008152 0.008152
0 0.880435 0.715353 0.005435 0.006793
0 0.8811140000000001 0.985054 0.006793 0.005435
0 0.8817929999999999 0.8967389999999998 0.005435 0.005435
0 0.8817929999999999 0.9123640000000001 0.005435 0.006793
0 0.88587 0.9048909999999999 0.005435 0.005435
0 0.88587 0.953125 0.005435 0.006793
0 0.8865490000000001 0.617527 0.006793 0.006793
0 0.887908 0.661005 0.006793 0.006793
0 0.887908 0.9802990000000001 0.006793 0.006793
0 0.888587 0.92731 0.005435 0.006793
0 0.8892660000000001 0.9673910000000001 0.006793 0.008152
0 0.8899459999999999 0.936821 0.005435 0.006793
0 0.893342 0.945652 0.004076 0.005435
0 0.894022 0.890625 0.005435 0.006793
0 0.8967390000000001 0.648777 0.008152 0.006793
0 0.8967389999999998 0.807745 0.005435 0.006793
0 0.8974180000000002 0.7798909999999999 0.006793 0.005435
0 0.8974180000000002 0.9646740000000001 0.006793 0.008152
0 0.898098 0.773098 0.005435 0.005435
0 0.898098 0.9069290000000001 0.005435 0.006793
0 0.898777 0.5441579999999999 0.006793 0.006793
0 0.8994569999999998 0.7330160000000001 0.005435 0.006793
0 0.9001360000000002 0.6154890000000001 0.006793 0.008152
0 0.9001360000000002 0.6358700000000002 0.006793 0.008152
0 0.9001360000000002 0.94769 0.004076 0.006793
0 0.9008149999999999 0.898098 0.005435 0.005435
0 0.902853 0.9599180000000002 0.006793 0.006793
0 0.903533 0.67663 0.008152 0.008152
0 0.902853 0.9279890000000001 0.004076 0.008152
0 0.904212 0.752717 0.004076 0.005435
0 0.90625 0.799592 0.005435 0.006793
0 0.90625 0.941576 0.005435 0.008152
0 0.9069290000000001 0.5720110000000002 0.006793 0.008152
0 0.908288 0.595788 0.006793 0.006793
0 0.908967 0.7126360000000002 0.008152 0.006793
0 0.908967 0.525136 0.008152 0.006793
0 0.908967 0.809783 0.005435 0.008152
0 0.908967 0.8899459999999999 0.005435 0.005435
0 0.9096470000000001 0.9755430000000002 0.006793 0.008152
0 0.9103259999999999 0.547554 0.005435 0.008152
0 0.9103259999999999 0.7934779999999999 0.005435 0.005435
0 0.9116850000000001 0.655571 0.008152 0.006793
0 0.911685 0.7506790000000001 0.005435 0.006793
0 0.9123640000000001 0.679348 0.006793 0.008152
0 0.9130430000000002 0.6297549999999998 0.008152 0.009511
0 0.9130429999999999 0.5394019999999999 0.005435 0.005435
0 0.913723 0.871603 0.006793 0.006793
0 0.913723 0.5142659999999999 0.006793 0.009511
0 0.914402 0.82337 0.005435 0.008152
0 0.9150820000000001 0.983696 0.006793 0.008152
0 0.91644 0.7309779999999999 0.004076 0.005435
0 0.91644 0.9470110000000002 0.004076 0.008152
0 0.91712 0.76019 0.005435 0.006793
0 0.9177990000000001 0.559103 0.006793 0.006793
0 0.9184779999999999 0.9069290000000001 0.005435 0.006793
0 0.9184779999999999 0.8865490000000001 0.005435 0.006793
0 0.919158 0.610734 0.006793 0.006793
0 0.919158 0.548234 0.006793 0.006793
0 0.9198370000000001 0.7044840000000001 0.008152 0.006793
0 0.919158 0.851902 0.004076 0.005435
0 0.919837 0.9130429999999999 0.005435 0.005435
0 0.921196 0.64538 0.008152 0.008152
0 0.9211959999999999 0.8736410000000001 0.005435 0.008152
0 0.9211959999999999 0.5217389999999998 0.005435 0.005435
0 0.921875 0.77038 0.006793 0.008152
0 0.9232339999999999 0.5910330000000001 0.009511 0.008152
0 0.921875 0.731658 0.004076 0.006793
0 0.9232340000000001 0.860054 0.004076 0.005435
0 0.9239129999999999 0.511549 0.005435 0.006793
0 0.925272 0.663723 0.005435 0.006793
0 0.925272 0.533288 0.005435 0.006793
0 0.925272 0.963315 0.005435 0.008152
0 0.925272 0.9830160000000001 0.005435 0.006793
0 0.925951 0.849185 0.004076 0.005435
0 0.9266299999999998 0.82337 0.005435 0.008152
0 0.9279890000000001 0.655571 0.008152 0.006793
0 0.92731 0.857337 0.004076 0.005435
0 0.9279889999999998 0.754755 0.005435 0.006793
0 0.930027 0.516984 0.006793 0.006793
0 0.9307070000000001 0.5047549999999998 0.008152 0.009511
0 0.932065 0.616168 0.008152 0.006793
0 0.9320649999999999 0.680027 0.005435 0.006793
0 0.9320649999999999 0.9096470000000001 0.005435 0.006793
0 0.932745 0.6066579999999999 0.006793 0.006793
0 0.932745 0.548234 0.006793 0.006793
0 0.932745 0.941576 0.006793 0.008152
0 0.933424 0.557745 0.005435 0.006793
0 0.933424 0.707201 0.005435 0.006793
0 0.933424 0.92731 0.005435 0.006793
0 0.934103 0.7241850000000001 0.004076 0.008152
0 0.934783 0.887908 0.002717 0.006793
0 0.934783 0.856658 0.002717 0.006793
0 0.934783 0.980978 0.002717 0.008152
