1 0.2663072088490362 0.5154205612514329 0.014427475307298742 0.01558747498885445
1 0.12744979236436926 0.5064367937005084 0.017000322756559952 0.017713691877282185
1 0.2819779333860978 0.5179133622542672 0.015128736910612686 0.015104127966839333
1 0.21492256288943085 0.2499300293300463 0.016397248143735138 0.01654401032820992
1 0.11241335972495702 0.5520866642827573 0.01575016975402832 0.01664949500042459
1 0.20381584374800973 0.4385689030522886 0.014128622801407524 0.014694130938986073
1 0.21373773657757306 0.21652583453966223 0.014478890792183254 0.01627078263655953
1 0.19798046609629757 0.5254323171532672 0.014646737471870754 0.014337415280549423
1 0.2044669959856116 0.5394420831099801 0.015893915425176205 0.01610204447870669
1 0.2861234727113144 0.48191861484361725 0.014809297478717308 0.014414372651473335
1 0.12482801727626634 0.5797776553941809 0.014772974926492443 0.018493445023246433
1 0.20059344042902405 0.38988776828931726 0.015433912691862686 0.014034768809442934
1 0.24890196841696038 0.5035268120143725 0.01348512069038723 0.01578944662342901
1 0.2911759044813073 0.46615306190822436 0.014451856198518173 0.01540101092794667
1 0.27509281946265174 0.5358070083286451 0.014858556830364723 0.014710675115170687
1 0.1356435184893401 0.5369921041571576 0.01457903696143109 0.015458044798477837
1 0.19921549506809402 0.40642072843468713 0.013814552970554516 0.013622491256050442
1 0.15613551761793054 0.4517108772111976 0.01562723906143852 0.015891054402226986
1 0.2750299287878949 0.46179962158203125 0.015063451684039574 0.015515037204908289
1 0.2714172031568444 0.4802759211996328 0.01469284555186396 0.016786865566087807
1 0.2576792240142822 0.23057420357413913 0.01552525810573412 0.015911703524382217
1 0.24091148376464847 0.20238723962203317 0.016308950341266136 0.015325525532598082
1 0.23984705883523688 0.2228629278100055 0.014576331428859546 0.015622221905252209
1 0.24437077149100925 0.09250682333241338 0.01865200374437415 0.019174389217210853
1 0.23321924002274222 0.24684151359226392 0.014601479405942171 0.01587963104248047
1 0.22683562403139862 0.2242746353149414 0.015758763188901154 0.0160357433816661
1 0.26828289031982416 0.20264217127924378 0.017098136570142662 0.01727493949558424
1 0.23622078480927844 0.5060978039451267 0.01396483960358993 0.01442048860632855
1 0.2319255600804868 0.2620161719944166 0.015324696250583813 0.014329661493716032
1 0.12038140193275781 0.5304164679154105 0.014762391214785368 0.015245064445163891
1 0.2654688358306885 0.2564247069151505 0.01600827341494353 0.016287617061449135
1 0.19580377703127652 0.45309054333230736 0.01431968937749448 0.015144762785538383
1 0.25930280270783795 0.06473561473514723 0.01920530070429263 0.018134397009144657
1 0.2339389531508736 0.48962885400523304 0.01526648065318232 0.014017727064049763
1 0.2650212308634882 0.49453111316846765 0.01433005540267281 0.014512062072753906
1 0.3414474881213645 0.02047587348067242 0.017604102259096893 0.017238645449928616
1 0.27702334652776306 0.4982669716295989 0.013421079386835512 0.01334790561510169
1 0.09040193713229636 0.47874237143475085 0.017833777095960533 0.018396501955778702
1 0.10057113999905795 0.5797549537990404 0.015098602875419285 0.014628534731657608
1 0.23828548970429794 0.46505339249320654 0.0185657376828401 0.01946059517238451
1 0.13954336228577988 0.5761992724045463 0.0140310059423032 0.015081301979396656
1 0.2468328683272652 0.5136439903922703 0.013661343118418818 0.015984784001889435
1 0.19218891599903937 0.3763437063797661 0.014989002891208813 0.014843111452849014
1 0.2376857114874798 0.33367304179979407 0.017710582069728687 0.020787736643915592
1 0.22146243634431262 0.49399071154387103 0.014102811398713486 0.014798827793287195
1 0.16926477266394574 0.4406592327615489 0.01580648836882218 0.015727748041567596
1 0.23858663310175354 0.16858348120813788 0.019642664038616676 0.018861055374145508
1 0.26418752255647077 0.10334924511287522 0.01632151396378227 0.016344930814660114
1 0.28575173668239434 0.0958019028539243 0.016635106957477074 0.016521827034328296
1 0.09783899784088135 0.5681865940923276 0.01564143014990765 0.01600505994713825
1 0.21427050880763843 0.47375104738318397 0.016784211863642155 0.01734522114629331
1 0.1736396343811699 0.4171430960945461 0.01776544944099758 0.01667524420696756
1 0.21451970805292542 0.1847174893254819 0.016921333644701088 0.016705181287682575
1 0.2199500851009203 0.5136391183604365 0.014331133469291355 0.015935234401537025
1 0.2259591558705205 0.3756006696949835 0.01913812886113706 0.018123999885890796
1 0.28630389337954315 0.499468813771787 0.014805296192998472 0.014520500017249065
1 0.30924903828164807 0.06353427793668665 0.01886568898740022 0.017661980960680092
1 0.11383442775062892 0.06616774330968442 0.02164800270743992 0.022305229435796322
1 0.13314917813176694 0.5605173732923425 0.016265392303466797 0.014845101729683254
1 0.0747290849685669 0.11266082266102666 0.01874336989029594 0.0206135252247686
1 0.2955345278200896 0.4255376069442086 0.013466669165569801 0.014796961908755095
1 0.20764446258544922 0.45611393451690674 0.0166186871735946 0.015214412108711575
1 0.15976516060207202 0.0801467558611994 0.018960932026738705 0.0184138184008391
1 0.12288116372149924 0.5979899116184401 0.014812718267026155 0.015027834021526833
1 0.22576634780220367 0.3548392834870711 0.017475750135338825 0.017249729322350544
1 0.10736278347347092 0.5260735387387483 0.015208379082057789 0.020097732543945312
1 0.30904454770295514 0.1772835928460826 0.01633391172989555 0.01628976282866105
1 0.16851559929225754 0.565865827643353 0.016031638435695484 0.015583992004394531
1 0.27844782497571857 0.03937579108321149 0.02046985211579696 0.019689676554306694
1 0.21419025504070782 0.41405974263730255 0.015835471775220787 0.020819166432256283
1 0.2257954866989799 0.1488317924997081 0.0197375546330991 0.022091098453687584
1 0.2761816771134087 0.35405722908351733 0.01658655249554178 0.015932663627292797
1 0.21118803646253503 0.45265110679294746 0.01373309674470321 0.014703418897545856
1 0.11595009202542511 0.09250388715578162 0.024108793424523392 0.02267927190531855
1 0.18351379684779953 0.543518294458804 0.015631033026653786 0.01680817811385445
1 0.28360106634057086 0.3802735753681349 0.015233433764913807 0.016179136607957924
1 0.15285742282867434 0.6717764398326045 0.016998695290606956 0.015142772508704144
1 0.09828097923942236 0.04869918201280678 0.016677462536355724 0.017253067182457966
1 0.07277046856672867 0.48927106546319044 0.01844725919806439 0.017274224239846935
1 0.20270871079486347 0.3664467257002125 0.016478434852931812 0.017471100973046345
1 0.2575739881266718 0.3702071645985479 0.016342805779498558 0.01713346398395041
1 0.2956712764242421 0.43929384065710975 0.013135412464971128 0.013341613437818445
1 0.2247901066489842 0.08339800264524376 0.015563488006591797 0.016947761825893238
1 0.09336903302565863 0.5188973364622697 0.017770694649737816 0.01667928695678711
1 0.23404499758844788 0.4619967004527216 0.014230997666068699 0.013746261596679688
1 0.2582247671873673 0.40554117119830585 0.01722225935562797 0.01743532263714334
1 0.09268180961194245 0.10908641504204793 0.021325987318287724 0.019344651180764904
1 0.25695108330768085 0.4261920970419179 0.016371726989746094 0.015032187752101734
1 0.2721671747124713 0.40035251949144446 0.015897274017333984 0.020307706749957542
1 0.29527075394340185 0.37170699497927795 0.014762961346170177 0.016026639420053234
1 0.21497480765632965 0.10318821409474248 0.013439323591149372 0.014215821805207626
1 0.07517764101857724 0.13352690054022748 0.016150915104409923 0.017765242120494015
1 0.12050070451653522 0.1726998920026033 0.018496896909630817 0.01869370626366657
1 0.20668123079382858 0.2771803918092147 0.01989671458368716 0.02831262090931768
1 0.09210779355919879 0.5395345687866211 0.013536183730415676 0.014202117919921875
1 0.221721483313519 0.4296086352804433 0.013983892357867699 0.013844863228175953
1 0.24798339346180792 0.38729696170143457 0.016802456067956013 0.017738000206325367
1 0.25237274169921875 0.4742305589758832 0.019958786342454994 0.025882969731869904
1 0.20509200510771378 0.34777988623017847 0.013530917789625086 0.014906778283741162
1 0.1403787239738133 0.056530146495155656 0.021751113559888756 0.022344905397166378
1 0.12469919868137526 0.1573913926663606 0.020156901815663212 0.018506402554719345
1 0.179100197294484 0.09972200186356255 0.015341520309448242 0.016734309818433678
1 0.22197601069574768 0.07228714227676392 0.015072283537491508 0.015512782594432001
1 0.24711207721544348 0.27295798840730084 0.014039848161780315 0.013352974601413891
1 0.08451028232989105 0.1995621453160825 0.026300186696259872 0.0273090238156526
1 0.08301298514656398 0.5442501565684443 0.02026145354561184 0.018083406531292458
1 0.1270619527153347 0.08819390639014867 0.020440526630567467 0.017088262931160305
1 0.33005084162173065 0.03765186926592951 0.013998031616210938 0.01361931147782699
1 0.2843246874601945 0.20460478119228195 0.01614417200503142 0.016066530476445736
1 0.11507546383401623 0.209047037622203 0.02171547516532566 0.016511067100193188
1 0.20330050717229425 0.336726136829542 0.012344961581022842 0.01219697620557702
1 0.09655408755592677 0.20761392427527386 0.01813611776932426 0.019572589708411175
