0 0.8409630842961957 0.0480192955665761 0.012729478918478261 0.012625393660326088
0 0.36548064128328805 0.5028991599334239 0.012530119523097825 0.01290860383423913
0 0.9035013971603262 0.3654967913756795 0.011458853016304348 0.011931294979619565
0 0.6779990513383153 0.06129746374320653 0.013810033383152174 0.015258104904891302
0 0.7535223448498644 0.10213046529891306 0.010837057362771739 0.010421338288043478
0 0.8837889490013588 0.036969091997282606 0.015728162676630436 0.015579316929347825
0 0.7101465002309783 0.7112966520991846 0.01368448008152174 0.013824462894021738
0 0.7080791002486414 0.73133334954144 0.010777017345108695 0.011105744735054348
0 0.6874936254599184 0.7422590570523099 0.008304264235054348 0.008885259213315217
0 0.6987866635516303 0.24099251536548916 0.011813454005434782 0.011354114698369566
0 0.6924662906453806 0.059621966813858694 0.013833750855978261 0.014403229171195653
0 0.8298075747172986 0.535797559974802 0.010664882586770197 0.01023797348221297
0 0.838344709355978 0.05727297368750001 0.011863045070652174 0.011797718380434783
0 0.504219853892663 0.6009027133138587 0.009659311046195652 0.010799739671195652
0 0.7213874180407608 0.035805262067255435 0.010825115701086957 0.01129779090081522
0 0.6557515709442936 0.5289508886141304 0.013946035638586955 0.013917757119565216
0 0.8199961813478259 0.11207543289945651 0.009608393130434783 0.010122630907608697
0 0.9127433305557066 0.32955471372010875 0.009170200513586958 0.00939999455978261
0 0.8831091866440218 0.053329038002717405 0.015413035516304347 0.01428852910326087
0 0.7777430188111413 0.16726465881793476 0.01405516914402174 0.014368637744565215
0 0.7553345748288042 0.26518563649524457 0.011792224385869566 0.012035121088315216
0 0.7108634975862771 0.7751379328763588 0.008548570716032608 0.008424841839673913
0 0.7629254906630436 0.09273189088586956 0.011939670728260871 0.011997741201086957
0 0.4591714305427989 0.27752220147690215 0.01290420863994565 0.013135412464673913
0 0.7827063545027174 0.7012811644307065 0.010470514711956522 0.010801729948369565
0 0.8165097139341033 0.12282231621671195 0.009543211563858695 0.009715785150815217
0 0.6106363488342391 0.6455425909755435 0.009807337885869566 0.01062310260326087
0 0.9155991650846856 0.30711586206962826 0.007536514945652174 0.007386995398097827
0 0.7634522506664402 0.28777254185733697 0.012494294539402175 0.01271492501902174
0 0.7736223994116846 0.7089348568485054 0.009019602899456523 0.00936292565353261
0 0.8915041743355977 0.3651620516277173 0.01095547883423913 0.012265993201086955
0 0.7514722768362769 0.11571957796059783 0.01167794932472826 0.011930051057065216
0 0.7108926881922554 0.024850454432065218 0.00969065790625 0.010450637858695653
0 0.7037057775649694 0.7403990604510869 0.008564161217391304 0.008939991826086957
0 0.6025051557955162 0.6483980162520379 0.009898973547554347 0.01129822109103261
0 0.7665273797272367 0.06830308762680502 0.009401901908967392 0.0101900204375
0 0.830898917870924 0.5144482389042121 0.008590698241847826 0.00956245090625
0 0.8861486709599187 0.37392279413315216 0.009804435398097828 0.010155221690217391
0 0.6867167126576085 0.8186705116447012 0.010326634282608695 0.01103973388722826
0 0.8240240040217393 0.02750267129755435 0.01403825179347826 0.014545553410326088
0 0.5817197411236412 0.6133650804266303 0.010526905888586957 0.010693094005434783
0 0.9179491484130434 0.349118181359375 0.010165836499999999 0.010376474131793479
0 0.6546137961086957 0.6799641799585595 0.01335973325 0.01352019931929348
0 0.690437203402174 0.34434761219157617 0.011855581532608694 0.012267527372282608
0 0.5230168162004074 0.5948847795557066 0.00999218484646739 0.011520385741847827
0 0.751155822713315 0.2762146518654891 0.012087282926630437 0.011878552644021738
0 0.9025493813750001 0.35268799166644016 0.011614923891304349 0.011752087137228261
0 0.8495851294538044 0.12272512435801632 0.012587174125 0.012668692547554348
0 0.8164778693913043 0.14483842689470106 0.011306762695652173 0.011385772539402175
0 0.8834765584904893 0.41395725415013584 0.007838207741847826 0.008008542267663043
0 0.7822518251114131 0.6882209678145381 0.010218910548913043 0.010452104650815218
0 0.679077325246603 0.7343100572180705 0.009512196417119565 0.010543159816576086
0 0.8201210711460597 0.5228861833790761 0.008606786313858696 0.009868787682065217
0 0.7971645547629075 0.057672158939538046 0.011634329091032607 0.012146783911684783
0 0.8929229100074728 0.3887836522228262 0.010302336319293478 0.01132168977173913
0 0.5811565757432066 0.6236901390563859 0.009560626486413043 0.009548353112771739
0 0.53340025626019 0.579802669044837 0.00972839023777174 0.009547275046195652
0 0.6805368201698367 0.6441999418342391 0.012910179470108696 0.013780345081521738
0 0.6912801686725543 0.23015066891847827 0.010166831638586957 0.010770134304347825
0 0.6008790581861413 0.9706934953179348 0.00834854789402174 0.00897896808152174
0 0.8158881670360054 0.0602227971875 0.013144617495923914 0.014236398369565218
0 0.8355296991505721 0.0288063470463236 0.009723829186141304 0.010510589764945651
0 0.8445382020434784 0.06870126766372282 0.011940500010869565 0.01203648940353261
0 0.6999432631175267 0.7872229634509316 0.011660036832880426 0.008981648166070553
0 0.8431897065828806 0.023486995597826087 0.013636713437500001 0.015036572581521739
0 0.7965172172065215 0.1368352542214674 0.009971618652173914 0.010486167410326087
0 0.8070217324660324 0.035084097697010874 0.013911039932065217 0.01438100441576087
0 0.7318675524347826 0.17400170449660327 0.011742301608695653 0.011990298395380435
0 0.6258290027452448 0.5942156318783968 0.011411252229619563 0.01131804093070652
0 0.9152153878594866 0.2840827181858574 0.008778880338538375 0.008675003763019254
0 0.5796495215278533 0.9697114595733697 0.012429444686141305 0.013524428657608696
0 0.7233642604599185 0.3364370494986413 0.012173528256793478 0.012311437855978262
0 0.706797362011549 0.3410269596012228 0.011783102283967393 0.011624709419836956
0 0.8263899456440218 0.13563175859986415 0.011499819548913043 0.011987561764945653
0 0.8094853634789402 0.13358657294089674 0.009075994077445651 0.00955797278396739
0 0.9087064686976902 0.3399310842316576 0.010229193645380436 0.010239020637228263
0 0.7395369182805708 0.3113937278444293 0.011320362919836957 0.011613514112771738
0 0.703863196379076 0.4071384828057066 0.014584914497282608 0.015034551209239131
0 0.7097417278124999 0.2589154143532609 0.013766081440217393 0.01358065397826087
0 0.7128109004225542 0.04601625685869565 0.010870560355978262 0.01058393716847826
0 0.904063152857337 0.28559347898301635 0.009238201638586957 0.009459122368206521
0 0.6982444790380434 0.7637211244436141 0.00865306025 0.009458458941576087
0 0.7192827002887224 0.7393566529857338 0.009566597316576086 0.009683526080163042
0 0.7281665496317935 0.10490410266100543 0.010396045187500001 0.011145944180706522
0 0.7401938754565218 0.4033766937730978 0.01100324547826087 0.011641460915760871
0 0.7081419598186142 0.2965649629605978 0.010462553604619567 0.010985332986413044
0 0.7355264275563858 0.0732347243736413 0.011295484460597827 0.011775286301630434
0 0.8955659146433425 0.2299582340061141 0.013005629830163044 0.013340120729619565
0 0.7042522125638585 0.35651848669836944 0.009879070779891305 0.009916637255434783
0 0.7890290493811142 0.09151360304211956 0.010072956914402173 0.010979859725543478
0 0.6813536628580164 0.32807266231182064 0.012470577074728262 0.01250830940625
0 0.8663479044021741 0.29797101068614135 0.014946315597826087 0.015384466752717391
0 0.9069623227601902 0.25010702961548914 0.011147208835597826 0.011743504067934783
0 0.8528595603673134 0.021371509338497397 0.006624658234628431 0.008303226041125229
0 0.5698295785169837 0.6023419322567934 0.009270211925271738 0.009864890057065218
0 0.7399453397683424 0.09876806881182067 0.010736382525815219 0.010617359824728261
0 0.7112247327445652 0.7649577497853259 0.00847061820652174 0.008801999298913043
0 0.8728468216786683 0.10211012716168476 0.009606900422554349 0.009620749432065218
0 0.5766895653097827 0.6346418031779891 0.011467145836956521 0.011388695758152174
0 0.7319874612485792 0.7638021400400196 0.008897853747158643 0.009270035514821334
0 0.7296521254639947 0.3153805010652174 0.010897594949728261 0.011172128760869567
0 0.7355351350163043 0.08807995049796195 0.010096674380434783 0.009718148604619564
0 0.7778344056786686 0.036214714879076085 0.009754678476902175 0.01030181801902174
0 0.7350777860448371 0.4539750041576087 0.012901140296195652 0.013741037119565216
0 0.8337700435546825 0.5272472944952447 0.009032871411684783 0.009572899860054346
0 0.5284065687635869 0.6200582569986414 0.011883445407608694 0.012160093888586958
0 0.6052474670652174 0.6070453295516305 0.013932103695652174 0.014037256657608695
0 0.8853102669497283 0.3823055499816575 0.008974821671195652 0.008981953495923914
0 0.7646443435163044 0.7206337040930707 0.008585390836956521 0.009120775305706522
0 0.7532487647207878 0.7206937441277173 0.008783091669836957 0.009487649668478261
0 0.6923058034915998 0.7639698207614869 0.008465476657608694 0.009007329525815217
0 0.6712774717697009 0.5129632435869564 0.012944511745923915 0.013618469239130435
0 0.7546688272058424 0.047297939430027164 0.009206688922554346 0.009631032528532608
0 0.7882999446705162 0.06559683488654891 0.009927334993206522 0.00988679346875
0 0.8613729587072011 0.4174150698899456 0.009175010349184783 0.009690326192934784
0 0.7772864425566693 0.22568972266252804 0.011635490085597826 0.012489277383152173
0 0.6661155644952446 0.7293467215033967 0.011799273283967394 0.012245841648097826
0 0.7721531604035329 0.6907200091188861 0.009852699611413043 0.01039596225951087
0 0.6204178546216033 0.9422176925190218 0.010542164677989132 0.011138916016304347
0 0.5335198802737772 0.5918929788831523 0.010268916254076088 0.010814169179347825
0 0.921843341337068 0.31531224582993 0.00939244809375 0.00974547344701087
0 0.7053065616773097 0.31432465932744563 0.01001988286548913 0.010317429252717392
0 0.6562793261046196 0.6940497423342391 0.013359152752717391 0.01355279010326087
0 0.6942665790720111 0.80298057882269 0.013243965480978259 0.013372835906250002
0 0.6967093121569293 0.3224577182649457 0.00946061507472826 0.01006068354076087
0 0.7201800662792119 0.3614235654551631 0.012632950493206521 0.013560419497282608
0 0.8349001206385868 0.08262774260190216 0.014723404592391305 0.014919073682065218
0 0.7646108405244567 0.0431750446847826 0.00956477289673913 0.010241477385869566
0 0.7357550606521738 0.2810601259375 0.013951343043478259 0.014270741005434785
0 0.6321562119048294 0.8743871479422246 0.009484653700962712 0.009704418710535824
0 0.8750686340672555 0.11090754467934781 0.009896651558423912 0.009307343027173913
0 0.7068867584918476 0.03639255958763587 0.010604194972826086 0.010514767273097825
0 0.8581357224581674 0.39125313574612247 0.01183506283343796 0.012081453064540924
0 0.8261219216861412 0.46120219692187503 0.009671086850543478 0.009865802267663043
0 0.5995294845862772 0.9843196769979622 0.00975550775951087 0.010275467582880435
0 0.8745179907499998 0.3699110595054348 0.011487546173913043 0.011900362760869565
0 0.5137251673233696 0.5977751590849185 0.010370669157608696 0.011593196702445652
0 0.7986349561048466 0.12248574276350103 0.012518509574728262 0.012915880783967392
0 0.6794284018206522 0.7412385426175274 0.009526625923913044 0.009862650995923913
0 0.9160962805829346 0.36083185080157903 0.010493237039402175 0.011254683785326087
0 0.8910103367921195 0.4025715438389945 0.00957870483423913 0.00955929963451087
0 0.7232607660366849 0.09137633613858696 0.009599105171195652 0.010340255239130436
0 0.9132015918831518 0.26544616440364416 0.010137972624999997 0.009135684374776874
0 0.8595077622061993 0.026235084787029416 0.008627179543721428 0.010264337723068971
0 0.8527707333838316 0.40836034688994566 0.008874312691576087 0.009872768236413042
0 0.7640377237092393 0.16553486995244565 0.015007682472826089 0.016718138817934783
0 0.6392413124796196 0.6918906236413044 0.013491589089673912 0.014272441032608696
0 0.8596007000978261 0.1372244154741848 0.011476599652173913 0.011590729589673913
0 0.7185273901908967 0.3041348357914402 0.010864755381793479 0.01184467647418478
0 0.7861251525998639 0.5135500021005435 0.01296947313451087 0.01259032539673913
0 0.8804952897099185 0.4060221033519021 0.007872540017663044 0.008000581160326087
0 0.7419988576406199 0.3253755093339886 0.009786357050271739 0.01064474686277174
0 0.9249877335135771 0.29376696000044633 0.008929708729619566 0.009306866190217391
0 0.6142484940910325 0.9321533816291776 0.009244089540760869 0.009298573369565218
0 0.8860285910516303 0.39406825196467393 0.009048130201086958 0.008556697679347827
0 0.7372000016195652 0.12809139791440216 0.012612716010869565 0.01283382332880435
0 0.7427334551901476 0.3360356311097956 0.011959407639945652 0.012848066247282608
0 0.5330802777649456 0.5708174398838315 0.009978087051630434 0.010415035745923912
0 0.8726399987445652 0.09205189000067936 0.008789891782608696 0.009190352066576087
0 0.6151246844381694 0.9640320928525717 0.006844396176630435 0.007829417353260868
0 0.925304334122574 0.3287147374097828 0.01307479194972826 0.01094494339957791
0 0.6711048152377715 0.4344217781182065 0.014546601671195652 0.01469653585597826
0 0.7188786740380435 0.14690070603668479 0.013525589652173913 0.013450581095108695
0 0.7861969684307065 0.19566576419157614 0.015715889307065217 0.015739855557065217
0 0.6178657933287944 0.9497732989975056 0.008483057436141304 0.008153169051630434
0 0.7920287959283857 0.0432513544193569 0.010366003615387684 0.015094964402173915
0 0.8601338454782609 0.4023396350400815 0.00937486731521739 0.009438639101902175
0 0.7068778022887229 0.3262515176141305 0.01053453528396739 0.009801781695652174
0 0.7006915242730979 0.6970923572622283 0.014730370557065218 0.01497015745923913
0 0.8323590346902175 0.4498937755495924 0.009613866391304347 0.009993511697010871
0 0.8215789489898099 0.4714041485991848 0.009124755860054347 0.009286631709239131
0 0.8734494609171196 0.4020776233926632 0.00870430987771739 0.009072676948369565
0 0.7496764846062015 0.05600594834974268 0.009721838910326087 0.01001567425951087
0 0.7865174552534484 0.04589824696218149 0.01096462731688529 0.014618899599246784
0 0.7527777325747284 0.20395941364130427 0.01371798308423913 0.014034851739130437
0 0.7417447285266558 0.7470434611682312 0.009470934186587619 0.010343389334118209
0 0.8873059726718893 0.11747829538850368 0.01016965119701087 0.010060268899456522
0 0.5651321935706521 0.6156796065889946 0.011488375456521737 0.011397237362771739
0 0.7635094630807495 0.2199328319501621 0.012376220604805555 0.01018046351939398
0 0.7776854666589675 0.07569394982404891 0.011496834133152174 0.01160095049048913
0 0.5405391719517663 0.6275047534211956 0.012245509936141305 0.012220797331521737
0 0.784030220308424 0.7158260245285325 0.011789736540760869 0.012539407480978261
0 0.7239072743315217 0.08081205035869565 0.009975599206521739 0.010489007701086956
0 0.7244371026589674 0.11607624177853261 0.011232624883152176 0.010888431383152175
0 0.6023392579864131 0.9342725903620925 0.008978138798913043 0.009262748387228261
0 0.5942765636297552 0.4906149639633153 0.012664794922554347 0.01311932439402174
0 0.6414564905652175 0.875225969374321 0.010363620260869564 0.01067783521603261
0 0.7623317651707576 0.7277725014577459 0.01406148752056659 0.01330666975555878
0 0.9123820124449729 0.2974450385251359 0.008767169455163043 0.008220838463315217
0 0.8378220958328804 0.5034524983682066 0.009089262589673913 0.01021285679076087
0 0.914217809079617 0.1982359913983927 0.00872645773833022 0.011592227941885963
0 0.5869172246807065 0.927027402154891 0.009128570557065218 0.009485327679347826
0 0.7321257667280671 0.23924855074045376 0.010257555091032608 0.01041159422554348
0 0.8052769360233378 0.6407375287460125 0.012960351031250001 0.012915238089673913
0 0.7576129441759513 0.13132623009035327 0.01167446634103261 0.01204416026222826
0 0.591986501216712 0.628587381048913 0.010896433955163043 0.012052536010869565
0 0.8820105538315217 0.27097603591711955 0.014625881032608696 0.014980730801630433
0 0.927451725120924 0.25933227724376445 0.008703148883152174 0.010041485661684784
0 0.6091431022717391 0.940236703569973 0.00767649775 0.009088765020380436
0 0.8455855636649798 0.466788536165994 0.007782479990489131 0.008375416631793477
0 0.9004615810889948 0.3134926820190217 0.010276462721467393 0.01037970833152174
0 0.918486689015625 0.249333288828125 0.009867129118206521 0.011151106460597826
0 0.7267998100122283 0.1835393391800272 0.010220734970108695 0.010507417762228261
0 0.7374381713885869 0.04480937812703804 0.013196530548913043 0.013037837069293479
0 0.7512919303355379 0.72963199451087 0.01153650019732073 0.011591238084611356
0 0.6264772524891304 0.5841550313498641 0.011184858239130435 0.01172239884103261
0 0.7563769148589669 0.22768704280044522 0.012100743675582046 0.010855670211031938
0 0.5940427060176631 0.9691179424191576 0.010226208230978261 0.011793385381793477
0 0.7798902214345834 0.09870043487288135 0.012380682903532609 0.012674894021739132
0 0.9106513226510681 0.3168988606429977 0.009654667066576087 0.009634266729619565
0 0.834323852519701 0.5519259809184782 0.008687890093750001 0.009153531945652174
0 0.8807355326752716 0.07185425488790761 0.011065109915760868 0.011352632357336957
0 0.8759096089313858 0.0780955919972826 0.00983296269972826 0.009726938994565218
0 0.8835953117391303 0.3321342633155275 0.01623800527173911 0.00968540326148941
0 0.869591476530448 0.014567129105879078 0.01106394892119565 0.008463648683545369
0 0.9249532823568809 0.2751311037554248 0.008904000987771738 0.008648996767663043
0 0.8404696616134513 0.4596531809952446 0.009227089259510868 0.009609056555706522
0 0.8746410562819293 0.391100210171875 0.00950390359646739 0.010000975235054348
0 0.8630790405781248 0.14974634585665758 0.012085624362771741 0.012110793072010871
0 0.9048041909830076 0.13980355153118978 0.012062104416134 0.014324774001420612
0 0.6755705819076087 0.8153118365190217 0.01143372577173913 0.01137708580978261
0 0.6611608531528532 0.7432415074334239 0.012663799783967391 0.013168832529891306
0 0.6862147798977906 0.7511360287160949 0.008618727974184783 0.008438773777173914
0 0.5548976924653533 0.6050770286311141 0.010280111561141305 0.010506173838315216
0 0.8606678740682732 0.37864460157744567 0.010879832484868332 0.010486758086832445
0 0.6324269362785325 0.858830151720788 0.009708072828804348 0.00939559936548913
0 0.8938397641433424 0.28754672833152173 0.011197960895380433 0.01210938329347826
0 0.8393065105842392 0.17046017272418482 0.016294396440217393 0.017149883763586955
0 0.6793037119467664 0.579201649097276 0.009143497633152173 0.009425453517663043
0 0.8887158171278743 0.2072679785195794 0.01046855333764613 0.01027693872408308
0 0.858912727728261 0.10710174146331525 0.012501923934782609 0.012797106866847825
0 0.5963946836315279 0.9266435052215921 0.0075459687608695645 0.008727529774456521
0 0.7558658957894022 0.7063430189687501 0.00968684320923913 0.010690108589673912
0 0.7222346388950109 0.7482249065549651 0.00941699484103261 0.00969065790625
0 0.9089243210006793 0.21830159732744567 0.010716977327445653 0.011042387589673913
0 0.8691753516168607 0.46529862040043524 0.009552997091032609 0.009829811427989131
0 0.9005043841179375 0.17362062561453065 0.007986380829548502 0.01253301748005343
0 0.8877854002768159 0.19975176011573917 0.008584727411684782 0.008975733881793025
0 0.8626625391021353 0.4585275964673912 0.01021277386277174 0.01010529891304348
0 0.8559749132853258 0.44649056805163057 0.013075455375 0.012457474418478262
0 0.7715202502056999 0.12858180679521428 0.013769398559782608 0.014707979945652174
0 0.7676722180502715 0.7124258024585599 0.009649027948369564 0.00943590247146739
0 0.6008790581861413 0.9706934953179348 0.00834854789402174 0.00897896808152174
0 0.6089423074168456 0.968321951426551 0.00834854789402174 0.00897896808152174
0 0.6089423074168456 0.9872943025576204 0.00834854789402174 0.00897896808152174
0 0.6151083215344432 0.9858713762227899 0.00834854789402174 0.00897896808152174
0 0.6089423074168456 0.9797053621051925 0.00834854789402174 0.00897896808152174
0 0.61700555664755 0.9763852006572554 0.00834854789402174 0.00897896808152174
0 0.7158128494044632 0.1274538254689776 0.015020673984923193 0.008855243907352484
0 0.5405870173464514 0.6053371508017381 0.014284537870395795 0.015124804803948493
0 0.5636943580191506 0.5944136806655529 0.010083203202632446 0.011763737069737773
0 0.7512919303355379 0.7379652202981692 0.01153650019732073 0.011591238084611356
0 0.7352920333832549 0.7521182076320007 0.01143372577173913 0.01137708580978261
0 0.7283476785605053 0.7590625624547502 0.01143372577173913 0.01137708580978261
0 0.7443196946528292 0.7583681269724752 0.01143372577173913 0.01137708580978261
0 0.7311254204896054 0.7743401430647994 0.01143372577173913 0.01137708580978261
0 0.6994224320260778 0.7509416847074847 0.010044854807189217 0.011377085809782608
0 0.694440861789593 0.7550623845113975 0.008897027563759409 0.009655344944637954
0 0.6303436298317079 0.8511913614157633 0.009708072828804348 0.00939559936548913
0 0.8095696570508326 0.65259695754796 0.011805403198674326 0.011805403198674186
0 0.7935976409585086 0.6810688123212328 0.011805403198674326 0.011805403198674186
0 0.7894310280648591 0.6734300220162085 0.011805403198674326 0.011805403198674186
0 0.7970698183698834 0.5637092158167654 0.011805403198674326 0.011805403198674186
0 0.7977642538521584 0.5748201835331649 0.011805403198674326 0.011805403198674186
0 0.8185973183204069 0.6137085705405623 0.011805403198674326 0.011805403198674186
0 0.7984586893344334 0.6463470382074852 0.011805403198674326 0.011805403198674186
0 0.7932647710579138 0.6646147087866686 0.01180540319867432 0.010657575955244502
0 0.7949865119230586 0.6157918769873872 0.011805403198674326 0.011805403198674186
0 0.7866532861357592 0.6046809092709876 0.011805403198674326 0.011805403198674186
0 0.7992392118599656 0.6606317482519677 0.011805403198674326 0.011805403198674186
0 0.8185973183204069 0.6032920383064377 0.011805403198674326 0.011805403198674186
0 0.8116529634976576 0.5935699415545885 0.011805403198674326 0.011805403198674186
0 0.8060974796394578 0.6144030060228372 0.011805403198674326 0.011805403198674186
0 0.8262361086254316 0.5796812319090894 0.011805403198674326 0.011805403198674186
0 0.8220694957317818 0.5637092158167654 0.011805403198674326 0.011805403198674186
0 0.8248472376608816 0.5727368770863397 0.011805403198674326 0.011805403198674186
0 0.8158195763913073 0.581070102873639 0.011805403198674326 0.011805403198674186
0 0.822763931214057 0.5907921996254885 0.011805403198674326 0.011805403198674186
0 0.807486350604008 0.6289861511506111 0.011805403198674326 0.011805403198674186
0 0.7991244291356222 0.6300421522145665 0.011805403198674326 0.011805403198674186
0 0.7006376985998019 0.780278608628182 0.011660036832880426 0.008981648166070553
0 0.8569575717919097 0.46910613123494627 0.01296947313451087 0.01259032539673913
0 0.8444577331109602 0.4871614537740952 0.01296947313451087 0.01259032539673913
0 0.8347356363591111 0.48299484088044553 0.01296947313451087 0.01259032539673913
0 0.8395966847350357 0.4739671796108709 0.01296947313451087 0.01259032539673913
0 0.8264024105718114 0.49549467956139476 0.01296947313451087 0.01259032539673913
0 0.8250135396072616 0.48299484088044553 0.01296947313451087 0.01259032539673913
0 0.7833474106707642 0.4996612924550444 0.01296947313451087 0.01259032539673913
0 0.8597353137210096 0.4920225021500199 0.01296947313451087 0.01259032539673913
0 0.8548742653450846 0.48160596991589555 0.01296947313451087 0.01259032539673913
0 0.8604297492032843 0.43438435712119855 0.01296947313451087 0.01259032539673913
0 0.8534853943805348 0.49757798600821956 0.01296947313451087 0.01259032539673913
0 0.8444577331109602 0.5010501634195943 0.01296947313451087 0.01259032539673913
0 0.8236246686427117 0.5454940342851916 0.01296947313451087 0.01259032539673913
0 0.8782743514441412 0.4231971679307705 0.01183506283343796 0.012081453064540924
0 0.8685522546922919 0.41694724859029575 0.01183506283343796 0.012081453064540924
0 0.7491093517409996 0.41347507117892124 0.01183506283343796 0.012081453064540924
0 0.8463303192594932 0.4127806356966461 0.01183506283343796 0.012081453064540924
0 0.8801231343277555 0.34116192458510186 0.01623800527173911 0.00968540326148941
0 0.8865287083900643 0.09066301903612944 0.008789891782608696 0.009190352066576087
0 0.8858342729077893 0.10455172868162858 0.008789891782608696 0.009190352066576087
0 0.8705566922977401 0.13371801893717672 0.008789891782608696 0.009190352066576087
0 0.8733344342268403 0.12607922863215218 0.008789891782608696 0.009190352066576087
0 0.8969452406241883 0.10524616416390348 0.008789891782608696 0.009190352066576087
0 0.8962508051419137 0.09413519644750418 0.008789891782608696 0.009190352066576087
0 0.918472740574712 0.176078583355949 0.008789891782608696 0.009190352066576087
0 0.9163894341278872 0.16149543822817494 0.008789891782608696 0.009190352066576087
0 0.8906953212837141 0.07399656746153051 0.008789891782608696 0.009190352066576087
0 0.9011118535178382 0.12677366411442714 0.008789891782608696 0.009190352066576087
0 0.9004174180355635 0.11844043832712765 0.008789891782608696 0.009190352066576087
0 0.8865287083900643 0.08024648680200511 0.008789891782608696 0.009190352066576087
0 0.9163894341278872 0.18788398655462324 0.008789891782608696 0.009190352066576087
0 0.9059729018937627 0.16357874467499978 0.008789891782608696 0.009190352066576087
0 0.9080562083405873 0.17468971239139905 0.008789891782608696 0.009190352066576087
0 0.918472740574712 0.176078583355949 0.008789891782608696 0.009190352066576087
0 0.8074502081217295 0.1281719753201021 0.011306762695652173 0.011385772539402175
0 0.7590665026449436 0.06256395140965662 0.009401901908967392 0.0101900204375
0 0.9221243343001205 0.2200233381925902 0.010716977327445653 0.011042387589673913
0 0.9244199887869802 0.19821462056742625 0.010716977327445653 0.011042387589673913
0 0.916959111704687 0.21084072024515277 0.010716977327445653 0.011042387589673913
0 0.9290112977606989 0.23379726511374635 0.010716977327445653 0.011042387589673913
0 0.9204025934349767 0.23551900597889083 0.010716977327445653 0.011042387589673913
0 0.9120537646397223 0.26028094180821065 0.010137972624999997 0.009135684374776874
0 0.9291734659860684 0.25072357291804187 0.008703148883152174 0.010041485661684784
0 0.6075353481379274 0.9623993986752322 0.008483057436141304 0.008153169051630434
0 0.609257089003072 0.956086348836369 0.008483057436141304 0.008153169051630434
0 0.609257089003072 0.949199385375791 0.008483057436141304 0.008153169051630434
0 0.6311085735527492 0.9000534619342935 0.009128570557065218 0.009485327679347826
0 0.6259433509573156 0.8937404120954305 0.009128570557065218 0.009485327679347826
0 0.6127433376578744 0.9235839204246021 0.009128570557065218 0.009485327679347826
0 0.6230737828487414 0.9281752293983208 0.009128570557065218 0.009485327679347826
0 0.607004201440726 0.927027402154891 0.009128570557065218 0.009485327679347826
0 0.6098737695493001 0.9149752160988796 0.009128570557065218 0.009485327679347826
0 0.6184824738750228 0.9092360798817312 0.009128570557065218 0.009485327679347826
0 0.6299607463093195 0.8851317077697075 0.009128570557065218 0.009485327679347826
0 0.9274355213095922 0.28364917368985004 0.010276462721467393 0.01037970833152174
0 0.9251398668227329 0.3037361504498694 0.010276462721467393 0.01037970833152174
0 0.9039337585003693 0.30377058526717227 0.010276462721467393 0.01037970833152174
