0 0.27037999999999995 0.026494999999999998 0.008152 0.006793
0 0.279212 0.013587 0.006793 0.002717
0 0.293478 0.033288000000000005 0.008152 0.006793
0 0.30706500000000003 0.019022 0.005435 0.008152
0 0.31114100000000006 0.013587 0.005435 0.002717
0 0.408967 0.045515999999999994 0.008152 0.009511
0 0.5061139999999998 0.028533 0.006793 0.008152
0 0.5095109999999999 0.02038 0.005435 0.008152
0 0.5217389999999998 0.652853 0.005435 0.006793
0 0.5217389999999998 0.6603259999999999 0.005435 0.005435
0 0.5244569999999998 0.643342 0.005435 0.006793
0 0.529212 0.652853 0.006793 0.006793
0 0.530571 0.6623640000000001 0.004076 0.006793
0 0.540082 0.6732340000000001 0.006793 0.006793
0 0.5421199999999999 0.6657609999999999 0.005435 0.005435
0 0.5461959999999999 0.6616850000000001 0.005435 0.008152
0 0.548234 0.675272 0.006793 0.005435
0 0.595788 0.7282609999999999 0.006793 0.005435
0 0.597147 0.705163 0.006793 0.008152
0 0.6059779999999999 0.7228259999999999 0.005435 0.005435
0 0.6066579999999999 0.7126360000000002 0.006793 0.006793
0 0.612092 0.737092 0.006793 0.006793
0 0.6154889999999998 0.7255429999999999 0.005435 0.005435
0 0.616168 0.75 0.006793 0.008152
0 0.619565 0.7201089999999999 0.005435 0.005435
0 0.620245 0.7330160000000001 0.006793 0.006793
0 0.6705159999999999 0.459239 0.009511 0.008152
0 0.671875 0.43682099999999996 0.006793 0.006793
0 0.6725540000000001 0.46807099999999996 0.008152 0.006793
0 0.674592 0.449728 0.006793 0.008152
0 0.6752720000000001 0.491168 0.008152 0.006793
0 0.675272 0.8009509999999999 0.005435 0.009511
0 0.6766299999999998 0.788723 0.005435 0.006793
0 0.6766299999999998 0.48301599999999995 0.005435 0.006793
0 0.679348 0.5244570000000001 0.01087 0.008152
0 0.679348 0.43274499999999994 0.005435 0.006793
0 0.680027 0.466033 0.006793 0.008152
0 0.6813860000000002 0.7975540000000001 0.006793 0.008152
0 0.6820649999999999 0.5047549999999998 0.005435 0.006793
0 0.682745 0.450408 0.006793 0.006793
0 0.683424 0.513587 0.005435 0.008152
0 0.6861410000000001 0.5754079999999999 0.008152 0.006793
0 0.691576 0.531929 0.008152 0.009511
0 0.692255 0.807745 0.004076 0.006793
0 0.6936140000000001 0.5869570000000001 0.006793 0.008152
0 0.6942929999999999 0.796196 0.005435 0.008152
0 0.694973 0.5448369999999999 0.006793 0.005435
0 0.6970109999999999 0.8158970000000001 0.005435 0.006793
0 0.6997279999999999 0.5584240000000001 0.005435 0.008152
0 0.701087 0.044158 0.005435 0.006793
0 0.7017660000000001 0.548234 0.006793 0.006793
0 0.7017660000000001 0.8036680000000002 0.004076 0.006793
0 0.7024459999999999 0.8131790000000001 0.005435 0.006793
0 0.703804 0.039402 0.005435 0.005435
0 0.710598 0.027174 0.005435 0.005435
0 0.710598 0.5754079999999999 0.005435 0.006793
0 0.710598 0.814538 0.005435 0.006793
0 0.710598 0.015625 0.005435 0.006793
0 0.718071 0.034647 0.004076 0.006793
0 0.721467 0.591712 0.005435 0.006793
0 0.7275820000000001 0.6154890000000001 0.006793 0.008152
0 0.72962 0.6032609999999999 0.005435 0.005435
0 0.7323370000000001 0.6277170000000001 0.008152 0.008152
0 0.7330160000000001 0.6005429999999999 0.004076 0.005435
0 0.734375 0.9279890000000001 0.006793 0.008152
0 0.734375 0.063179 0.006793 0.006793
0 0.735054 0.89606 0.005435 0.006793
0 0.7357340000000001 0.030571 0.006793 0.006793
0 0.7357340000000001 0.048913000000000005 0.004076 0.005435
0 0.737092 0.6141300000000001 0.006793 0.008152
0 0.737092 0.24456500000000003 0.006793 0.005435
0 0.7391299999999998 0.911005 0.005435 0.006793
0 0.7411679999999999 0.23913 0.009511 0.005435
0 0.7486409999999999 0.061821 0.005435 0.006793
0 0.75 0.237092 0.008152 0.006793
0 0.752717 0.036685 0.005435 0.005435
0 0.7540759999999999 0.023098 0.005435 0.005435
0 0.754755 0.064538 0.004076 0.006793
0 0.755435 0.057065000000000005 0.005435 0.005435
0 0.7635870000000001 0.233016 0.008152 0.006793
0 0.766304 0.033288000000000005 0.005435 0.006793
0 0.7669840000000001 0.023098 0.006793 0.005435
0 0.768342 0.04347800000000001 0.004076 0.008152
0 0.768342 0.06046200000000001 0.004076 0.006793
0 0.77106 0.22893999999999998 0.009511 0.006793
0 0.7758149999999999 0.024457 0.005435 0.005435
0 0.7758149999999999 0.046196 0.005435 0.008152
0 0.781929 0.037363999999999994 0.004076 0.006793
0 0.7955160000000001 0.023777 0.004076 0.006793
0 0.817255 0.19701099999999996 0.006793 0.008152
0 0.8267660000000001 0.188859 0.006793 0.008152
0 0.838995 0.015625 0.006793 0.006793
0 0.84375 0.16643999999999998 0.005435 0.006793
0 0.84375 0.160326 0.005435 0.005435
0 0.8580160000000001 0.172554 0.004076 0.005435
0 0.862772 0.014946 0.005435 0.005435
0 0.8641299999999998 0.171875 0.005435 0.006793
0 0.8695649999999999 0.071332 0.005435 0.006793
0 0.8695649999999999 0.16643999999999998 0.005435 0.006793
0 0.875 0.014946 0.005435 0.005435
0 0.8763589999999999 0.175272 0.005435 0.008152
0 0.8763589999999999 0.044158 0.005435 0.006793
0 0.877717 0.162364 0.005435 0.006793
0 0.8790759999999999 0.027853000000000003 0.005435 0.006793
0 0.88587 0.16643999999999998 0.005435 0.006793
0 0.887908 0.034647 0.004076 0.006793
0 0.8967389999999998 0.16779899999999998 0.005435 0.006793
0 0.8974180000000002 0.048913000000000005 0.006793 0.005435
0 0.898098 0.023777 0.005435 0.006793
0 0.9008149999999999 0.162364 0.005435 0.006793
0 0.9021740000000001 0.976902 0.008152 0.008152
0 0.9048909999999999 0.017663 0.005435 0.008152
0 0.90625 0.16372299999999998 0.005435 0.006793
0 0.906929 0.036005 0.004076 0.006793
0 0.911005 0.108016 0.006793 0.006793
0 0.911685 0.156929 0.005435 0.009511
0 0.913723 0.049592 0.004076 0.006793
0 0.91644 0.04143999999999999 0.004076 0.006793
0 0.91712 0.9694290000000001 0.005435 0.006793
0 0.919837 0.171196 0.005435 0.008152
0 0.9211959999999999 0.08763600000000002 0.005435 0.006793
0 0.9266299999999998 0.16440199999999996 0.005435 0.008152
0 0.9279889999999998 0.173234 0.005435 0.006793
0 0.9286680000000002 0.02106 0.006793 0.006793
0 0.9320649999999999 0.031929 0.005435 0.006793
0 0.9320649999999999 0.97894 0.005435 0.006793
0 0.9320649999999999 0.97894 0.005435 0.006793
