1 0.45009645690088684 0.7922804459281589 0.014682448428610096 0.013168003248131794
1 0.37461298963297973 0.09606700358183488 0.013290768084318741 0.01448567017264988
1 0.5287928788558297 0.1769082027932872 0.012263090714164402 0.011422115823496943
1 0.44958368073339045 0.7744265846584155 0.012499674506809399 0.012434254521908968
1 0.3738197243731955 0.07637398657591446 0.014574548472528872 0.015128104583076809
1 0.40202024708623474 0.09088213547416356 0.014643047166907269 0.013621537581734035
1 0.34214555698892346 0.2498877463133439 0.013060175854226818 0.015779184258502464
1 0.4644033286882484 0.7529522025066875 0.012137392292851988 0.01283703679623811
1 0.42377656439076294 0.7919992156650708 0.014401601708453636 0.015303445898968239
1 0.2201007552768873 0.3848857672318169 0.012853207795516304 0.014178607774817425
1 0.4034164884816046 0.12699806690216064 0.012354187343431555 0.023455319197281548
1 0.4440129839855691 0.7455614960711935 0.013239632482114046 0.013751361681067425
1 0.4499234583066857 0.7592378284620203 0.012266977973606274 0.012255378391431726
1 0.4592946508656378 0.7146780387214992 0.016764848128609035 0.01850538668425187
1 0.5053306455197542 0.7871202800584877 0.012704061425250511 0.014797459477963655
1 0.17914067662280542 0.030554447485053017 0.013659259547357973 0.014896651972895083
1 0.539390170055887 0.5247361556343411 0.013128653816554859 0.012128249458644703
1 0.3607787489891052 0.3257420892300813 0.013066286626069443 0.02406130666318147
1 0.19985753556956415 0.12553666985553244 0.010222870370616083 0.01111739614735479
1 0.4996796950050023 0.7574166214984395 0.011662099672400433 0.012911216072414234
1 0.42716026306152344 0.2947640004365341 0.011723062266474184 0.012669729149859886
1 0.2592532323754352 0.190171946649966 0.011362324590268343 0.012645058009935461
1 0.41163668943488074 0.2139337373816449 0.013246442960656208 0.014935534933338995
1 0.24135507708010467 0.3970737457275391 0.01150270130323327 0.011425350023352581
1 0.4057209388069484 0.8077805975209111 0.027544560639754585 0.01514360179071841
1 0.2565544584523077 0.06355074436768242 0.01171385723611583 0.012369264727053434
1 0.46118231441663654 0.20215667849001678 0.023192467896834663 0.01209389645120372
1 0.4632292208464249 0.18556622836900794 0.012081934058147926 0.013468141141145126
1 0.31453435317329737 0.04476574452027031 0.01351767000944718 0.013373421586078148
1 0.4961801819179369 0.5982505342234736 0.013247489929199219 0.014526657436204992
1 0.5161480592644733 0.6478790822236433 0.014617774797522503 0.016817880713421364
1 0.07113748788833618 0.7417525830476182 0.011370042096013609 0.013514228489087976
1 0.5069640408391538 0.746338118677554 0.014116411623747452 0.014725519263226051
1 0.46673780420552125 0.7733938590339993 0.012849279071973719 0.013573480689007301
1 0.32810918897714303 0.12234553565149721 0.012792240504337393 0.012477988782136337
1 0.3527836177660072 0.13273571885150412 0.013253668080205503 0.013195535411005434
1 0.356148450270943 0.9613102622654126 0.011940541474715523 0.012227597443953804
1 0.4535121295763098 0.7080929382987645 0.013230821360712465 0.014389452726944633
1 0.302060490069182 0.21927469709645148 0.01376137526138969 0.014447689056396484
1 0.5459839053775953 0.5820565327354099 0.013880335766336193 0.013543025307033375
1 0.3189158232315727 0.015150780911030979 0.01283964903458305 0.012911100750384123
1 0.5493773377459982 0.5018013871234396 0.013196572013523266 0.013591559036918308
1 0.39394986111184827 0.8416712180427883 0.012959397357443104 0.013850543809973675
1 0.3828734729600989 0.29286485132963763 0.012422105540399965 0.01403064313142196
1 0.2891395817632261 0.0713160841361336 0.010920607525369396 0.012920374455659286
1 0.29254727778227435 0.14357560613880987 0.012281314186427906 0.01376869367516559
1 0.48233446867569635 0.10761352725650954 0.01201140362283458 0.014599520227183466
1 0.5021779018899669 0.8042726931364641 0.013155729874320652 0.013114597486413044
1 0.371564305346945 0.27319448927174445 0.012087490247643513 0.01320053183514139
1 0.5635810105696969 0.16518314506696619 0.012805026510487432 0.014423069746597954
1 0.16044542582138724 0.10523961419644565 0.014281158861906632 0.01748057033704675
1 0.43711983639261 0.12465750652810803 0.01188672107198964 0.012632805368174677
1 0.4510687537815261 0.8259125170500381 0.01582759359608526 0.01386584406313689
1 0.22129792752473254 0.18898680935735285 0.013371177341627039 0.01690957857214886
1 0.19791779310806937 0.139759115550829 0.01949036639669667 0.013619733893353005
1 0.3453053702478823 0.10961255819901176 0.013234242149021313 0.012615888015083645
1 0.5214393968167512 0.5245273009590481 0.011254206947658375 0.01083937935207201
1 0.47473249746405555 0.738163305365521 0.01855660521465799 0.016116473985754925
1 0.48051340683646826 0.758196208788001 0.01260176948879076 0.015277530836022419
1 0.5510704621024753 0.5552824269170347 0.013225057850713316 0.014557714047639267
1 0.2182924747467041 0.14193750982699188 0.012944988582445227 0.01385870187178902
1 0.5294242112532906 0.5575571474821671 0.012116059013034985 0.01247007950492527
1 0.5057030553403108 0.5669293610945992 0.012919716213060461 0.013327308323072351
1 0.5243990421295166 0.7503315054852028 0.013680105623991592 0.014935783717943274
1 0.5551895680634872 0.5707607269287109 0.013408370639966883 0.014238523400348167
1 0.5137844396674115 0.13452219963073733 0.010897947394329567 0.011843784995701
1 0.4893537448800128 0.3445378243923187 0.011345852976259977 0.011049008887747059
1 0.4367339662883593 0.2063675756039827 0.012191388918005901 0.01254483927851138
1 0.501486819723378 0.2510066965351934 0.011449647986370583 0.01176359342492145
1 0.3374799749125605 0.9087452059206755 0.013842313185982082 0.02122941224471382
1 0.19818292493405548 0.054261225721110466 0.014086495275082796 0.015342354774475098
1 0.4131837124409883 0.81033296170442 0.012100525524305262 0.01371864650560462
1 0.3469427629657414 0.20582226048345148 0.012912115325098452 0.013246909431789234
1 0.37508373934289685 0.22053610760232675 0.0117262601852417 0.011463040890900986
1 0.5098682486492655 0.585330175316852 0.014299724413001019 0.014040490855341372
1 0.23868271578913147 0.11433607080708379 0.01180136722067128 0.012411501096642536
1 0.49000986762668775 0.5645680842192278 0.01246116472327191 0.013187035270359204
1 0.3575582271036894 0.0736673733462458 0.01145823623823083 0.013317341389863388
1 0.5302436559096627 0.19341457408407461 0.012095264766527258 0.013011331143586533
1 0.15981535807899808 0.038272089284399284 0.014081550681072731 0.014881178088810131
1 0.5434053255164105 0.513620552809342 0.012223616890285328 0.012238937875498896
1 0.37620842975118884 0.8877848127613898 0.015309209408967392 0.013150298077127209
1 0.22085692571557086 0.29145286394202186 0.012171641640041187 0.012769450312075407
1 0.3677917835505112 0.014664867973845936 0.01751649638880854 0.01396263099235037
1 0.41289761792058527 0.3297852496414081 0.011379304139510445 0.01209909533676894
1 0.4418094054512355 0.267569230950397 0.012141020401664402 0.013494698897652004
1 0.5129042397374692 0.729333898295527 0.011507220890211023 0.012573449508003567
1 0.5488761507946512 0.3348822687631068 0.01072823483010997 0.011154653585475426
1 0.3838077783584595 0.32780690296836523 0.016750283863233482 0.014531622762265413
1 0.47798442840576166 0.27491560189620307 0.010886731355086617 0.012640351834504501
1 0.2017169828000276 0.1935980008996051 0.01409248683763587 0.015409511068592901
1 0.2507073360940684 0.24781776511150855 0.0171826404073964 0.012000830277152683
1 0.4915666165559188 0.6283330710037894 0.013578414916992188 0.014707938484523609
1 0.3874522084775178 0.18431977603746497 0.01261976490850034 0.014264334803042204
1 0.46576848237410834 0.07172058457913605 0.011354446411132812 0.012752211612203846
1 0.4283102491627569 0.8125848977462106 0.01255197110383407 0.012786077416461449
1 0.4495666649030602 0.23182125713514246 0.012751724409020466 0.013383015342380688
1 0.3821069468622622 0.9049800789874533 0.01385522925335428 0.012522904769234035
1 0.3760285377502441 0.11642921489218008 0.013697292493737263 0.01373434066772461
1 0.4846895052039105 0.23792545691780423 0.011865035347316578 0.012172927027163298
1 0.5529956402985946 0.6077567805414614 0.013844199802564539 0.014612197875976562
1 0.32739899380375503 0.24530824371006177 0.012340485239806383 0.012790493343187414
1 0.5239274398140286 0.21717229096785837 0.011191907136336617 0.012059253195057745
1 0.5658471169679061 0.21223757577979047 0.010758047518522842 0.011472847150719685
1 0.37511211374531617 0.019824800284012505 0.011375665664672852 0.013194732044054113
1 0.539365177569182 0.5497539250747018 0.01290373180223548 0.013980305713155994
1 0.3914663273355235 0.870091541953709 0.012729271598484204 0.014446134152619736
1 0.48597053859544836 0.64323904203332 0.013761271601137907 0.013934798862623133
1 0.5198651604030443 0.7027195640232253 0.01334182075832201 0.014345832492994226
1 0.3640370692895806 0.8682055680648142 0.012788998044055443 0.012903876926587976
1 0.32626896319182025 0.20038209790768832 0.014212318088697351 0.01398723021797512
1 0.5090526912523352 0.7692529636880626 0.012566939644191578 0.014286994934082031
1 0.48935011158818786 0.7888976180035135 0.013507760089376698 0.013684604478918987
1 0.522390137548032 0.5750232364820398 0.012673377990722656 0.013467374055281929
1 0.2894331786943518 0.03031212998473126 0.01626029221907906 0.014209221238675325
1 0.5268794971963634 0.13013368067534073 0.01222092172373896 0.012637304223102074
1 0.4884207559668499 0.6156526441159457 0.012820907261060633 0.014142616935398266
1 0.40199102007824444 0.14093010840208633 0.011653412943300993 0.012299237043961235
1 0.3906939755315366 0.02212839282077292 0.012541273365850035 0.014016343199688454
1 0.24621888865595282 0.12990593910217288 0.013050950091818104 0.013306244559909985
1 0.5254688262939454 0.6176200327665909 0.012831397678541101 0.014590263366699219
1 0.5224956014881963 0.4706905199133832 0.012474474699600883 0.013545492421025816
1 0.42346776050070056 0.16502991966579272 0.012749215830927309 0.013318455737570057
1 0.473809988602348 0.6886466275090757 0.013562575630519703 0.01375517637833305
1 0.21758269227069355 0.23474660127059277 0.012807783873184868 0.013107880302097485
1 0.41324636210565985 0.2772673420284105 0.025210587874702782 0.013265506080959156
1 0.22591504843338675 0.21915362192236862 0.010747640029243801 0.011938779250435207
1 0.2742474804753843 0.08399036397104678 0.014424697212550953 0.01245781131412672
1 0.20824743353802228 0.03507379086121269 0.015039402505625849 0.014007480248160984
1 0.5074578264485234 0.15618296809818433 0.012729541115138843 0.014257192611694336
1 0.5250720563142197 0.7242367163948391 0.013449046922766644 0.013694721719493036
1 0.44893807950227155 0.18352793610614276 0.012053531149159307 0.013211022252621859
1 0.22536919427954633 0.25191515424977173 0.01029186663420304 0.01162464722343113
1 0.36570761773897253 0.17648005485534668 0.01133393723031749 0.01205102257106615
1 0.4753169339636098 0.7994659050651218 0.011961615603903065 0.012424012889032778
1 0.23729663309843643 0.1887313697649085 0.011523765066395636 0.012157626774000086
1 0.16086689285610034 0.021991416811943054 0.01378867937170941 0.015194694633069246
1 0.4796182901962943 0.14718072310737942 0.01219958844392196 0.013721963633661684
1 0.2776021542756454 0.35332362548164703 0.011801719665527344 0.012294893679411514
1 0.33529565418544016 0.3430579226949941 0.011232587954272394 0.012074263199515965
1 0.3529583682184634 0.05676018932591313 0.013431092967157778 0.013919794041177502
1 0.4604402625042459 0.27379984441010846 0.012094414752462635 0.013061295384946077
1 0.06966392371965491 0.708230391792629 0.011192653490149456 0.011587142944335938
1 0.47289327953172766 0.8511669117471446 0.012481233348017153 0.014250755310058594
1 0.5448418492856234 0.4884860826575238 0.012957116831903872 0.019114784572435463
1 0.5054398826930833 0.14303136390188467 0.011601987092391304 0.01115702546161154
1 0.44701691295789636 0.29138390914253565 0.012173548988674 0.012639709140943445
1 0.5344649605129077 0.6916801203852113 0.012804446013077446 0.02570069354513417
1 0.2757479315218718 0.2868641977724822 0.01072612016097359 0.011571345121964165
1 0.3648162717404573 0.3059060055276622 0.012545336847719938 0.014198220294454823
1 0.5137252911277439 0.2522707814755647 0.011281614718229874 0.01265617038892663
1 0.39454949420431373 0.07460214521573938 0.013858463453209919 0.01501526521599811
1 0.5204280770343283 0.5130179757657259 0.010967669279679008 0.011802072110383408
1 0.497050202411154 0.5788786514945652 0.012747640195100204 0.013632318247919497
1 0.35997153624244355 0.14335272623145062 0.010778577431388523 0.011281552522078804
1 0.5320000648498535 0.507038054258927 0.012798267862071161 0.013076574906058933
1 0.26305675506591797 0.11932214446689772 0.019385462221891983 0.015281096748683765
1 0.3949604915535968 0.3038131776063338 0.011222922283670177 0.012978823288627293
1 0.4575699826945429 0.1312352522559788 0.01262360033781632 0.012862236603446629
1 0.4881770247998445 0.6936967891195545 0.011767252631809399 0.012283698372218921
1 0.45507496336232056 0.21461383156154468 0.01170548148777174 0.012522324271824047
1 0.48776884700941003 0.21608699922976288 0.01143868073173191 0.011217801467232082
1 0.3549272288446841 0.03586593529452449 0.012899896372919497 0.01293885967005854
1 0.23134230530780292 0.3176834375961967 0.011807338051174 0.01305395623911982
1 0.29726523938386334 0.12245552436165187 0.011291130729343579 0.012082079182500425
1 0.3136154776034148 0.14801859337350595 0.011152536972709324 0.012142606403516687
1 0.35569185536840686 0.2947172081988791 0.011599058690278427 0.012617152670155401
1 0.35271439344986627 0.08954099468562914 0.013480020605999489 0.014006438462630562
1 0.15971921837848166 0.06420095588849939 0.01380684064782184 0.013924920040628185
1 0.4930849904599397 0.8228005948274031 0.012152962062669836 0.01579682723335598
1 0.22295901049738348 0.3626749826514203 0.012101235597029976 0.013445273689601734
1 0.27573251724243164 0.3370974057394525 0.011002167411472485 0.011208597732626873
1 0.42924300484035327 0.2455748060475225 0.012551763783330503 0.013434078382409138
1 0.21139773078586743 0.0635502338409424 0.012560554172681726 0.014184537141219429
1 0.2967514266138491 0.24954897424449093 0.012991138126539148 0.013332574263862942
1 0.5128819424173107 0.11861132020535678 0.012660482655400816 0.01388536328854768
1 0.3621426872585131 0.49571242539779 0.013699573019276495 0.012022972106933594
1 0.5496522447337275 0.289973549220873 0.016233568606169327 0.014042025027067764
1 0.534008907235187 0.16421040763025702 0.011231443156366762 0.01145260230354641
1 0.4816828706990118 0.24871720438418182 0.011877329453178074 0.012192643207052479
1 0.5837363160174825 0.24072347516598908 0.01098396467125934 0.012654283772344175
1 0.4069216873334801 0.17150045996126922 0.013797449029010277 0.012903700704159944
1 0.40441459676493763 0.8646771182184634 0.01187207387841266 0.01302889119023862
1 0.3955209566199261 0.19822620308917505 0.013561995133109715 0.013355006342348845
1 0.4179489664409472 0.0922223562779634 0.011527341345082159 0.012021629706673
1 0.410990790180538 0.4015655102937118 0.012982757195182468 0.021868830141813858
1 0.47100509249645733 0.28729454330776055 0.01097740297732146 0.010875390923541527
1 0.2140744872715162 0.2533465053724206 0.012281417846679688 0.013917922973632812
1 0.5677494380785071 0.2808284759521485 0.012965658436650816 0.013062684432319973
1 0.39270374049311096 0.04013683096222256 0.013578124668287195 0.012733519077301025
1 0.5060774658037268 0.49939804491789447 0.01229615833448327 0.013079394464907438
1 0.27583219694054645 0.01317340815844743 0.01473435111667799 0.013238955451094585
1 0.3281108560445516 0.2866290030272111 0.011024961329024772 0.012930683467699133
1 0.515830257664556 0.22746083010797913 0.01226049920786982 0.013726047847581946
1 0.3460686038369718 0.3762919669565947 0.01135964238125345 0.011813759803771973
1 0.38294945592465607 0.3103938621023427 0.012354062951129417 0.014881320621656336
1 0.370233556498652 0.036865043899287346 0.013029139974842901 0.0130486566087474
1 0.4436100617699001 0.10930206982985785 0.0200565068618111 0.014645006345665974
1 0.42487596428912616 0.12142749454664148 0.022766030353048573 0.015522417814835258
1 0.5576708316802979 0.6264164344124172 0.013990671738334324 0.014518364616062329
1 0.32703044103539514 0.2240344752436099 0.013745784759521484 0.013867751411769703
1 0.4692370787910793 0.22279574560082477 0.012706093166185461 0.012352466583251953
1 0.5243468699247942 0.5444973862689474 0.015586313994034477 0.013477615688158117
1 0.4783575845801312 0.7343293687571649 0.013369643169900646 0.012087739032247791
1 0.21167412011519726 0.13105238520580786 0.010787072389022163 0.010662711184957752
1 0.4090454474739406 0.10701472344605818 0.013277924579122791 0.0131277727044147
1 0.3198984187582265 0.30323516804239026 0.011231505352517834 0.012450695037841797
1 0.24372948770937714 0.05351827455603558 0.01313582710597826 0.013173165528670601
1 0.2686608770619268 0.13649644540703815 0.013780469479768173 0.014381667842035708
1 0.4378158320551333 0.1554420875466388 0.01226317364236583 0.013313324555106785
1 0.3933088261148204 0.2210324950840162 0.01326001208761464 0.014750024546747622
1 0.5365327337513799 0.47129784459653107 0.013128280639648438 0.013443076092263927
1 0.5148557580035665 0.6724171845809274 0.014249967492145042 0.013861283012058422
1 0.38247371756512183 0.34395252103390894 0.012461247651473335 0.012643047001050867
1 0.27730775916058087 0.06660202016001163 0.010808322740637737 0.012593761734340504
1 0.4537037507347438 0.34746298582657525 0.011863532273665718 0.012143674104110054
1 0.5125558894613514 0.7181012941443402 0.011952566063922386 0.012185801630434782
1 0.4662267021510912 0.6018056040224822 0.01419830322265625 0.015331185382345448
1 0.2927968916685685 0.2977837479632834 0.01274828288866126 0.012716915296471638
1 0.3666006119354912 0.36904046846472705 0.011943392131639563 0.011774353359056555
1 0.401349399400794 0.9654651517453401 0.012630545574685802 0.013748625050420347
1 0.36179740791735443 0.38577886768009356 0.010861785515494968 0.0120981154234513
1 0.534754462864088 0.6084075181380563 0.01365263565726902 0.015356063842773438
1 0.5380342317664105 0.2341735777647599 0.011821498041567595 0.011554697285527769
1 0.485125147778055 0.8114992846613346 0.011548456938370415 0.013903700787088146
1 0.15367850013401196 0.07823014518489009 0.014555599378502888 0.015235056047854216
1 0.24162650108337402 0.5614379696224047 0.011810821035633917 0.01189491023188052
1 0.4408070937446925 0.8044534351514733 0.012921125992484715 0.01433488597040591
1 0.4468938475069792 0.07698330412740292 0.013809556546418564 0.012887058050736137
1 0.08235515200573465 0.6675772148629895 0.009903503500896952 0.010693322057309359
1 0.43671392357867694 0.4066808016403861 0.010537852411684782 0.01191717645396357
1 0.49966107244076935 0.678557603255562 0.013133919757345448 0.013958972433338995
1 0.2545625956162162 0.04346109732337619 0.01312187443608823 0.013937820558962614
1 0.17776896642602008 0.04336320835611095 0.014551598092784052 0.016761800517206608
1 0.06703840131345004 0.7271873225336489 0.010371498439622961 0.011284786721934443
1 0.5000914905382239 0.23472991197005566 0.011595477228579313 0.012293359507685122
1 0.4469759982565175 0.6770595052967902 0.015583287114682405 0.01670497396717901
1 0.31398516115934955 0.32299803974835767 0.016201558320418648 0.013213143400523975
1 0.43335799548936926 0.2826098566469939 0.011546777642291527 0.012536422066066578
1 0.4560671681943147 0.020326130740020588 0.011836922687032948 0.023650281455205834
1 0.4897026341894399 0.263916305873705 0.011842074601546577 0.01176129216733186
1 0.42768333269202197 0.8428099673727283 0.017553163611370583 0.01207658518915591
1 0.3379873192828635 0.054586508999700134 0.012560305388077446 0.015026797419009
1 0.5133051561272662 0.5507949538852858 0.011999980263088062 0.012245966040569801
1 0.5728174603503683 0.19867859716000763 0.010789891947870668 0.010794473730999489
1 0.4064603473829187 0.01894645587257717 0.012656999670940895 0.013872198436571203
1 0.22917989025945246 0.17468569589697797 0.015064509018607761 0.021742634151292885
1 0.1802779021470443 0.01580049129931823 0.014264739078024159 0.014884363697922749
1 0.3864786598993384 0.08507302273874698 0.011015327080436375 0.011930408685103706
1 0.20068209067634915 0.1671612936517467 0.012690896573274033 0.013892764630525009
1 0.46770954650381336 0.17116390622180444 0.01324704419011655 0.01320139221523119
1 0.2852836380834165 0.1284526949343474 0.013749226279880688 0.012689238009245499
1 0.4880659061929454 0.49828332403431763 0.013110160827636719 0.013693726581075916
1 0.21561931527179223 0.1602159012918887 0.013503945392111073 0.014298324999601944
1 0.24634101079857867 0.3586180883905162 0.013271559839663298 0.01380268387172533
1 0.4199317849200705 0.37702117018077685 0.012112327243970789 0.011559605598449707
1 0.39809086789255554 0.2313918963722561 0.012788176536560059 0.012830879377282185
1 0.3515967998815619 0.23632658046224844 0.010409414768218994 0.011989241061003311
1 0.5062541339708411 0.343579624010169 0.013540724049443785 0.012273539667544157
1 0.4559455799019855 0.15487320526786472 0.012143207632977028 0.013027667999267578
1 0.38600506212400354 0.240123116451761 0.011275597240613855 0.0122417574343474
1 0.21455807271211044 0.21893253533736523 0.012183666229248047 0.01335063187972359
1 0.26273293080537213 0.22318940577299695 0.013042263362718664 0.01268227204032566
1 0.47902460720228107 0.323402706047763 0.011478486268416695 0.01304761352746383
1 0.2189927515776261 0.048142818005188645 0.014675181844960089 0.015157582967177681
1 0.11842803851417873 0.5508885383605956 0.011328334393708603 0.012852088264797046
1 0.4631478475487751 0.36148635071256885 0.011352000029190727 0.011747860390207043
1 0.38071680068969727 0.4091477186783501 0.012361319168754246 0.012778738270635191
1 0.3892041911249575 0.27780063255973486 0.01400657322095788 0.013735211413839588
1 0.4735473964525305 0.13313032751498016 0.011507697727369226 0.012412060862002165
1 0.3449684828519821 0.3110639012378195 0.01201741980469745 0.023774706799051037
1 0.35842126348744263 0.8952282615329907 0.013368399246879246 0.013393733812415081
1 0.323225979571757 0.3591339069864024 0.011967833923256916 0.016406142193338146
1 0.4255035701005355 0.3311243776393973 0.011659363041753355 0.012622440638749496
1 0.3262996051622473 0.32536898877309717 0.010782739390497622 0.01262321420337843
1 0.4436963744785476 0.33204842650372046 0.012402949125870415 0.013260986493981403
1 0.5444200142570164 0.6667862767758577 0.01357331483260445 0.014610124670940895
1 0.48001534005869995 0.3601611230684364 0.011689890985903532 0.012294945509537407
1 0.42233923207158625 0.1043992923653644 0.01187797214673913 0.012200946393220322
1 0.5486490415490192 0.30936521032582154 0.011000508847443954 0.010876489722210426
1 0.3303128882594731 0.030385513668474945 0.02538729491441146 0.01466856054637743
1 0.34299643143363623 0.48582060959028156 0.012192352958347485 0.011854845544566278
1 0.4117858720862347 0.3042003175486689 0.02202116924783458 0.013046845145847485
1 0.20875949444978134 0.17911231517791748 0.013997451118800953 0.015377614809119183
1 0.5190763162529987 0.686156459476637 0.012555889461351477 0.012630089469577954
1 0.5159326117971669 0.19044032304183298 0.011682489643926207 0.013306120167607847
1 0.27853305443473486 0.19786707214687183 0.01146190062813137 0.012060517850129501
1 0.3081189445827318 0.3463581955951193 0.012917601543924084 0.0129858514536982
1 0.4211627089458963 0.20043566952580993 0.013455805571182915 0.013993449833082117
1 0.3574407411658246 0.2652077674865722 0.011384881061056385 0.012553836988366169
1 0.3251056687339492 0.09887638299361519 0.01081425534642261 0.012189699255901833
1 0.4601245548414148 0.04680813006732775 0.012744986492654552 0.015459182469741158
1 0.08860690438229106 0.6219327138817828 0.012268030125161877 0.012364968009617016
1 0.38413306941156805 0.3660533467064734 0.013036769369374151 0.013922289661739185
1 0.48053971580837085 0.1231954408728558 0.02011195473048998 0.013444589531939964
1 0.42988174894581677 0.13915458969447925 0.011773005775783375 0.013436441836149796
1 0.5134140926858654 0.4814539577649988 0.010941878609035328 0.011548042297363281
1 0.33703940329344384 0.09996211010476819 0.011382382848988409 0.01268463549406632
1 0.2412267145903214 0.09574417964271877 0.013827075128969938 0.014132385668547257
1 0.48698323705922 0.7101148522418478 0.011838622715162195 0.011953353881835938
1 0.4189276798911717 0.8890222259189771 0.011143788047458813 0.011457567629606827
1 0.456481000651484 0.2551493852034859 0.012812448584515114 0.013854939004649286
1 0.3758065856021384 0.18804163518159286 0.011415844378264053 0.011796764705492102
1 0.44671189266702405 0.14375985705334204 0.013256777887759 0.01349267752274223
1 0.1723192826561306 0.09051418045292729 0.013446113337641176 0.013867134633271591
1 0.5048708915710449 0.6974560281504756 0.01191259467083475 0.02453472303307575
1 0.33976242853247596 0.8658141675202744 0.013065607651420261 0.014175995536472485
1 0.5335484587627909 0.6832584505495819 0.012753569561502209 0.01298684659211532
1 0.4932550554690154 0.30157172161599866 0.011397942252781079 0.012268605439559273
1 0.2854590104973834 0.21948638169661816 0.013238512951394787 0.013767740000849184
1 0.5141439748846967 0.2788176743880562 0.01072674212248429 0.011721569558848505
1 0.3964289271313211 0.3525692587313444 0.013171092323634937 0.01319642688917077
1 0.36978878145632543 0.44760880262955377 0.0119141495746115 0.011424810990043308
1 0.3793111935905788 0.2519707161447276 0.011308089546535328 0.012419431105903957
1 0.2909867970839791 0.1664608095003211 0.011324695918871008 0.012074667474497919
1 0.5003293700840162 0.12522149604299795 0.01380393816077191 0.012582747832588528
1 0.31846932742906653 0.3371356223588404 0.011230613874352497 0.011865415650865307
1 0.33986260191254 0.2694606470025104 0.021838216677955956 0.013298884682033375
1 0.4547004492386527 0.09532539222551428 0.012418373771335766 0.012907805650130562
1 0.3289035934468974 0.1862693869549295 0.012124976386194643 0.012933150581691578
1 0.5208867114523182 0.4960404789966086 0.011225741842518682 0.011204118313996689
1 0.4073968348295792 0.8447496165399966 0.01713972506315812 0.014055832572605297
1 0.5426503679026728 0.5695544533107592 0.011545430059018343 0.01259588158648947
1 0.23400817746701447 0.240219727806423 0.01021407998126486 0.01183300432951554
1 0.35797971227894654 0.11879827665246051 0.013589071190875511 0.013128259907598082
1 0.22051798779031503 0.20673688598301102 0.013554614523182745 0.014962341474450153
1 0.5364583471547002 0.624957976133927 0.013575678286345108 0.013659891874893852
1 0.33911222413830133 0.2912523020868716 0.011717123829800148 0.013015249501103941
1 0.5056443629057511 0.7036492720894192 0.013181396152662195 0.012540900188943615
1 0.22034833742224652 0.2731270790100098 0.012599945068359375 0.013824753139329992
1 0.4442868647368058 0.842965955319612 0.013063223465629246 0.012996922368588655
1 0.5168628277985945 0.16586510513139807 0.011807814888332203 0.012603832327801247
1 0.4890217003615006 0.3138959096825641 0.012054640313853388 0.011619277622388758
1 0.4577022842738939 0.8065275938614554 0.013180732727050781 0.014063793679942255
1 0.367816220159116 0.41582144861635956 0.012780977332073708 0.01306226979131284
1 0.48781786794247833 0.746101835499639 0.01162446063497792 0.011883030767026155
1 0.40355238707169233 0.3762478828430176 0.014619329701299253 0.014564555624256965
1 0.278842252233754 0.37102887941443397 0.011271704798159391 0.011150318643321161
1 0.5631266365880552 0.2992465185082477 0.012370379074760105 0.012058216592539911
1 0.37038025778272876 0.05328219351561174 0.012653721415478249 0.012805752132249914
1 0.5363289584284243 0.6598734855651855 0.019772861314856487 0.019567448159922726
1 0.3673229839490808 0.400131326654683 0.011463372603706692 0.011289612106654957
1 0.4784926590712174 0.1940301397572393 0.010711659555849821 0.013384114141049593
1 0.3236673801489499 0.13755234946375308 0.011806983662688213 0.01225970102393109
1 0.5118620602980904 0.2918717964835789 0.023677390554676884 0.011430367179538891
1 0.44281279522439704 0.1946842981421429 0.011393339737601902 0.012113985807999321
1 0.34047370954700135 0.3608847079069718 0.011929686950600666 0.012278183646824047
1 0.5560550689697266 0.27744423824807873 0.011039899743121605 0.012180286905039911
1 0.2614452942557957 0.1724966038828311 0.010777431985606318 0.012031524077705715
1 0.2579965487770412 0.017602122672226116 0.01331124098404594 0.01936778750108636
1 0.39519946212353907 0.8233359378317128 0.011750050213025965 0.012873193492060122
1 0.49103262631789496 0.15816701495129126 0.012757705605548363 0.012652988019196884
1 0.21032390387161917 0.41203961165054986 0.01219133708788001 0.01320046963899032
1 0.3706241690594217 0.8485232228818147 0.012963502303413723 0.015079747075619905
1 0.2685089629629384 0.23965085071066153 0.010932030885115913 0.011691715406334919
1 0.30231456134630286 0.19192712203316067 0.011160000510837719 0.011548291081967562
1 0.44718165501304297 0.3604797902314559 0.011306918185690174 0.011875111123789911
1 0.4181178963702658 0.034881208253943405 0.014103018719217052 0.012817590133003567
1 0.4074176498081373 0.1549055472664211 0.013038345005201258 0.013024765512217646
1 0.0766085904577504 0.7889003339021101 0.01378233536430027 0.014033856599227242
1 0.23897046628205673 0.26089052532030194 0.01102248482082201 0.011743835780931555
1 0.47139835357666016 0.8271991480951725 0.01332880103069803 0.016063938970151154
1 0.5577044901640519 0.20120788657146954 0.011750345644743546 0.012748676797618036
1 0.470721493596616 0.7901723903158436 0.014072501141092052 0.015258001244586449
1 0.3887787901836892 0.10803408726401953 0.013009568919306215 0.01346209774846616
1 0.4275106761766517 0.015654624156329944 0.012905535490616508 0.012499548818754114
1 0.45908395103786304 0.8193822529004967 0.011520758919093921 0.011865367060122282
1 0.41728743262912915 0.2398890723352847 0.011864662170410156 0.012541625810706097
1 0.1667107395503832 0.4243538690649945 0.013947818590247112 0.014215013255243715
1 0.4028510218081267 0.8815223652383557 0.010416694309400476 0.011960444243057915
1 0.42937400030053174 0.26639439748681115 0.011243882386580757 0.012263111446214758
1 0.2959769290426503 0.9464367990908416 0.013355213662852411 0.014801605888034985
1 0.0720024005226467 0.8249361618705418 0.01425865422124448 0.015759509542713993
1 0.3833420380302098 0.06418353319168092 0.011848532635232677 0.012249163959337317
1 0.10715606938237729 0.650305115658304 0.00961403224779212 0.010521577752154808
1 0.464568511299465 0.333330662354179 0.022505635800568954 0.012905390366264011
1 0.5500600441642429 0.1598808817241503 0.013136366139287535 0.013702859049258024
1 0.449823462444803 0.32075783804706903 0.01205245308254076 0.01604895617650903
1 0.22811630497808044 0.13211621927178427 0.010565508966860563 0.010563819304756496
1 0.21370882573335068 0.3243291047604188 0.012862640878428583 0.014538553745850273
1 0.19803933475328528 0.1160762413688328 0.012279655622399372 0.018842904464058254
1 0.3937295001486074 0.16203886011372443 0.016537707784901493 0.01888678384863812
1 0.1785270182982735 0.05827549488648125 0.0146273426387621 0.014394226281539253
1 0.39969599506129394 0.32103249301081116 0.012593678806139074 0.013710996379023012
1 0.47588611685711407 0.3336083474366561 0.011498948802118715 0.011634474215300186
1 0.4755947952685149 0.6649504329847253 0.015004645223202913 0.015405281730320141
1 0.2808010785476021 0.2492530760557755 0.012103018553360649 0.016557175180186397
1 0.30772535697273584 0.20384137526802396 0.014526595240053923 0.01260740860648777
1 0.45514261204263434 0.40083480140437255 0.010946626248567001 0.011775944543921429
1 0.35004877784977795 0.19050237406855047 0.011144695074661919 0.012512870456861414
1 0.4698336642721425 0.3458686807881231 0.01280975341796875 0.012244701385498047
1 0.18473579572594684 0.10311284272567084 0.013198354969853941 0.014177508976148523
1 0.40405233787453687 0.033965174270712814 0.01197827898937723 0.012029769627944283
1 0.3598036740137184 0.1692622122557267 0.014137439105821692 0.017320404882016388
1 0.5311748877815579 0.3398681736510733 0.010920068492060122 0.011928892653921375
1 0.4522361392560213 0.3053966294164243 0.011752408483754034 0.01223960130111031
1 0.5042708645696226 0.3171464671259341 0.010840664739194124 0.01207181681757388
1 0.43013874344203784 0.8266316911448603 0.011020764060642407 0.012219760728918987
1 0.37670309388119244 0.9463237472202466 0.01092263408329176 0.011051385299019192
1 0.3627606086108996 0.2163862560106361 0.011452680048735245 0.012379812157672386
1 0.19329801849696948 0.5605372967927353 0.011118121769117273 0.01202069158139436
1 0.3798501387886379 0.17153539864913278 0.012553422347359035 0.012766444164773693
1 0.2735061438187309 0.5468535837919816 0.012615577034328296 0.011263930279275646
1 0.37840067303698993 0.2061781572258991 0.012052546376767366 0.01428817666095236
1 0.2515918690225352 0.55028017707493 0.013382372648819633 0.012069328971531079
1 0.23892628628274667 0.0364069938659668 0.011139994082243546 0.012490526489589527
1 0.27908265072366467 0.15202400995337445 0.012340877367102581 0.013904073963994566
1 0.3662017778210018 0.25811716784601624 0.011279803255329962 0.011634225430695908
1 0.22903383296468985 0.15581003997636877 0.011075164960778278 0.011728898338649586
1 0.5240696513134501 0.24234122815339462 0.01098037802654764 0.012243685515030571
1 0.4717392765957376 0.25698042952496075 0.011953447176062542 0.011606983516527258
1 0.3670907694360484 0.3379603507726089 0.011063627574754797 0.01141092829082323
1 0.38420731088389526 0.20118231358735458 0.013951674751613453 0.015278671098792034
1 0.24119008105734122 0.29125222952469537 0.012042999267578125 0.012875950854757557
1 0.4667254582695339 0.10553042784981105 0.012389442195063051 0.01229696688444718
1 0.3774713640627654 0.481422553891721 0.011948087941045347 0.013542247855144997
1 0.3671106087124866 0.15850820230401078 0.021061630352683693 0.013290996136872665
1 0.3553481594375941 0.35940655418064277 0.01125081207441247 0.011502887891686481
1 0.25030342392299487 0.21427676988684613 0.011085116344949474 0.01157142805016559
1 0.3906484945960667 0.2548344653585683 0.01177525520324707 0.011827634728473167
1 0.2854200860728388 0.047020349813544235 0.012639377428137737 0.013905551122582478
1 0.4032366586768109 0.3442148125689963 0.012360324030337126 0.013838643613068954
1 0.4094304001849631 0.8271700402964717 0.012984275817871094 0.014478683471679688
1 0.41777795294056774 0.44957480223282525 0.012539283089015796 0.01281000220257303
1 0.5745972757754118 0.2530428741289221 0.010987572048021399 0.013669946919316832
1 0.5463449644005817 0.18087950996730637 0.01171087182086447 0.014798537544582203
1 0.345765044507773 0.06980673644853674 0.011632228675095932 0.01213154585465141
1 0.3026295848514723 0.27906170098677924 0.014535592949908714 0.014028984567393427
1 0.42172744999761164 0.07569830573123433 0.013951965000318445 0.017781532329061756
1 0.4974386795707372 0.728899976481562 0.01416115138841712 0.027645235476286514
1 0.551464028980421 0.2179570612700089 0.011753061543340269 0.011382185894510021
1 0.25028198698292614 0.07822663369386093 0.010835378066353176 0.012270554252292797
1 0.34878720148749975 0.024592771478321236 0.010494361753049105 0.012286043685415516
1 0.5795022093731425 0.220169678978298 0.011726006217624829 0.01296314985855766
1 0.5430295882017717 0.2056230876756751 0.012202532395072605 0.012793540954589844
1 0.2531969754592232 0.3030090850332509 0.010650406713071077 0.010904871899148693
1 0.4319203366403994 0.030558447475018707 0.011369446049565855 0.011417707671289858
1 0.26024231703385065 0.20511272679204523 0.012558854144552479 0.013165888578995415
1 0.340606575426848 0.973995996558148 0.012164841527524202 0.012567520141601562
1 0.11651782367540443 0.6065936088562011 0.011221719824749489 0.012142637501592222
1 0.14265177560889203 0.5666793325672979 0.01171174256697945 0.011861303578252378
1 0.34475945778515027 0.4376936580823816 0.010865131150121275 0.012196374976116676
1 0.07799334888872894 0.602156867151675 0.012137148691260296 0.012385700059973675
1 0.350200531275376 0.2225872952005138 0.012084924656411877 0.012385534203570824
1 0.5344973336095395 0.484686483507571 0.012918824734895126 0.01119430168815281
1 0.4622776974802432 0.8431436911873196 0.013783257940541143 0.02092266082763672
1 0.43735149114028266 0.055029939050259796 0.011635458987692127 0.01110826886218527
1 0.2907285172006358 0.10863605789516281 0.011374701624331266 0.011599748030952785
1 0.262538246486498 0.2927604861881422 0.010652873827063519 0.010875515315843664
1 0.0971500355264415 0.5699969789256221 0.013636609782343325 0.013590149257494055
1 0.3964027555092522 0.410778107850448 0.010770098022792652 0.011082068733547046
1 0.07059637619101483 0.6716616257377293 0.009493522022081457 0.010830671890922215
1 0.2595581593720809 0.3192576636438784 0.010192580845045008 0.010769201361614723
1 0.5611368469569994 0.22961122056712274 0.01113340129023013 0.010932694310727327
1 0.5012598556020985 0.17053463148034137 0.013945185619851818 0.013476496157438858
1 0.42698190523230517 0.08209196640097577 0.010193244270656421 0.010542221691297449
1 0.33968544135922973 0.08436013822970184 0.011936853761258333 0.012364729591037914
1 0.4625486601953921 0.1438578678214032 0.011916036191193954 0.012537862943566364
1 0.5554547309875487 0.32451868607946066 0.010929480842922046 0.011451234636099442
1 0.30290397353794263 0.41933801899785583 0.010009620500647503 0.010035991668701172
1 0.4384918420211128 0.31056024717248004 0.011508070904275646 0.011812334475309952
1 0.2960347403650698 0.5146923272506051 0.012226540109385614 0.012636723725692085
1 0.4993307901465375 0.480520663054093 0.013019769088081692 0.014023407645847485
1 0.4965100029240484 0.41508761696193525 0.01198794530785602 0.011643948762313179
1 0.4687784962032152 0.7044790931369946 0.012375603551449984 0.011668495509935461
1 0.37387456064638885 0.3802955046943996 0.011087956635848335 0.01090978539508322
1 0.234861653784047 0.07643308328545612 0.013796080713686735 0.013888296873673149
1 0.2853795860124671 0.17798327363055688 0.011253875234852667 0.011886285698932152
1 0.3547542198844578 0.42780077975729236 0.01221702409827191 0.013194830521293308
1 0.32048734374668286 0.06723506295162698 0.01126917548801588 0.011817781821541164
1 0.5666870863541312 0.18202836617179538 0.011666173520295517 0.013057853864586872
1 0.4475239670794944 0.1719633392665697 0.013067701588506285 0.014123750769573708
1 0.48749938218489935 0.20688140910604727 0.011612311653468921 0.015632608662480892
1 0.4660255183344302 0.316408748212068 0.011611440907353941 0.012453763381294582
1 0.4861856284348861 0.8392989739127782 0.01618295130522355 0.01812880972157354
1 0.2612941472426705 0.346928526525912 0.012225918147874914 0.014095539632050888
1 0.4203887866890949 0.8318252356156058 0.010811981947525688 0.012043455372685972
1 0.16516893324644666 0.4565609641697096 0.01722629173942234 0.017841090326723846
1 0.4597473248191502 0.8495280431664508 0.011741990628449814 0.011770206948985224
1 0.5100342916405719 0.3290052517600682 0.011482280233631964 0.011770600857942001
1 0.24378418922424316 0.5226597785949706 0.011462646981944208 0.012337187062139097
1 0.3451322835424672 0.2698452680007271 0.010924639909163765 0.012353544649870499
1 0.4750814437866211 0.7173466889754586 0.013096602066703465 0.013089387313179348
1 0.4639618396759033 0.1190785895223203 0.011759405550749405 0.014160622721133024
1 0.5321847563204557 0.37963234859964123 0.010416715041450832 0.010242835335109546
1 0.4205022065535836 0.8573783791583517 0.0123138427734375 0.013330293738323708
1 0.4219150854193646 0.349321116571841 0.012797293455704399 0.01348089135211447
1 0.4656635160031526 0.8637444247370181 0.014825613602347996 0.011932331582774286
1 0.08327158378518146 0.7456074797588846 0.011053816131923511 0.017634060071862263
1 0.3051166949064835 0.06976957165676614 0.011171382406483526 0.01209178696507993
1 0.09019469178241232 0.5905328729878301 0.013971805572509766 0.012774819913117783
1 0.44898686719977343 0.04769043818764065 0.011350683543993078 0.012433839880901833
1 0.4872208626373954 0.4204679572063943 0.012813951658165974 0.023694660352623978
1 0.3033009197400964 0.26481650186621625 0.010925790537958559 0.012108450350554092
1 0.4915488077246625 0.18842952147774075 0.01159431623375934 0.0121917724609375
1 0.20827076746069867 0.10397378776384436 0.013031150983727497 0.014610031376714292
1 0.24630451202392578 0.38422585829444555 0.009738548942234205 0.011425821677498196
1 0.11438930034637453 0.5660331352897312 0.009424572405607803 0.009834331014881964
1 0.5289993804434071 0.32703142580778705 0.011556977811067001 0.011024309241253395
1 0.3722366457400115 0.1311009759488313 0.012749008510423742 0.013993035192074984
1 0.43731455699257227 0.3662276864051819 0.010768195857172426 0.010159777558368187
1 0.323322171750276 0.17448155258012854 0.012789809185525646 0.014677721521128778
1 0.5087914259537406 0.21202842048976733 0.013079270072605297 0.014040490855341372
1 0.1396745080533235 0.6428253028703772 0.012705326080322266 0.013519390769626782
1 0.15036219099293585 0.6168427571006443 0.011985301971435547 0.010806684908659561
1 0.3045351297959038 0.1572615737500398 0.012648395870042883 0.013178421103436012
1 0.24172524783922278 0.340937904689623 0.011913776397705078 0.013451285984205164
1 0.3823347298995309 0.852615273517111 0.013031047323475714 0.012854700503141983
1 0.2730462240136188 0.26093717243360437 0.01112689142641814 0.011513834414274796
1 0.5920703929403554 0.22684708885524582 0.012275239695673403 0.013278422148331352
1 0.2648876231649648 0.15679302941197937 0.011173455611519192 0.01149365176325259
1 0.3043859730596128 0.502315500508184 0.011838954427967901 0.011263764422872791
1 0.2737855600274127 0.05130570608636607 0.012217003366221552 0.014291758122651474
1 0.4579298392586086 0.736399671305781 0.013667770054029383 0.013808913852857508
1 0.3168816566467285 0.9814570468405018 0.01163159246030061 0.012152713278065557
1 0.46972382586935296 0.2419358958368716 0.010591838670813519 0.011869513470193615
1 0.4228453066038049 0.1542066491168478 0.011944573858509893 0.02198146737140158
1 0.3814211721005647 0.39089741914168646 0.01205120915951936 0.012092424475628395
1 0.24041704509569253 0.2252481191054634 0.012764516084090523 0.020934374436088234
1 0.4826356639032779 0.180755148763242 0.011522624803626019 0.012921727221945057
1 0.33190408996913745 0.06904548924902212 0.011214028234067171 0.012552017750947372
1 0.32307169035724975 0.45409144525942596 0.011171803526256397 0.010527486386506454
1 0.548644791478696 0.3653217605922533 0.012007713317871094 0.012778365093728771
1 0.4089698998824409 0.9504870124485183 0.012853249259617016 0.01234112615170686
1 0.5062654536703358 0.5295493084451427 0.011839534925377888 0.013183510821798573
1 0.07053516481233679 0.7580099520475969 0.011446346407351286 0.015341053838315218
1 0.5467606938403585 0.2483271101246709 0.011269631593123726 0.011843142302139946
1 0.26145694566809613 0.408742526303167 0.009303507597550102 0.010060362193895422
1 0.35469628546548926 0.8550552285235861 0.013066558734230373 0.01393052806024966
1 0.3621550228284752 0.18971498116202976 0.013681204422660496 0.0125690335812776
1 0.17713722457056463 0.48697805404663086 0.013532109882520594 0.01372001482092816
1 0.16126432107842487 0.4764330438945604 0.010690284811932106 0.011415616325710132
1 0.45180950994076935 0.06413694309151691 0.011769667915675953 0.012399782305178434
1 0.3121401330699091 0.11965455697930379 0.011459433514138927 0.011935099311496899
1 0.24487977442534073 0.455314646596494 0.010335445404052734 0.011116629061491592
1 0.2736723733984906 0.1678814058718474 0.011584986811098845 0.011416518169900646
1 0.23946777633998706 0.31028678106225055 0.010041050288988196 0.010327733081320057
1 0.3866612004197162 0.4250953197479248 0.011291332866834558 0.012142699697743292
1 0.2729019289431365 0.1835632427879002 0.010983715886655062 0.01178283276765243
1 0.5244555784308392 0.2581825256347656 0.010801875072976818 0.011774643607761547
1 0.30681313639101776 0.9716226121653682 0.01002290974492612 0.010217044664465862
1 0.29408395808676013 0.3872891716335131 0.011439800262451172 0.012637262759001358
1 0.4953259074169656 0.7211477238198987 0.012007195016612177 0.012193555417268173
1 0.0993283054103022 0.6659303748089335 0.01329449985338294 0.016510921975840694
1 0.4063818143761676 0.2768564638884171 0.013631406037703804 0.013233682383661684
1 0.2698522547016973 0.2751536991285241 0.013191575589387314 0.014375686645507812
1 0.24341099158577298 0.1542047935983409 0.010713971179464588 0.011213385540506115
1 0.34919028308080596 0.9877526034479556 0.022896323515021286 0.010590553283691406
1 0.43956599028214166 0.9102662957232931 0.012935555499532948 0.01603549459706182
1 0.35116824896439264 0.877190755761188 0.013032187586245329 0.012944843458092731
1 0.5400987708050272 0.30238498812136444 0.010613317074983017 0.011283107425855554
1 0.47185464527295984 0.2038062448086946 0.018664940543796704 0.016114877617877464
1 0.3156218114106551 0.290577276893284 0.011201651200004246 0.01093497483626656
1 0.4192527066106381 0.9207071014072583 0.010675388833750849 0.010499000549316406
1 0.4365013682323953 0.34923646761023475 0.011043527851934019 0.011569106060525646
1 0.3758586049079895 0.139666515847911 0.011650132096332054 0.012187874835470448
1 0.18178280540134598 0.07853916157846866 0.011027501977008324 0.022698594176250954
1 0.46411863617275073 0.08515880418860393 0.011394480000371519 0.01176253609035326
1 0.4105362477509872 0.048768000758212554 0.011549452076787535 0.012406227381333061
1 0.0908545618471892 0.7267992185509722 0.013800558836563774 0.012961760811183765
1 0.33884101587793103 0.23164618533590567 0.011545430059018343 0.012617069741953974
1 0.4292853811512823 0.39513787756795465 0.010432740916376528 0.011229903801627781
1 0.32500506483990216 0.3489032543223837 0.010968602221945057 0.011536955833435059
1 0.49442525531934656 0.3326899798020073 0.012245468471361242 0.012256560118302055
1 0.08157278143841287 0.6338308790455693 0.010430595149164614 0.010954939800760021
1 0.32744573510211444 0.3727820230566937 0.012887249822201937 0.013989780260168987
1 0.3203717207779055 0.2683412095774775 0.014614249701085298 0.015491402667501698
1 0.32889977745387866 0.3063201904296875 0.016495207081670345 0.013259058413298233
1 0.36870655806168273 0.9092668450396993 0.012939743373704992 0.013500545335852581
1 0.26908177914826764 0.45738625008126965 0.00895927263342816 0.009838425594827404
1 0.2919951625492262 0.2040918909985086 0.012622314950694208 0.013437830883523693
1 0.22608753909235418 0.019446498997833416 0.013591206592062244 0.02287521245686904
1 0.07323555842689845 0.7707450286201809 0.01370282795118249 0.013461154440174932
1 0.4095884898434515 0.932011666505233 0.010343867799510126 0.010242835335109546
1 0.386957541756008 0.49637782055398694 0.022898632547129757 0.011028787364130434
1 0.5210570252459982 0.3556779363880987 0.011897501738175102 0.012674995090650476
1 0.3392186890477719 0.8881515420001486 0.012791115304698114 0.013841463171917458
1 0.26607672027919604 0.3795811611673106 0.012555267499840778 0.012147903442382812
1 0.31171626630036725 0.059601270634195076 0.010757404824961786 0.01187940265821374
1 0.446995444919752 0.3918344041575556 0.012271383534307066 0.011505997699239979
1 0.3391520879838778 0.4262439686319102 0.011016098053559013 0.011133484218431555
1 0.44559057380842126 0.37608056483061425 0.010043652161307957 0.010806892229163128
1 0.08081967934318211 0.6960284398949664 0.01050890010336171 0.011427381764287535
1 0.3419042281482531 0.40650657467220136 0.012982456580452297 0.016003909318343452
1 0.2901145478953486 0.3698129861251167 0.010828723078188688 0.011791021927543308
1 0.2924473700316056 0.01244232414857201 0.013144057729969854 0.01338852812414584
1 0.5602524902509607 0.3135282682335895 0.012605356133502464 0.014999223792034645
1 0.574373079382855 0.26652798445328424 0.011912967847741169 0.011504712312117867
1 0.3958426143812097 0.9511986400770105 0.011023355566936989 0.011161513950513758
1 0.5791147480840269 0.18931389891582984 0.012220963187839672 0.012792151907215948
1 0.3939819543258004 0.4961431492929873 0.013092911761739979 0.010895863823268726
1 0.46929646056631336 0.303036295849344 0.022734279217927353 0.01316045678180197
1 0.18322003406027088 0.5236947847449261 0.01276472340459409 0.011638558429220448
1 0.24934864044189453 0.3316352263740871 0.010352549345596977 0.01100722603175951
1 0.37217797403750214 0.23662857387376865 0.015090900918711786 0.01352003346318784
1 0.1813780121181322 0.5081987380981445 0.012188745581585426 0.012202387270720108
1 0.32476811953212903 0.9277022817860479 0.011452656725178595 0.01041511867357337
1 0.29154302762902295 0.3200617299779601 0.012116183405337126 0.01564221731994463
1 0.39160148993782373 0.1476801633834839 0.011647452478823454 0.012567219526871391
1 0.2019270606662916 0.018947915538497596 0.014625881029211956 0.015150535365809565
1 0.30461633723715076 0.36805608998174255 0.010708166205364723 0.010747411976689878
1 0.5055645652439283 0.400623285252115 0.021809785262398095 0.01286880866340969
1 0.39600469755089795 0.38505663560784376 0.013195659803307575 0.01235906974129055
1 0.37540462483530457 0.9620532782181448 0.011288316353507664 0.01053457674772843
1 0.21599728128184442 0.4276901846346648 0.011784926704738453 0.012653661810833473
1 0.28630445314490277 0.5286404671876327 0.013036105943762737 0.013229764026144276
1 0.37316266350124194 0.9189786496369734 0.010866724926492443 0.011041060737941578
1 0.2613534823707912 0.4243294726247373 0.009248588396155315 0.009444703226504118
1 0.20700652702994968 0.0867431008297464 0.009731811025868292 0.010303258895874023
1 0.0729755215022875 0.6433023784471595 0.011174492214037024 0.012609481811523438
1 0.4110275766123896 0.06333122564398724 0.012207197106402855 0.01134236999180006
1 0.24572460547737457 0.17556436683820642 0.013927646305250086 0.015251874923706055
1 0.49167908792910375 0.5484250317449155 0.012766257576320484 0.015309167944866676
1 0.28658298824144446 0.26688032564909564 0.011233288308848505 0.011350465857464333
1 0.35317051151524415 0.2820336611374564 0.01297463023144266 0.013150318809177563
1 0.5042456440303636 0.19723498302957285 0.011339208354120668 0.011264469312584919
1 0.4190869694170744 0.3946952612503716 0.010042491166487984 0.01208334383757218
1 0.34868511946304986 0.17164340226546582 0.011317418969195824 0.012756015943444294
1 0.3836330253144969 0.266363123188848 0.011949357779129692 0.011613514112389606
1 0.48395117469455884 0.6007336740908416 0.013291856516962465 0.014688491821289062
1 0.34067672231922974 0.1804514553235925 0.011282050091287365 0.01241742009701936
1 0.28857417728589924 0.42801409182341205 0.011475397192913551 0.011875152587890625
1 0.4092762159264606 0.9114704132080078 0.011299216228982677 0.012113819951596468
1 0.4004850828129312 0.2456584287726361 0.011788570362588634 0.011389960413393766
1 0.3405589759349823 0.33040521455847693 0.011104270167972729 0.01197603474492612
1 0.19292217752207882 0.15284817115120267 0.011881455131199047 0.012527735336967136
1 0.40085191312043555 0.8980824221735416 0.011677451755689539 0.012960309567658798
1 0.5149096820665442 0.37172737069751904 0.011025594628375511 0.011844567630601965
1 0.07335893226706464 0.6815218510835066 0.011674481889475946 0.012501301972762398
1 0.19796685550523843 0.4855005844779637 0.012316765992537788 0.013020225193189539
1 0.4265827096026877 0.31735830721647845 0.012056516564410667 0.013645545296047046
1 0.4984352588653565 0.22271032955335535 0.012099120927893597 0.011137153791344685
1 0.4581003396407418 0.43594834078913147 0.010237113289211109 0.010885342307712719
1 0.2178749830826469 0.07614754853041275 0.010534037714419157 0.011138568753781527
1 0.5187331386234448 0.339871249769045 0.011340286420739216 0.011547179325767185
1 0.49918697191321326 0.4347680651623269 0.011971183445142664 0.012250216110892918
1 0.4511813650960508 0.1126496688179348 0.010898911434671154 0.012514715609343155
1 0.39097108270811 0.9217601859051249 0.01873426333717678 0.012307125589121943
1 0.21837826397107996 0.09169464525969133 0.010486084481944208 0.01022778386655061
1 0.5412048360575801 0.13642506495766019 0.011774083842401918 0.013582364372585132
1 0.32014420920092135 0.08535812212073285 0.020517331750496574 0.012605687846308168
1 0.4722614029179449 0.4591869893281356 0.01332966141078783 0.012934435968813688
1 0.30984962504843006 0.024694039769794625 0.011104023974874744 0.011859388455100681
1 0.3989316510117572 0.05738247477489969 0.012077875759290613 0.012396138647328253
1 0.28849876445272693 0.0871636971183445 0.01112371942271357 0.012142554573390796
1 0.31927527552065643 0.38231496966403455 0.010385347449261208 0.0215269949125207
1 0.524076575818269 0.20545645382093344 0.012288943580959156 0.012622149094291355
1 0.5378248380578082 0.35910925917003467 0.011427589084791101 0.011781697687895401
1 0.3318063266899275 0.3921408445938773 0.010098910850027332 0.011684086011803669
1 0.5584067158077074 0.18993957146354343 0.011622408161992613 0.011764049530029297
1 0.12709360019020413 0.5048143760017727 0.011600048645682957 0.012984773387079653
1 0.35588480596957 0.15578001996745233 0.020658876584923783 0.012356644091398819
1 0.22900306660196051 0.3454409474911897 0.011937991432521656 0.012341209079908289
1 0.2785704757856286 0.38815344675727514 0.010303061941395636 0.010579145472982655
1 0.3850242054980734 0.4445328245992246 0.011039101559182873 0.011052287143209705
1 0.3908556233281675 0.8892846729444421 0.013174222863238792 0.016748594201129417
1 0.41665000500886334 0.25599366685618524 0.015772653662640114 0.012368388797925867
1 0.4312380293141241 0.09316544429115625 0.011883984441342562 0.012745038322780445
1 0.23099020253057068 0.2984902133112368 0.010291099548339844 0.010736423990000849
1 0.4152709608492644 0.3649596882903058 0.011425951252812925 0.01114474690478781
1 0.4908069320346998 0.8438093351281206 0.011983912924061651 0.014346661775008492
1 0.4275303508924402 0.4370178191558175 0.012762940448263416 0.011129037193630054
1 0.4078570267428522 0.07703825701837955 0.011180623717930004 0.011812977168871008
1 0.5431594641312308 0.26108766638714337 0.010871928671131964 0.011234034662661345
1 0.19172326378200366 0.07239580154418944 0.014362625453783117 0.013070759565933891
1 0.47244975877844764 0.09491526562234631 0.011737823486328125 0.013671833535899286
1 0.4726235555565875 0.8132101763849673 0.01168984952180282 0.012001991271972656
1 0.18935218064681344 0.43113349831622577 0.013924971870754078 0.014270989791206692
1 0.461062016694442 0.4148640736289646 0.010509076325789742 0.009998466657555622
1 0.5296591261158818 0.29900197360826575 0.010260996611221977 0.011535126229991083
1 0.2833659234254256 0.23323049752608593 0.015536411948826 0.013512715049411938
1 0.46141103557918384 0.4559009541635928 0.010229058887647547 0.011895853540171747
1 0.4162025347999904 0.1381867502046668 0.0121112699094026 0.012357162392657738
1 0.23457925216011383 0.36327913792237 0.009140595145847486 0.010539588720902153
1 0.22993259844572647 0.41915475803872815 0.010412796683933422 0.010062217712402344
1 0.341310977935791 0.4535703037096106 0.012199443319569464 0.012546083201532778
1 0.1012002592501433 0.7259825623553732 0.012992361317510191 0.014682313670282778
1 0.37126655423122906 0.43205250864443573 0.013444117877794348 0.012973495151685633
1 0.2716325573299242 0.5202551924664042 0.011925800986911938 0.012440598529318104
1 0.32027552438818885 0.11006763707036554 0.010427827420442001 0.010875618976095448
1 0.346489914085554 0.9393089335897694 0.010816465253415316 0.011390312858249829
1 0.4468157343242479 0.9004472234974737 0.010881434316220491 0.010937566342561142
1 0.4584683594496354 0.239653317824654 0.011433466621067211 0.012807721677033798
1 0.36072877179021423 0.2485038197558859 0.011723539103632387 0.012256601582402769
1 0.4106456715127696 0.42447206248407776 0.01371777575948964 0.012301154758619226
1 0.3218969777226448 0.42900808997776196 0.012826607927032139 0.012139320373535156
1 0.4261372815007749 0.47880811276643165 0.013608559318210766 0.013975889786430027
1 0.3323686641195546 0.41618504213250207 0.011267454727836277 0.011836497680000637
1 0.1696901684222014 0.11763336865798286 0.013589454733807106 0.014695405960083008
1 0.4450319901756618 0.03408287919085959 0.011174668436465056 0.011320114135742188
1 0.43393763770227844 0.38254361308139306 0.010938675507255222 0.011424836905106255
1 0.3988599129345106 0.4457824489344721 0.010786061701567276 0.0105245942654817
1 0.4223152450893236 0.9080082644586978 0.010700516078783117 0.010599924170452614
1 0.5361862597258195 0.15061459334000296 0.016380392986795177 0.014415139737336533
1 0.2244206926097041 0.10231668534486191 0.01623937358026919 0.018681619478308636
1 0.28918573130731995 0.1899906137715215 0.01129813816236413 0.01210115266882855
1 0.2083652641462243 0.4648451442303865 0.010394531747569208 0.010452467462290888
1 0.25624854668327 0.11481291314829951 0.010131566420845364 0.01093887246173361
1 0.1600887619930765 0.5229849193407141 0.009738849556964376 0.009495196135147758
1 0.5128897791323455 0.30713991496873944 0.010869979858398438 0.011181167934251867
1 0.30707680660745373 0.1719741924949314 0.010822710783585258 0.012515005858048149
1 0.3594008735988451 0.4667080640792846 0.010551981304002844 0.010085489438927692
1 0.10075497108957043 0.6036409709764563 0.011895832808121391 0.011826224949048914
1 0.49252655713454535 0.7748391524605129 0.01810877219490383 0.01976701487665591
1 0.5000644144804582 0.2774772644042969 0.011454996855362602 0.012154579162597656
1 0.20901824080425757 0.5118445313495138 0.01212292132170304 0.012725622757621433
1 0.464967333752176 0.39373375799344934 0.012679846390433933 0.012620454249174698
1 0.4714400457299274 0.3778030976005223 0.019464783046556557 0.01213513249936311
1 0.25128272305364197 0.029772961917130844 0.010276939557946247 0.011008871638256569
1 0.30381190258523694 0.10717112603394881 0.011061917180600374 0.011946605599444847
1 0.4292771505272907 0.8972584682962169 0.013946823451829992 0.012198821358058765
1 0.2392642394356106 0.20384725280430005 0.012315708657969599 0.01607017931730851
1 0.3166183907052745 0.48797377296116035 0.012667759605076 0.011383595673934273
1 0.2759180794591489 0.44696594321209454 0.009653858516527258 0.010596524114194124
1 0.3989133834838867 0.9860437227332074 0.016117178875467052 0.012116556582243546
1 0.3312405692818372 0.9699785191079845 0.019830163082350857 0.012514902197796364
1 0.30442236817401386 0.035217444533887116 0.011007495548414148 0.012687255506930143
1 0.5585693276446798 0.26526126654251764 0.011748189511506454 0.011829314024552055
1 0.33123448620671814 0.4661556741465692 0.010417751643968664 0.01247679668924083
1 0.33851164320240845 0.14510468814683994 0.012819476749586023 0.013056195300558338
1 0.40955418089161755 0.25428408125172497 0.011221242987591286 0.011748956597369652
1 0.3882881869440493 0.47052349214968475 0.010645949322244396 0.010699334351912788
1 0.2636207082997198 0.36393466203109076 0.01076520007589589 0.010721331057341202
1 0.47893584811169176 0.3769079109896784 0.0103738722593888 0.011714816093444824
1 0.35092058389083197 0.3376105686892633 0.011705693991287895 0.016531057979749596
1 0.48210902836011804 0.4496001575304115 0.010754004768703296 0.011215251425038214
1 0.3534927679144818 0.9270571833071501 0.013880543086839758 0.012279178785241169
1 0.26718853867572284 0.4721980094909668 0.011290861212688942 0.010923841725225035
1 0.5346935106360394 0.3131491930588432 0.013502369756283968 0.01160988600357719
1 0.44748712622601056 0.8900671627210535 0.012362024058466372 0.015530917955481487
1 0.3114010665727698 0.40916822785916535 0.010320725648299507 0.010360520818959112
1 0.1033360543458358 0.5548213875812033 0.011933554773745329 0.014645369156547215
1 0.45318569826043165 0.02852646164272142 0.014547669369241466 0.013241918190665867
1 0.10650032499562138 0.6371368947236434 0.009895366171131964 0.010146306908648949
1 0.3472582730262176 0.3484509094901707 0.011212979969771011 0.01149824391240659
1 0.37471487211144494 0.9330083183620286 0.011070541713548742 0.011387866476307745
1 0.29922011624211853 0.3344211267388385 0.011207476906154468 0.01156784140545389
1 0.4061704511227815 0.35882616043090826 0.011944273243779722 0.01255935171376104
1 0.4916132325711457 0.37892517836197565 0.011225762574569038 0.010998839917390243
1 0.23716167781663977 0.16774016877879266 0.0109106561411982 0.011061481807542883
1 0.33518043322407687 0.9145868135535199 0.010523785067641216 0.010187066119650135
1 0.32132527815259027 0.4174565024997877 0.011268028746480528 0.014829386835512907
1 0.2973363710486371 0.35706593420194543 0.011043051014775816 0.010590485904527746
1 0.542971310408219 0.3463885693446449 0.011505106221074644 0.013334650060404902
1 0.1680834604346234 0.5382801760797915 0.009754719941512398 0.010516747184421704
1 0.5405130179032035 0.3774703067281972 0.014200749604598335 0.011614011681598167
1 0.4831189228140789 0.4013524807017783 0.017312910245812458 0.011825172797493313
1 0.44171302214912744 0.019756310012029564 0.012286269146463146 0.01446491091147713
1 0.44145325474117114 0.4375112834184066 0.01095383063606594 0.01083814579507579
1 0.32972143007361365 0.15825094865716025 0.01376504483430282 0.020156248756076977
1 0.2663557529449463 0.3074115981226382 0.012267050535782524 0.013117396313211193
1 0.28180563968160877 0.5099544006845226 0.011020577472189198 0.010302896084992783
1 0.2294276589932649 0.3329173171001932 0.011617598326309868 0.0153350830078125
1 0.16807831370312232 0.4979738567186438 0.0120828566343888 0.01289807195248811
1 0.45132467021112854 0.46066626776819647 0.014386135598887568 0.01344312792238982
1 0.470865767935048 0.4363862535227899 0.01165244890295941 0.012075051017429516
1 0.35510975381602405 0.4452388182930324 0.013240399567977242 0.011842644732931385
1 0.5005398003951363 0.4030528638673865 0.011107444763183594 0.01182729264964228
1 0.3221814719879109 0.9166015542071797 0.013301721733549366 0.012160674385402515
1 0.2545969278916069 0.14273471935935642 0.012172885563062586 0.012835699578990107
1 0.3604655265808105 0.3495420683985171 0.010866787122643513 0.011211498923923657
1 0.3466926994531051 0.3057941353839377 0.012097426082776941 0.012376287709111753
1 0.41330743872601056 0.31798624992370605 0.013498679451320484 0.011825167614480724
1 0.18290051170017407 0.5405614479728367 0.01313806616741678 0.013065628383470617
1 0.409072440603505 0.4384702340416286 0.011057687842327614 0.01043391227722168
1 0.15531307718028192 0.5412077178125796 0.012081581613291864 0.012529932934304943
1 0.1318612876145736 0.6126082254492718 0.00964764926744544 0.010388581649116848
1 0.10320120272429092 0.6803278301073157 0.010589309360670008 0.014640144679857336
1 0.37067052592401917 0.46578222772349487 0.016252517700195312 0.012186091879139776
1 0.363098592861839 0.20416150922360626 0.01241383863532025 0.013494304988695227
1 0.2172313358472741 0.4834942610367484 0.012645721435546875 0.013147354125976562
1 0.5279276785643204 0.36751763976138574 0.011136407437531845 0.011315641195877739
1 0.4990012956702191 0.5437463677447775 0.013933679331903872 0.015357058981190557
1 0.4071196887804115 0.5022096219270126 0.012333206508470617 0.01181992240574049
1 0.3238222660577816 0.47702933912691864 0.0113415011893148 0.01099104466645614
1 0.27718471444171405 0.3211433991141942 0.01797958042310632 0.014031866322393003
1 0.5189674418905507 0.2920105768286664 0.010717267575471298 0.011046243750530739
1 0.2879968104155167 0.5001629850138789 0.010365569073220959 0.010348257811173149
1 0.35481668555218243 0.40959915907486627 0.010931097942849865 0.011429869610330334
1 0.2626465714496115 0.33484134855477704 0.010482622229534645 0.01153015831242437
1 0.3321299452496611 0.9554841414741848 0.010424385252206222 0.011926651000976562
1 0.29508017457049823 0.4086869410846544 0.009738942851190981 0.010450461636418882
1 0.5195652090984842 0.3844162407128707 0.009952047596807066 0.011066421218540356
1 0.4413390885228696 0.45517008719236957 0.010180245275082796 0.010337757027667503
1 0.31112354734669556 0.444616727207018 0.010224611862846043 0.010929429012796154
1 0.4572005479232124 0.8663187026977539 0.010752304740574047 0.011849942414656929
1 0.3704929559127145 0.35596930462381116 0.011101722717285156 0.012806933859120245
1 0.09283995628356935 0.6403063172879426 0.009939318117888077 0.010309903518013332
1 0.5046949075615924 0.3763582447300787 0.010124351667321247 0.010525091834690258
1 0.25234563454337744 0.5017914772033691 0.012002758357835852 0.011955219766368036
1 0.21356508006220276 0.44375295224397077 0.012394283128821331 0.012952638709026833
1 0.17121473084325373 0.5133771481721298 0.010192611943120542 0.010336088097613792
1 0.5062117161958114 0.2645640062249225 0.0114409819893215 0.01160673473192298
1 0.1335173586140508 0.5406010047249172 0.01210927963256836 0.013035110805345617
1 0.4730826927267987 0.41199043781861017 0.01096734793289848 0.01144180608832318
1 0.29640462087548297 0.46284421112226404 0.009717547375222912 0.009278535842895508
1 0.4550333437712296 0.37537783643473743 0.017732620239257812 0.011258529580157738
1 0.40540264482083527 0.30353098330290423 0.013615825901860777 0.012686770895253057
1 0.06597368872683981 0.7671060147492783 0.009091351343237835 0.010815081389054008
1 0.18466016520624579 0.0859385987986689 0.010525413181470789 0.010829303575598675
1 0.45511307923690125 0.42351471341174574 0.011745121168053669 0.011596980302230171
1 0.25445363832556683 0.28437356326891033 0.010665313057277515 0.010753445003343664
1 0.44795023876687756 0.8777150071185568 0.011171340942382812 0.0136877557505732
1 0.483768369840539 0.29334957703300146 0.011594046717104704 0.011616623919943104
1 0.20985722541809082 0.5506161192189092 0.012222766876220703 0.011295028354810633
1 0.5421005124631136 0.32441522764123 0.010785517485245415 0.01232047702955163
1 0.32101505120163376 0.40076631307601923 0.012417055342508398 0.011268403219140095
1 0.266201579052469 0.09467326558154561 0.011387120122494905 0.011788959088532822
1 0.11927536259526791 0.6460705840069315 0.011604806651239809 0.011217988055685291
1 0.4753209197002908 0.3011816169904626 0.01150674405305282 0.012102147807245668
1 0.2827222036278766 0.30710297045500384 0.011783143748407778 0.012767708819845448
1 0.2335892552914826 0.4791796518408734 0.011789156043011208 0.011694991070291271
1 0.3059101001076076 0.3804321651873382 0.010526594908341118 0.011353192122086235
1 0.2577530819436778 0.38605162371759827 0.010294955709706182 0.010623703832211702
1 0.26868212741354236 0.5367262570754342 0.009645835213039232 0.009991998257844345
1 0.38783661178920587 0.9371774714926014 0.011030134947403618 0.012361485025157099
1 0.288986060930335 0.3459188011677369 0.010719838349715523 0.010310088810713394
1 0.15476242355678393 0.5052774263464886 0.011313562807829483 0.013107963230298914
1 0.4939443546792735 0.3909905475118886 0.011149157648501188 0.010430875031844429
1 0.16001343208810556 0.46213377558666735 0.009071277535480001 0.009542745092640753
1 0.2861627081166143 0.45536875206491223 0.00987032185430112 0.009646550468776537
1 0.32964029519454285 0.4406402473864348 0.01181724797124448 0.012387244597725246
1 0.1568788652834685 0.5687853875367538 0.01203093321427055 0.01335274654885997
1 0.385516591694044 0.05300269956174104 0.011173061702562414 0.012021469033282738
1 0.19833822872327722 0.5425069021142047 0.009572132774021315 0.00914453423541525
1 0.43909568371980084 0.4726884261421535 0.012135505676269531 0.011785258417544157
1 0.15174918071083401 0.49355313052301825 0.009788046712460726 0.009691839632780655
1 0.5825940940691077 0.2033228770546291 0.0153380476910135 0.017114411229672638
1 0.3002999554509702 0.17924865432407544 0.011135640351668648 0.011879236801810886
1 0.3037650274193805 0.9590914560400922 0.010583504386570141 0.010769097701362942
1 0.4263774778531946 0.8724197512087615 0.014681909395300823 0.014214847398840862
1 0.234544909518698 0.3754153096157571 0.009731064672055452 0.010352995084679645
1 0.4760316558506178 0.39969634750615 0.011489412058954653 0.010579031446705694
1 0.0923008892847144 0.7014060642408289 0.013023381647856339 0.01459868057914402
1 0.1340733351914779 0.5954146799833878 0.010830495668494183 0.010245157324749489
1 0.24754638257233996 0.4883730722510296 0.01174914318582286 0.013509377189304516
1 0.08596815751946492 0.5764236450195312 0.012429081875344982 0.012620677118716032
1 0.5048661439315133 0.3604151762050131 0.011468223903490149 0.010595751845318337
1 0.1426985730295596 0.5044185907944388 0.009254859841388205 0.010988463526186735
1 0.3031255473261294 0.39934655894403875 0.009636257005774456 0.010329775188280188
1 0.3462200372115426 0.39035195889680274 0.011059595190960426 0.01168897877568784
1 0.536014930061672 0.28279731584631884 0.010734226392663044 0.011306928551715355
1 0.07654733243195908 0.6570354440937871 0.010015549867049507 0.010243478028670601
1 0.2603543737660284 0.44796641494916833 0.008986348691193954 0.009917248850283415
1 0.5349570564601733 0.2476367950439453 0.010887560637100883 0.011297557664954144
1 0.3120914231175962 0.4620200395584106 0.011937493863313095 0.01983052751292353
1 0.49646042222562037 0.7704388162364131 0.011422271313874618 0.012660233870796535
1 0.4585780112639718 0.2909086268881093 0.012209218481312628 0.011974251788595448
1 0.305314012195753 0.13677049719769024 0.01378011703491211 0.018058942711871605
1 0.34038867056369776 0.4719882892525714 0.010181220977202705 0.011053779850835386
1 0.39871747856554784 0.43173424575639807 0.010655802229176397 0.010960941729338272
1 0.2649074741031813 0.4374947496082472 0.00966476357501486 0.009626606236333433
1 0.14229551605556323 0.6065080684164296 0.011486986409062925 0.011925116829250171
1 0.4196612731270168 0.9358342212179431 0.013254663218622622 0.013013259224269703
1 0.15943093921827234 0.5813925991887632 0.009366615958835768 0.009697997051736584
1 0.33815859711688495 0.019516989588737488 0.0106243257937224 0.01133301854133606
1 0.17691770843837573 0.46890698308530054 0.013133816097093664 0.013161286063816235
1 0.19714628095212192 0.08960433109946875 0.013827469037926716 0.01796089047970979
1 0.43231343704721215 0.06878551192905592 0.011069391084753948 0.010888224062712296
1 0.39942173335863196 0.46110151125037147 0.012750625610351562 0.012805814328400986
1 0.47970850571342133 0.20678800085316532 0.016080441682235054 0.012492014014202614
1 0.3112752126610797 0.2750429174174433 0.01085762355638587 0.012515669283659561
1 0.34287481593049085 0.9536735907844875 0.01091608534688535 0.012238502502441406
1 0.4000893027886101 0.9388864973317022 0.011594777521879776 0.012155906013820484
1 0.32685042464214825 0.1636150246081145 0.011279582977294922 0.011681173158728558
1 0.39519764029461407 0.4842790728029998 0.010555640510890796 0.011119303495987602
1 0.12558209377786386 0.5869007628896962 0.009437892747961956 0.010184764862060547
1 0.40291765980098554 0.2660209199656611 0.010986151902571968 0.012294727823008661
1 0.282642882803212 0.40349170436029846 0.010367227637249489 0.010543781778086786
1 0.15034209127011505 0.5293298285940419 0.009256238522736923 0.009850025177001953
1 0.42377411282580824 0.412999891716501 0.010931046112723972 0.010800584502842114
1 0.2208035199538521 0.4565349869106127 0.012325805166493292 0.011938965838888416
1 0.27125527547753375 0.03264492491017217 0.013388073962667713 0.017103423242983612
1 0.20111440575641132 0.5305666612542194 0.009505064591117527 0.010331464850384255
1 0.3614119135815164 0.4838263055552607 0.010576144508693531 0.012210845947265625
1 0.23342540989751404 0.445094398830248 0.011723435443380604 0.012976356174634851
1 0.2830670605535093 0.32524829325468646 0.009772964145826258 0.011623859405517578
1 0.5501648654108462 0.23005298946214756 0.011136759882387907 0.011751921280570652
1 0.19726934640303906 0.4496547035548998 0.013020245925239895 0.012920877207880434
1 0.3152782917022705 0.08255072521126788 0.010961097219715948 0.011527180671691895
1 0.42331265884896985 0.0595703617386196 0.01167930727419646 0.011436799298162046
1 0.3297166490684385 0.9415105736773947 0.014576175290605297 0.014095389324685802
1 0.4022704984830773 0.473592001458873 0.010589381922846254 0.011535499406897503
1 0.16541680564051087 0.5914705317953358 0.012199619541997496 0.01325462175452191
1 0.16421215948851212 0.555874783059825 0.01222223820893661 0.015132157698921535
1 0.525465903074845 0.3145008812779966 0.012279717818550442 0.01271523600039275
1 0.43005754636681603 0.9227697952933934 0.015283957771632984 0.01306351371433424
1 0.25251148058020556 0.16197701640751053 0.010467695153277855 0.01119320288948391
1 0.5688170453776484 0.2402762952058212 0.011598690696384594 0.011649297631305199
1 0.42365317759306537 0.04585951696271482 0.012976418370785921 0.01187223196029663
1 0.34086329781490826 0.9255761478258216 0.010820290316706118 0.011410796124002209
1 0.2896124798318614 0.4437779343646506 0.012223948603091032 0.012274825054666271
1 0.3226440160170845 0.9384269299714463 0.009801139002260954 0.009470400602921196
1 0.2302311503368875 0.2809001777483069 0.009807524473770805 0.01060691087142281
1 0.5447530331818953 0.273011591123498 0.01275560130243716 0.010660109312637993
1 0.2773639637490977 0.09962256576703941 0.011190124180005945 0.013003795043281887
1 0.3979384225347768 0.9236630771471106 0.011010760846345322 0.011761250703231148
1 0.12342788343844208 0.5739576609238334 0.0091042829596478 0.009656139042066492
1 0.4495737863623578 0.4483096288598102 0.010247064673382301 0.009982274926227072
1 0.24041018278702442 0.27871189946713654 0.009744436844535496 0.011497207309888758
1 0.23836180438166082 0.4671775776406993 0.013716801353122875 0.01260902570641559
1 0.4133864278378694 0.8783726692199707 0.01138287005217179 0.011242700659710426
1 0.4079257094341775 0.39633707378221594 0.010718926139499829 0.011152225991953974
1 0.3053931982620902 0.014441813463750093 0.012532939081606657 0.013325876515844593
1 0.06945717853048575 0.695131882377293 0.010978315187537151 0.011475189872409985
1 0.12649772996487824 0.6251715784487517 0.012531643328459366 0.012715215268342392
1 0.2303728124369746 0.09699207803477411 0.010712644328241762 0.012009517006252125
1 0.1133134883383046 0.5914080868596616 0.010016151096509851 0.012158310931661854
1 0.35053092370862543 0.47656248963397485 0.010040964769280476 0.01208576948746391
1 0.42591019817020587 0.42482670493747876 0.012024765429289444 0.011617080025050953
1 0.13453623004581616 0.5778142472972041 0.009604816851408585 0.009626015372898268
1 0.48993029283440637 0.28142416995504627 0.010941018228945524 0.012530907340671704
1 0.4482461887857188 0.8577083297397781 0.011338233947753906 0.011559569317361584
1 0.27364955777707306 0.4859308574510657 0.010270139445429262 0.010326302569845448
1 0.22746551555135977 0.5543897981229037 0.00964411445285963 0.010658616605012314
1 0.4407856930857119 0.8679608676744544 0.01123611823372219 0.010861562645953636
1 0.5494425193123196 0.1721521667812182 0.010804922684379246 0.011641999949579653
1 0.3994150265403416 0.1705863890440568 0.010732630024785582 0.01262156859688137
1 0.523709659991057 0.27067696529886 0.010616032973579739 0.011218692945397419
1 0.577508076377537 0.2332140466441279 0.01662847270136294 0.015572506448496943
1 0.3071325550908628 0.30577804731286096 0.012950814288595448 0.01358732969864555
1 0.3566298070161239 0.9877171516418457 0.016827749169391136 0.00968821152396824
1 0.08367657661437988 0.7384029056714929 0.009911309117856234 0.009337466696034307
1 0.2646925967672597 0.2552723573601764 0.014585370602815048 0.015162613080895466
1 0.23657895171124005 0.14117338864699655 0.010992734328560207 0.010679234629092009
1 0.3211217250512993 0.3870513335518215 0.011969299420066502 0.011035089907438858
1 0.14563015751216724 0.5864108230756677 0.010193648545638374 0.010312308435854704
1 0.25339373298313306 0.37516885736714245 0.010826608409052309 0.009972852209339972
1 0.12933743000030518 0.51578892832217 0.010906976202259893 0.01251432170038638
1 0.23662047800810437 0.4313252283179242 0.012093813523002293 0.013301061547320824
1 0.14243575282718823 0.5193320149960725 0.011950275172357973 0.012835792873216711
1 0.47066827442335046 0.4265106864597486 0.010913061059039574 0.01533019024392833
1 0.36640054117078363 0.97646775452987 0.012568953244582466 0.014953032783840015
1 0.09910294283991275 0.5405747890472412 0.011346796284551207 0.014373468316119652
1 0.34708310469337134 0.416436589282492 0.01133597933727762 0.012021396471106487
1 0.10301710730013641 0.6182862572048021 0.01033311304838761 0.010842530623726223
1 0.4852604399556699 0.4414536693821783 0.010970457740451977 0.013827831848807957
1 0.251175071882165 0.2730636596679687 0.011322933694590693 0.01226881276006284
1 0.09337399316870648 0.6888634640237561 0.010800299437149712 0.011608953061311142
1 0.3878796333852021 0.9601080313972807 0.010941686837569527 0.010982389035432236
1 0.29936532352281653 0.45002943018208386 0.009235029635222061 0.009113757506660793
1 0.0673043650129567 0.8018330076466436 0.01218371287636135 0.013151624928350035
1 0.39469446047492646 0.398402232190837 0.011966969655907673 0.01139743950055993
1 0.2848907346310823 0.4847513489101244 0.009020183397376019 0.009934425354003906
1 0.09594523906707764 0.5313699763754139 0.011724067770916481 0.013276266015094261
1 0.2559625065844992 0.2650184113046397 0.011554199716319208 0.01141351202259893
1 0.29623521929201874 0.09620887300242548 0.011148017385731573 0.012000000995138416
1 0.24478989062101944 0.5354471310325291 0.010535737742548403 0.009624377540920092
1 0.5234172033227008 0.14364683628082278 0.011311862779700237 0.01131334512130074
1 0.17102504294851553 0.5773198293602985 0.011728131252786388 0.012441261954929516
1 0.25922440445941425 0.528733315675155 0.009421576624331266 0.010554396587869396
1 0.29462349933126697 0.490614652633667 0.009766578674316406 0.010910303696342136
1 0.24906277656555176 0.44092771799668024 0.010145000789476477 0.010561310726663341
1 0.08370800121970799 0.7101232901863429 0.01077798138494077 0.010263733241869055
1 0.19535782026207965 0.46626619670702063 0.013365787008534307 0.012200189673382301
1 0.17919925503108813 0.5564698136371115 0.01372131057407545 0.011088039564049763
1 0.1340172705443009 0.5273520739182181 0.010274348051651665 0.009744996609895126
1 0.5626358260279116 0.24624899159307062 0.010239538939102837 0.009926298390264097
1 0.30575257798899774 0.09034822038982224 0.011414673017418903 0.012902513794277027
1 0.22838585273079254 0.40933439005976135 0.01138510911361031 0.014505552208941917
1 0.2648998965387759 0.5053236795508343 0.012309074401855469 0.012229712113090183
1 0.5096664843351945 0.38869022286456556 0.011266957158627718 0.010384144990340523
1 0.5200819139895231 0.15458213764688242 0.011469011721403702 0.012181572292162024
1 0.3560936165892559 0.9448823099550994 0.010199334310448688 0.010604443757430367
1 0.23387129410453464 0.5451436250106149 0.009818201479704483 0.009674735691236414
1 0.21976946747821308 0.5000049342279849 0.01380325400311014 0.013282112453294836
1 0.21184778213500977 0.11732295803401781 0.010309260824452276 0.010248277498328167
1 0.287191567213639 0.27889249635779334 0.012142036272131878 0.012183769889499829
1 0.2384500192559284 0.21924750701240872 0.011244462883990745 0.011352041493291441
1 0.3652306846950365 0.9515086464259936 0.010182090427564539 0.011158652927564539
1 0.2608689017917799 0.1008656750554624 0.015971432561459747 0.015536080236020296
1 0.09513971079950746 0.6721921796384065 0.011037266772726307 0.011191616887631624
1 0.15749205713686737 0.5962745210398799 0.011077383290166441 0.012463486712911854
1 0.4414936666903288 0.41808875747348945 0.01073356296705163 0.012055459229842476
1 0.28221037076867145 0.4156913757324219 0.010355120119841202 0.01043012867803159
1 0.39444284335426666 0.9732151653455651 0.010540848192961319 0.012879288714864979
1 0.2705226773801057 0.42041434412417206 0.009598275889521059 0.01053694020146909
1 0.2706959662230119 0.39803244756615686 0.009793012038521145 0.010502462801725967
1 0.2221936142962912 0.12041066522183624 0.01099557461945907 0.01094483292621115
1 0.41107710548069165 0.4731241671935372 0.012816346209982166 0.01350992658863897
1 0.5341290494670039 0.22241948998492694 0.011462978694749914 0.010545067165208899
1 0.38660092457481054 0.4585321675176206 0.010539459145587425 0.01222154368524966
1 0.43978408626888105 0.4264025584511134 0.011004085126130478 0.011474008145539658
1 0.39045514749444044 0.3333985530163931 0.011901160945063051 0.01315552838470625
1 0.29784884660140326 0.4316363023675006 0.009733904962954313 0.010178254998248558
1 0.3565240074758944 0.4579811148021532 0.011016272980233898 0.011855757754781971
1 0.2263811256574548 0.08488308865091074 0.010326406230097231 0.010712996773097828
1 0.3618460362372191 0.9329922717550525 0.010142982006072998 0.011420623115871265
1 0.49599658924600365 0.3665571135023366 0.01039117315541143 0.010285600371982739
1 0.5665755893873132 0.25851168839827826 0.010600546131963316 0.011424562205439028
1 0.3187446905219037 0.951537215191385 0.010498191999352497 0.010993791663128395
1 0.10309118809907333 0.5867747742196788 0.01243193253226902 0.012105464935302734
1 0.2794178361478059 0.4642357204271399 0.00994879266490107 0.010202324908712635
1 0.4536347078240436 0.07755106428395146 0.01549003435217816 0.0126465714496115
1 0.2701876785444177 0.025354508472525558 0.009974458943242613 0.009737022545026697
1 0.3807304968004641 0.9790291164232336 0.014612182326938793 0.015186309814453125
1 0.5541415214538574 0.24033125587131665 0.011302077251931896 0.011700671652088995
1 0.486618539561396 0.4153131609377654 0.014971359916355297 0.012253180794093921
1 0.4336311868999315 0.043833568044330765 0.01117383915445079 0.01411384862402211
1 0.09549475234487784 0.6525431197622548 0.010579306146372919 0.010404773380445398
1 0.24871065305626913 0.31846567858820374 0.010075776473335598 0.01043359093044115
1 0.11458266299703848 0.6219286400338878 0.00908828818279764 0.011405550915261974
1 0.1959541362264882 0.08329948135044264 0.010102189105489979 0.010095617045526918
1 0.16943839840267017 0.07611333287280539 0.011069722797559656 0.011136169018952743
1 0.3995531745578932 0.3344269835430642 0.011779121730638586 0.01571107947308084
1 0.43763749495796533 0.8886530088341753 0.010214432426120922 0.011103173960810122
1 0.427474602409031 0.9316194161124851 0.010394054910411005 0.010819435119628906
1 0.11938594735187033 0.6316598705623462 0.011006894318953804 0.010500306668488876
1 0.22965249807938284 0.5317016062529192 0.011707368104354195 0.013072594352390454
1 0.3378154816834823 0.04233479758967525 0.01239608681720236 0.015436540479245394
1 0.30506985083870264 0.47433670707370923 0.010912045188572094 0.010021126788595448
1 0.33890411452106806 0.029428246228591252 0.011484761600909025 0.012530896974646526
1 0.3152275189109471 0.9622010562730872 0.010443003281303074 0.010233464448348335
1 0.2627239434615426 0.07836007294447525 0.01209184397821841 0.012028315792913023
1 0.2572179255278214 0.399339831393698 0.011569976806640625 0.014844790748927906
1 0.31570183712503186 0.25367026743681537 0.011115820511527683 0.013803917428721552
1 0.3684107350266498 0.9878439488618269 0.009494330572045368 0.009315532186756964
1 0.5324105076167894 0.26923930126687756 0.012259711389956266 0.012715007947838825
1 0.36579847594966064 0.2298580252605936 0.011428558308145275 0.012212338654891304
1 0.4762012025584345 0.12215796242589536 0.011185563128927479 0.011859033418738323
1 0.4300370216369629 0.8646285222924274 0.010430833567743715 0.011164499365765114
1 0.3608725381934125 0.15498641262883725 0.011368668597677479 0.011891385783319887
1 0.4941832293634829 0.7818587966587234 0.01167085896367612 0.011947424515433933
1 0.30969493285469385 0.45969739167586615 0.010661291039508324 0.01791871112325917
1 0.17110853091530182 0.5267157139985458 0.009978594987288765 0.009760068810504416
1 0.2299317380656367 0.26336584920468536 0.01078665774801503 0.01094892750615659
1 0.2879670391912046 0.4739074603370998 0.009406131246815557 0.010225524073061735
1 0.21524497737055237 0.5252713327822478 0.01313018798828125 0.01411836043648098
1 0.49080130328302796 0.35587136641792627 0.010394531747569208 0.010116411292034645
1 0.3801204847252887 0.04241568368414174 0.010975547458814539 0.011729318162669306
1 0.5311643455339514 0.1564246830732926 0.0115843855816385 0.01800448998160984
1 0.08442564373431 0.6479342294775922 0.009856208511020826 0.01042627251666525
1 0.52630731333857 0.28635247893955396 0.011199121889860733 0.012436514315397842
1 0.3263871572587801 0.06790238359700078 0.011469966691473255 0.01189379070116126
1 0.2546353340148926 0.024113406953604324 0.01096406190291695 0.012030906003454456
1 0.3043469760728919 0.48777075435804285 0.011641502380371094 0.009763531062913977
1 0.34942635634671093 0.4008748738662057 0.01058895950732024 0.01080954593160878
1 0.39330555045086407 0.9865653825842817 0.009541013966435972 0.01062285381814708
1 0.3585243354672971 0.33332754218060046 0.01373390011165453 0.01317521800165591
