1 0.1894652929265051 0.32350494314445755 0.009234267139256822 0.01358990401358021
1 0.17925899766732648 0.31622463742289675 0.009234267139256822 0.013589904013580211
1 0.17828696954740472 0.30506150198317017 0.009234267139256822 0.013589904013580211
1 0.22105620682396265 0.38611557234988053 0.009234267139256822 0.013589904013580211
1 0.18168906796713102 0.3497140437420765 0.009234267139256822 0.013589904013580211
1 0.17731494142748297 0.3259317117183111 0.009234267139256822 0.013589904013580211
1 0.19529746164603573 0.36039182546703236 0.009234267139256822 0.013589904013580211
1 0.20404571472533165 0.37980597405786126 0.009234267139256822 0.013589904013580211
1 0.19724151788587924 0.3463165677386815 0.009234267139256822 0.013589904013580211
1 0.18752123668666157 0.3380655545875792 0.009234267139256822 0.013589904013580211
1 0.17731494142748297 0.41135396551795805 0.009234267139256822 0.013589904013580211
1 0.19724151788587924 0.41766356380997754 0.009234267139256822 0.013589904013580211
1 0.18897927886654423 0.4118393192327287 0.009234267139256822 0.013589904013580211
1 0.1758568992476003 0.3759231443396953 0.009234267139256822 0.013589904013580211
1 0.1846051523268963 0.380291327772632 0.009234267139256822 0.013589904013580211
1 0.18800725074662247 0.3667014237590516 0.009234267139256822 0.013589904013580211
1 0.21814012246419737 0.40552972094070944 0.009234267139256822 0.013589904013580211
1 0.18411913826693535 0.3904837557828171 0.009234267139256822 0.013589904013580211
1 0.20453172878529258 0.39630800036006586 0.009234267139256822 0.013589904013580211
1 0.21814012246419737 0.40552972094070944 0.009234267139256822 0.013589904013580211
1 0.19869956006576195 0.4555211535620936 0.009234267139256822 0.013589904013580211
1 0.2055037569052144 0.4477554941257622 0.009234267139256822 0.013589904013580211
1 0.20258767254544907 0.4346509438269527 0.009234267139256822 0.013589904013580211
1 0.20939186938490145 0.42688528439062123 0.009234267139256822 0.013589904013580211
1 0.2210562068239627 0.41572214895089465 0.009234267139256822 0.013589904013580211
1 0.21084991156478408 0.4137807340918116 0.009234267139256822 0.013589904013580211
1 0.22834641772337597 0.434165590112182 0.009234267139256822 0.013589904013580211
1 0.21765410840423655 0.44775549412576227 0.009234267139256822 0.013589904013580211
1 0.22640236148353254 0.4210610398133724 0.009234267139256822 0.013589904013580211
1 0.20939186938490145 0.4924080358846686 0.009234267139256822 0.013589904013580211
1 0.20501774284525345 0.4783327781563176 0.009234267139256822 0.013589904013580211
1 0.23077648802318046 0.44484337183713785 0.009234267139256822 0.013589904013580211
1 0.22883243178333693 0.4560065072768644 0.009234267139256822 0.013589904013580211
1 0.21084991156478408 0.46231610556888375 0.009234267139256822 0.013589904013580211
1 0.19772753194584028 0.47008176500521537 0.009234267139256822 0.013589904013580211
1 0.24049676922239818 0.5089100621868732 0.009234267139256822 0.013589904013580211
1 0.23029047396321964 0.5059979398982489 0.009234267139256822 0.013589904013580211
1 0.2356366286227893 0.495320158173293 0.009234267139256822 0.013589904013580211
1 0.22251424900384534 0.49386409702898093 0.009234267139256822 0.013589904013580211
1 0.21814012246419742 0.5166757216232047 0.009234267139256822 0.013589904013580211
1 0.21619606622435383 0.5064832936130198 0.009234267139256822 0.013589904013580211
1 0.22834641772337597 0.4671696427165913 0.009234267139256822 0.013589904013580211
1 0.21376599592454945 0.4744499484381521 0.009234267139256822 0.013589904013580211
1 0.23466460050286755 0.485127730163108 0.009234267139256822 0.013589904013580211
1 0.22494431930364975 0.4793034855858594 0.009234267139256822 0.013589904013580211
1 0.24049676922239818 0.47299388729383984 0.009234267139256822 0.013589904013580211
1 0.24268383249222222 0.45552115356209355 0.01555244991874813 0.013589904013580211
1 0.2278604036634151 0.5283242107777022 0.009234267139256822 0.013589904013580211
1 0.23029047396321964 0.5191024901970583 0.009234267139256822 0.013589904013580211
1 0.2098778834448624 0.5181317827675168 0.009234267139256822 0.013589904013580211
1 0.20137263739554695 0.49774692674714627 0.015552449918748133 0.013589904013580211
1 0.2407397762523787 0.5273535033481603 0.015552449918748133 0.013589904013580211
