1 0.39603787276147384 0.9860111310374209 0.010848510624041196 0.009706562137299955
1 0.4114541773324798 0.9854401567940504 0.010848510624041196 0.009706562137299955
1 0.42782210564243683 0.9848691825506797 0.010848510624041196 0.009706562137299955
1 0.44000288950100935 0.9761142441523307 0.010848510624041196 0.009706562137299955
1 0.4215413889653611 0.9709754759619998 0.0066613661726581345 0.009706562137300005
1 0.42782210564243756 0.9723077491965314 0.0066613661726581345 0.009706562137300005
1 0.46664835419163764 0.9557494961387845 0.0066613661726581345 0.009706562137300005
1 0.4849195299794964 0.9723077491965314 0.0066613661726581345 0.009706562137300005
1 0.46569673045268656 0.973640022431063 0.0066613661726581345 0.009706562137300005
1 0.4759742668333591 0.9653608959021909 0.007803314659398721 0.006851690920450399
1 0.4546578950808571 0.9649802464066104 0.007803314659398721 0.006851690920450399
1 0.45104172487284333 0.9720222620748475 0.007803314659398721 0.006851690920450399
1 0.44647393092587856 0.9849643449245812 0.007803314659398721 0.006851690920450399
1 0.4641741324703668 0.9849643449245815 0.007803314659398721 0.006851690920450399
1 0.5193683093295265 0.9865821052807991 0.007803314659398744 0.005138768190336397
1 0.4853001794750814 0.9865821052807994 0.007803314659398744 0.005138768190336397
1 0.4931986565083767 0.9874385666458574 0.006851690920447503 0.0034258454602274107
