0 0.076766 0.384511 0.012228 0.013587
0 0.08356 0.39537999999999995 0.012228 0.013587
0 0.086277 0.509511 0.012228 0.013587
0 0.093071 0.5 0.012228 0.013587
0 0.222147 0.637228 0.012228 0.013587
0 0.223505 0.6494569999999998 0.012228 0.013587
0 0.30027199999999993 0.02038 0.008152 0.01087
0 0.31249999999999994 0.025136000000000002 0.008152 0.009511
0 0.324049 0.019701 0.009511 0.009511
0 0.420516 0.288043 0.012228 0.013587
0 0.424592 0.278533 0.012228 0.013587
0 0.738451 0.252717 0.012228 0.013587
0 0.7880429999999999 0.144701 0.01087 0.014946
0 0.8029889999999998 0.189538 0.016304 0.012228
0 0.8036680000000002 0.201087 0.012228 0.013587
0 0.8118209999999999 0.075408 0.009511 0.012228
0 0.817935 0.095109 0.01087 0.01087
0 0.817255 0.06657600000000001 0.006793 0.008152
0 0.8192930000000002 0.046875 0.008152 0.009511
0 0.820652 0.11413000000000001 0.008152 0.016304
0 0.8220110000000002 0.054347999999999994 0.008152 0.008152
0 0.825408 0.068614 0.006793 0.009511
0 0.830842 0.11413000000000001 0.009511 0.01087
0 0.831522 0.09714700000000001 0.01087 0.009511
0 0.8349180000000002 0.055707000000000007 0.012228 0.008152
0 0.8349180000000002 0.0625 0.012228 0.008152
0 0.836277 0.042799 0.009511 0.014946
0 0.870924 0.671196 0.013587 0.01087
0 0.8756790000000001 0.658288 0.012228 0.012228
0 0.100543 0.449728 0.01087 0.013587
0 0.101223 0.46399500000000005 0.012228 0.012228
0 0.124321 0.6182070000000001 0.009511 0.01087
0 0.127717 0.94837 0.008152 0.01087
0 0.134511 0.950408 0.01087 0.012228
0 0.13587 0.9177990000000001 0.01087 0.012228
0 0.13858699999999996 0.6175270000000002 0.013587 0.012228
0 0.721467 0.985054 0.01087 0.01087
0 0.7275819999999998 0.985054 0.009511 0.01087
0 0.800272 0.964674 0.01087 0.01087
0 0.8063860000000002 0.9544839999999999 0.012228 0.009511
