0 0.0980179206184719 0.47811613393866503 0.009618779887323793 0.011054961577705715
0 0.07497107723484868 0.47672749083975086 0.011553665866022524 0.011284486107204273
0 0.19098179236702298 0.566487571467524 0.009285823158595873 0.00964913160904594
0 0.10791864602462105 0.4162014463673468 0.011041661967401918 0.010539386583411175
0 0.10736871802288551 0.506215655285379 0.010091180386750595 0.010096135346785835
0 0.07081220460974652 0.5072784216507621 0.010511367217354153 0.010264064954674763
0 0.09363935304724652 0.45312711466913635 0.011405032614003057 0.0104303152664848
0 0.08440408240193906 0.49490217540575115 0.010368995044542395 0.010461848715077276
0 0.18173374300417694 0.5039139830547831 0.009985695714535921 0.010851445405379585
0 0.1542013054308684 0.46067924084870704 0.010281656099402386 0.011117810788361923
0 0.07656783124674922 0.4348779139311418 0.011297951573910921 0.010081705839737602
0 0.1314106194869332 0.6239380421845809 0.009146296459695568 0.009189647176991339
0 0.08467592882073444 0.42022058238153875 0.009874043257340141 0.01033708323603091
0 0.143809728000475 0.4952556775963825 0.009717018707938816 0.009907929793648098
0 0.12529495488042414 0.44405217792676843 0.011691964190939198 0.01709015473075535
0 0.15985952771228293 0.48790192085763695 0.010851124058599058 0.010991272719010063
0 0.19569738014884613 0.5485360933386761 0.009394459102464758 0.009915227475373642
0 0.07424306610356206 0.5973789277284041 0.01025180712990139 0.010360448256782864
0 0.08075439670811528 0.5277317917865255 0.010418969651927118 0.010460273079250171
0 0.14752558003301205 0.48190702562746796 0.009723456009574558 0.010717163915219515
0 0.1009020235227502 0.4279561301936274 0.009724544442218283 0.010147623393846594
0 0.1465606637622999 0.6829328951628311 0.011176741641500721 0.011530088341754417
0 0.1285681620888088 0.4584121807761815 0.01015167650969132 0.009959075761877972
0 0.141248547512552 0.5423998521721881 0.008647400399912958 0.010009661964748218
0 0.08175374632296356 0.5586241431858229 0.010077766750169836 0.009256860484247622
0 0.14341029913529105 0.5135037484376327 0.00915508684904679 0.00874372150586999
0 0.15437385310297427 0.4993438928023629 0.010004167971403702 0.010483741760253906
0 0.1156233186307161 0.4359751784283182 0.010829738948656164 0.011373727217964504
0 0.1596724676049274 0.6387952203335969 0.009258871493132217 0.009494346121083136
0 0.16414920143459155 0.628357223842455 0.008809670158054518 0.00929434403129246
0 0.15442756984544836 0.53028186507847 0.008554624474566916 0.009212929269541864
0 0.14014969183051068 0.6140941536944845 0.00894400347834048 0.008985519409179688
0 0.14317838005397632 0.644807649695355 0.01210264537645423 0.010072127632472828
0 0.0672197523324386 0.45252271320508874 0.009466207545736561 0.01030420220416525
0 0.1578577186750329 0.6125862702079441 0.010516208151112432 0.01826124605925187
0 0.11834877470265262 0.5443620785422947 0.008310048476509426 0.008079383684241253
0 0.14685515217159106 0.5569665742957074 0.008011703905851944 0.010067400724991508
0 0.13583059414573337 0.47897425941799 0.009258840395056683 0.010631644207498302
0 0.11925465645997421 0.4147365093231201 0.010518623434978981 0.009844054346499235
0 0.07206287073052448 0.6270864113517429 0.009504401165506115 0.009348205898119055
0 0.07117676475773686 0.6749700463336447 0.008736076562300972 0.01178741455078125
0 0.07080675467200902 0.6058922746907109 0.008457676224086596 0.010068333667257557
0 0.08993624863417253 0.6850642743317976 0.008598550506260084 0.00779010938561481
0 0.07123805129009746 0.6409043229144552 0.009588293407274328 0.008948077326235563
0 0.06867690967476886 0.5878638184588888 0.008816185204879097 0.010419140691342562
0 0.09826134598773459 0.6894652532494585 0.008415512416673742 0.010557879572329313
0 0.17376026899918262 0.6604143847589907 0.00798271013342816 0.008769201195758322
0 0.08179124282753986 0.6200401886649753 0.008978486061096191 0.008437612782353941
0 0.13993222298829452 0.45125147052433184 0.011719071346780529 0.013042149336441704
0 0.12119534741277281 0.5273574227872102 0.008184681768002718 0.008173673049263332
0 0.10937248623889426 0.48370448921037756 0.00990543158158012 0.010889478351758875
0 0.16490009038344675 0.685691211534583 0.009595404500546663 0.010769885519276495
0 0.1110603031904801 0.49407981789630384 0.009817714276521103 0.009975226029105808
0 0.0883020914119223 0.5513478984003481 0.009159798207490341 0.009573812070100204
0 0.12301064055898914 0.46813403005185333 0.010114016740218452 0.00962302995764691
0 0.14568289984827454 0.5870740724646527 0.009003670319266941 0.008762940116550611
0 0.17004439623459525 0.5714644141819165 0.009814231292061184 0.008565570997155231
0 0.10594509477200714 0.5288972439973252 0.008164664973383364 0.0075916621996008835
0 0.14944043885106628 0.6235239402107571 0.0090317207833995 0.009202252263608187
0 0.1823216935862666 0.6633933730747388 0.009238740672235903 0.008877007857612942
0 0.09735774993896483 0.419895923655966 0.009649629178254501 0.011206347009410028
0 0.13793923543847125 0.5820098959881327 0.009160746698794157 0.009008075879967731
0 0.18484671219535492 0.5509488478950832 0.009095482204271399 0.008650323619013247
0 0.08302819210550058 0.6098994897759479 0.009264614271081013 0.008553193963092306
0 0.11357931468797766 0.6630731665569803 0.008982803510582966 0.00801061547320822
0 0.10031956175099248 0.5347553750743037 0.009602194247038467 0.009313666302224865
0 0.14805576075678284 0.7022763957148013 0.009705460589864979 0.008691704791525135
0 0.1045935464941937 0.5544741361037545 0.007977651513141134 0.008219946985659391
0 0.06729773853136145 0.4438800811767578 0.009117395981498386 0.010012668112049932
0 0.11252296489218006 0.602076354234115 0.007820772088092306 0.009657631749692171
0 0.12631285708883536 0.714274199112602 0.00826989049496858 0.008353026016898777
0 0.06771986899168594 0.5728617129118547 0.009851611178854237 0.01043377751889436
0 0.09709442698437235 0.5476725205131199 0.009246318236641262 0.010547886724057405
0 0.15223225303318189 0.5673969310262929 0.008738206780475119 0.009001648944357166
0 0.07022368907928465 0.6500609646672789 0.00761407354603643 0.00900430264680282
0 0.16795063537100088 0.5787621373715608 0.007315044817717179 0.007077507350755774
0 0.1312723729921424 0.5681925752888555 0.009191606355750042 0.009027874988058338
0 0.09825302725252896 0.5717449810193933 0.007850076841271442 0.007932621499766474
0 0.16347092130909796 0.5375774528669275 0.00901831751284392 0.01096101429151452
0 0.16514841888261875 0.5238548361736796 0.009544880493827488 0.009102406709090523
0 0.12091627328292183 0.4264546166295591 0.011008615079133408 0.010115436885667883
0 0.12949599908745807 0.5469147433405337 0.008659601211547852 0.008235889932383661
0 0.13592716403629468 0.5286288365073826 0.008137236470761507 0.009394873743471891
0 0.12462886001752771 0.638666992602141 0.008078150127245031 0.008038209832232931
0 0.171121913453807 0.6712174622908883 0.012305788371873938 0.010384766951851223
0 0.1716379393701968 0.5097159095432447 0.009190911832063095 0.010574174963909645
0 0.1713016292323237 0.545663367147031 0.00850682673246964 0.008755580238673998
0 0.12805575391520624 0.6781489952750828 0.00763218299202297 0.007747691610585089
0 0.1563751853030661 0.560345577157062 0.00891423225402832 0.008567084436831266
0 0.16886550965516464 0.672121815059496 0.007187024406764818 0.006951332092285156
0 0.08712039304816205 0.6684297478717306 0.008530046628869099 0.008539780326511549
0 0.12974776392397674 0.6667793626370637 0.008744530055833899 0.007629539655602496
0 0.1218372635219408 0.6957688538924508 0.007330313972804857 0.007154215937075408
0 0.12245348225469176 0.568904855976934 0.009124403414518936 0.007718791132387908
0 0.12780940014383066 0.4365636421286541 0.009392883466637653 0.011607076810753864
0 0.07247949942298558 0.670853324558424 0.008836243463599163 0.010436099508534307
0 0.18719253332718558 0.5370119343633237 0.011269216952116592 0.01072717749554178
0 0.1410777568817139 0.4716041554575381 0.011005484539529552 0.009863096734751825
0 0.1179889492366625 0.6858981795932935 0.008753071660580843 0.008654345636782438
0 0.10055733245352041 0.5808748576952063 0.00811345680900242 0.008998207423997961
0 0.13350868743398916 0.6972527503967284 0.0074297759843909225 0.007128052089525305
0 0.09330476366955302 0.6170118477033533 0.009948595710422682 0.007725280264149542
0 0.15032717455988343 0.47009739668472955 0.008908168129298998 0.008806933527407438
0 0.09745408141094705 0.6699446802553923 0.00948221787162449 0.012245758720066235
0 0.1459982913473378 0.45425431624702783 0.009321192036504332 0.009666359942892323
0 0.12306864883588711 0.5940224813378375 0.009898507076760998 0.008654179780379585
0 0.14263046824413794 0.6042310880578082 0.010223005128943401 0.00869062672490659
0 0.08915933318760084 0.5873654510663904 0.010783402816109035 0.009859852168871008
0 0.10569771994715152 0.6848162568133809 0.01139422084974206 0.009840716486391813
0 0.14852763258892557 0.5497293472290039 0.007871565611466118 0.008534472921620245
