1 0.6695993464926013 0.32327955118987867 0.011278442714525305 0.012422612179880556
1 0.397610068321228 0.30993919787199603 0.012434700260991636 0.012098644090735394
1 0.4355954916580863 0.40159725624582043 0.01325777302617612 0.01246283365332562
1 0.49324471017588745 0.5347536232160486 0.012200479922087296 0.011451866315758747
1 0.4257143580395242 0.308628103007441 0.01288648273633874 0.013177000957986584
1 0.54322858478712 0.4269716843314793 0.012859385946522589 0.012901472008746605
1 0.8046138390250825 0.4867314255755881 0.011776094851286514 0.012666494950004246
1 0.501574184583581 0.39799381339031714 0.013398377791694973 0.01377731820811396
1 0.35009377935658337 0.2929570985876996 0.012043787085491676 0.011171631191087805
1 0.5348598438760509 0.3688038743060569 0.01247617472773013 0.013057916060737942
1 0.49364293139913806 0.17223737550818402 0.01122681990913723 0.0114898681640625
1 0.6660283752109692 0.4722832596820334 0.011317004328188688 0.012287098428477411
1 0.5332677157028861 0.21796138390250824 0.011809784433116083 0.011914522751517918
1 0.7400987251945164 0.4712953152863876 0.012003898620605469 0.013437022333559782
1 0.5110458913056747 0.43280750772227417 0.012830692788828974 0.013179530268130095
1 0.45635055459063983 0.3212637787927752 0.013541470403256624 0.014263296256894651
1 0.4213716465493907 0.3873263182847396 0.012300532797108526 0.011845723442409351
1 0.4255367776621943 0.35833246811576513 0.016392998073412025 0.012693239294964333
1 0.3639519227587658 0.3175653893014659 0.012394912864850916 0.013180919315503992
1 0.7645483431608779 0.35321685542231024 0.012526636538298233 0.012897698775581692
1 0.36573943236599804 0.338987683472426 0.012438517549763555 0.014352137627808945
1 0.774184164793595 0.30838099769924 0.011479377746582031 0.012006427930748981
1 0.4440946578979492 0.4748520591984625 0.012201309204101562 0.012295857719753101
1 0.5251573272373365 0.20076631463092304 0.011284828186035156 0.011568193850309952
1 0.6077442169189453 0.3224518678110579 0.012277769005816917 0.013942773575368135
1 0.5147677919139033 0.2989502367766007 0.01198714712391729 0.012627560159434443
1 0.4680608821951825 0.4676499263100002 0.011903897575710132 0.012584997260052223
1 0.5906361393306567 0.22839616692584497 0.012546021005381708 0.012170708697775135
1 0.7740617835003398 0.29566790746605914 0.011757726254670517 0.011903700621231743
1 0.5389858432438063 0.463796035103176 0.011920617974322777 0.011710540108058765
1 0.7555730653845746 0.3713316321372986 0.012734703395677649 0.012392951094585915
1 0.759329547052798 0.29972571912019147 0.011981549470320992 0.02393353503683339
1 0.5326260691103728 0.41076724425606104 0.012253719827403193 0.01280374112336532
1 0.5087913637575895 0.3837224426476852 0.012768164924953296 0.01253329670947531
1 0.5789752213851266 0.6591421002927034 0.011420374331266983 0.01199104474938434
1 0.5449608616206957 0.10890897978907045 0.011110533838686735 0.012540288593458094
1 0.5048572187838347 0.23671115999636444 0.011518001556396484 0.011981238489565641
1 0.8004987550818403 0.6156274754068126 0.009722502335258152 0.010264811308487602
1 0.5601190173107645 0.596825641134511 0.012012460957402769 0.012226851090140965
1 0.7823422473409901 0.4412838946218076 0.011673305345618206 0.01250854782436205
1 0.5604444172071374 0.41997509417326556 0.012964912082837976 0.013329505920410156
1 0.5259465860283893 0.3404318949450617 0.01243498014367145 0.012313008308410645
1 0.48799588887587836 0.329199625098187 0.011973598729009214 0.011900653009829313
1 0.6807214902794878 0.43849285270856775 0.010241632876188858 0.010661570922188137
1 0.740657433219578 0.2757610756417979 0.011086837105129078 0.010963170424751614
1 0.5921529168668 0.5559372487275497 0.010938540748927906 0.010290104409922724
1 0.5130472597868546 0.25147176825481915 0.011425018310546875 0.01222627059273098
1 0.759666629459547 0.3264727132475894 0.012249780737835426 0.012611380089884218
1 0.5256325472956118 0.38654234098351525 0.011666297912597656 0.012131525122601051
1 0.4435072567151941 0.3884083369503851 0.01232922595480214 0.012174538944078528
1 0.6875937295996626 0.3045975229014521 0.011487836423127548 0.011612145797066067
1 0.42796078972194507 0.4497315365335215 0.012324830760126528 0.013990070508873981
1 0.4023582391116929 0.27885059688402253 0.011487903802291206 0.011607916458793308
1 0.656151709349259 0.37621118711388635 0.011502431786578636 0.012032425921896229
1 0.7568504292031993 0.2789321671361509 0.011572008547575577 0.011598773624586023
1 0.47336843739385187 0.3814171604488207 0.013060196586277172 0.013032602227252464
1 0.5056016134179157 0.5254236511562181 0.01169374714726987 0.011278442714525305
1 0.6577466259831968 0.107728766358417 0.010735097138778023 0.011685837870058806
1 0.7673101839811907 0.2437914765399435 0.010221730107846468 0.011541822682256285
1 0.6385162394979725 0.333158772924672 0.01190023836882218 0.013683049575142239
1 0.37565434497335687 0.3600842641747516 0.012274783590565557 0.01238412442414657
1 0.5424484480982241 0.39611056576604425 0.012215137481689453 0.012481088223664658
1 0.6297813498455546 0.3787831638170326 0.011668329653532608 0.011715059695036514
1 0.740144335705301 0.37245238863903546 0.015945890675420345 0.01873612403869629
1 0.5806414873703666 0.5832347455232041 0.013965585957402769 0.021324738212253735
1 0.5750060185142185 0.6233543520388395 0.011669635772705078 0.012142720429793648
1 0.7538172473078188 0.34296784193619445 0.011910438537597656 0.012300615725309952
1 0.41232307579206384 0.3299814086893331 0.012068033218383789 0.011764150598774786
1 0.6992225439652152 0.4731599144313646 0.012019157409667969 0.011929885200832203
1 0.5218651191048 0.03845323946165002 0.011635282765264097 0.01262565799381422
1 0.6667969641478166 0.41382408142089844 0.012678581735362177 0.012025998986285667
1 0.7303353599880054 0.2857313570768937 0.012399507605511208 0.012001701023267664
1 0.7119328250055729 0.4292024322178053 0.012526760930600374 0.012541936791461449
1 0.4329397678375244 0.4640522417814835 0.01166169539741848 0.0123748779296875
1 0.4791339013887488 0.48169760082079016 0.011718905490377674 0.012570381164550781
1 0.7405702342157778 0.3521857157997462 0.011728037958559782 0.016703958096711533
1 0.6839529120403788 0.47322822653728985 0.011550322822902515 0.012283615444017492
1 0.6333252243373706 0.19494283717611566 0.010753009630286175 0.012625797935154125
1 0.7661840397378673 0.5940659564474354 0.011021116505498472 0.012137039847995922
1 0.6635076066722041 0.24171252872632895 0.011875111123789911 0.011526895605999489
1 0.7667564309161642 0.41290949738543964 0.011936602385147758 0.011731334354566492
1 0.4758149644602899 0.45457754446112597 0.012936260389245075 0.0123385242793871
1 0.3864497646041539 0.2564150354136591 0.011816952539526897 0.012304181637971298
1 0.6287618098051652 0.6590039833732273 0.011368834454080334 0.0115515252818232
1 0.5496385408484418 0.3834047524825387 0.012629799220872961 0.013069360152534817
1 0.48476860315903375 0.3985923684161643 0.012473261874655018 0.012661975363026495
1 0.578166961669922 0.6424903247667395 0.011805161185886547 0.011765811754309612
1 0.5053076744079589 0.3699750330137169 0.012380268262780231 0.011985498925913935
1 0.48392704258794367 0.41785182123598846 0.01284188809602157 0.012441220490828804
1 0.4186102411021356 0.41282031847083045 0.01123320538064708 0.01161633367123811
1 0.5786555331686268 0.6086710017660389 0.011667666227921196 0.01148534857708475
1 0.6239430800728176 0.14034816493158753 0.011041309522545856 0.011305726092794666
1 0.41486072540283203 0.4388861656188965 0.012820451155952785 0.013564690299656079
1 0.5385388084079907 0.48047780990600586 0.011439862458602242 0.011726835499639097
1 0.4625623692636905 0.39259230572244397 0.012235527453215225 0.01225770038107167
1 0.7674808502197266 0.4443061248115871 0.012699458910071331 0.012468255084493885
1 0.8315174683280613 0.5503743213155995 0.011404617972995922 0.014097296673318615
1 0.75063883739969 0.41178524753321777 0.011911392211914062 0.011756155801855999
1 0.4440472955289094 0.3454444615737251 0.012643171393353005 0.0121875638547151
1 0.3889324431834013 0.40445264526035474 0.012277204057444696 0.012259918710459833
1 0.5396952629089357 0.17319828012715216 0.01175453351891559 0.012847537579743759
1 0.7702734574027683 0.49802090810692834 0.011767014213230297 0.01196747240812882
1 0.5100983018460481 0.2637435249660326 0.012601624364438265 0.011215500209642492
1 0.7831890064737071 0.4536578447922417 0.011347936547320824 0.010566607765529468
1 0.6192664270815642 0.12483590582142705 0.011986815411111584 0.012143300927203636
1 0.4757902777713278 0.284685000129368 0.012407209562218708 0.011557807093081266
1 0.45802276030830713 0.44491877763167664 0.013025988703188688 0.012735325357188349
1 0.4913495312566343 0.34255787600641663 0.01200116198995839 0.011624605759330418
1 0.435691149338432 0.49935651862103003 0.0123870269111965 0.012294437574303669
1 0.40120506286621094 0.42191540676614525 0.011255181354025135 0.014275882555090862
1 0.7084130826203718 0.2512775400410528 0.011047280353048573 0.011052732882292374
1 0.7675961411517598 0.45794743558634887 0.011370078377101734 0.011297298514324684
1 0.6377021022464918 0.5938222926595936 0.012316185495127802 0.012065514274265454
1 0.44092951650204865 0.3624343418556711 0.012703149215034817 0.014310015284496803
1 0.7249556002409561 0.390723062598187 0.016020899233610733 0.012740259585173233
1 0.6419118279996125 0.5770235476286516 0.012580477673074474 0.011917694755222485
1 0.4370669074680494 0.29714164526566217 0.012307789014733356 0.011421846306842308
1 0.7362739728844684 0.37758163783861237 0.011229971180791441 0.012061741041100544
1 0.4271276308142621 0.4948744411053865 0.021717320317807404 0.0123349376346754
1 0.5377709658249564 0.2028281896010689 0.011483461960502293 0.012388374494469685
1 0.40241517191347875 0.3918827616650125 0.014455173326575237 0.02172287650730299
1 0.5621203754259192 0.45382781650709075 0.01204843106477157 0.012388561082922894
1 0.6132406981095023 0.5303186541018279 0.01147062882133152 0.011828339618185291
1 0.5053346675375233 0.4800654494244119 0.01218252596647843 0.011578559875488281
1 0.43090711469235626 0.41458969530851947 0.012190259021261463 0.013044730476711109
1 0.7212221933447798 0.4729142603666886 0.013192259747049084 0.012329391811204992
1 0.44273334482441773 0.41942312924758246 0.012993097305297852 0.012312153111333433
1 0.5314148716304613 0.1846098588860553 0.01246786117553711 0.011959013731583305
1 0.35195352331451746 0.30729460716247553 0.011170229186182436 0.012998726056969685
1 0.8462092150812563 0.5895197080529254 0.010700599006984546 0.010109113610309105
1 0.6837109275486157 0.35413449743519654 0.011589547862177309 0.011912511742633324
1 0.5689939208652662 0.2607500864111859 0.01292207966680112 0.011811588121497112
1 0.5220970070880392 0.4651798994644828 0.011821663897970448 0.011946553769318954
1 0.38771778604258655 0.381810302319734 0.012163908585258152 0.011504359867261804
1 0.7487451511880626 0.4509540796279907 0.011730567268703296 0.01200457241224206
1 0.6502793560857358 0.030187373575956924 0.012135920317276665 0.014675492825715439
1 0.8056391425754712 0.5023090735725735 0.011766931285028872 0.012572537297787874
1 0.6176906357640806 0.2777318021525507 0.01222736939139988 0.012637905452562414
1 0.5408283627551534 0.1301096781440403 0.011225016220756199 0.012862982957259468
1 0.43715466623720917 0.4360042965930441 0.012488199316936989 0.012213893558668054
1 0.4706515954888385 0.3035003724305526 0.01210915524026622 0.01218395647795304
1 0.5960074507671854 0.5975310284158458 0.02156340557595958 0.011279313460640285
1 0.7872144864953082 0.504103660583496 0.01242853247601053 0.012422147004500679
1 0.7154553869496221 0.5345020397849705 0.01098359149435292 0.010747183924135954
1 0.41876627569613256 0.03290340952251269 0.01172031526980193 0.011736190837362537
1 0.37478195325188013 0.2745363712310791 0.012251869491908863 0.01205686900926673
1 0.5813214467919391 0.19072699546813968 0.011568608491317085 0.01240794555000637
1 0.628993905108908 0.3081808193870213 0.01320548679517663 0.012676840243132217
1 0.5004169422647228 0.419253743213156 0.013631696286408798 0.012722222701362942
1 0.7035043135933254 0.3595409185990044 0.011879133141559105 0.011763987333878227
1 0.6832620371942933 0.48632780883623206 0.011510185573412024 0.011775358863498852
1 0.5560277855914572 0.47983546360679297 0.011258913123089333 0.011717309122500212
1 0.6391847859258237 0.3946460433628248 0.012306047522503395 0.014034644417140796
1 0.605640929678212 0.6155667719633683 0.011278442714525305 0.022692514502483864
1 0.6711389500161877 0.4607866328695546 0.011745328488557236 0.012444662011188011
1 0.654294200565504 0.4307435854621556 0.018476693526558254 0.014844469402147375
1 0.3616640684397324 0.26853201700293494 0.010970247828442116 0.010926474695620329
1 0.7043825854425845 0.2867155178733494 0.012057055597719938 0.011705336363419243
1 0.661760361298271 0.3109576287476913 0.012339529783829399 0.011089884716531506
1 0.7219046095143193 0.5481827362723972 0.011851227801779041 0.011586811231530231
1 0.5483471828958263 0.40932578625886334 0.01293107737665591 0.01245328654413638
1 0.5167967340220576 0.412334144115448 0.012059501979662024 0.012846340303835661
1 0.558402279148931 0.493012283159339 0.012241342793340269 0.01210233439569888
1 0.678950185361116 0.6398282051086427 0.013959967571756115 0.013850709666376528
1 0.6391914927441141 0.2452910983044168 0.012527776801067848 0.011808747830598251
1 0.5049416293268618 0.3574097052864406 0.01183945199717646 0.012796692226244055
1 0.5744660729947296 0.521336897559788 0.010898569355840269 0.01153807018114173
1 0.7263014005578082 0.42126352890678076 0.012825426848038383 0.012098561162533968
1 0.5078437328338624 0.12149436059205428 0.010128912718399712 0.010544268981270168
1 0.3628432206485583 0.30246496200561523 0.012254875639210577 0.012187004089355469
1 0.47859373818273127 0.21237847079401428 0.012974293335624363 0.013019209322722061
1 0.5118235816126284 0.3309514315231987 0.011806384376857593 0.012521971826967985
1 0.6164858444877293 0.6443774389184039 0.011495756066363792 0.012264624885890796
1 0.7605993022089419 0.20950350554093067 0.010898921800696331 0.010781122290569801
1 0.5039603295533552 0.21932674490887188 0.010343613831893257 0.010378588800844938
1 0.797100481779679 0.47234443996263586 0.011247220246688179 0.010948015295940895
1 0.7044208360754926 0.458353270655093 0.011796868365743885 0.011950907499893852
1 0.7000550187152365 0.49396351109380304 0.011760918990425442 0.012434627698815388
1 0.6283010607180388 0.06285222198652185 0.012587298517641813 0.0134946056034254
1 0.6957051235696544 0.3972714672917905 0.012311520783797554 0.012110461359438688
1 0.7153659903484842 0.18637035204016644 0.01126023997431216 0.010929646699324898
1 0.6392537821894106 0.2959766180618949 0.011899201766304348 0.012213458185610563
1 0.4621948211089425 0.2419662164605182 0.01058519404867421 0.011376028475554092
1 0.5378686656122622 0.5642450581426206 0.011281801306683083 0.011817849200704823
1 0.490381323772928 0.5086738544961681 0.01319445734438689 0.012414144433063011
1 0.645115852355957 0.36099869271983276 0.01448846899944803 0.013700485229492188
1 0.45767144534898835 0.40546367479407264 0.012044098066247028 0.013160788494607677
1 0.5170743983724843 0.1064966398736705 0.011065151380456013 0.011853746745897375
1 0.4600202933601711 0.4843780216963395 0.012638382289720617 0.012366243030713953
1 0.6236938808275305 0.3654187140257462 0.01085861869480299 0.012440453404965609
1 0.4549902884856515 0.36858278772105335 0.013286953387053116 0.01305252572764521
1 0.7000718531401262 0.27533278257950494 0.010541211003842562 0.010417855304220448
1 0.758678394815196 0.17601902070252792 0.021687797878099525 0.011679742647253948
1 0.662923066512398 0.1998880324156388 0.011393671450407608 0.01139812884123429
1 0.6289062707320504 0.352261957914933 0.011514788088591202 0.01216225002122962
1 0.7380899346393087 0.4271736145019531 0.011373519897460938 0.011946968410326086
1 0.7509078564851182 0.557696010755456 0.01149011694866678 0.011206419571586277
1 0.7653168802675995 0.18941718599070673 0.009909505429475204 0.009849195894987686
1 0.577070018519526 0.4800427685613218 0.011736102726148523 0.012106729590374489
1 0.4929902242577594 0.289165154747341 0.011758597000785496 0.02294778823852539
1 0.44319383994392725 0.2768282372018565 0.012822628021240234 0.012991469839344854
1 0.6721486423326575 0.3637830692788829 0.012221004651940388 0.012409500453783117
1 0.5787116237308669 0.16107030536817468 0.012964103532874065 0.012168987937595532
1 0.6465378014937692 0.1937434051347816 0.010889924090841541 0.012026517287544582
1 0.6886325089827828 0.3347739758698837 0.012304886527683422 0.01197951772938604
1 0.8183878401051397 0.5203150873598844 0.0120995977650518 0.011878303859544836
1 0.42920444322668994 0.27656331269637396 0.013640693996263586 0.011370700338612432
1 0.45720461140508234 0.4311070390369581 0.012184972348420517 0.01365283261174741
1 0.6918740687162981 0.5059679072836171 0.010489132093346638 0.012416549350904383
1 0.6220663837764574 0.26494320579197095 0.012562316396962042 0.012916730797809105
1 0.5494168115698773 0.44669779487278155 0.01199502530305282 0.012427744658096977
1 0.6450841530509617 0.3115686333697775 0.01216336955194888 0.012728152067764946
1 0.34340308541836945 0.048729553170826126 0.010010397952535877 0.011059120945308521
1 0.647068168805993 0.4139852627463963 0.01212912020475968 0.012607595194940981
1 0.36052905865337537 0.25412361518196436 0.0109174484791963 0.010612176812213402
1 0.667916836945907 0.22914459394372028 0.011665924735691235 0.012306130450704823
1 0.4032973206561545 0.042419341595276536 0.012265205383300781 0.01130996320558631
1 0.6406747776529065 0.6342690094657566 0.010807991027832031 0.011213966037916101
1 0.34337468250938086 0.26659025316653046 0.010962864627008852 0.010967897332232933
1 0.7199026190716288 0.36933260378630267 0.011616665384043818 0.012058506841244905
1 0.7905712956967561 0.5303894747858462 0.011124154795771059 0.012687475784965183
1 0.6706315123516582 0.1473812486814416 0.010974593784498133 0.010348434033601181
1 0.7743922731150752 0.4283402639886607 0.01057670427405316 0.012101992316867993
1 0.6671621903129243 0.08344762221626613 0.011420374331266983 0.012027470961860989
1 0.3529073168402133 0.27627478475156036 0.010947940142258354 0.01135266345480214
1 0.7234786489735479 0.2116627485855766 0.011035089907438858 0.011272430419921875
1 0.46848557306372607 0.035996118317479675 0.01171831462694251 0.011297060095745583
1 0.8221767674321714 0.5633546995080035 0.011471541031547215 0.012212919152301292
1 0.5143673938253651 0.3461511471997137 0.011263142461362093 0.011357063832490341
1 0.8756219407786494 0.6502452311308486 0.011027004407799763 0.010656481203825577
1 0.6558464921039082 0.3227706357188847 0.011996186297872791 0.012753981611003046
1 0.5321868398915166 0.10971297388491424 0.0115509033203125 0.011011476102082626
1 0.7508788730787195 0.43555120799852454 0.01117905326511549 0.01145159679910411
1 0.757709440977677 0.308458597763725 0.010555723439092222 0.011088993238366169
1 0.5198182230410369 0.3207373214156731 0.013117748758067255 0.015098490792772045
1 0.6655755872311799 0.9222127458323603 0.008275363756262737 0.008255046346913214
1 0.6757520385410476 0.2506726410077965 0.012089397596276325 0.011709524237591286
1 0.3767030627831168 0.041963807914568024 0.011876132177269978 0.01248465931933859
1 0.7782209230505903 0.2760013704714568 0.01209333668584409 0.011584903882897419
1 0.48391335943470837 0.43530117947122327 0.014304575712784477 0.013080804244331692
1 0.4703580970349519 0.4114318515943445 0.011310981667560081 0.011560833972433338
1 0.6570916694143544 0.452581612960152 0.011129565860914148 0.01181303936502208
1 0.4968398394791977 0.1488055353579314 0.011636433394058891 0.011047031568444294
1 0.5686496755351191 0.14823048529417618 0.011953250221584156 0.013126922690350075
1 0.349841886240503 0.06101103191790373 0.014093520848647408 0.020471795745517895
1 0.9162706914155381 0.7513142461362092 0.010531508404275646 0.01215163521144701
1 0.5217045493747877 0.5203802481941555 0.011255513066830843 0.012119251748789911
1 0.44366818925608753 0.0657244765240213 0.011417492576267407 0.010884005090464716
1 0.6460648826930835 0.0778075767600018 0.011385212773862093 0.012685640998508618
1 0.6570930895598037 0.15440709694572116 0.011188838792883831 0.011327411817467731
1 0.7165185679560121 0.1440077553624692 0.010619453761888586 0.011169412861699644
1 0.67938000222911 0.28560469461523963 0.014907173488451086 0.011791415836500086
1 0.5613049527873164 0.58175572105076 0.010658865389616592 0.010536276775857677
1 0.32933431572240324 0.02093362484289252 0.011451439365096714 0.013760039339894834
1 0.5553534030914308 0.46721208095550537 0.011384984721308168 0.011251916056093962
1 0.6911196501358695 0.28778259650520654 0.010729997054390285 0.01263682738594387
1 0.43473194993060565 0.3278444849926492 0.012092984240988026 0.013218071149743122
1 0.8807680917822797 0.6996851796689241 0.010158829067064367 0.010274389515752378
1 0.331817631488261 0.08727626956027486 0.01038796875787818 0.010437721791474716
1 0.660960114520529 0.634259037349535 0.011254683784816578 0.010906343874724014
1 0.7055917822796366 0.2168977156929348 0.010604360829228941 0.010487224744713825
1 0.5225004735200302 0.06362050253411998 0.011648965918499489 0.010959298714347507
1 0.6593895787778107 0.07165295922237894 0.010672859523607336 0.010523241499195929
1 0.7222775376361348 0.4949194866677989 0.011237061542013416 0.011415232782778532
1 0.5193988758584728 0.1710893485857093 0.011391473853069801 0.011522521143374235
1 0.45752533622409985 0.06470804369967917 0.011448652847953465 0.010943811872731085
1 0.6112164310787035 0.17848680330359415 0.0120128755984099 0.012246588002080503
1 0.7369703417238982 0.5558296908502993 0.011067058729088825 0.011157201684039574
1 0.4785817395085874 0.0644803409991057 0.021249066228451935 0.011290488035782524
1 0.7149920670882515 0.2736099802929422 0.012436991152556046 0.012457412222157354
1 0.7247607396996539 0.3448830551427344 0.011268076689346977 0.011648661416509876
1 0.6448913968127706 0.9177216239597485 0.008407945218293564 0.00792793605638587
1 0.6864596242490022 0.3203892176565917 0.011911972709324047 0.014400334461875584
1 0.3229354765752088 0.07578498643377553 0.011201400471770245 0.011702667111935823
1 0.5464590010435686 0.2427675309388534 0.012732360673987347 0.012542496556821077
1 0.35141988422559656 0.03363151006076647 0.01119070467741593 0.010582936846691628
1 0.6938729700834854 0.25031017220538593 0.010666100875191067 0.010537893875785496
1 0.6571946766065515 0.04533550661543141 0.011008138241975204 0.010975544867308243
1 0.5065539401510487 0.4959321592165076 0.011133442754330843 0.010780261910480003
1 0.4976480836453645 0.4562695181888083 0.012375147446342136 0.01610788055088209
1 0.5810162502786388 0.12605253509853198 0.012255875960640285 0.012257119883661684
1 0.7230278720026432 0.31028115231057873 0.01116167980691661 0.012173735577127209
1 0.6680763286093007 0.8971806401791779 0.008196913677713146 0.008683494899583899
1 0.7508733376212742 0.5340323240860648 0.011740601581075916 0.011544351992399796
1 0.6041138068489407 0.6509866092516028 0.011010169982910156 0.012102666108504585
1 0.7590821722279425 0.47794377803802485 0.012211094731869905 0.012759986131087593
1 0.5663900686346967 0.532452510750812 0.011748624884563942 0.01104016925977624
1 0.7222431224325427 0.40496683639028797 0.012495165285856827 0.012325338695360266
1 0.621141475179921 0.8976905656897505 0.011882864910623302 0.010302502176036005
1 0.48874554426773736 0.4738466480503912 0.011378868766452954 0.011328147805255394
1 0.4580345101978468 0.2911275988039763 0.011963813201240871 0.012273083562436312
1 0.5015741638515306 0.30230338677116064 0.011321233666461449 0.013003577356753141
1 0.6562664612479832 0.6612562718598738 0.011671563853388247 0.013724824656610903
1 0.6337092130080514 0.6158981115921683 0.010549317235532015 0.01111664979354195
1 0.5114094900048297 0.15775954723358154 0.010403881902280062 0.0099050584046737
1 0.5019924122354259 0.028019138004468827 0.01196276623269786 0.01042864633643109
1 0.45424488316411554 0.5119135690772015 0.022236409394637398 0.012038396752398949
1 0.5383648768715237 0.09454257591910985 0.011593507683795433 0.012292405833368715
1 0.7585709613302479 0.3839064266370691 0.011310079823369566 0.012077787648076597
1 0.6888769398564879 0.26505557350490405 0.010830588962720789 0.011146752730659817
1 0.7186690620754075 0.01669614924036938 0.011562679124915081 0.01063473457875459
1 0.44324080840401026 0.4485379923944888 0.011642829231593921 0.012257783309273098
1 0.7039679444354513 0.41458339276521095 0.013032291246497112 0.0129248162974482
1 0.7241881204688032 0.4525829398113748 0.012152174244756285 0.012510050898012907
1 0.6911872366200322 0.37287786732549255 0.011591703995414402 0.01184480086616848
1 0.6448942682017451 0.13109133554541544 0.010533208432404892 0.01038781456325365
1 0.5844547748565675 0.21542310714721682 0.012270160343336023 0.012910055077594261
1 0.8290565739507261 0.9105809667836062 0.010259794152301292 0.010403923366380774
1 0.5553008888078772 0.5245884190434995 0.0104455740555473 0.010890960693359375
1 0.7950714360112728 0.4595873304035353 0.01181768334430197 0.011435933735059656
1 0.44929939767588745 0.3054046112558116 0.013357245403787365 0.012689445329749065
1 0.41890885000643524 0.3447043772624887 0.01234430852143661 0.011298307906026426
1 0.5266972832057788 0.48068498010220734 0.01210461492123811 0.012584199076113493
1 0.489843777988268 0.38149406598961866 0.01219020719113557 0.012405976005222485
1 0.6778442341348401 0.39082196484441345 0.012717329937478771 0.01211379921954611
1 0.4500664109769075 0.495017673658288 0.012046461519987686 0.01232147216796875
1 0.49403769036997924 0.4908012721849525 0.012209726416546364 0.012567022572393003
1 0.4898963181868843 0.3664712076601775 0.013064923493758492 0.012751703676970108
1 0.8209850891776708 0.537134896153989 0.011623631352963655 0.011727250140646229
1 0.3333021875308908 0.20644131950710132 0.01244231799374456 0.012386280557383661
1 0.5965378180794094 0.6997828898222551 0.01119443644648013 0.010645534681237263
1 0.4473432146984598 0.03007888146068739 0.010602847389552906 0.011503258477086607
1 0.40329697857732355 0.08914761957914932 0.011732847794242527 0.012638755466627039
1 0.5219671207925548 0.4950334300165591 0.01135954649552055 0.011247054390285328
1 0.5235818054365076 0.08878034871557486 0.010950938515041187 0.010652402172917906
1 0.6560494381448497 0.21490497174470322 0.011680022529933765 0.011851310729980469
1 0.7424983770950979 0.2626107464665952 0.01112204012663468 0.012260768724524456
1 0.8416765254476796 0.6511416849882707 0.009803481723951258 0.0093695184458857
1 0.3774669947831527 0.10109368096227231 0.010904104813285496 0.011832662250684656
1 0.7094380544579546 0.10072993195575217 0.010462097499681555 0.012020111083984375
1 0.408127002094103 0.2980422662652057 0.012362366137297257 0.012644083603568699
1 0.5103078821431035 0.09113753619401352 0.010930413785188095 0.0104917806127797
1 0.593846549158511 0.5772392438805621 0.011446621107018513 0.010956888613493546
1 0.7185521747754968 0.29999328696209454 0.011595186979874321 0.011866362198539402
1 0.5966553066087805 0.5120482030122175 0.011657051418138586 0.012020318404487942
1 0.6754091511601987 0.3082751398501189 0.011404120403787365 0.011480331420898438
1 0.625852574472842 0.234613791756008 0.011201091434644617 0.012553339419157608
1 0.5207819005717402 0.5349411031474238 0.012299724247144617 0.01750691040702488
1 0.7506341934204102 0.5190803901008938 0.011506536732549253 0.012208067852517834
1 0.5265069422514543 0.5068516938582711 0.011153635771378227 0.010785144308338995
1 0.5455914787624193 0.22784115957177203 0.01261114037555197 0.024306400962497875
1 0.6992015009341033 0.22916856019393259 0.010378796121348505 0.010461226753566578
1 0.6342111670452616 0.36847376823425293 0.012245012366253395 0.011940520742665167
1 0.7675242216690726 0.39901287659354834 0.011986939803413723 0.012592357137928839
1 0.5309065632198168 0.15697398911351743 0.011134375696596891 0.011984151342640753
1 0.5077707560166068 0.27985077318937884 0.013519307841425356 0.012549234473186989
1 0.4060104385666225 0.412739898847497 0.011754372845525328 0.011195016943890114
1 0.603244449781335 0.14140077777530835 0.01125534721042799 0.011664172877436098
1 0.5799955699754797 0.4960887743079144 0.012271466462508492 0.011672807776409645
1 0.5141259172688359 0.2120581917140795 0.011235589566438095 0.011467311693274456
1 0.6543184363323711 0.17557719479436457 0.012177177097486414 0.012276918991752293
1 0.4941313577734906 0.43862116855123773 0.012013269507366676 0.012119500533394192
1 0.7078378096870754 0.3710902255514394 0.011977983557659645 0.011748023655103601
1 0.6647505760192871 0.4283228490663611 0.02419003196384596 0.011598224225251572
1 0.6590885286745818 0.34747885621112323 0.012388187906016474 0.011858670607857082
1 0.8329725472823433 0.6162850753120754 0.01007092517355214 0.010624927023182745
1 0.7988672671110735 0.5425194035405698 0.010436680005944294 0.010344878486965015
1 0.40447023640508234 0.38764360676641046 0.012772518655528193 0.011676456617272419
1 0.5026389412257982 0.05514535178308902 0.011611772620159645 0.011670164439989172
1 0.7474069180695906 0.09147660628609033 0.012376204780910328 0.013253108314845875
1 0.6019021635470183 0.5957812226336935 0.011220455169677734 0.010863469994586449
1 0.4136246961096059 0.42629059501316235 0.012323410614677097 0.01203080882196841
1 0.3460444419280343 0.06624470586362093 0.011221066765163257 0.010853083237357761
1 0.5251645523568859 0.35892121688179346 0.011888980865478516 0.011928475421407948
1 0.8250791300898013 0.6519309748773989 0.011439945386803669 0.011750926142153532
1 0.9119400978088379 0.7386291960011359 0.011008428490680199 0.014819808628248133
1 0.8981103897094727 0.71527099609375 0.011724472045898438 0.01194365128226902
1 0.5201799351236095 0.23954673435377036 0.011452094368312671 0.010708269865616508
1 0.7397032820660135 0.14494637821031653 0.010359681170919666 0.009285304857336956
1 0.7401644250620967 0.5415727988533352 0.010866745658542797 0.011933575505795687
1 0.7873568949492082 0.557536913001019 0.010043807651685633 0.009725156037703804
1 0.48570622568545135 0.06124317646026611 0.010536732880965523 0.010505323824675186
1 0.6054446178933849 0.6223709686942722 0.011333797288977581 0.010684552400008492
1 0.623033741246099 0.33958253653153136 0.01193380355834961 0.011688087297522503
1 0.3498810931392338 0.23594127530636996 0.011027701522993006 0.010793831037438435
1 0.5129716189011283 0.18195083866948664 0.012331029643183168 0.011584738026494566
1 0.7281481286753779 0.5309203189352284 0.011172336080799932 0.011138335518215015
1 0.37493877825529687 0.020175290496452995 0.01120007556417714 0.015042638001234634
1 0.744975007098654 0.20841374604598337 0.010446880174719769 0.011136054992675781
1 0.3794205940288047 0.07539768581805022 0.0117078915886257 0.012251910956009575
1 0.5203348242718241 0.14095823661140774 0.011698017949643343 0.01166169539741848
1 0.6472888925801152 0.6223850872205652 0.011499052462370499 0.011547461799953296
1 0.49550925130429474 0.015004997668058977 0.011183158211086109 0.011479634305705195
1 0.5405813300091288 0.4969722913659137 0.011855996173361073 0.011953436810037365
1 0.3733125821403835 0.25590173057887866 0.012032042378964632 0.012339260267174763
1 0.677187567171843 0.3750991173412489 0.011923707049825916 0.011736532916193422
1 0.6478179019430409 0.09768835357997728 0.011144803917926292 0.011410982712455418
1 0.5739843327066173 0.23701057226761527 0.011754367662512737 0.015060196752133577
1 0.6008140315180239 0.6689200815947158 0.011973671291185461 0.011576984239661175
1 0.7198025040004565 0.329826178110164 0.012540444083835766 0.012415822433388752
1 0.3694363651068314 0.05841990398324054 0.011980341828387718 0.012677519217781399
1 0.6739274522532587 0.10034731160039487 0.010515917902407438 0.011716987775719685
1 0.5064440188200576 0.015040938297043676 0.011350051216457203 0.011861647600712984
1 0.6446893526160199 0.3836059777633003 0.011185853377632473 0.011336409527322521
1 0.4350043794383173 0.03502551239469777 0.011103712994119396 0.01198951835217683
1 0.4965754488240118 0.11255517213240913 0.010872612828793734 0.010605190111243206
1 0.6303154800249182 0.10600767446600873 0.010421980982241423 0.011599551076474398
1 0.7570606314617656 0.2512949445973272 0.011150443035623302 0.011135723279870075
1 0.45829831517261005 0.4604970061260721 0.014581089434416397 0.013594129811162535
1 0.6522398927937383 0.4039336131966632 0.012127192124076511 0.011800030003423277
1 0.36211067697276245 0.07138310567192409 0.011768092279848845 0.012030596318452255
1 0.5911895295848018 0.1809173459592073 0.011222051537555199 0.012903835462487263
1 0.5876638889312744 0.2462743779887324 0.011135370835014011 0.011898517608642578
1 0.681838429492453 0.6580009253128715 0.011056775632111923 0.011147333228069801
1 0.8953589149143386 0.6865728627080503 0.011540869007939878 0.012621340544327446
1 0.4234917008358499 0.2902225929757823 0.012022381243498428 0.011563155962073284
1 0.33619648380124045 0.258685537006544 0.01239175576230754 0.014334989630657692
1 0.6318331594052522 0.9060724507207456 0.00857568823772928 0.009359691454016644
1 0.5020690171614938 0.20086790167767066 0.011606382287066917 0.014608714891516644
1 0.5313082155974015 0.07543383214784705 0.011830537215523098 0.010756321575330652
1 0.8660874574080759 0.6847562582596487 0.010587775188943615 0.010729540949282438
1 0.6373844665029774 0.15751787372257398 0.011065711145815641 0.01120168229807978
1 0.7088086916052777 0.341578857406326 0.011463082355001698 0.0117948767931565
1 0.48005015435426124 0.31438302993774414 0.012181478997935419 0.011562803517217222
1 0.7339055849158247 0.19187585167262866 0.011292416116465693 0.013609015423318615
1 0.38104212284088135 0.30278075259664783 0.01129391919011655 0.011584447777789574
1 0.7019599831622578 0.3075364050657853 0.012054028718367867 0.012104179548180622
1 0.8405926953191342 0.6014345314191736 0.010016358417013416 0.01120963303939156
1 0.466077649075052 0.27816162938657013 0.011112689971923828 0.011813329613727074
1 0.511930631554645 0.45554018020629883 0.011990588644276495 0.012214702108631964
1 0.5215132443801217 0.4004075838171917 0.012365361918573793 0.012016959812330164
1 0.41543985968050756 0.3723092079162598 0.013192145720772121 0.01190322378407354
1 0.39124136385710345 0.024487265426179638 0.011155501655910328 0.011076008496077164
1 0.8013743524966034 0.856717234072478 0.009770103122877039 0.011568318242612093
1 0.4550654888153076 0.045719313880671617 0.011302719945492952 0.011412960031758184
1 0.8303589198900305 0.5797014236450195 0.010068312935207203 0.01105499267578125
1 0.6296719364497972 0.5810089318648629 0.011325732521388843 0.011027336120605469
1 0.683513703553573 0.13977142520572827 0.011661073435907778 0.011587816735972528
1 0.6719037346217944 0.6262944055640179 0.012020194012185802 0.011216992917268173
1 0.573147089585014 0.5497211062389872 0.010773244111434273 0.009992910468060038
1 0.611896794775258 0.164275164189546 0.012140294779901918 0.012415232865706734
1 0.8153021231941555 0.5749568939208984 0.011054536570673403 0.010091035262398098
1 0.6431867972664211 0.23083729329316516 0.011822202931279722 0.011899222498354704
1 0.6387634899305261 0.40712872277135437 0.012006386466648266 0.012154983437579613
1 0.36355268955230713 0.2877672236898671 0.012623776560244352 0.011926070503566578
1 0.6896484209143597 0.45999047030573303 0.012733376544454823 0.012380993884542713
1 0.33717178909674933 0.07737134850543477 0.011123644269031029 0.010611243869947351
1 0.482546329498291 0.26530454469763715 0.014657186425250511 0.022288405376931896
1 0.6835459833559784 0.1937950901363207 0.010643668796705164 0.011320010475490406
1 0.5709108788034191 0.2225133854409923 0.01125329473744268 0.011273052381432575
1 0.7159946483114491 0.48483778082806134 0.010814625283946161 0.011643699977708899
1 0.6381339404893958 0.12398687652919603 0.010934373606806215 0.0113402449566385
1 0.5492800629657247 0.510921747788139 0.011969234632409138 0.010880553204080334
1 0.529240950294163 0.12325723793195642 0.011217013649318531 0.011423473772795303
1 0.35756871752117 0.04469532811123392 0.010790405066116997 0.010263157927471657
1 0.4543020414269489 0.2643363164818805 0.012167308641516644 0.011781651040782099
1 0.40582153071527893 0.2656090674193009 0.011815154034158459 0.01196208207503609
1 0.7415061826291292 0.13233648175778595 0.010719506636909817 0.010749319325322691
1 0.5582503961480182 0.13017662193464197 0.011313044506570568 0.012306866438492485
1 0.6763375738392706 0.04879735863727072 0.011269279148267664 0.011132261027460512
1 0.657468153082806 0.9548552347266157 0.010824908380923063 0.010391691456670347
1 0.7447716256846553 0.29959017297495966 0.011868020762567934 0.012663592462954313
1 0.5193763504857603 0.556298712025518 0.01176695201707923 0.01288239852241848
1 0.45090443155039905 0.09259971587554267 0.012618686841881794 0.011778142141259235
1 0.6352769188258959 0.015317436793576117 0.011282215947690218 0.011595532945964649
1 0.5915662102077319 0.5311640967493472 0.01120546589726987 0.010997792948847231
1 0.5673845954563306 0.4696257425391156 0.011514331983483356 0.011718957320503567
1 0.7589916768281357 0.5743217882902726 0.0103918573130732 0.01271032250445822
1 0.5499155625053074 0.16163164118061896 0.011990008146866508 0.012940707414046577
1 0.5846968837406324 0.6714565442956012 0.010828743810239046 0.010515876438306726
1 0.7396419566610584 0.39945071676503063 0.011257461879564367 0.011416891346807066
1 0.6126415625862454 0.5838101843129033 0.010895065639329992 0.010693591573963995
1 0.3708681282789811 0.08905462855878085 0.011261452799258024 0.011045927586762802
1 0.4910048194553541 0.038962270902550736 0.012075175409731657 0.011206139688906462
1 0.6024828786435334 0.5660228521927543 0.010965264361837635 0.011018131090247112
1 0.6213159146516218 0.6229347768037216 0.011077300361965015 0.014682562454887058
1 0.6368330665256666 0.20790802914163342 0.01042614812436311 0.011428045189898949
1 0.7700894397238026 0.22588683211285132 0.010994123375934105 0.011421099953029468
1 0.7628496211508045 0.4264605770940366 0.011167899422023609 0.011659995369289234
1 0.6718580826469089 0.8169248415076216 0.010547389154848845 0.00997236500615659
1 0.6919291952381963 0.01266687914081242 0.010964932649031929 0.010224722001863562
1 0.5303458338198453 0.5461478336997654 0.010640600453252378 0.011012595632801886
1 0.7703631442526111 0.26479676495427673 0.01090215600055197 0.011467456817626953
1 0.49106000299039093 0.08621209859848022 0.010312629782635231 0.010158160458440367
1 0.5787092084470002 0.5631850698719854 0.010677379110585089 0.010770880657693615
1 0.6004297733306885 0.6363525390624999 0.011793820754341457 0.010705616163170856
1 0.8280447876971699 0.8845261283542798 0.009907307832137398 0.011072075885275135
1 0.4689167893451194 0.34812266995077545 0.012447481570036514 0.011534585900928662
1 0.59093889982804 0.613414598547894 0.010817071665888247 0.011022816533627718
1 0.403495658998904 0.07442470218824304 0.012383595756862476 0.011566079181173573
1 0.7409885240637738 0.2209316751231318 0.010766402534816578 0.010354000589121943
1 0.6601637446362041 0.01580754375976065 0.010857354039731234 0.011823051649591198
1 0.7649099930472996 0.5457767196323561 0.011400554491126019 0.011443303978961449
1 0.6646105724832287 0.2966970982758895 0.011442433232846468 0.011064861131751019
1 0.5702711291935133 0.4885839379352072 0.011776322903840439 0.011720906133237093
1 0.39014536919801124 0.05721227241599041 0.011411625406016474 0.011703071386917778
1 0.4611880468285602 0.07828087651211282 0.011518934498662535 0.011443765267081882
1 0.7084999499113662 0.024438508826753372 0.012011569479237432 0.012459494497465052
1 0.6030056787573773 0.29040696309960407 0.011875691621199898 0.019960341246231743
1 0.6675670457922895 0.6519454873126486 0.012097151383109715 0.013871068539826767
1 0.4636594212573508 0.5016327940899393 0.012014119521431301 0.012061782505201258
1 0.3943765085676442 0.3709004521369934 0.012554526329040527 0.015578513560087784
1 0.6684591873832368 0.40038859325906506 0.012208109316618546 0.011829873789911684
1 0.6866233452506688 0.21349875823311187 0.010319958562436312 0.010128643201745075
1 0.3425016921499502 0.28251133794369904 0.01086295169332753 0.01104810963506284
1 0.8063228648641835 0.6329883077870244 0.009473095769467562 0.010225793589716372
1 0.6161836437557056 0.2963001313416854 0.011622698410697605 0.012066820393437925
1 0.7236159573430601 0.1311517694722051 0.00957600966743801 0.009519079457158628
1 0.6512597747471021 0.6442890167236328 0.011160684668499489 0.010378049767535667
1 0.7933306694030762 0.6066347619761592 0.010398906210194464 0.010809442271356997
1 0.5761403000873068 0.5385358644568402 0.010166956030804176 0.010385513305664062
1 0.5783301954684049 0.24844039004781976 0.010781433271325153 0.011158487071161684
1 0.7520267859749172 0.5009109040965205 0.012635231018066406 0.012414144433063011
1 0.7969810859016749 0.5739581895911176 0.010706486909285835 0.010385098664656929
1 0.3872609060743581 0.3206539983334749 0.01247324632561725 0.01235335806141729
1 0.8016766257908035 0.9302279016245967 0.009612705396569294 0.009037847104279892
1 0.6844165221504543 0.4074256005494491 0.013208638066830843 0.01249638847682787
1 0.7994936652805495 0.9463460341743801 0.010031409885572351 0.009607895560886549
1 0.9130710311557937 0.7251093905905018 0.012607532998789911 0.011829707933508831
1 0.5934966647106669 0.657009684521219 0.011669511380402939 0.011727333068847656
1 0.5764017001442288 0.09807495967201563 0.0127381241839865 0.012618510619453762
1 0.6659861543904181 0.9658068573993185 0.010497279789136804 0.010720252990722656
1 0.404185282147449 0.030499383159305737 0.01143534805463708 0.01200798283452573
1 0.4291146319845449 0.47758962797081994 0.011319367781929348 0.015922007353409477
1 0.7790308827939241 0.46652087957962707 0.011234698088272758 0.010371021602464758
1 0.8374731022378673 0.6304996739263121 0.010168863379436989 0.009731624437415081
1 0.6711476989414382 0.12386230282161546 0.012466389199961786 0.011519463165946629
1 0.8144811340000317 0.5976186627927034 0.013277841650921364 0.012461579364279041
1 0.5644528865814209 0.5643461372541345 0.014884223108706266 0.013318828914476477
1 0.5935314427251401 0.11776365404543668 0.011865864629330843 0.011656450188678245
1 0.6428637504577637 0.1438995547916578 0.011287067247473675 0.010593269182288128
1 0.4900182433750318 0.30395676778710407 0.010969120523203974 0.011348786561385445
1 0.7469498592874279 0.5700279733409053 0.010320663452148438 0.01057508717412534
1 0.508189875146617 0.3133902031442393 0.012534203736678413 0.011631074159041695
1 0.6939247380132261 0.44794018372245453 0.012286144754161005 0.012167598890221638
1 0.662632361702297 0.13500989520031476 0.010653537252674932 0.01164717259614364
1 0.6533371261928393 0.060710660789323884 0.010942251785941746 0.011780008025791332
1 0.4616630492003068 0.5143611016480818 0.01090321333512016 0.011463849440864895
1 0.7008145373800526 0.5284723613573157 0.010119147922681726 0.011057231737219769
1 0.6890304192252782 0.18369800111521845 0.009501871855362602 0.009487006975256878
1 0.772066012672756 0.48281167901080585 0.011027916618015454 0.010919798975405485
1 0.39061732914136804 0.2713962637859842 0.01252423162045686 0.01117179704749066
1 0.6827688839124597 0.2292411120041557 0.010081374126931896 0.010158766870913298
1 0.43244806061620295 0.10839797102886697 0.011984773304151453 0.011880563653033714
1 0.8160987522291101 0.8983109101005222 0.011965046758237093 0.013790876969047215
1 0.7251559962397037 0.10782249595807947 0.009758078533670177 0.009609481562738833
1 0.41452715707861854 0.39878600058348285 0.011764795883842136 0.011368222858594812
1 0.6222346554631772 0.15338203181391177 0.011333424112071161 0.011465217756188435
1 0.6024587776349939 0.30054922725843347 0.012712084728738537 0.021114162776781166
1 0.5720785700756571 0.5110061686971913 0.010796733524488367 0.01090178282364555
1 0.8048011323680049 0.5637426376342773 0.011577647665272589 0.010683059692382812
1 0.47912984827290417 0.25987974457118823 0.01093305712160857 0.011439468549645466
1 0.704434353372325 0.2011563777923584 0.01069442085597826 0.010236885236657185
1 0.5849703291188115 0.5457369451937468 0.010979901189389437 0.010833429253619652
1 0.5027692006981891 0.16366843036983325 0.010211405546768852 0.01109308781831161
1 0.5239758698836617 0.372516816077025 0.01123486394467561 0.01147149438443391
1 0.6835332124129585 0.08455766802248749 0.012370399806810461 0.01157360491545304
1 0.3890051090199014 0.23699999892193335 0.012680359508680262 0.01204476149185844
1 0.480572451715884 0.3509786750959313 0.011961646701978601 0.011272534080173657
1 0.6741421326347019 0.20876029263372003 0.01072593357252038 0.011786398680313774
1 0.490736546723739 0.227125302605007 0.011189833931300953 0.01166279419608738
1 0.6628378577854324 0.18725931126138434 0.010919819707455843 0.011791540228802223
1 0.43407480613045074 0.48606043276579486 0.011902746946915337 0.011983373890752378
1 0.6407554771589197 0.10996810249660324 0.011205445165219515 0.010755290155825407
1 0.567585789639017 0.18542364369268005 0.01282519879548446 0.012702900430430536
1 0.3929960338965707 0.2863473373910655 0.011484420817831287 0.011359898940376614
1 0.7512340752974802 0.03076687325601992 0.010679120602815048 0.010706663131713867
1 0.8020569552545962 0.597753669904626 0.010294914245605469 0.009948440220045008
1 0.8496339010155719 0.6170345182004183 0.010159492492675781 0.009820316148840862
1 0.6780399032261062 0.7087754166644552 0.010515088620393173 0.009961211163064709
1 0.5493454518525497 0.5434183659760847 0.011473406916079313 0.01103836557139521
1 0.46385589889858075 0.42425275885540514 0.015599603238313095 0.013857219530188519
1 0.6774169673090396 0.9262055936067 0.009775078814962635 0.009519162385360054
1 0.6087907708209493 0.684127786885137 0.011596016261888586 0.010597519252611242
1 0.63305489913277 0.5661313222802203 0.011528927346934443 0.011105786199155062
1 0.6085073844246243 0.8977392860080884 0.009892712468686312 0.009861324144446331
1 0.7023259245831032 0.17518380413884704 0.010433487270189367 0.009997388590937075
1 0.768182837444803 0.058405661064645516 0.011454540750254755 0.011676824611166248
1 0.7884100209111753 0.48659880264945654 0.010930434517238453 0.011345407237177309
1 0.4775969515676084 0.33906698226928705 0.011698090511819591 0.011261525361434273
1 0.7560769786005435 0.3954979077629421 0.010904892631199047 0.011389701262764309
1 0.501214431679767 0.5092836048292078 0.010979797529137653 0.010778095411217731
1 0.6741277445917544 0.16375216712122376 0.010374649711277172 0.011804798375005308
1 0.4927270101464313 0.2444705755814262 0.011458313983419666 0.010913185451341711
1 0.738714715708857 0.5072449601214865 0.01169685695482337 0.01066377888555112
1 0.7371431433636211 0.4932584451592487 0.011944480564283289 0.01227637995844302
1 0.4792847788852194 0.5037141468213953 0.011246214742245882 0.01147137517514436
1 0.4600455864616063 0.107377000477003 0.011401591093643852 0.011387493299401325
1 0.41650070833123254 0.09264759913734767 0.011970115744549294 0.012186786402826723
1 0.6118926172671111 0.5576448025910751 0.009995170261548914 0.010887063067892323
1 0.37783468028773426 0.34779611877773114 0.011082882466523544 0.011760193368662958
1 0.43326573786528216 0.09370134187781294 0.01162651310796323 0.011124735293181046
1 0.44123326177182404 0.016459157933359562 0.01198378853175951 0.010411322116851807
1 0.7687080424764882 0.1579422380613244 0.010350310284158459 0.011061823886373768
1 0.7304400153782056 0.23522541833960492 0.011660783187202785 0.022134594295335853
1 0.8583978777346404 0.6309738470160443 0.010211322618567425 0.00993477779885997
1 0.7554016113281249 0.1475121663964313 0.011119013247282608 0.010570277338442595
1 0.8089712599049445 0.9584076300911282 0.009519203849460768 0.009177290874978771
1 0.6600910684336787 0.7989363877669626 0.009358613387398098 0.009316154148267664
1 0.7227322329645571 0.26187618919040845 0.01132902891739555 0.010583255601965862
1 0.5885576890862506 0.2866327451623004 0.013525112815525219 0.01213973501454229
1 0.7802302111750063 0.5908410238183063 0.010918534320333729 0.01070640398108441
1 0.7454085350036621 0.23761137672092605 0.010042563728664234 0.015495880790378735
1 0.632238429525624 0.5533151833907418 0.011529424916143003 0.011483938797660496
1 0.5407454034556514 0.5897346164869226 0.011420042618461277 0.01305389404296875
1 0.4911526389743971 0.19663815912993057 0.011330231376316235 0.011759820191756538
1 0.5657886629519255 0.2084248584249745 0.012172325797702954 0.012285605720851734
1 0.5643812884455142 0.08625225398851477 0.01172111345374066 0.012871659320333729
1 0.7445096140322478 0.3118639406950578 0.010223720384680706 0.01040284529976223
1 0.6416804272195569 0.8426571099654488 0.00963866192361583 0.010969120523203974
1 0.6430234494416609 0.1675943810006847 0.011387866476307745 0.010229297306226648
1 0.566117701323136 0.17208446108776587 0.011598587036132812 0.011394573294598122
1 0.7286344196485437 0.17206277536309283 0.009975101636803669 0.01060733587845512
1 0.5140444506769595 0.13051816173221753 0.0102202788643215 0.010398149490356445
1 0.6808732074239978 0.12427863867386528 0.00952123559039572 0.009748189345650051
1 0.7179572271264117 0.07719408170036647 0.009730007337487263 0.009632437125496243
1 0.4961366601612257 0.2586884913237199 0.012094839759494946 0.020809712617293648
1 0.6590357552403989 0.608414359714674 0.010617359824802563 0.011125730431598167
1 0.5630177000294561 0.5487817163052767 0.013183220573093579 0.010560139365818188
1 0.5882143145022185 0.6287309397821841 0.01141519131867782 0.011168023814325747
1 0.548144008802331 0.14678957151330035 0.013349781865658968 0.011636215707530146
1 0.3470190212778423 0.08198300133580746 0.010834731485532679 0.010783309521882431
1 0.6919955999954885 0.434316318968068 0.01171713290007218 0.012871234313301418
1 0.4733668047448863 0.23588166029556937 0.010918378829956055 0.010717433431874151
1 0.36385191005209216 0.024571691518244537 0.014865149622378141 0.011985642754513283
1 0.5899632184401803 0.09989257480787193 0.01083595856376316 0.011947859888491423
1 0.7067802263342817 0.08174327663753343 0.00978362041970958 0.009746053944463316
1 0.4947092014810313 0.2127013413802437 0.010221937428350035 0.010649059129797894
1 0.4970169015552686 0.4646156145178753 0.012067141740218452 0.011559196140455164
1 0.6651887893676758 0.03420140691425489 0.010266843049422554 0.010524837867073391
1 0.6353735923767089 0.1799619197845459 0.01160294076670771 0.011455390764319378
1 0.4236140665800675 0.017016689414563385 0.011743835780931555 0.011189022789830748
1 0.6902202315952468 0.026515829174414925 0.010474868442701258 0.011699395335238914
1 0.7038000770237136 0.3225438649887624 0.011862464573072351 0.013122673267903536
1 0.5530949364537778 0.5711891132852306 0.010560222294019617 0.011287067247473675
1 0.7173298130864683 0.8549986714902132 0.007820461107336956 0.008253926816193954
1 0.7390389649764352 0.16107959332673447 0.009827572366465693 0.00932206278261931
1 0.4643374111341393 0.23028594514598016 0.013629125512164574 0.020083033520242443
1 0.8821780163308849 0.6715720736462139 0.010888224062712296 0.011996621670930283
1 0.5140475915825885 0.22906937806502634 0.010336482006570568 0.01003816853398862
1 0.7417455134184465 0.1736351977223935 0.00949648152226987 0.008976594261501146
1 0.6592053330462911 0.6175684514253036 0.01056608946427055 0.010438960531483526
1 0.9263945455136507 0.7590039294698964 0.010971152264138927 0.010964352151621943
1 0.5015770663385806 0.10202367409415868 0.010873587235160496 0.010733583699101988
1 0.8070403803949772 0.5269980637923531 0.011058890301248302 0.011843474014945652
1 0.6766519546508789 0.9802843384120776 0.01089378025220788 0.011017799377441406
1 0.516896807629129 0.543475285820339 0.01166770769202191 0.011507842851721722
1 0.6679259797801143 0.06075144073237544 0.011539915333623472 0.011148478673852009
1 0.6380304046299148 0.6837694955908735 0.009339664293372112 0.008499601612920347
1 0.6359695351642111 0.6729585606118907 0.010525744894276495 0.010861728502356487
1 0.818532072979471 0.8634333195893662 0.009434160978897758 0.01089025580364725
1 0.4654527591622394 0.05180561542510986 0.010855830234030018 0.010850450266962465
1 0.6775550427644148 0.8901294003362241 0.009759820025900135 0.00819160627282184
1 0.8663449702055559 0.6400588491688604 0.010503064031186312 0.010781827180281929
1 0.6814466974009639 0.9528288219286047 0.008821984995966372 0.009286299995754076
1 0.43786301820174506 0.07923729005067245 0.01112390601116678 0.010801719582599144
1 0.6660762247831924 0.7859463484390921 0.009195700935695482 0.008857644122579823
1 0.6274430440819782 0.6071115369382113 0.011162011519722317 0.011708840079929516
1 0.35508664665014855 0.2119394696277121 0.011901002863179083 0.012200417725936226
1 0.441763416580532 0.052645867285521133 0.011452291322791058 0.011428610138271168
1 0.7354345736296282 0.11595465825951617 0.010687123174252718 0.010831397512684698
1 0.6339673166689666 0.6445996450341266 0.011118847390879755 0.010335217351498812
1 0.48543105954709254 0.05018847662469615 0.011119987653649372 0.010440334029819653
1 0.6496175475742507 0.6930249255636463 0.009417948515518852 0.008842053620711617
1 0.8370337900908098 0.5660101227138353 0.011386498160984204 0.010453472966733187
1 0.6972127168074899 0.3440411194511082 0.010610912157141644 0.011362656303074047
1 0.5855100569517716 0.2727878508360489 0.011532306671142578 0.011229826056438942
1 0.33643784212029504 0.1893844293511432 0.014006790907486626 0.013055283090342646
1 0.33846694360608637 0.09771113810331924 0.010389226934184198 0.010690585426662281
1 0.7502933585125467 0.16126410857490872 0.009614861529806385 0.009563072868015455
1 0.862633642943009 0.6732438750888989 0.009869326715884 0.009772051935610563
1 0.8293919355972952 0.5989823548690133 0.010364283686098845 0.012022433073624321
1 0.7116348017816958 0.23443488452745523 0.010412630827530571 0.010934518731158714
1 0.6557301956674327 0.3911267363506814 0.011939110963240913 0.012193306632663891
1 0.6917278041010317 0.3836174840512483 0.011855166891346807 0.011035919189453125
1 0.6215366487917692 0.5641856919164243 0.011036126509956692 0.011804601420526918
1 0.5022524958071501 0.0789914157079614 0.010550872139308765 0.010055536809174911
1 0.5069795276807703 0.5623477956523066 0.01060850723930027 0.011148805203645126
1 0.733034672944442 0.09513307654339334 0.009547440902046535 0.010165504787279211
1 0.5902082401773204 0.6851093043451724 0.011499529299528702 0.010921395343282948
1 0.7427909063256305 0.06228925611661828 0.010220527648925781 0.010250708331232485
1 0.5176544396773629 0.0744432366412619 0.010635002799656079 0.010728203732034435
1 0.6034034438755201 0.5427284966344419 0.010910821997601051 0.014083344003428583
1 0.7221584527388863 0.5108857569487198 0.011578228162682575 0.011936312136442764
1 0.7001369310461957 0.954774338266124 0.009619754293690557 0.009244794430940048
1 0.47146222902380897 0.5214411901391071 0.011198997497558594 0.012147281480872112
1 0.7529471646184508 0.1206409672032232 0.011073775913404383 0.010821456494538681
1 0.6223299917967423 0.5959388276805049 0.011369933252749235 0.011069380718728771
1 0.619608329690021 0.3181301510852316 0.011208430580470875 0.01108772858329441
1 0.6805619778840437 0.06438379961511363 0.010948098224142323 0.010611207588859226
1 0.48214748631352966 0.12016114462976873 0.012055148249087126 0.010660513587619946
1 0.41492099865623144 0.2774324106133502 0.011548881945402725 0.01161900810573412
1 0.6022637408712636 0.2524934436963952 0.011226736980935802 0.012873649597167969
1 0.3452856398147086 0.02271391127420508 0.01160446716391522 0.011535134004509968
1 0.36721853328787757 0.2398015416186789 0.013136371322300121 0.01848256069680919
1 0.6312331945999808 0.6982575706813645 0.010077393573263416 0.009547606758449389
1 0.5972894689311152 0.2730778300243875 0.012134489805802055 0.012951788694962212
1 0.7697474230890688 0.561620691548223 0.011359961136527683 0.01065689584483271
1 0.7268227286960767 0.3555332448171532 0.011240005493164062 0.010783024456190027
1 0.6424061111781909 0.6633294768955396 0.010617422020953636 0.011353658593219261
1 0.6178703722746476 0.5752314069996709 0.010793768841287365 0.010514010553774626
1 0.7721561556277068 0.5358956378439198 0.01055207459822945 0.010786388231360394
1 0.4795720214429109 0.24715362424435824 0.011618956275608227 0.010607864545739216
1 0.353610987248628 0.09167151606601216 0.0111031843268353 0.009858882945516834
1 0.8050994665726371 0.9695229944975481 0.00940841177235479 0.009561497232188349
1 0.7215022833450981 0.7111436595087466 0.011640258457349695 0.009232894234035326
1 0.3773244774859885 0.22712364404097848 0.01071470716725225 0.01139211654663086
1 0.7588668491529381 0.8355310688848081 0.008895044741423233 0.009295256241508152
1 0.6909270286560059 0.10372263970582382 0.010949383611264437 0.01038187483082647
1 0.742586550505265 0.8541423963463824 0.008516726286514946 0.0081329345703125
1 0.7032163454138715 0.4401775650356127 0.011813371077827785 0.013249977775242016
1 0.6272163183792777 0.6880042241967242 0.009283273116402004 0.009194457012674084
1 0.5886174077573031 0.2605457305908203 0.0222918468972911 0.011696732562521229
1 0.5522035723147186 0.5556586825329325 0.011239549388056215 0.011022961657980213
1 0.5966252865998641 0.8765517110409944 0.010177529376486073 0.009542465209960938
1 0.4858079578565515 0.07723113246586012 0.010602038839588995 0.010666671006575874
1 0.6991821993952212 0.048052891441013504 0.012145622916843579 0.011084224866784138
1 0.4802633990412173 0.5198796935703442 0.011200407276982847 0.010748531507409138
1 0.6154904676520306 0.3065715976383375 0.011693519094715948 0.01065019939256751
1 0.7253258331962253 0.25354576110839844 0.012147405873174253 0.013878324757451597
1 0.8296596900276516 0.9286490937937861 0.009270668029785156 0.009200510771378227
1 0.4241686644761459 0.07592441206393034 0.011133888493413511 0.011626710062441618
1 0.5889442277991254 0.1493136519971101 0.010570774907651155 0.010814490525618843
1 0.7036950277245563 0.5118621846903926 0.010481668555218239 0.011838145878003992
1 0.6295165393663489 0.6342078084531039 0.011247925136400305 0.010943122532056726
1 0.8143183459406312 0.8810868470565134 0.009756212649138077 0.009031378704568615
1 0.8105050377223801 0.9386045621789019 0.009096477342688519 0.009295505026112432
1 0.7367934351382048 0.4399650874345199 0.012306710948114809 0.012783973113350246
1 0.8332649935846743 0.9817911852961001 0.011845588684082031 0.011730898981509
1 0.8580992325492525 0.6498250753983206 0.010028009829313858 0.009754305300505264
1 0.7059815448263417 0.1578316429386968 0.012417171312415081 0.010767159254654594
1 0.6013263515804126 0.15385182525800623 0.011582644089408543 0.011212069055308466
1 0.7217285944067915 0.6969698823016622 0.009997616643491 0.0096581915150518
1 0.6393216174581776 0.8562174672665802 0.008603552113408628 0.011380485866380774
1 0.8492442421291186 0.6399725416432256 0.00982840164847996 0.010447667992633324
1 0.822947709456734 0.6335973117662512 0.010359639706818954 0.009947859722635021
1 0.6695729338604471 0.6710546120353368 0.011445045471191406 0.01139993252961532
1 0.7223219456879988 0.09118765074273816 0.010159824205481487 0.009889773700548254
1 0.846866690594217 0.66568196338156 0.009876665861710258 0.009960340416949728
1 0.8604957746422808 0.6175074162690536 0.013767740000849184 0.012286849643873133
1 0.6417228864586871 0.8686254750127378 0.008609937584918478 0.008205496746560802
1 0.7491125231203826 0.18583181630010193 0.0100866815318232 0.011168396991232166
1 0.6507541304049285 0.8615617337434189 0.00831046311751656 0.008303600808848505
1 0.5336284844771676 0.5317985493203868 0.01218625773554263 0.011533032292905062
1 0.7165049262668775 0.5223295377648395 0.02408633024796196 0.011962558912194294
1 0.5331514399984608 0.5169020113737687 0.011394376340119736 0.01018034893533458
1 0.48885132955468213 0.09884469923765762 0.010336938111678413 0.011452913284301758
1 0.6347867820573889 0.2228011462999427 0.010828909666641899 0.011834393376889437
1 0.6643464461616848 0.7004018037215525 0.010551535564920177 0.009274358334748642
1 0.5025651247605033 0.1353370832360309 0.010571873706320057 0.01146208721658458
1 0.7646701024926227 0.08595057674076247 0.011707181515900986 0.010575968286265497
1 0.6186222719109576 0.3282308060189952 0.011236460312553074 0.011110907015593155
1 0.7466859610184379 0.8258582820063052 0.009276804716690727 0.010013331537661345
1 0.8236089374708093 0.6201767403146495 0.009710892387058424 0.010497321253237516
1 0.6004875017249066 0.11085608212844184 0.013897688492484715 0.015311707621035368
1 0.4665402744127357 0.2553454067396081 0.011149240576702614 0.011453545611837635
1 0.7661887666453486 0.8543724599091902 0.008111912271250849 0.008842675582222317
1 0.647802850474482 0.01907489545967268 0.01077195872431216 0.010636984006218288
1 0.7531523497208304 0.9876379966735839 0.009929656982421875 0.00939953845480214
1 0.747238822605299 0.9017876334812329 0.009763137153957201 0.009248484735903532
1 0.749513584634532 0.10315633856731911 0.01152776635211447 0.010398263516633408
1 0.7566480843917184 0.22449846889661706 0.011450518732485563 0.011962911357050356
1 0.6000564616659413 0.893775691156802 0.00909635295038638 0.009405219036599865
1 0.4034197019494098 0.061000678850256874 0.01232122338336447 0.011974282886670984
1 0.6581676317297895 0.4284302877343219 0.011717589005180027 0.013261338938837465
1 0.7568296349566914 0.8957526372826617 0.008540858393130095 0.00808952165686566
1 0.6187319133592688 0.6698643020961594 0.011301455290421196 0.012194218842879585
1 0.44603415157483967 0.11584605859673541 0.011203828065291695 0.012021469033282738
1 0.7143164302991784 0.12378928454025932 0.009207642596700916 0.009669521580571714
1 0.6691041407377825 0.9422182829483695 0.01078933218251104 0.009888027025305706
1 0.7379895293194315 0.03443842348845109 0.00978540337604025 0.01349241837211277
1 0.7009967513706372 0.07087123653163081 0.009896775950556215 0.0095296165217524
1 0.5454325261323347 0.5278067588806151 0.010632183240807575 0.011440899061120075
1 0.38210477258848113 0.11586138476496158 0.010991547418677288 0.010938146839971128
1 0.6661659323650858 0.8631692554639733 0.00960366622261379 0.010089459626570992
1 0.347034480260766 0.25527077135832416 0.01178108090939729 0.011357017185377039
1 0.3405715764864632 0.22011290425839633 0.011825930813084478 0.011921426524286684
1 0.6978843937749448 0.18895455028699792 0.009891758794369905 0.00968827372011931
1 0.7120057603587275 0.9450643373572308 0.010161565697711449 0.010492490685504417
1 0.42354536056518555 0.2652341697527015 0.011442308840544327 0.010587091031281845
1 0.4790599760801895 0.16381005618883215 0.013519432233727497 0.013888400533924932
1 0.7126620956089187 0.05673082237658293 0.010196478470512058 0.009703537692194399
1 0.7366771697998048 0.9773624876271124 0.010304326596467392 0.009198271709939709
1 0.33076598009337554 0.24522033981654956 0.011221775542134825 0.010956204455831776
1 0.7069871321968411 0.6905738374461299 0.010562399159307066 0.023174244424571163
1 0.5458161934562351 0.1188178425249846 0.01148999255636464 0.01047620565994926
1 0.7855963706970215 0.8526847673499066 0.008393619371497112 0.009304544200067934
1 0.7817577486452849 0.5462973636129628 0.012086660965629246 0.011358509893002718
1 0.8153829989225969 0.642832673114279 0.010452851005222485 0.01072493843410326
1 0.6874129668526028 0.17040067651997443 0.010292965432871943 0.009807597035947054
1 0.6966654736062755 0.9385874582373578 0.010064581166143003 0.011140864828358526
1 0.8376572235770847 0.6408609929292097 0.010244120722231657 0.011593155238939367
1 0.6859979422196099 0.6756643834321396 0.010772414829420008 0.012750501218049423
1 0.7150585133096448 0.819755865179974 0.008504494376804518 0.008088028949239979
1 0.47446364941804303 0.10267624129419742 0.01243354963219684 0.01126663581184719
1 0.7460720435432766 0.3230072648628898 0.011326872784158459 0.012237450350885805
1 0.6818734459255054 0.7791051035342008 0.012138532555621605 0.009560709414274796
1 0.33305008515067736 0.10955880517544953 0.010212276292883831 0.01117960266444994
1 0.6780117905658223 0.01802352265171383 0.012284195941427479 0.010049124126848967
1 0.8801745331805685 0.6830086708068848 0.010618831800377888 0.011228188224460766
1 0.6009889581929082 0.5249792907548987 0.01210243805595066 0.01192331314086914
1 0.726755432460619 0.918760175290315 0.010342556497325068 0.010383025459621265
1 0.8494185986726182 0.9804553985595703 0.010467612225076427 0.012532275655995245
1 0.36100490326466766 0.11221817265386164 0.009975783202959143 0.010747329048488453
1 0.7294184643289318 0.07120175206142923 0.011372939400050953 0.012091911357382069
1 0.7642944170081098 0.5280542788298233 0.012922867484714672 0.011806073396102242
1 0.7410372029180112 0.9671098460321842 0.008992734162703804 0.009091252865998642
1 0.5852533008741296 0.8648964218471362 0.009868207185164742 0.009955572045367697
1 0.8043205012445864 0.986019113789434 0.01039098656695822 0.009234262549358866
1 0.788911073104195 0.8407184974006984 0.009663457455842392 0.008991365847380264
1 0.7797565874846084 0.9107179434403129 0.008657787157141644 0.007912884587826937
1 0.7889724192412004 0.9665348426155422 0.009509335393491 0.008780894072159477
1 0.7834590414296027 0.4797442736832992 0.010938727337381115 0.011707254078077234
1 0.6887803285018258 0.9837485810984736 0.009367320848547894 0.008915984112283459
1 0.6890832859536877 0.20217280802519422 0.00992372761601987 0.009472826252812925
1 0.36061239242553716 0.22212578939354938 0.01302275450333305 0.01191253247468368
1 0.690063704615054 0.9187345504760742 0.010115623474121094 0.010739285012950068
1 0.842063281847083 0.5783661344776982 0.010271404100501019 0.010415243065875511
1 0.7526188518690027 0.8836266061534053 0.008754274119501528 0.008327815843665081
1 0.7004671718763268 0.8302291372547979 0.008846573207689367 0.0076050965682319975
1 0.40534375024878455 0.36592376750448474 0.0122137277022652 0.011394936105479364
1 0.33198183515797486 0.0459388274213542 0.012650510539179262 0.01667230284732321
1 0.8103692427925442 0.6116679233053456 0.010078098462975544 0.010060103043265965
1 0.3424231176790984 0.11223033718440843 0.010596918023150902 0.019276401270990787
1 0.6702676130377728 0.44232810061910877 0.011230613874352497 0.011315511620563011
1 0.7941172433936079 0.8760895729064941 0.008979507114576258 0.009075703828231148
1 0.3868423285691634 0.03571361821630726 0.010532762693322224 0.011620734048926312
1 0.577973811522774 0.5784015033556067 0.010756803595501442 0.010584831237792969
1 0.7472545167674189 0.04604622592096743 0.01033845155135445 0.010284102481344471
1 0.6283496359120244 0.8486657557280168 0.009532762610394022 0.010327587956967562
1 0.6606450599172841 0.36509939509889355 0.011939484140147333 0.011684529159380041
1 0.7384110740993333 0.328413196232008 0.01456011896548064 0.014611575914465862
1 0.7265662110370138 0.15230727714041006 0.009455846703570822 0.009949445724487305
1 0.7337431493012803 0.18166589736938477 0.009841379912003227 0.009311385776685633
1 0.7015659083490786 0.79660936023878 0.007694244384765625 0.008183479309082031
1 0.6566462413124416 0.8963367420694103 0.009043963059135105 0.008968892304793648
1 0.6164516988007919 0.612111806869507 0.011578394019085426 0.011066540427829907
1 0.7510508869005286 0.8435509308524753 0.008121531942616339 0.008792628412661345
1 0.7069532974906589 0.8449090460072393 0.01024229630180027 0.009955779365871264
1 0.570118696793266 0.5700761753579845 0.010147675223972485 0.010704330776048742
1 0.6602448173191235 0.8307123184204102 0.009152785591457201 0.009979165118673573
1 0.5861010136811629 0.523224001345427 0.0106207391490107 0.010867657868758492
1 0.6274237010789954 0.8834295065506643 0.008733500605044157 0.008551348810610563
1 0.34039218011109723 0.2414799876835035 0.011291306951771612 0.012854928555695908
1 0.6512707834658416 0.33839659068895417 0.013257482777471128 0.014260914014733356
1 0.7612323553665824 0.8692763784657355 0.008815392203952955 0.009117706962253736
1 0.7703036640001379 0.8950975874195928 0.00871314173159392 0.008357213891070822
1 0.6883052121038022 0.69989013671875 0.012437115544858187 0.009447844132133152
1 0.6350924450418224 0.09482674495033594 0.010912107384723167 0.011615265970644743
1 0.6726748217707095 0.8049268307893171 0.008922950081203295 0.010753382807192595
1 0.8723957849585493 0.6644337488257367 0.010379501011060633 0.010670578998068104
1 0.7091779294221299 0.7028010824452277 0.008224155591881794 0.00865447002908458
1 0.6918412913446841 0.8224376388218093 0.008595839790675951 0.00881356778352157
1 0.691890177519425 0.8979367795197859 0.009715453438136889 0.009857177734375
1 0.6993734110956606 0.13289393031078836 0.010741689930791441 0.010776778926020083
1 0.6976897820182468 0.7074584546296492 0.010670081428859546 0.009485410607379416
1 0.7105848478234331 0.926255640776261 0.00908586253290591 0.00936790134595788
1 0.6857598968174148 0.8375149602475374 0.010709389396335766 0.009658481763756794
1 0.7860207143037217 0.5788174090178116 0.01030105093251104 0.009980160257090693
1 0.6954934700675633 0.7839592643406081 0.009879361028256624 0.009089926014775816
1 0.5404390563135562 0.5517680334008258 0.010758296303127125 0.011562803517217222
1 0.678435532943062 0.9674013179281483 0.012103951495626698 0.01107775646707286
1 0.756080959154212 0.064259295878203 0.010584126348080843 0.011454281599625298
1 0.6754018534784731 0.6888013300688371 0.009180234826129416 0.008617110874341883
1 0.7036760993625806 0.9106879856275476 0.010744426561438519 0.009910251783288044
1 0.42370813307554833 0.05982070642968883 0.011321430620939835 0.011782910512841267
1 0.47721465255903167 0.2983260880345884 0.015618894411169964 0.014344733694325323
1 0.7343201015306556 0.8381093481312627 0.009195908256199049 0.009641481482464334
1 0.7752897428429645 0.8431409960207731 0.008155491041100544 0.009062684100607166
1 0.8033531437749447 0.8888383740964144 0.009011558864427649 0.008299910503885021
1 0.8188463915949282 0.9208651210950769 0.008504494376804518 0.010075900865637737
1 0.8062883252682894 0.8696178146030591 0.009092040683912195 0.00925308725108271
1 0.7260647856670879 0.937309451725172 0.010511273923127548 0.009726026783818785
1 0.7539410798445992 0.19659379254216736 0.010308721791143003 0.009730401246444038
1 0.7813076972961426 0.8684381194736648 0.008263339167055876 0.00820885533871858
1 0.7273484312969707 0.8517403602600098 0.007819424504819124 0.008420322252356487
1 0.6558463469795559 0.8462482120679773 0.010677835215692934 0.009056257164996603
1 0.7094373288361921 0.8917692847873853 0.009880231774371603 0.010775109995966372
1 0.7094621243684189 0.9665043043053668 0.009902456532353941 0.009284641431725544
1 0.3643983291543048 0.24374812582264777 0.010849486226620882 0.010724109152088995
1 0.7144986650218135 0.03529503423234691 0.010782034500785496 0.010439279286757759
1 0.40453357022741565 0.11448483881743057 0.013210737186929455 0.01248875908229662
1 0.6416378435881243 0.8981448463771655 0.008770071941873302 0.009078813635784647
1 0.811437461687171 0.5449312873508618 0.009639449741529383 0.009736600129500679
1 0.7333245277404785 0.04365489145983821 0.00943204630976138 0.010460275670756464
1 0.7707899135092029 0.988154825956925 0.010201371234396229 0.008715007616126019
1 0.7786543887594471 0.9614946945853855 0.008905991264011549 0.00955100681470788
1 0.4227991881577865 0.3296445245328157 0.012377106625100841 0.012497342151144276
1 0.8237412494161854 0.9444712763247283 0.009882470835810122 0.009667769722316576
1 0.6896557600601859 0.808250613834547 0.008298376332158628 0.007862630097762398
1 0.82303407917852 0.968068039935568 0.009197981461234715 0.008988504824431046
1 0.8486350308293882 0.6740534616553266 0.009550136068592901 0.011080824810525646
1 0.722477145816969 0.9030277210733166 0.009906395621921705 0.010360344596531079
1 0.6915744076604429 0.9730302561884341 0.011193524236264437 0.009971950365149456
1 0.8039929141169009 0.9054716980975607 0.008608237556789232 0.008112741553265116
1 0.38613456228505016 0.34637363060660986 0.01622423918350883 0.011204434477764626
1 0.6570499772610872 0.9375631705574368 0.010046896727188774 0.009220579396123472
1 0.6955871789351754 0.12403082329293955 0.011237724967624829 0.010150671005249023
1 0.38982050574344135 0.2952854529671047 0.013553106266519298 0.01131464087444803
1 0.8908110286878503 0.7058670209801714 0.010514508122983187 0.01155952785326087
1 0.6815271170242972 0.1546770126923271 0.010148545970087465 0.00977467453998068
1 0.6732463629349418 0.7751250474349312 0.00842247838559358 0.00866425555685292
1 0.7705030233963674 0.5756487224413 0.010372700898543648 0.010685879251231318
1 0.6532349586486816 0.9313960904660432 0.009594834369161854 0.012826297594153362
1 0.661280756411345 0.9091100070787513 0.009019188258958899 0.008403404899265455
1 0.7177381100861921 0.979282005973484 0.008850429369055706 0.010171226833177649
1 0.6908676727958348 0.8536632371985394 0.009985218877377718 0.010373654572860054
1 0.5492733665134595 0.5877481025198231 0.010526242463485054 0.01179373782614003
1 0.7733302323714548 0.8619910323101542 0.007930838543435802 0.007980802784795347
1 0.4992262643316518 0.06879778271136076 0.010526107705157738 0.010026242422020954
1 0.8055884734443997 0.9175317805746327 0.009241352910580843 0.009129358374554178
1 0.7657382384590481 0.9521010440328846 0.009537240733271059 0.00928770977517833
1 0.7896512073019275 0.9341433359229047 0.008769325588060461 0.00900106844694718
1 0.3310478491627652 0.05051353185073189 0.00984420076660488 0.010658367820408032
1 0.7461845771126124 0.3895683081253716 0.011090195697286854 0.010740653328273609
1 0.7382416517838186 0.017912122218505196 0.010896019313646399 0.011554492556530495
1 0.6939393333766772 0.06098227915556535 0.009394272514011549 0.009814148363859757
1 0.47502450839332916 0.07782689384792162 0.015128788740738579 0.011074739953745966
1 0.8321434518565303 0.9590589896492336 0.008965699569038723 0.009567468062691067
1 0.7756088505620542 0.9327911086704421 0.008960806805154552 0.009709606999936312
1 0.7667671908502992 0.9082552246425464 0.008222704348356827 0.008469830388608187
1 0.7887951809427014 0.983405175416366 0.01107298809549083 0.014213022978409477
1 0.7150234761445418 0.8295852619668712 0.00857556384542714 0.007843473683232847
1 0.749411106109619 0.9319335066753885 0.00902395663054093 0.008955955505371094
1 0.5839504780976669 0.742985310761825 0.010071754455566406 0.010832164598547894
1 0.6480883308078931 0.2069184469140094 0.010490583336871605 0.010626253874405571
1 0.7123121178668477 0.8048095703125 0.008767667024031929 0.010153397269870922
1 0.7256261576776919 0.9766078824582307 0.009195742399796196 0.008938623511272928
1 0.34931596465732745 0.12759616063988727 0.011300978453262993 0.009646415710449219
1 0.6792339449343473 0.9088981669882068 0.010725145754606827 0.010763375655464504
1 0.5726180905881135 0.7417967837789783 0.010687247566554859 0.011315636012865149
1 0.804049305293871 0.5523838996887207 0.010057242020316746 0.009746551513671875
1 0.5082562591718591 0.14560465709022855 0.010929833287778109 0.010523329610409944
1 0.8354304769764775 0.9684032357257345 0.010114835656207542 0.010649722555409307
1 0.822727638742198 0.955299875010615 0.008950150531271229 0.008953509123429008
1 0.6824918415235437 0.8741409882255223 0.00958077803902004 0.010136065275772758
1 0.7799628713856572 0.9479070331739343 0.009400575057319973 0.008704641590947691
1 0.671613071275794 0.8338523533033287 0.011087417602539062 0.012357297150985054
1 0.7424897732942 0.9240554104680601 0.01018623683763587 0.009901005288828974
1 0.45810854953268304 0.12211023724597433 0.009784159453018852 0.009948263997616976
1 0.6970348358154297 0.16167471201523487 0.010106708692467731 0.010359318360038425
1 0.34313765556915954 0.11736181507939877 0.011407111002051312 0.010892930238143257
1 0.3963618278503418 0.20956073636594025 0.009449461232060972 0.008449077606201172
1 0.33264978035636567 0.1259205600489741 0.01576164494390073 0.011334823525470238
1 0.4807238837947016 0.01727615555991297 0.010356789049894913 0.010290237872496895
1 0.5809344934380573 0.7024324251257856 0.009228768556014351 0.009046969206436821
1 0.6651896601137908 0.8796734602554984 0.010440080062202785 0.00981828440790591
1 0.7387585225312605 0.8898885146431301 0.009249853051227072 0.009504898734714674
1 0.7717359998951787 0.8811467834140945 0.00924545785655146 0.008218060369076937
1 0.36395747246949567 0.09934376633685568 0.01095669165901516 0.011989634969960089
1 0.7014815703682278 0.2614695403886878 0.01058860447095788 0.010794411534848421
1 0.7607356569041377 0.9762159430462383 0.0097204705943232 0.008907401043435802
1 0.4614774766175644 0.01974659704643747 0.011499259782874065 0.015591490527857904
1 0.6773110472637675 0.1114683306735495 0.011740352796471638 0.010755570038505222
1 0.6086093653803286 0.8819048715674359 0.008685816889223845 0.008865563765816067
1 0.6727846809055495 0.9141520002613898 0.007788450821586277 0.008494957633640455
1 0.36527899296387384 0.0126454577497814 0.010219910870427671 0.008530343356339828
1 0.6628165970677915 0.7731364291647205 0.008019219274106234 0.007840861444887907
1 0.6177661315254543 0.7496605748715608 0.01018084650454314 0.009747712508491848
1 0.7045508467632792 0.8687092739602794 0.009754305300505264 0.009829728499702785
1 0.6124446288399075 0.8683578657067339 0.00896254829738451 0.008209726084833559
1 0.8127727508544921 0.6237200446750808 0.009841255519701086 0.009716448576554008
1 0.7193037530650266 0.9597003356270168 0.009257026340650476 0.009562119193699049
1 0.430984870247219 0.053692187951958695 0.009904280952785326 0.01001199950342593
1 0.7556089940278425 0.9642851456351902 0.009802071944527004 0.00888136158818784
1 0.7379647545192554 0.8730400956195333 0.008442173833432405 0.008308369180430536
1 0.6443236910778544 0.3445408862570058 0.013248298479163128 0.013178783914317255
1 0.7579908785612686 0.9424938948258109 0.009830972422724184 0.009319554204526155
1 0.6878751671832539 0.23821258544921875 0.011167111604110054 0.010147675223972485
1 0.7946033477783203 0.9185096284617549 0.008261473282523777 0.00797060261601987
1 0.7988351324330205 0.5859575893567956 0.01087188720703125 0.010723404262376867
1 0.32796251255532965 0.12475340262703272 0.01088082272073497 0.011074750319771145
1 0.7488100217736285 0.8713356100994608 0.008480320806088655 0.008302688598632812
1 0.6894072242405103 0.04452324043149534 0.008689051089079483 0.010601341724395752
1 0.6356491835221 0.891018411387568 0.007925862851350204 0.00851241402004076
1 0.6642512031223462 0.6821230183476986 0.008404109788977581 0.00866674340289572
1 0.7320290648418925 0.8624030610789424 0.008747308150581692 0.009305995443592901
1 0.7102577789970066 0.7101372013921323 0.009397838426672894 0.010902487713357677
1 0.722417002138884 0.04536666559136432 0.00966445259425951 0.010437322699505348
1 0.7094866711160412 0.5199755482051684 0.011373768682065218 0.01200773404992145
1 0.6811038722162662 0.035054796415826546 0.009418736333432405 0.009030230667280115
1 0.7780725644982379 0.9236061469368313 0.008426832116168478 0.008244846178137737
1 0.3959631194239077 0.3589015628980553 0.01077127456665039 0.011607709138289742
1 0.8152095338572627 0.9794138410817022 0.009162446726923403 0.009491008260975714
1 0.7251654500546663 0.8756287616232167 0.009620086006496264 0.009830640709918478
1 0.6530832622362219 0.682511039402174 0.008715919826341711 0.008590283601180367
1 0.7461422629978345 0.0765724337619284 0.01034181014351223 0.010100686031839123
1 0.6782080816185992 0.7935731929281483 0.010332066079844599 0.008606910705566406
1 0.4308112600575323 0.2527994176615839 0.011322933694590693 0.011644052422564964
1 0.7331371722014055 0.9529353432033374 0.008688553519870924 0.01095780082370924
1 0.5202350616455078 0.05537952547488005 0.011625331381092901 0.017864227294921875
1 0.6948759866797406 0.8776836395263672 0.009880853735882303 0.009843411652938179
1 0.628632058268008 0.867152981136156 0.008582301761793054 0.008442464082137398
1 0.6527776407158893 0.7721256173175313 0.008845267088516899 0.008446983669115149
1 0.8182291155276091 0.9870505540267281 0.009718894958496094 0.008782013602878736
1 0.4979181030522223 0.25340292764746625 0.010457090709520422 0.010116473488185718
1 0.7713906868644382 0.9718640783558721 0.009781588678774626 0.00975973709769871
1 0.6041293766187585 0.7519239342730978 0.01092089777407439 0.010480134383491848
1 0.6191836440044901 0.863339154616646 0.011420249938964844 0.010331651438837465
1 0.6879798018414042 0.7945992635644 0.00869050233260445 0.008880573770274286
1 0.33547593199688464 0.15962483571923297 0.012534079344376274 0.012677254884139351
1 0.7205295770064645 0.8396850668865702 0.007919518843941067 0.008215448130731997
1 0.6437183670375659 0.8825733350670856 0.00815569836160411 0.008361899334451427
1 0.855953714121943 0.661591913389123 0.011812210083007812 0.009961688000222912
1 0.7911915157152258 0.8626536493716033 0.00847426704738451 0.007848822552224865
1 0.6467800969662874 0.9087823577549148 0.008465144945227581 0.008253056070078974
1 0.6617009743400243 0.44208926739900006 0.01180254894754161 0.011927438818890114
1 0.6150448736937151 0.8794538456460705 0.011250682499097742 0.010312329167905062
1 0.7899141311645508 0.889204564301864 0.009094569994055706 0.008534224137015965
1 0.3694174004637677 0.12055348831674328 0.010319165561510168 0.009425505347873854
1 0.5989248752593995 0.25958617873813794 0.011573024418043054 0.012636744457742443
1 0.6196693959443466 0.7662863524063773 0.008795821148416271 0.008397309676460598
1 0.6732238893923552 0.02866276450779127 0.009638786315917969 0.011175886444423511
1 0.7524454489998196 0.8547987730606741 0.008323213328485903 0.008060372394064198
1 0.6508924857429836 0.8775884586831798 0.00785753001337466 0.008224528768788214
1 0.6317168111386507 0.7592224452806555 0.010395464689835258 0.008988753609035326
1 0.7880644798278809 0.9874379945837933 0.00863610143246858 0.00849640887716542
1 0.781853095344875 0.8997716696366019 0.008912376735521399 0.00914826600447945
1 0.6037676438041355 0.29507872332697327 0.010757114576256794 0.01093588704648225
1 0.7032242235930071 0.8166619798411493 0.011022650677224865 0.008215323738429857
1 0.8498614560002866 0.9884250889653745 0.00871977598770805 0.0066766324250594426
1 0.6032157669896665 0.54939661855283 0.011620044708251953 0.013361516206160835
1 0.6004217603932256 0.8635178441586702 0.008963253187096638 0.009515015975288723
1 0.7285089078156843 0.9882710498312244 0.009514186693274456 0.007983332094938858
1 0.7785989927208942 0.07862378980802454 0.009641481482464334 0.010445092035376507
1 0.3997798173323921 0.34224406111499533 0.016265537427819294 0.021571043392886288
1 0.9331528829491657 0.7880093325739321 0.007373104924740998 0.011891696764075237
1 0.6460316699484119 0.7639353378959325 0.007838788239852242 0.007654604704483696
1 0.7333150324614153 0.01354237516289172 0.008445200712784477 0.009251415081646132
1 0.44996401019718335 0.013774814489095108 0.009008563083151112 0.009084940604541613
