1 0.6349170880014835 0.013650253004264907 0.01494599999999997 0.00610833000556295
1 0.6399459999999999 0.026495 0.019022 0.014946
1 0.6562499999999999 0.033967 0.019022 0.016304
1 0.6603259999999999 0.019701 0.019022 0.014946
1 0.672554 0.033288 0.019022 0.014946
1 0.6793479999999998 0.019701 0.019022 0.014946
1 0.6874999999999999 0.031929 0.019022 0.014946
1 0.6997279999999999 0.049592 0.019022 0.014946
1 0.703804 0.029212 0.019022 0.014946
1 0.7201089999999999 0.056386000000000006 0.019022 0.014946
1 0.7228259999999999 0.044158 0.019022 0.014946
1 0.735054 0.067255 0.019022 0.014946
1 0.737772 0.026495 0.019022 0.014946
1 0.7418479999999998 0.048234000000000006 0.019022 0.014946
1 0.7540759999999999 0.045515999999999994 0.019022 0.014946
1 0.755435 0.029212 0.019022 0.014946
1 0.783288 0.047554 0.025815 0.016304
1 0.7853259999999999 0.063179 0.024457 0.017663
1 0.789402 0.099185 0.021739 0.013587
1 0.79212 0.079484 0.016304 0.014946
1 0.80231 0.091712 0.02038 0.014946
1 0.808424 0.110734 0.019022 0.014946
1 0.814538 0.093071 0.02038 0.014946
1 0.8430709999999999 0.09035299999999999 0.023098 0.017663
1 0.8425260660011115 0.12533716500278055 0.019561264004451902 0.018879374006302987
1 0.875679 0.15692900000000004 0.023098 0.017663
1 0.8865490000000001 0.138587 0.02038 0.01087
1 0.893342 0.126359 0.017663 0.016304
1 0.89538 0.158967 0.016304 0.019022
1 0.898098 0.173913 0.016304 0.016304
1 0.902853 0.139946 0.017663 0.01087
1 0.914402 0.15081500000000003 0.016304 0.016304
1 0.914402 0.223505 0.016304 0.02038
1 0.9286680000000002 0.202446 0.012228 0.021739
1 0.8492521291370332 0.11994553189096643 0.012647317988503205 0.014687207986648935
