1 0.1349344104490117 0.12164014998056175 0.008152173913043478 0.008152173913043478
1 0.07250234523162041 0.15499612824143136 0.009375 0.009103260869565217
1 0.14538850691354496 0.1573564854286876 0.00867993205950159 0.010019627417990807
1 0.191999627840316 0.08767275867621396 0.00842391304347826 0.007880434782608695
1 0.12989151642155666 0.10420185808839534 0.012196820640742477 0.011047329259145193
1 0.0821421361678284 0.060496044445443625 0.01074759204062759 0.011135701973241832
1 0.15699777525565078 0.12460476802961354 0.009344120917625421 0.010005323054624822
1 0.14858930175335958 0.13273523074421806 0.008016304347826131 0.008874944136008147
1 0.12588441639723483 0.0716917431726832 0.010491292451380013 0.00988579507989489
1 0.10191810610118582 0.03884119038375704 0.008423913043478273 0.009945559067259928
1 0.07997517131857693 0.2195341717196921 0.008559782608695651 0.008559782608695651
1 0.17888821479683778 0.12133852885644467 0.008559782608695653 0.01008142863247722
1 0.20358636816039558 0.036055864296800494 0.008619997620711155 0.009537950371607776
1 0.18140180175335938 0.05934395432838788 0.00842391304347826 0.007744565217391306
1 0.11557299740553345 0.14412656302404006 0.008016304347826088 0.007744565217391306
1 0.15559444441926087 0.1442450723852093 0.009495149450805882 0.010427236113642985
1 0.19279168591983975 0.06719987672526567 0.009464550941655558 0.009054236098103215
1 0.08081354802166212 0.09084935186833544 0.00987215963730816 0.00907057768859044
1 0.0832360408837943 0.1848874325892574 0.008831521739130434 0.008559782608695651
1 0.11456113429054794 0.2530945119254898 0.008981708552637897 0.011031084249300955
1 0.18021680294300413 0.046487938824857106 0.008076519359841355 0.008934708123373158
1 0.18411919305770727 0.1056754760675183 0.010054347826086957 0.010190217391304348
1 0.10477922702795653 0.12568406306288923 0.010038627711675505 0.010261739208133263
1 0.1606816930577073 0.11151786737186614 0.009375 0.008831521739130434
1 0.11258386697075076 0.229180910850127 0.009918478260869565 0.008831521739130434
1 0.17063027882458448 0.11363201642797945 0.008891736751145473 0.009494527974730143
1 0.10137462784031603 0.21865101954577912 0.009782608695652175 0.008967391304347826
1 0.13266322669328406 0.05941188911099664 0.011335845772325121 0.00815217391304348
1 0.11543712784031626 0.03862921524068728 0.007744565217391323 0.010336826172424797
1 0.11808658436205535 0.05656399784938295 0.008967391304347839 0.010608565302859595
1 0.12827680175335948 0.08767275867621395 0.009510869565217392 0.009510869565217392
1 0.15008386697075082 0.08210210650230092 0.009103260869565217 0.008695652173913044
1 0.07012462784031612 0.03333310338450115 0.00788043478260871 0.010396590159789935
1 0.11563442434801029 0.20228654329651166 0.010067363506350603 0.010477569240595359
1 0.16000234523162032 0.07109667171969221 0.008016304347826088 0.00842391304347826
1 0.19190158555170003 0.04709935186833542 0.0086199976207112 0.012266080891858745
1 0.11516538870988124 0.022591236937083536 0.008559782608695651 0.008152173913043478
1 0.15565451914466386 0.02639558476317049 0.007472826086956522 0.007880434782608695
1 0.12420071479683775 0.18712928041534443 0.007336956521739131 0.007065217391304348
1 0.10169928307200868 0.1758286127301306 0.008318080840962309 0.011390590206408886
1 0.09091267131857693 0.08115101954577918 0.007880434782608695 0.007880434782608695
1 0.10653957302156895 0.24584500608493 0.011422053156350236 0.008980773634795904
1 0.1272577800142291 0.19806678041534428 0.008016304347826088 0.007472826086956522
1 0.08194137531015004 0.23428717148781952 0.008431722451636491 0.010076651710166994
1 0.10572245392727257 0.076055910850127 0.008695652173913044 0.008288043478260869
1 0.10653767131857689 0.10159938911099654 0.008695652173913044 0.008288043478260869
1 0.12399691044901166 0.011585802154474845 0.009646739130434782 0.010054347826086957
1 0.19114581159604405 0.07918347927078662 0.010248889250585182 0.012097528145666406
1 0.1296948706978756 0.13301488601650632 0.012075268323815069 0.008347298158845528
1 0.177937127840316 0.015933628241431366 0.009646739130434782 0.009510869565217392
1 0.13445886697075082 0.14208851954577917 0.006929347826086956 0.007472826086956522
1 0.10769256262292475 0.012536889110996582 0.009918478260869565 0.009782608695652175
1 0.20223539227881532 0.02277052889917868 0.009419775470828205 0.010141192619842391
1 0.08001306873848411 0.28544572452027317 0.009299205160185557 0.009132888209857538
1 0.06876593218814213 0.08264558476317047 0.008152173913043478 0.008967391304347826
1 0.10477397010680356 0.26213931716318073 0.007885641054714062 0.010074421321759064
1 0.11937734523162037 0.21505047606751823 0.010733695652173914 0.010733695652173914
1 0.13636104088379442 0.16836293882485723 0.006929347826087081 0.008934708123372959
1 0.11740723653596823 0.16280862824143127 0.008152173913043478 0.00842391304347826
1 0.12780125827509872 0.1756237897687441 0.007744565217391327 0.009054236098102849
1 0.08547788870988127 0.2718439543283878 0.008967391304347826 0.008288043478260869
1 0.0726382147968378 0.046909087923704504 0.0077445652173913125 0.010320484581937508
1 0.08571180056371501 0.01584118107309172 0.009435215012014938 0.011228149141581524
1 0.2018501713185769 0.0612650382525782 0.008408473502290856 0.008934708123373138
1 0.0941511531483805 0.08976239534659639 0.009283905905610873 0.008527099427720824
1 0.15738376779225555 0.03990900412771674 0.0076086956521739125 0.007472826086956522
1 0.07461873603670095 0.24583831491970598 0.01034691204494345 0.010896329878287488
1 0.1064697365359682 0.1640314543283878 0.008559782608695651 0.00842391304347826
1 0.10246158436205516 0.06505047606751829 0.00923913043478261 0.008831521739130434
1 0.07977136697075078 0.11539628354868384 0.00706521739130434 0.009523136701461661
1 0.09016538870988124 0.23950699780664875 0.006929347826086956 0.006657608695652174
1 0.07413278001422909 0.12659938911099655 0.009103260869565217 0.009103260869565217
1 0.09363006262292478 0.267439345400863 0.00706521739130435 0.010348390840601846
1 0.09765253204512783 0.2760855381904193 0.011577547540058263 0.008075559028410773
1 0.07489698300726749 0.29793425643273896 0.011718623377381101 0.00910995203478935
1 0.09540157324285631 0.2514746714878195 0.008706064718123994 0.010212521275384532
1 0.14305514413323228 0.10994668726984208 0.014611032585832351 0.010036987622038841
1 0.07481212784031603 0.13808036737186605 0.009918478260869565 0.010054347826086957
1 0.1462115843620551 0.1727444667063489 0.01005434782608702 0.013008757852773375
1 0.09118441044901161 0.11680705981300202 0.009239130434782599 0.015644441204684736
1 0.09478495392727256 0.05791732389360526 0.008016304347826088 0.0076086956521739125
0 0.18906249999999997 0.9701766304347825 0.013451086956521741 0.013994565217391307
1 0.08989364957944647 0.20132764998056174 0.009646739130434782 0.01046195652173913
1 0.15110288870988126 0.0978629760675183 0.010054347826086957 0.010326086956521738
1 0.07956756262292473 0.0278901499805618 0.008559782608695651 0.00842391304347826
1 0.1365648452316204 0.03930319345882266 0.0076086956521739125 0.008967391304347826
1 0.06876723375616849 0.22891363249650826 0.008426516179530996 0.009112182423197307
1 0.17229854088379437 0.0952135195457792 0.009782608695652175 0.01046195652173913
1 0.14580397566640296 0.06111025867621397 0.008152173913043478 0.008831521739130434
1 0.09492082349248994 0.10431678041534437 0.008831521739130434 0.008831521739130434
1 0.09152408436205514 0.13869178041534436 0.009646739130434782 0.01046195652173913
1 0.15055941044901172 0.04636841085012703 0.00923913043478261 0.00842391304347826
1 0.11044083300964701 0.1339715972343699 0.011758894009164533 0.01053245972500696
1 0.14471701914466356 0.14571614383043038 0.00706521739130433 0.010380248569302579
1 0.16611647566640297 0.05472438911099657 0.009375 0.008831521739130434
1 0.12297788870988124 0.11926243258925745 0.00923913043478261 0.010190217391304348
1 0.06849419305770736 0.17904504128490953 0.008152173913043478 0.008288043478260869
1 0.1659806061011856 0.013691780415344405 0.009646739130434782 0.009918478260869565
1 0.14098523956631218 0.019990805186806352 0.008152173913043603 0.010429273340764494
1 0.07399951358506446 0.2570464388559366 0.009108467141670636 0.011029969055096971
1 0.06911677977011317 0.3577919940743861 0.011006985726966784 0.011956521739130414
1 0.08595343218814215 0.048066780415344394 0.009103260869565217 0.008016304347826088
1 0.17732571479683779 0.029180910850127036 0.008967391304347826 0.009646739130434782
1 0.12561962546102692 0.16258311269516645 0.00718564741533435 0.0086032050055736
1 0.16992082349248994 0.12734667171969222 0.008559782608695651 0.009782608695652175
1 0.19450780975534512 0.014767764954547838 0.013857152499439957 0.008005565131923022
1 0.08812734523162039 0.20200699780664866 0.011820652173913043 0.010733695652173914
1 0.1455322365359682 0.0326455847631705 0.007880434782608695 0.00923913043478261
1 0.08588549740553343 0.15873254128490957 0.009510869565217392 0.009782608695652175
1 0.10728495392727258 0.0909336282414313 0.009103260869565217 0.008152173913043478
1 0.1000087735639971 0.2316475102623083 0.010883882465681251 0.010232111867840754
1 0.1001294140179459 0.02302872762641829 0.010642601557784757 0.011950919364546288
1 0.06883386697075082 0.21314830215447475 0.009375 0.009646739130434782
1 0.10714908436205516 0.15200699780664872 0.009375 0.009375
1 0.11810897209746919 0.08189013135923123 0.009827384166479972 0.009086919279077819
1 0.068743010454143 0.2702001372153308 0.007870022238397808 0.008288043478260867
1 0.07258380218496815 0.2797890703748299 0.008967391304347826 0.008288043478260869
1 0.0843805196439312 0.25978929549930335 0.008967391304347826 0.008288043478260869
1 0.0841061773774437 0.2488305147455902 0.008967391304347826 0.008288043478260869
1 0.09986212925763123 0.24177050506995917 0.011718623377381105 0.010753769147846199
1 0.0695473088107611 0.3136875037662017 0.007603489380068345 0.00938392155363206
1 0.10095949832358134 0.2028668333942775 0.011718623377381112 0.012945525298588709
1 0.06850375495638208 0.3338242634011489 0.007162435270235473 0.011849647223217437
1 0.06899862427778604 0.29546853076315377 0.007603489380068344 0.011849647223217337
1 0.11727193604772697 0.1748372261888555 0.009958624273496728 0.010849192946176025
1 0.09644935802132476 0.15012517558923233 0.009958624273496728 0.010849192946176025
1 0.12089325396536214 0.1392759826430563 0.009958624273496728 0.010849192946176025
1 0.09463869906250715 0.18478231972285017 0.009958624273496728 0.010849192946176025
1 0.11123640618500169 0.1941246803153907 0.009958624273496728 0.010849192946176025
1 0.11093462969186543 0.1838782203106689 0.009958624273496728 0.010849192946176025
1 0.0895068153231686 0.17078720011399404 0.009510869565217392 0.009782608695652175
1 0.07683220261144552 0.1722940324676296 0.009510869565217392 0.009782608695652175
1 0.13070098999229074 0.15117995823677724 0.016899483615630793 0.008739627651086242
1 0.06855117346379179 0.11710842628372914 0.0074284714759650095 0.01323350943886784
1 0.07911335072356103 0.10384830157173623 0.009239130434782599 0.015644441204684736
1 0.06855117346379179 0.10083463686446512 0.0074284714759650095 0.01323350943886784
1 0.1413590231607347 0.09576359690803621 0.012196820640742477 0.011047329259145193
1 0.10544762047751922 0.11836608221256961 0.012196820640742477 0.011047329259145193
1 0.12612548286828784 0.0413255418852787 0.014611032585832351 0.010036987622038841
1 0.1247976662984883 0.030385938997884526 0.014611032585832351 0.010036987622038841
1 0.16894756724432372 0.04298305747427781 0.014611032585832351 0.010036987622038841
1 0.0886146647714502 0.03403247329368258 0.014611032585832351 0.010036987622038841
1 0.18056596223006996 0.07348134431186154 0.014611032585832351 0.010036987622038841
1 0.17326297109617236 0.0840894440814559 0.014611032585832351 0.010036987622038841
1 0.16197653025287606 0.08243192849245679 0.014611032585832351 0.010036987622038841
1 0.14305514413323228 0.07116082248726277 0.014611032585832351 0.010036987622038841
1 0.2029734440195887 0.05220846650044805 0.01074759204062759 0.011135701973241832
1 0.19002723246404296 0.030992266961259358 0.01074759204062759 0.011135701973241832
1 0.12961157853816282 0.05055095091144892 0.01074759204062759 0.011135701973241832
1 0.10438306371197109 0.05187696338264823 0.01074759204062759 0.011135701973241832
1 0.0784906406008796 0.07375616915743655 0.01074759204062759 0.011135701973241832
1 0.07254588342119572 0.017569665243390632 0.009626670131046842 0.01392313094759258
1 0.15370867125019405 0.01690665900779098 0.008630807703697166 0.008619081062795401
1 0.20897903596810088 0.0157463980954916 0.006971036991447726 0.010939602887394165
1 0.2169459353868983 0.0157463980954916 0.010954486700846396 0.010939602887394165
1 0.13102661529281548 0.020156556745706284 0.009479990482843087 0.0120867889297636
1 0.17122856304905062 0.07155890756139072 0.010248889250585182 0.012097528145666406
