1 0.09967765047069273 0.467119321798056 0.017593569549844226 0.010939602887394173
1 0.08822523255617148 0.4817054589812482 0.010622532558396519 0.012928621594193146
1 0.08258201213452335 0.4679480795925556 0.00995862427349672 0.01524914341879196
1 0.09569420076129403 0.4477263894067663 0.010954486700846396 0.01723816212559079
1 0.08440775991799775 0.45236743305596383 0.015601844695144872 0.013260124711992916
1 0.07561097514307563 0.43827855054947135 0.014605982267795187 0.011602609122993855
1 0.07096361714877722 0.4550194579983626 0.010622532558396595 0.013260124711992867
1 0.071461548362452 0.47358363259515257 0.012282303270645967 0.013923130947592526
1 0.07345327321715134 0.4875067635427452 0.01427402812534531 0.012597118476393235
1 0.06797602986672814 0.4969546024000401 0.005975174564098041 0.012265615358593607
