0 0.20041532101838488 0.5077250833096713 0.010565011397652004 0.011711224265720532
0 0.19033512861832333 0.5094725360041079 0.009879278100055197 0.01057985554570737
0 0.5694142839182978 0.5163308848505435 0.009935503420622452 0.009834704191788383
0 0.5091627784397291 0.4850209951400757 0.00940115555472996 0.009246027987936268
0 0.5189703754756763 0.4911185762156611 0.009107859238334324 0.008692077968431555
0 0.5583181795866593 0.5020318964253301 0.011528180993121605 0.012007816978122875
0 0.5718592042508334 0.5077910319618557 0.009837503018586533 0.011044522990351137
0 0.6549691531969154 0.7486664315928586 0.010399445243503735 0.010485358860181726
0 0.6280758484550144 0.5293799897898799 0.007842437080715014 0.00849188929018767
0 0.5956137905950132 0.5289546303127123 0.0107580682505732 0.010602370552394703
0 0.6703484265700631 0.7462967789691427 0.011042449785315472 0.01096132527226987
0 0.1668868116710497 0.28459466021993884 0.010831407878709875 0.010548633077870245
0 0.45120188464289124 0.4608248627704123 0.008412547733472742 0.007491775180982508
0 0.39105696263520623 0.4347343652144723 0.01174554617508598 0.012418788412342901
0 0.15432985450910486 0.27821564674377436 0.010873804921689241 0.011742736982262653
0 0.32444296605662315 0.4214808163435563 0.007427136079691674 0.008721320525459621
0 0.5824840794438901 0.5106861280358356 0.011167028675908628 0.010320995164954144
0 0.6367778363435165 0.5408646127452021 0.009059740149456522 0.00819985762886379
0 0.30704808235168457 0.42515521982441773 0.008493527122165846 0.008200593616651453
0 0.6637970260951829 0.9152224996815557 0.01039824278458305 0.010005702143130095
0 0.5881698857183042 0.5201742545418118 0.009698826333750849 0.008739844612453295
0 0.13134778582531473 0.22164568693741507 0.012176254521245542 0.012058880018151325
0 0.10665617818417755 0.5220764927242113 0.009069587873375935 0.010255792866582457
0 0.40977088264797046 0.43502312121183984 0.00992559350055197 0.010011963222337805
