1 0.9276331720448371 0.6756701161963313 0.009537406589673914 0.009415667990489129
1 0.9166239558043479 0.9030337856338316 0.010393889054347826 0.010165338930706522
1 0.9162265638308424 0.8279826022982337 0.010242959726902175 0.009825499161684782
1 0.9186193351737398 0.9348936616225357 0.010151163282260931 0.009974482212461994
1 0.8941529010638588 0.9041888095638586 0.009885373323369565 0.00996631124728261
1 0.9278955569619566 0.6911884706358697 0.009913403054347826 0.009893417358695653
1 0.925339875609375 0.8842702849483695 0.011143891707880436 0.011550903320652173
1 0.9141274852370924 0.732585316569973 0.01005686884375 0.010556760042119563
1 0.8275344597692746 0.9505911933431104 0.008664548342896474 0.009786505979698486
1 0.8416927696182064 0.9083098435951087 0.00956294847554348 0.01082279371195652
1 0.9050173246351904 0.894505615234375 0.010202159052989131 0.010076108186141304
1 0.9294601632812498 0.8163862544177989 0.009930154551630434 0.009852202042119566
1 0.8720757552588317 0.7328841068872282 0.009978252908967391 0.009774912959239131
1 0.8601246403913043 0.8402239659177988 0.008585390836956521 0.008720729661684783
1 0.8948622688750001 0.9597472216222827 0.010065161663043477 0.010385596233695654
1 0.8714365277507583 0.8629007789901013 0.009821650610212335 0.010193893306291208
1 0.9182170065740489 0.5695384797418478 0.009960174561141304 0.01071855296195652
1 0.9294453191616847 0.9032639943505434 0.010405830714673913 0.010967420494565217
1 0.8522662642330956 0.9177932690594354 0.009337217911684782 0.009621495785326088
1 0.8923127242296195 0.6672464769232337 0.009259099546195651 0.00931515900951087
1 0.9036323408328805 0.7849942812364131 0.00888791291576087 0.009431092635869566
1 0.8855992327172175 0.8382818313483316 0.010174714890957181 0.010410562696663255
1 0.8826471105957883 0.9462203880489131 0.009562285050271738 0.009329256804347826
1 0.8619425924911687 0.8816663393192933 0.009535748025815216 0.009053437605978262
1 0.9067660317065216 0.7173454350563859 0.010196519934782608 0.010096342667119567
1 0.8959082844244469 0.6584584221641387 0.00928414386277174 0.009387555330163043
1 0.8482361363926628 0.7419815792798914 0.010307146154891304 0.010391898777173914
1 0.8842842791800273 0.8856143022432066 0.008583732273097828 0.009463932203804348
1 0.885544967301244 0.9144855642861245 0.010891153624225382 0.011985728028769217
1 0.9282541384639945 0.9205026111813858 0.011431486710597825 0.011484892471467391
1 0.92790003509375 0.8008385434259511 0.010162519372282608 0.01084485261277174
1 0.9027104279680706 0.6114094676249999 0.00875124724048913 0.009417326554347826
1 0.8540231031648127 0.8058489874690822 0.008164281430706521 0.008522033691576086
1 0.8927393069388586 0.6365229465631793 0.010818647301630435 0.011188341224184783
1 0.87521568428663 0.7893766102673954 0.010453458576671643 0.00975621518664618
1 0.8523913368267664 0.7840745246317934 0.009505230447010871 0.010141289752717391
1 0.8486972171963315 0.895722669529212 0.00976164444701087 0.01049108090625
1 0.9295866119479883 0.5939578558582242 0.008402617081521738 0.00935794996195652
1 0.8666106581751621 0.9330672695951477 0.010981528436805816 0.010280470348409888
1 0.8424244451691577 0.8617521268790762 0.009117624033967391 0.010097669519021739
1 0.8729647456120925 0.8373899775516306 0.008258653724184783 0.008404939070652174
1 0.8813758213111414 0.742080595597826 0.009288124415760868 0.009771098260869564
1 0.8810606941875 0.962431358642663 0.009534089461956522 0.0098196941875
1 0.8593922185292119 0.9084546362581521 0.00991157863451087 0.010228364364130433
1 0.9133454722955163 0.6111391631460598 0.009266065514945653 0.009752771129076087
1 0.8423430924782608 0.978340553681386 0.01024760370652174 0.010072791058423913
1 0.9146684919199164 0.7873766341454204 0.010934215361571027 0.010131984866926305
1 0.9139715211791123 0.6673563336312044 0.00948433254076087 0.009765956713315217
1 0.9073429631283969 0.9277054231338314 0.008961553158967392 0.008976480235054348
1 0.8638643706182064 0.771490418798913 0.010651961616847828 0.010621112326086956
1 0.8911032993301632 0.7541219363267662 0.009481181269021739 0.009289782979619566
1 0.8850394712305065 0.6476524510012132 0.009043817934782608 0.009205362070652175
1 0.9148243308328804 0.8642904763226902 0.008988587752717391 0.009047466775815216
1 0.8952351141093751 0.8803976208403534 0.009833957838315217 0.00966295988722826
1 0.8313324275670818 0.9424749629143075 0.008746603260869566 0.009331744650815217
1 0.8974116476671196 0.8402835082479619 0.009227255116847825 0.010020712148097825
1 0.9171638183043478 0.8151307213716034 0.010266511336956522 0.010359722634510871
1 0.8742085856936141 0.9139973085027175 0.009044149648097825 0.009052110755434783
1 0.8913353324918479 0.7650518732201087 0.009048130201086958 0.008985270625
1 0.9064906270978262 0.5987181796221089 0.009026568869565215 0.010473919842043832
1 0.8657732830486442 0.8545951015325933 0.008206243100543477 0.010267140909125531
1 0.8944299641514946 0.6227170595468751 0.010270491889945652 0.01035640550679348
1 0.8563205680937344 0.9379339195069513 0.008745939835597826 0.008809296980978262
1 0.9237420149755434 0.6239468019375 0.009661467179347826 0.009798298711956522
1 0.8913126100754076 0.786387723883152 0.00940007748777174 0.009615027385869565
1 0.9092358823091031 0.8748990664572008 0.010561404020380437 0.009927500849184782
1 0.8936402388797556 0.8694573179137228 0.010482788085597826 0.010746831479619565
1 0.8645700811678383 0.8712858982699935 0.009774896031329075 0.010156575616073811
1 0.9170471383960596 0.89121776077106 0.010550457498641303 0.010235164476902174
1 0.8338538154531249 0.8957307135244565 0.01097936215625 0.011696359385869565
1 0.8966945201044852 0.8115823725686937 0.011152421458970725 0.011282182093907996
1 0.8926839549298536 0.80008510177768 0.01057641909883717 0.010841457631445546
1 0.8868458839822031 0.7744406860593968 0.01068968209483985 0.010834099020963921
1 0.9236547745502718 0.8437910395584239 0.011303445567934783 0.011686739714673912
1 0.8853084425516303 0.9344917694932066 0.010140294614130437 0.01000644849728261
1 0.9094559483819126 0.9406241272989925 0.01221875627469327 0.011580723619722916
1 0.9252984114408969 0.6628238744252718 0.010095015816576087 0.010210866513586957
1 0.9128732791005434 0.7984766653457882 0.010055376135869565 0.010104801343749999
1 0.8799434854218751 0.8292719699558424 0.00908660888722826 0.008563497792119566
1 0.913247119415761 0.9196043329205165 0.010280277418478262 0.010848003884510871
1 0.8339632942224396 0.928318502857377 0.011956946868790312 0.011312219029969912
1 0.8316692379076086 0.9098307468451087 0.010190217391304348 0.011079871135869567
1 0.9074757972555142 0.8091293732567938 0.010681947771896844 0.009200054665760866
1 0.8769202436874721 0.6752135614424636 0.00891179623777174 0.008758379065217392
1 0.8768126970801627 0.9849683413933422 0.011268449866847828 0.01142750615625
1 0.8437073325764977 0.8167239379524456 0.009402897047554348 0.009917217752717391
1 0.8642616795971467 0.7388983087296195 0.009509376857336957 0.009579865828804348
1 0.8970171581650815 0.934650991669837 0.00977557638451087 0.01002966839402174
1 0.8246962403455979 0.9589951812168378 0.009318476138586955 0.00944087816304348
1 0.8206289234504076 0.9049995156650817 0.010550457498641303 0.011187677797554349
1 0.9051959519959237 0.6520602499463315 0.0103481126875 0.010251833044836957
1 0.8826835161963312 0.9739492565706521 0.009415667990489129 0.00968700906521739
1 0.9290951963104618 0.5544514349463315 0.010428387186141303 0.011148950327445652
1 0.9046687775061141 0.8552248481847826 0.010561238164402173 0.010608507239130436
1 0.8801131565645381 0.90315933890625 0.009756337042119565 0.00985070933423913
1 0.9296503175971468 0.9683795497072012 0.009300231933423914 0.009685350501358696
1 0.9243667960346468 0.6034119962330163 0.009321129841032609 0.009237372357336958
1 0.857751245384495 0.7526886661383344 0.010609834091032609 0.010697240414402174
1 0.8993296111243204 0.6901120625251358 0.01087752632472826 0.010727177495923912
1 0.8777902546705163 0.7041382897927987 0.009380838145380434 0.009624978770380434
1 0.8764072746612979 0.9254735290596487 0.011089849594334239 0.011694440184513443
1 0.8544885911263588 0.7219436379925274 0.011112378991847827 0.011891240658967392
1 0.8942987716881794 0.9753526505394021 0.010383937669836956 0.010823788850543479
1 0.9199040977941577 0.7139642035971465 0.010048576023097828 0.01058578491168478
1 0.9092232128627171 0.9531153923331337 0.014302995834128281 0.01065714716626573
1 0.8613605549869584 0.8107394159198763 0.010476722473915935 0.009979065263666025
1 0.9144723006304349 0.6925339806447011 0.010205144467391306 0.010662244713315217
1 0.9072611960278533 0.5863102938451089 0.009432917055706522 0.010134406711956524
1 0.8574207985314877 0.8609223473974187 0.009444195290760871 0.00915461001222826
1 0.9295368718254076 0.7032814755203805 0.009562119194293478 0.010288736095108695
1 0.8589989730523098 0.8001026385108696 0.008843629256793478 0.009854524032608695
1 0.8407198998755058 0.9418648989681501 0.008617898692934783 0.009443200153532609
1 0.9004569370475544 0.7707747484884512 0.009465424910326087 0.010007111922554348
1 0.9259076147680791 0.636200284853143 0.00969447260326087 0.009728804879076087
1 0.877369891601902 0.8774695089972826 0.008596669073369565 0.008897200875
1 0.9211697481202447 0.8565273185326088 0.00883301444701087 0.009335559347826088
1 0.8695806115407607 0.7186831110079787 0.010098664657608695 0.011259415765956881
1 0.9309933582235956 0.6452837137543743 0.008746934974184783 0.009017944335597826
1 0.8787856553528733 0.8577624562224788 0.010091062336182812 0.011161814347130684
1 0.8494842058179348 0.8475002520720111 0.009730629298913043 0.00955863620923913
1 0.8263202859245924 0.9747490991358697 0.00985120690353261 0.010098996369565218
1 0.9237597616596467 0.9519366289252719 0.010403840438858695 0.010465207307065218
1 0.8976924931474635 0.6009675869759872 0.010397473251449194 0.010911242973713325
1 0.9056684465242435 0.9750848059323579 0.009710665602833887 0.011255042571235972
1 0.8543863406508153 0.8706635084884511 0.009297246519021739 0.00888741534646739
1 0.8662033655791359 0.8284383418595332 0.009136697520380434 0.008810955544836957
1 0.9092620876447011 0.6253354346908967 0.010260540506793479 0.010773949001358696
1 0.9145348284687499 0.7473710830903534 0.011201941448369567 0.011001918626358697
1 0.880008667033288 0.6890234640733697 0.010988152544836956 0.010920317277173913
1 0.8990100887072009 0.7302314825088314 0.010501529860054348 0.010568701702445654
1 0.8847883827888018 0.7262328166271961 0.009339374044836956 0.009526294210597825
1 0.8878407211780686 0.7336109996520794 0.0095354163125 0.009489971658967391
1 0.9305212295557065 0.8293102827669837 0.0097795569375 0.009958184283967391
1 0.8991314126956524 0.9201183389068511 0.009599768597826089 0.011524166585756718
1 0.8596834556040043 0.963983656196466 0.010980986867005667 0.010939251980204854
1 0.8990304061290761 0.7434316618267661 0.010658264160326088 0.009866133979619565
1 0.9299631227982336 0.7760858021813859 0.009011641792119565 0.009341530177989131
1 0.8803063090357419 0.6578969132019395 0.009165058964673914 0.009521484375
1 0.8634910278763585 0.7821393950217391 0.009348662002717391 0.009580860967391304
1 0.9250446512167119 0.8581878728804349 0.011278567107336957 0.011734506358695652
1 0.853868370993886 0.9778958926311141 0.010319253672554348 0.011513419773097826
1 0.9236567648186143 0.5834076823091032 0.010600214419836957 0.010837389074728261
1 0.9125070241247548 0.7058215934727318 0.009814369856056892 0.009136863376358693
1 0.839917442684103 0.9667180003777172 0.01037663998777174 0.011016182277173913
1 0.8696282123192937 0.7993362991182066 0.008531321649456523 0.009294095247282608
1 0.9309367083858302 0.7250789873994564 0.009381352641225287 0.010520105777173912
1 0.9049930449824269 0.6718150217513312 0.009410028872282608 0.01055145263722826
1 0.8780429017366213 0.6668969728723444 0.010367849599184784 0.010288072668478261
1 0.8474125764436142 0.7687680518403535 0.011530337126358696 0.011617577593750001
1 0.920080071442935 0.9861978349035329 0.010409977124999999 0.010677503502717392
1 0.9133874338783967 0.7717293349014948 0.010035639224184783 0.009603749150815218
1 0.8907874258736413 0.7005670696684783 0.010740031366847827 0.010636868684782608
1 0.9090967287554348 0.8438086202934784 0.010120225989130436 0.010939556619565218
1 0.9086033537841751 0.6386934917056069 0.010465539020380435 0.010699645332880436
1 0.8901786724652498 0.6853031517103346 0.009163566258152173 0.009516094042119566
1 0.8845686039811598 0.60957478346607 0.00940052725862296 0.009666785813207809
1 0.8391315320502717 0.8765876503980978 0.009403726328804348 0.010410972263586957
1 0.9240583032289402 0.8562624459218751 0.01123743471875 0.01160032852853261
1 0.8544995206529323 0.8252158400127185 0.008896703305706521 0.009890183158967392
1 0.9171990572897276 0.593831259640625 0.009662285231630383 0.009558967922554347
1 0.8372683012418481 0.9532205673524082 0.009430263353260871 0.011338529270032226
1 0.8909303111304347 0.7135488162160324 0.011041724163043477 0.010869731073369564
1 0.8451885571109712 0.8815473424982939 0.009299900221467391 0.010296365489130434
1 0.889123013823069 0.6158524835184316 0.007184868416613739 0.010405338760543842
1 0.9216635869949533 0.6485636451068756 0.009960174561141304 0.01071855296195652
1 0.9316340517839986 0.5685537424787322 0.00577504119289896 0.01071855296195652
1 0.9316340517839984 0.5833248014254665 0.00577504119289896 0.01071855296195652
1 0.9316340517839983 0.6148363938451659 0.00577504119289896 0.01071855296195652
1 0.9131082974138818 0.6820709084065828 0.009537406589673914 0.009415667990489129
1 0.8777723946483039 0.7163894117378665 0.010098664657608695 0.00994873046875
1 0.9069983880098103 0.7591672507652152 0.011201941448369567 0.011001918626358697
1 0.9204329123061809 0.7588395794409134 0.011201941448369567 0.011001918626358697
1 0.8775079688226556 0.7611332787110255 0.011201941448369567 0.011001918626358697
1 0.8739035842553369 0.7483540970632586 0.011201941448369567 0.011001918626358697
1 0.8663671437963975 0.7604779360624221 0.011201941448369567 0.011001918626358697
1 0.9240372968734998 0.7381962860099052 0.011201941448369562 0.009691233329151821
1 0.9312460660081379 0.7381962860099052 0.007269885556749239 0.009691233329151812
1 0.8694793037942118 0.8163826155700168 0.01068968209483985 0.010834099020963921
1 0.8796371148475656 0.8153996015971117 0.01068968209483985 0.010834099020963921
1 0.8842245133877894 0.8039311052465515 0.01068968209483985 0.010834099020963921
1 0.8783264295503587 0.7777173993024139 0.01068968209483985 0.010834099020963921
1 0.8628813566453013 0.7921337122299215 0.010651961616847828 0.010621112326086956
1 0.9218772610545544 0.7837722495781015 0.010934215361571027 0.010131984866926305
1 0.9032479465905198 0.8243615542164606 0.011152421458970725 0.011282182093907996
1 0.8924347928885631 0.8243615542164606 0.011152421458970725 0.011282182093907996
1 0.877129807655273 0.8468696997882037 0.009402897047554348 0.009917217752717391
1 0.8453456891980062 0.8357288747619457 0.009402897047554348 0.009917217752717391
1 0.8574695281971699 0.8350735321133418 0.009402897047554348 0.009917217752717391
1 0.8550614946808325 0.8895304511025346 0.009535748025815216 0.009053437605978262
1 0.8701343755987118 0.8967392202371722 0.009535748025815216 0.009053437605978262
1 0.8783261587062547 0.8898581224268364 0.009535748025815216 0.009053437605978262
1 0.8652538681171335 0.948910775278587 0.010980986867005667 0.010939251980204854
1 0.8737733225489781 0.9423573487925526 0.010980986867005667 0.010939251980204854
1 0.8573897563338924 0.9472724186570782 0.010980986867005667 0.010939251980204854
1 0.8482149592534443 0.9331825517121045 0.010980986867005667 0.010939251980204854
1 0.8724626372517713 0.9554642017646212 0.010980986867005667 0.010939251980204854
1 0.8685305813601508 0.9669326981151817 0.010980986867005667 0.010939251980204854
1 0.8481777532002829 0.9520657143024681 0.010630576288706783 0.008803492006793479
1 0.8280259667557275 0.9871265460027528 0.010958247613009254 0.006182121412380478
1 0.9040457139937266 0.9861435320298478 0.010958247613009254 0.006182121412380478
1 0.929330174172776 0.9470215590607463 0.010403840438858695 0.010465207307065218
1 0.9126189366333883 0.9666818385188491 0.010403840438858695 0.010465207307065218
1 0.9316238734428884 0.9833930760582372 0.008437812493049288 0.010465207307065216
