0 0.25715175918910815 0.6170457342396611 0.009153096572212551 0.009150214817212976
0 0.1355048418045044 0.7148224374522334 0.00894474983215332 0.008980626645295517
0 0.20725780984629757 0.7887570132379946 0.008952306664508322 0.010104759879734204
0 0.27285645319067914 0.498813069385031 0.010125222413436226 0.010535986527152683
0 0.10852621430936069 0.6650528907775879 0.009709078332652216 0.009348869323730469
0 0.1907896891884182 0.5084256814873737 0.008392354716425356 0.008659093276314114
0 0.2697213007056195 0.6233400572901187 0.009744602700938349 0.01006174087524414
0 0.40175552730974945 0.22281009217967157 0.011070640190787937 0.012021665987761124
0 0.2662345326465109 0.5641549151876698 0.009030031121295431 0.009563528973123302
0 0.13017785549163818 0.6466762708581012 0.009640890619029169 0.009251553079356318
0 0.41293063371077826 0.23449830386949624 0.011107444763183594 0.010416051615839418
0 0.36570108584735705 0.2276059440944506 0.011631921581600025 0.012692866118057915
0 0.11638685413028885 0.6750500305839207 0.009137184723563816 0.009006168531334919
0 0.2699649955915368 0.6408817249795665 0.009713774142057999 0.009719060814898947
0 0.09241079247516135 0.7020216402800188 0.007788367893384851 0.008682831473972486
0 0.25929753676704737 0.648410423942234 0.00994271817414657 0.009448341701341711
0 0.14655975155208423 0.5978407134180483 0.008478029914524244 0.009305933247441832
0 0.216346958409185 0.448378614757372 0.010174813477889351 0.010759415833846382
0 0.23525233890699304 0.5173571006111477 0.008197742959727411 0.00942292420760445
0 0.25457344884457794 0.6291054953699526 0.00932237376337466 0.010140066561491592
0 0.1963298009789508 0.49948563783065125 0.00861594987952191 0.009316071220066236
0 0.1264343209888624 0.7351277600163999 0.008537862611853558 0.009543916453485903
0 0.2290432867796525 0.46758733624997345 0.009260861769966457 0.009670734405517578
0 0.26076563544895337 0.509432429852693 0.008257036623747452 0.008471592612888502
0 0.06785481131595113 0.6750254216401472 0.009504820989525837 0.011427796405294666
0 0.12757347459378449 0.6070507712986158 0.009137785953024159 0.00901106129521909
0 0.1246080139408941 0.6954850735871689 0.009459568106609842 0.008948201718537704
0 0.19891389556553046 0.47733475850976026 0.00978119476981785 0.008572640626326851
0 0.2515845402427342 0.6449256254279095 0.0087780123171599 0.008647566256315811
0 0.2616772962653119 0.5997788284135901 0.008316143699314283 0.008478931758714758
0 0.19526174794072693 0.4881906094758407 0.009214276852815048 0.008641035660453465
0 0.25813058148259704 0.5286363622416621 0.00918635078098463 0.009265464285145636
0 0.14686925514884616 0.5311298163040824 0.01167129433673361 0.008399258489194124
0 0.21144577731256897 0.4565997071888136 0.00964411445285963 0.00944996916729471
0 0.2236868091251539 0.45867973306904675 0.009755860204282015 0.010110119114751402
0 0.24849449033322543 0.5143917539845342 0.008583172507908033 0.008026993792989979
0 0.10732059893400772 0.7086574098338252 0.008182670759118122 0.007881952368694803
0 0.12708770710489023 0.7253414236980937 0.008471343828284222 0.007990463920261549
0 0.1615788470143857 0.5205454515374225 0.009149665417878525 0.00888055303822393
0 0.24377904969039924 0.5403625237723386 0.008294312850288723 0.007489536119543988
0 0.11683289382768713 0.624638785486636 0.008306285609369692 0.009147353794263758
0 0.20759026090043084 0.5706642565853802 0.00642507028855189 0.006341369290555838
0 0.10848345963851265 0.6480290164118228 0.009011268615722656 0.009041371552840523
0 0.26384230281995685 0.5463657586470895 0.008750189905581266 0.009103650632111923
0 0.23530184704324472 0.45650320986042847 0.00938979439113451 0.010935544967651367
0 0.11726849493773087 0.7102830513663914 0.008377375810042671 0.009183510490085768
0 0.242900185968699 0.461251792534615 0.006722244947120604 0.00736169159945888
0 0.0990590427232825 0.6960112530252209 0.007669656173042629 0.007379946501358696
0 0.2593169145481405 0.4888156187692032 0.0066956925394060715 0.008742498657416263
0 0.11817753833273181 0.7244362831115723 0.008858245352040167 0.009023707845936651
0 0.2228608799469377 0.5709229016411568 0.006324827221947953 0.005923294207443733
0 0.2607427576313848 0.5772600277610447 0.007870819257653278 0.00833260494729747
0 0.20785851063935656 0.49773419939953356 0.009103961612867273 0.0090994523919147
0 0.1416929338289344 0.5817082239233929 0.008995232374771782 0.009931439938752548
0 0.16293572978357168 0.5024742346173613 0.007891667677123397 0.006949402342843398
0 0.1783216621564782 0.7891402866529382 0.006781142690907354 0.007095668626868207
0 0.12248821880506436 0.6164353826771611 0.009085738140603771 0.00863373797872792
0 0.16689866522084112 0.5829078840172809 0.010568204133406929 0.008425422336744226
0 0.15436104587886645 0.5616562470145847 0.007613876591558042 0.007976366126019022
0 0.13304556971010956 0.6212779646334441 0.007949663245159647 0.008960412896197775
0 0.26177608448526135 0.5555701463118844 0.00830822405607804 0.008463983950407608
0 0.2435379650281823 0.5735785753830619 0.00868361929188604 0.008401228033978006
0 0.17793537222820782 0.7795807175014329 0.008342494135317595 0.007963222006092901
0 0.17109195486772497 0.5348303942285648 0.006857789791809515 0.006751936455644616
0 0.13569774554957859 0.5989697028645625 0.0077001936473192634 0.007454593710290214
0 0.14175695440043573 0.546384106511655 0.007555412209552267 0.009675979614257812
0 0.24873880718065344 0.4899541243262913 0.009960423345151155 0.008550218913866125
0 0.25411323879076086 0.5920710459999416 0.007655724235202955 0.008104718249777088
0 0.22336176167363708 0.47572726788728126 0.008676570394764776 0.011386581089185633
0 0.1226663278496784 0.6335080810215163 0.011029803234597912 0.009013507677161175
0 0.11366326394288435 0.6406064240828805 0.008852160495260487 0.00878168189007303
0 0.24668699762095575 0.5517532099848208 0.008507852968962296 0.007924618928328804
0 0.2639483887216319 0.5917422045832095 0.008264769678530485 0.008454820384149965
0 0.26883756596109143 0.4903959761495175 0.008809773818306301 0.008725591327833094
0 0.15211756333060886 0.5308555312778638 0.008242420528246008 0.008217065230659817
0 0.2507396988246752 0.5078828023827594 0.008891686149265455 0.008915445078974184
0 0.14351630729177725 0.5514321845510731 0.007355140603106955 0.008277665013852327
0 0.17262722098309058 0.7872354673302691 0.010696452596913214 0.008914035299549932
0 0.18301771468332054 0.5207361847903914 0.005998703783357651 0.007193168239070086
0 0.16730113651441492 0.504952741705853 0.008465310801630434 0.007871503415315048
0 0.2582897621652354 0.465260992879453 0.01009126331495202 0.011057501253874405
0 0.20466265471085257 0.47579817149950115 0.008335237917692764 0.008029979208241339
0 0.19265010004822233 0.5724781177727462 0.0077064544369699894 0.0060147335290597044
0 0.11782536817633588 0.6521956402322522 0.00916625105816385 0.008528419162916101
0 0.11966652455537216 0.6577489272407863 0.00868944499803626 0.010320414667544157
0 0.1757923533501641 0.4979787946266634 0.008191564808721128 0.008834341297978941
0 0.2061707766159721 0.5161875641864279 0.006889156673265539 0.007459681967030401
0 0.12442045626432999 0.7131006614021632 0.009130851082179857 0.008482103762419327
0 0.10879550809445587 0.681823378023894 0.00746161004771357 0.008819289829420008
0 0.22270777951116144 0.5193953099458114 0.007806093796439793 0.008075838503630264
0 0.15226171845975128 0.5750932693481445 0.006958391355431598 0.00917990311332371
0 0.116363903750544 0.6828044601108718 0.007377717805945355 0.007828961247983187
0 0.2184036186055467 0.5110559981911829 0.007806093796439793 0.008075838503630264
0 0.21221638730372544 0.5164361993232015 0.007806093796439793 0.008075838503630264
0 0.2162515381527393 0.4967984651913341 0.007806093796439793 0.008075838503630264
0 0.22297678956776243 0.49330133445552204 0.007806093796439793 0.008075838503630264
0 0.22539788007717082 0.48657608304049904 0.007806093796439793 0.008075838503630264
0 0.21114034707732185 0.4693594394180399 0.007806093796439793 0.008075838503630264
0 0.21786559849234505 0.46855240924823716 0.007806093796439793 0.008075838503630264
0 0.18746746209644052 0.4973364853045362 0.007806093796439793 0.008075838503630264
0 0.22216975939796002 0.5008336160403483 0.007806093796439793 0.008075838503630264
0 0.23857937285061653 0.4978745054177382 0.007806093796439793 0.008075838503630264
0 0.23400620188840077 0.5021786663233532 0.007806093796439793 0.008075838503630264
0 0.2383103627940156 0.5091729277949774 0.007806093796439793 0.008075838503630264
0 0.2383103627940156 0.4871141031537015 0.007806093796439793 0.008075838503630264
0 0.24342155386943326 0.48227192213488496 0.007806093796439793 0.008075838503630264
0 0.2504158153410572 0.4779677612292702 0.007806093796439793 0.008075838503630264
0 0.2539129460768693 0.48603806292729806 0.007806093796439793 0.008075838503630264
0 0.25337492596366745 0.4680143891350362 0.007806093796439793 0.008075838503630264
0 0.24747335693091468 0.46313486293082173 0.006722244947120604 0.00736169159945888
0 0.15923805836581117 0.5419038130996295 0.006722244947120605 0.00736169159945888
0 0.1662323198374353 0.5363055983262737 0.006722244947120604 0.00736169159945888
0 0.15089874661118255 0.5524462017223294 0.006722244947120604 0.00736169159945888
0 0.16488726955443073 0.5519081816091276 0.006722244947120604 0.00736169159945888
0 0.2523155379497315 0.5623995738165637 0.006722244947120604 0.00736169159945888
0 0.2555436586289426 0.568855815174986 0.006722244947120604 0.00736169159945888
0 0.25177751783652974 0.5793472073824223 0.006722244947120604 0.00736169159945888
0 0.25957880947795664 0.5849964185710417 0.006722244947120604 0.00736169159945888
0 0.2649590106099752 0.5021413211379568 0.006722244947120604 0.00736169159945888
0 0.11189376989622342 0.7011251282489992 0.008182670759118122 0.007881952368694803
0 0.11296981012262712 0.6887506656453566 0.008182670759118122 0.007881952368694803
0 0.15143824821655946 0.5894859547596153 0.008182670759118122 0.007881952368694803
0 0.13771406853095536 0.5919070452690238 0.008182670759118122 0.007881952368694803
0 0.15224527838636231 0.5832987234577943 0.008182670759118122 0.007881952368694803
0 0.1589705298013855 0.5795325826653815 0.008182670759118122 0.007881952368694803
0 0.15950854991458738 0.570924260854152 0.008182670759118122 0.007881952368694803
0 0.16112261025419294 0.5593568284203123 0.008182670759118122 0.007881952368694803
0 0.16838588178241795 0.560970888759918 0.008182670759118122 0.007881952368694803
0 0.23644542610245206 0.536221963552633 0.008182670759118122 0.007881952368694803
0 0.18878506269477102 0.5294220793311585 0.005408311642377398 0.006485216963183092
0 0.15923805836581117 0.5496052301510221 0.006722244947120605 0.00736169159945888
0 0.19581511324086417 0.5539837977520642 0.00618284644674694 0.006087411190891533
0 0.19496834763857915 0.5443307171364586 0.00618284644674694 0.006087411190891533
0 0.19225246307347432 0.5513118232054535 0.00618284644674694 0.006087411190891533
0 0.19225246307347432 0.5578009042472225 0.00618284644674694 0.006087411190891533
0 0.19975947592618865 0.5508028756727655 0.00618284644674694 0.006087411190891533
0 0.20383107611749132 0.5557651141164708 0.00618284644674694 0.006087411190891533
0 0.20383107611749132 0.5487670855420143 0.00618284644674694 0.006087411190891533
0 0.20421278863542594 0.5609818263265207 0.00618284644674694 0.006087411190891533
0 0.2109563764522714 0.5585643255462539 0.00618284644674694 0.006087411190891533
0 0.21706377673922536 0.566325775419742 0.00618284644674694 0.006087411190891533
0 0.23067818987889424 0.557291956714534 0.00618284644674694 0.006087411190891533
0 0.23681674633924066 0.5541768686913232 0.006857789791809515 0.006751936455644616
0 0.21604587669139985 0.5483853748924985 0.00618284644674694 0.006087411190891533
0 0.21591863918542142 0.5515662969717969 0.00618284644674694 0.006087411190891533
0 0.2194812893528115 0.5384608980050871 0.00618284644674694 0.006087411190891533
0 0.21871786431694215 0.533880370210897 0.00618284644674694 0.006087411190891533
0 0.21610949544438862 0.5313356325474576 0.0050377088929434355 0.004560568592827531
0 0.21121085146422736 0.5319718169633171 0.0049104713869652155 0.0048150423591713
0 0.182972534176273 0.5532781649936951 0.00618284644674694 0.006087411190891533
0 0.17775082620495566 0.5453750780999606 0.00618284644674694 0.006087411190891533
0 0.17168235477883015 0.5503145074085445 0.00618284644674694 0.006087411190891533
0 0.17704518999261548 0.5544071774070854 0.00618284644674694 0.006087411190891533
0 0.18621846075303775 0.5611812518874294 0.00618284644674694 0.006087411190891533
0 0.1763395537802753 0.5600522394740386 0.00618284644674694 0.006087411190891533
0 0.18339591590367704 0.5671085670577302 0.00618284644674694 0.006087411190891533
0 0.1697065733842776 0.570354477746228 0.00618284644674694 0.006087411190891533
0 0.18410155211601714 0.5713423636079449 0.00618284644674694 0.006087411190891533
0 0.17196460926376617 0.574588274296443 0.00618284644674694 0.006087411190891533
0 0.17521053584053095 0.5772696787782458 0.00618284644674694 0.006087411190891533
0 0.1780330806898916 0.5723302494696615 0.00618284644674694 0.006087411190891533
0 0.17379926341585059 0.5669674405060561 0.00618284644674694 0.006087411190891533
0 0.1785975896597638 0.5658384280926653 0.00618284644674694 0.006087411190891533
0 0.1946860953011197 0.5630158970591888 0.00618284644674694 0.006087411190891533
0 0.20696416539583865 0.5656973015409913 0.00618284644674694 0.006087411190891533
0 0.20936332851779527 0.5438226860315478 0.00618284644674694 0.006087411190891533
0 0.21430278200417643 0.5401533956880281 0.00618284644674694 0.006087411190891533
0 0.2240405617344708 0.5456573312033075 0.00618284644674694 0.006087411190891533
0 0.22855663349344787 0.5442460656865691 0.00618284644674694 0.006087411190891533
0 0.23321383249489305 0.5494677480985007 0.00618284644674694 0.006087411190891533
0 0.20639965642596647 0.5405767753430495 0.00618284644674694 0.006087411190891533
0 0.2032948570916697 0.5363429787928345 0.00618284644674694 0.006087411190891533
0 0.21486729097404855 0.5251939812106019 0.00618284644674694 0.006087411190891533
0 0.21726645409600512 0.5275931325890568 0.00618284644674694 0.006087411190891533
0 0.22756874279617162 0.5291455246574689 0.00618284644674694 0.006087411190891533
0 0.2271453610687675 0.5321091822426193 0.00618284644674694 0.006087411190891533
0 0.22785099728110766 0.5367663584478555 0.00618284644674694 0.006087411190891533
0 0.22587521588655513 0.5393066363779844 0.00618284644674694 0.006087411190891533
0 0.19849653084775634 0.5376131177578983 0.00618284644674694 0.006087411190891533
0 0.1976497673929481 0.5318269291392711 0.00618284644674694 0.006087411190891533
0 0.20654078366843426 0.528581018450773 0.00618284644674694 0.006087411190891533
0 0.2059762746985621 0.523641589142189 0.00618284644674694 0.006087411190891533
0 0.18706522420784544 0.5457984577549803 0.00618284644674694 0.006087411190891533
0 0.20992783748766702 0.5501733808568688 0.00618284644674694 0.006087411190891533
0 0.2102100919726031 0.5539837977520621 0.00618284644674694 0.006087411190891533
0 0.22192365309744994 0.5513023932702592 0.00618284644674694 0.006087411190891533
0 0.21641969064119657 0.5584998474056245 0.00618284644674694 0.006087411190891533
0 0.22234703482485407 0.5570885818888861 0.00618284644674694 0.006087411190891533
0 0.22277041655225813 0.5623102643008177 0.00618284644674694 0.006087411190891533
0 0.22841550625097948 0.5611812518874271 0.00618284644674694 0.006087411190891533
0 0.2384355404662099 0.5623102643008174 0.00618284644674694 0.006087411190891533
0 0.2270042338262991 0.5692254653328352 0.00618284644674694 0.006087411190891533
0 0.2270042338262991 0.5514435198219325 0.00618284644674694 0.006087411190891533
0 0.23702426804152954 0.5422702939631335 0.00618284644674694 0.006087411190891533
0 0.18918213284486568 0.5353550929311157 0.00618284644674694 0.006087411190891533
0 0.18593620626810087 0.5249117281072523 0.00618284644674694 0.006087411190891533
0 0.18466606108588857 0.5380364974129184 0.00618284644674694 0.006087411190891533
0 0.18029111656937943 0.5491854949951509 0.00618284644674694 0.006087411190891533
0 0.18170238899405977 0.559064353612319 0.00618284644674694 0.006087411190891533
0 0.18650071523797293 0.5544071774070826 0.00618284644674694 0.006087411190891533
0 0.18720635145031309 0.5505967605118891 0.00618284644674694 0.006087411190891533
0 0.19595624048333124 0.5666851874027057 0.00618284644674694 0.006087411190891533
0 0.1987787853326919 0.571483490159616 0.00618284644674694 0.006087411190891533
0 0.23631863182918916 0.5673908201610748 0.00618284644674694 0.006087411190891533
0 0.2429516122251868 0.5673908201610748 0.00618284644674694 0.006087411190891533
0 0.2364597590716572 0.5589232270606448 0.00618284644674694 0.006087411190891533
0 0.219524489975493 0.5441049391348927 0.00618284644674694 0.006087411190891533
0 0.2186777265206848 0.5481976091334336 0.00618284644674694 0.006087411190891533
0 0.2007545667272444 0.5435404329281971 0.00618284644674694 0.006087411190891533
