1 0.5733700000000002 0.661005 0.01087 0.014946
1 0.574728 0.67663 0.01087 0.016304
1 0.5767660000000001 0.7099180000000002 0.012228 0.014946
1 0.586957 0.919837 0.013587 0.016304
1 0.586957 0.7880429999999999 0.013587 0.016304
1 0.591712 0.843071 0.017663 0.014946
1 0.593071 0.6290759999999999 0.02038 0.019022
1 0.6005430000000002 0.918478 0.021739 0.01087
1 0.5971470000000001 0.690897 0.012228 0.014946
1 0.5991849999999999 0.90625 0.016304 0.013587
1 0.597826 0.783288 0.01087 0.014946
1 0.599185 0.952446 0.013587 0.013587
1 0.6012230000000001 0.605978 0.014946 0.013587
1 0.6052990000000001 0.6596470000000001 0.014946 0.012228
1 0.605978 0.558424 0.013587 0.016304
1 0.6080160000000001 0.82269 0.014946 0.017663
1 0.607337 0.754076 0.01087 0.016304
1 0.61481 0.586277 0.014946 0.009511
1 0.621603 0.6786680000000002 0.014946 0.012228
1 0.621603 0.882473 0.014946 0.014946
1 0.6236409999999999 0.6161680000000002 0.016304 0.014946
1 0.623641 0.769701 0.013587 0.014946
1 0.6243210000000001 0.722147 0.014946 0.014946
1 0.627038 0.828804 0.017663 0.016304
1 0.6297550000000001 0.5468750000000001 0.012228 0.014946
1 0.630435 0.745924 0.013587 0.013587
1 0.633152 0.85394 0.013587 0.014946
1 0.638587 0.5652170000000001 0.013587 0.01087
1 0.6392660000000001 0.76019 0.014946 0.012228
1 0.6419840000000001 0.660326 0.014946 0.013587
1 0.6474180000000002 0.6338320000000001 0.014946 0.014946
1 0.6474180000000002 0.5387230000000001 0.012228 0.014946
1 0.6474180000000002 0.60462 0.012228 0.013587
1 0.6514950000000002 0.576087 0.012228 0.013587
1 0.6548909999999999 0.55163 0.01087 0.013587
