0 0.09394781921918773 0.21973839647184332 0.010054347826086957 0.010326086956521738
0 0.29011599812221894 0.42892382734554646 0.013179347826086955 0.013994565217391307
0 0.320482845948306 0.4071167621281552 0.01358695652173913 0.014130434782608696
0 0.6484719763830888 0.42484774038902484 0.012228260869565218 0.012092391304347827
0 0.08015705834962253 0.22755089647184326 0.012092391304347827 0.011277173913043479
0 0.6706187155135234 0.402021653432503 0.010597826086956521 0.009918478260869565
0 0.6631337249810377 0.44879549900953913 0.01469824193453465 0.012705299849724676
0 0.6547899111656972 0.4119994583537161 0.011005434782608695 0.011277173913043479
0 0.6616026664270599 0.41645882514099325 0.011141304347826089 0.01046195652173913
0 0.6727039211608181 0.3843185603467136 0.01046195652173913 0.010869565217391304
0 0.6636893676874365 0.3903368708238073 0.011684782608695652 0.010733695652173914
