1 0.8636433766240376 0.7176531523900463 0.010869565217391304 0.010326086956521738
1 0.8319178331457767 0.6343106609736741 0.008559782608695662 0.014293278036822184
1 0.8652738114066458 0.6198270654335244 0.009510869565217392 0.00923913043478261
1 0.9183308766240375 0.4660964324662595 0.009646739130434772 0.011560473195905084
1 0.8563793226510567 0.7877666647723979 0.011558848575777754 0.011966155199486232
1 0.8976787027109938 0.6106597231654926 0.01127717391304348 0.012371837203067084
1 0.8776379418414288 0.6746562150749551 0.010326086956521742 0.012375690587209342
1 0.8788015267365387 0.5578811405007851 0.013196735007610929 0.014695106656260783
1 0.8228887167665071 0.7940836362089709 0.011425462893635007 0.011013141550893725
1 0.8119474909418949 0.775813033071374 0.012369098200932445 0.01523280484091718
1 0.8649341374936026 0.6012187150749554 0.008559782608695644 0.01088112536981795
1 0.9092980344201557 0.48933398150257595 0.009787576461802389 0.012383397355493549
1 0.9082765287979504 0.5559052517289195 0.009375 0.011558546503834245
1 0.8321241213766776 0.7347201963613981 0.008695652173913044 0.009375
1 0.9078689201022984 0.5954384784770026 0.012907608695652172 0.012092391304347827
1 0.9190682237004336 0.5315166647723977 0.010054347826086957 0.011418823554474418
1 0.8643227244501243 0.6841690113322432 0.009782608695652168 0.012923022232221809
1 0.9275020722762113 0.48084406036855976 0.010597826086956521 0.009782608695652175
1 0.8893227244501244 0.530221087172655 0.01141304347826087 0.011005434782608695
1 0.8197575070588203 0.7545542628450299 0.00869565217391303 0.014291351344751145
1 0.8552256732882462 0.66494828458416 0.010610245502330893 0.009241057126854186
1 0.900192289667515 0.5427259039028328 0.010054347826086933 0.011558546503834059
1 0.84061348531969 0.8084260645361921 0.009918478260869565 0.010733695652173914
1 0.9207765287979502 0.5896028305949035 0.009375 0.012649356409715625
1 0.8757382518114598 0.5705150833739313 0.01141801124441015 0.010875345293604864
1 0.9090917461892546 0.44714648150257547 0.009103260869565215 0.013334484312015664
1 0.8350871348080804 0.8256854751987788 0.010278820715911845 0.011988558660943343
1 0.8612693850573453 0.578256758553216 0.010469408170963791 0.011424603630687693
1 0.9279776157544722 0.5195553263030895 0.01046195652173913 0.009782608695652175
1 0.8850428331457759 0.7279161212941367 0.010733695652173903 0.013188981286442848
1 0.890556728010917 0.5156955671928565 0.011697202024070352 0.01046773659795296
1 0.83443514592691 0.67710572063301 0.010333538605746777 0.013198614746798738
1 0.824421373938515 0.836323289967504 0.010686429411564065 0.0139707099375242
1 0.8412248983631676 0.6512905032417058 0.008152173913044307 0.012655136485928803
1 0.8222081269988831 0.7387924299337771 0.009782608695652175 0.010190217391304348
1 0.8654158906795492 0.5894009529391482 0.009795028111028175 0.011430383706901812
1 0.8205122413167402 0.6741156268521925 0.01183555547236201 0.012924948924292547
1 0.9271623983631682 0.6213895654335242 0.009375 0.008559782608695651
1 0.9046080505370808 0.477032969120224 0.010190217391304348 0.011150937808181792
1 0.8505332055220965 0.6840321784209904 0.00937748388307483 0.012377617279280833
1 0.8414966374936023 0.5851181715966939 0.010597826086956523 0.012375690587209807
1 0.8582135617814909 0.773233438024315 0.010869565217391304 0.010054347826086957
1 0.9215238114066457 0.6569873915204809 0.010869565217391304 0.010733695652173914
1 0.8834803331457763 0.6237672828248289 0.010869565217391304 0.010597826086956521
1 0.8881678331457766 0.5860042138087141 0.010461956521739126 0.013876035880814111
1 0.8349069635805593 0.6061042393465678 0.010190217391304348 0.010326086956521738
1 0.927705876624037 0.4948309188176669 0.010733695652173907 0.012779445898719079
1 0.9263471809718635 0.6072591306509155 0.01046195652173913 0.009918478260869565
1 0.8539953955520652 0.5906878604245717 0.009241614317857066 0.011015068242964493
1 0.9052873983631676 0.5199629349987418 0.011820652173913043 0.01141304347826087
1 0.9115386403047051 0.5059042883828843 0.011279657796118307 0.01210009807263242
1 0.9216016817215541 0.6452443075895323 0.009375 0.00923913043478261
1 0.8243091374936026 0.8126939132596114 0.010733695652173914 0.009646739130434782
1 0.840545550537081 0.7904792393465678 0.01141304347826087 0.01141304347826087
1 0.8640509853196895 0.7594397871166433 0.010597826086956523 0.013736312931453913
1 0.917515659232733 0.5680703945460539 0.008288043478260862 0.013606223442450337
1 0.8358580505370813 0.7474085871726547 0.010733695652173914 0.010597826086956521
1 0.8586162027109939 0.5581422828248288 0.012771739130434783 0.013043478260869566
1 0.8514830505370807 0.8020960871726551 0.01046195652173913 0.010733695652173914
1 0.8888434551472513 0.47730470825065885 0.011556364692702562 0.012781372590790397
1 0.8108580505370808 0.7513632547544925 0.009646739130434775 0.016061509076719684
1 0.8681270722762112 0.6582102176074375 0.010869565217391304 0.01154891304347826
1 0.9069857679283855 0.6385770654335244 0.0125 0.011684782608695652
1 0.8719993548849071 0.6995873169463104 0.011548913043478246 0.013324850851661081
1 0.8396623983631679 0.7192195057741881 0.009918478260869565 0.01182835894219782
1 0.8587040085582011 0.7040931695573025 0.008831521739130432 0.010605532855240732
1 0.8610618548849069 0.7378977176074376 0.012228260869565218 0.012228260869565218
1 0.9150020722762114 0.6239031523900461 0.011956521739130435 0.012228260869565218
1 0.8727367019613033 0.7484974703864653 0.010054347826086957 0.010326086956521738
1 0.8961162027109938 0.49686510891178515 0.01141304347826087 0.011684782608695652
1 0.9186705505370812 0.5505422572869744 0.010326086956521737 0.014147775011249464
1 0.909023811406646 0.5710556715966946 0.009782608695652166 0.013055038413296038
1 0.8528417461892546 0.7569873915204809 0.012092391304347827 0.012364130434782607
1 0.816965971264177 0.8026414921255952 0.014006984632765628 0.014009978753961119
1 0.8446216374936025 0.573291739346568 0.010597826086956521 0.01154891304347826
1 0.8745808766240374 0.76901184804222 0.012635869565217395 0.0125
1 0.8452330505370808 0.6383732610856985 0.009646739130434782 0.009103260869565217
1 0.8732925996375474 0.7361410467199672 0.009782608695652175 0.01141304347826087
1 0.9228887167665072 0.4525803007652356 0.011968941154504573 0.014147775011248809
1 0.8955047896675157 0.5735634784770028 0.012907608695652172 0.013451086956521741
1 0.8285210940153418 0.7802210871726551 0.01154891304347826 0.011005434782608695
1 0.8298118548849075 0.6597727176074375 0.010597826086956521 0.010054347826086957
1 0.8854417482506669 0.5451619226163902 0.011556364692702898 0.017835520192829215
1 0.8611297896675154 0.6334217287235478 0.010461956521739117 0.013330630927873698
1 0.9264151157544721 0.5644650343376155 0.010326086956521738 0.012373763895138133
1 0.9298797896675153 0.5334284721457966 0.008559782608695648 0.009516649641430942
1 0.8536606894051713 0.6504704691202238 0.01074114730139881 0.012102024764703815
1 0.8989669796974848 0.4869075962493739 0.009510869565217392 0.009375
1 0.8225428331457766 0.8234276089117857 0.010733695652173914 0.009375
1 0.8407369354695327 0.6182004840350581 0.01046195652173913 0.010054347826086957
1 0.8722710940153418 0.5408189132596114 0.012364130434782607 0.012092391304347827
1 0.8281072756120021 0.7158878113882555 0.011561332458851836 0.010599752779027924
1 0.7959123983631676 0.7529276814465635 0.01182065217391303 0.019190362460862007
1 0.8226157356945346 0.6907567585532162 0.01142297901056028 0.012511560152427293
1 0.8309697194859162 0.8496284786111659 0.014390148587530405 0.015857210212646036
1 0.8375086456537184 0.7657283288098006 0.008611944153267074 0.016381415508931952
1 0.8286916552110877 0.7663426318913855 0.008201851574540057 0.012695597019422139
1 0.8489513323951369 0.6276845310080925 0.010054347826086957 0.010326086956521738
1 0.8304971663524222 0.6506185127205972 0.010054347826086957 0.010326086956521738
1 0.8288567960375142 0.7046771839000724 0.010054347826086957 0.010326086956521738
1 0.8374687401907811 0.6948483345947132 0.010054347826086957 0.010326086956521738
1 0.8497715175525912 0.7009913654105628 0.010054347826086957 0.010326086956521738
1 0.8833991090082052 0.7468593288355718 0.010054347826086957 0.010326086956521738
1 0.8489513323951374 0.7145060332054314 0.010054347826086957 0.010326086956521738
1 0.8463256360963488 0.6705113511641325 0.010662407046902057 0.015152809345762332
1 0.8817461933422328 0.6149242009332717 0.01046195652173913 0.010054347826086957
1 0.8485286944653454 0.604276280852466 0.012922511994101698 0.010054347826086957
1 0.8727975570966352 0.5844865282864685 0.009795028111028175 0.011430383706901812
1 0.8886566659790002 0.6012404092478565 0.011277173913043479 0.010733695652173914
1 0.9165461602290551 0.6733780988781973 0.01189268478308307 0.011057455468529155
1 0.9165461602290551 0.6733780988781973 0.01189268478308307 0.011057455468529155
1 0.9304893079057731 0.594337769047601 0.01025231446817543 0.011057455468529143
1 0.9251581043823223 0.6889404436116824 0.01189268478308307 0.011057455468529155
1 0.930079215327046 0.6725590281027506 0.011072499625629622 0.011057455468529149
1 0.9247480118035952 0.636929449370824 0.01189268478308307 0.011057455468529155
1 0.9308994004845 0.5828707781913487 0.01025231446817543 0.011057455468529143
1 0.9296958563842884 0.5462407095839287 0.010326086956521738 0.010326086956521738
1 0.9259782895397762 0.41434696614321226 0.013533055097990854 0.01310513240714549
1 0.8816882910372601 0.5073114991564006 0.013533055097990855 0.01310513240714549
1 0.903833290288518 0.4643102834454544 0.013533055097990855 0.01310513240714549
1 0.9177764379652363 0.43687141246799344 0.013533055097990855 0.01310513240714549
1 0.9304165602830587 0.43649856142177 0.009103260869565215 0.010877271985675792
1 0.9319246319313177 0.6539251679613407 0.007381666417086024 0.013924203182592123
1 0.9313094930632272 0.7014312729372432 0.006971573838358864 0.011466990856252295
1 0.9316266108709162 0.6897181250911589 0.006433518146052677 0.013426472652631815
