1 0.20535980589332273 0.045416110918715606 0.018758828422947803 0.018758828422947765
1 0.19548673830229757 0.06269397920300959 0.018758828422947803 0.018758828422947765
1 0.22362498093671923 0.08836395493967497 0.018758828422947803 0.018758828422947765
1 0.20758124610130346 0.09379414211473876 0.015303254766088953 0.014809601386537686
1 0.22337815424694368 0.11205931715813527 0.015303254766088953 0.014809601386537686
1 0.2223908474878412 0.12588161178557045 0.015303254766088953 0.014809601386537686
1 0.22782103466290507 0.14562774696762074 0.015303254766088953 0.014809601386537686
1 0.23325122183796893 0.20190423223646403 0.015303254766088953 0.014809601386537686
1 0.07478848700201553 0.1364951594459225 0.015303254766088951 0.012341334488781391
1 0.0762694471406693 0.1468618804164989 0.015303254766088951 0.012341334488781391
1 0.11674902426387235 0.1754937764304718 0.015303254766088951 0.012341334488781391
1 0.14686188041649892 0.20190423223646398 0.0123413344887813 0.016784214904742686
1 0.152785720971114 0.22461228769582178 0.0123413344887813 0.016784214904742686
1 0.17006358925540804 0.23942188908235945 0.0123413344887813 0.016784214904742686
1 0.15821590814617792 0.24682668977562838 0.0123413344887813 0.016784214904742686
1 0.1745064696713694 0.2586743708848585 0.0123413344887813 0.016784214904742686
1 0.18191127036463822 0.27842050606690877 0.0123413344887813 0.016784214904742686
1 0.1095910502603792 0.20535980589332273 0.018758828422947574 0.016784214904742613
1 0.24361794280854535 0.23004247487088567 0.0123413344887813 0.016784214904742686
1 0.2633640779905957 0.2364599688050518 0.016290561525191465 0.016784214904742672
1 0.2436179428085453 0.24435842287787202 0.012341334488781351 0.010860374350127502
1 0.29150232062501735 0.26015533102351235 0.0123413344887813 0.016784214904742686
1 0.2766927192384796 0.26706647833723 0.0123413344887813 0.016784214904742686
1 0.2870594402090561 0.2853316533806265 0.0123413344887813 0.016784214904742686
1 0.2737307989611723 0.2897745337965878 0.0123413344887813 0.016784214904742686
1 0.25102274350181447 0.27447127903049895 0.0123413344887813 0.016784214904742686
1 0.24657986308585322 0.29323010745344674 0.0123413344887813 0.016784214904742686
1 0.23917506239258438 0.32038104332876594 0.0123413344887813 0.016784214904742686
1 0.23028930156066177 0.3346969913357523 0.0123413344887813 0.016784214904742686
1 0.25349101039957084 0.3425954454085724 0.0123413344887813 0.016784214904742686
1 0.26040215771328834 0.33173507105844485 0.0123413344887813 0.016784214904742686
1 0.2574402374359808 0.31593816291280474 0.0123413344887813 0.016784214904742686
1 0.26237677123149333 0.3055714419422284 0.0123413344887813 0.016784214904742686
1 0.3572075854432898 0.7569187268659422 0.0123413344887813 0.016784214904742686
1 0.34308909878812377 0.7710372135211082 0.0123413344887813 0.016784214904742686
1 0.4043104999459266 0.771383401398248 0.0123413344887813 0.016784214904742686
1 0.3735267054284553 0.7762049595756833 0.0123413344887813 0.016784214904742686
1 0.3549822508998581 0.7891860777457012 0.0123413344887813 0.016784214904742686
1 0.38112993178517995 0.763038396860379 0.01271222357935333 0.013446213089594528
1 0.3866932681437591 0.7782448495738288 0.01271222357935333 0.013446213089594528
1 0.40060160904020736 0.7995709722817159 0.011599556307637418 0.01084998945559161
1 0.40060160904020736 0.8081014213648704 0.011599556307637418 0.01084998945559161
1 0.38279893269275406 0.8010545286440036 0.011599556307637418 0.01084998945559161
1 0.3664798127075885 0.7966038595571403 0.011599556307637418 0.01084998945559161
1 0.357393029988576 0.8134793131781634 0.013454001760497184 0.011962656727306599
1 0.38261348814746826 0.8212679840801743 0.013454001760497184 0.011962656727306599
1 0.36592347907173073 0.8286857658916134 0.013454001760497184 0.011962656727306599
1 0.38520971178147184 0.8435213295144909 0.013454001760497184 0.011962656727306599
1 0.42378217720095407 0.8361035477030522 0.013454001760497184 0.011962656727306599
1 0.36295636634715545 0.8487137767824982 0.013454001760497184 0.011962656727306599
1 0.3989326081326338 0.8583568931373687 0.013454001760497184 0.011962656727306599
1 0.3815008208757524 0.8702253440356711 0.013454001760497184 0.011962656727306599
1 0.37705015178888907 0.8909951331076997 0.013454001760497184 0.011962656727306599
1 0.37742104087946093 0.9006382494625704 0.013454001760497184 0.011962656727306599
1 0.39021671450419304 0.9073142530928655 0.01456666903221302 0.014187991270738061
1 0.40672127903464433 0.8984129149191388 0.013454001760497184 0.011962656727306599
1 0.41413906084608326 0.9110231439985849 0.013454001760497184 0.011962656727306599
1 0.4007870535854934 0.9258587076214627 0.013454001760497184 0.011962656727306599
1 0.37111592633973783 0.9243751512591749 0.013454001760497184 0.011962656727306599
1 0.37890459724174874 0.9377271585197648 0.013454001760497184 0.011962656727306599
1 0.357393029988576 0.9455158294217756 0.013454001760497184 0.011962656727306599
1 0.38298437723804013 0.9514500548709266 0.013454001760497184 0.011962656727306599
1 0.4004161644949215 0.9521918330520707 0.013454001760497184 0.011962656727306599
1 0.4085757244875044 0.970365398490096 0.013454001760497184 0.011962656727306599
1 0.38632237905318795 0.9729616221240994 0.013454001760497184 0.011962656727306599
1 0.366665257252875 0.9640602839503728 0.013454001760497184 0.011962656727306599
1 0.35405502817342893 0.9699945093995239 0.013454001760497184 0.011962656727306599
1 0.3566512518074326 0.983346516660114 0.013454001760497184 0.011962656727306599
1 0.3970781626797744 0.9850155175676876 0.013454001760497172 0.00788287673101572
1 0.4130263935743681 0.9855718512035462 0.01122866721706593 0.007511987640444637
