1 0.3311964843584144 0.7843653844750446 0.012846884520157524 0.013599354287852411
1 0.1378090588942818 0.21513646581898566 0.013690927754277769 0.014906758847443954
1 0.40038996157438866 0.8332727681035581 0.013964943263841711 0.014796713124150816
1 0.07460722197657046 0.2873043702996295 0.014307820278665295 0.01802417506342349
1 0.14358485263326895 0.3998569483342378 0.014278349669083305 0.014907106109287426
1 0.26874302781146503 0.27997164104295813 0.013514456541641899 0.014225918313731318
1 0.10283741743668266 0.37715714910755993 0.013080161550770636 0.01408398669698964
1 0.33483587140622345 0.9303187494692595 0.012493071348770805 0.013556936512822691
1 0.3086329128431238 0.8600488123686418 0.012279925139054008 0.013415751249893852
1 0.1467960191809613 0.42704211110654083 0.013626202293064282 0.01389113716457201
1 0.21294657043788745 0.3091273100479789 0.012608009835948114 0.013826204382854958
1 0.2564948019774064 0.26638570039168646 0.014322135759436565 0.013627757196841032
1 0.3163103849991508 0.7759268387504247 0.012020235476286514 0.012979756230893343
1 0.2806563377380371 0.485127822212551 0.012735947318699047 0.012755850087041441
1 0.1041875352030215 0.40930980184803833 0.013110233389812966 0.013906561810037365
1 0.1633427972378938 0.41013258695602417 0.013332677924114723 0.013563441193622093
1 0.06962342365928319 0.37349595194277563 0.013009465259054432 0.013997492582901665
1 0.2731318888456925 0.4709061954332435 0.012851383375084919 0.013373789579971977
1 0.18305105748383899 0.38540433541588165 0.013355897820514183 0.016641539076100224
1 0.34067242041878076 0.8088807437730872 0.012424904367198114 0.012511419213336449
1 0.12784461871437405 0.4182825917782991 0.013059066689532738 0.013629166976265285
1 0.09397818990375685 0.3610154856806216 0.014046954072040062 0.013819321342136547
1 0.21675988902216375 0.21895007465196692 0.013452115266219429 0.016566628995149033
1 0.13109835334446118 0.3029705337856127 0.013576383176057236 0.013639118360436481
1 0.15586080758467966 0.1510383771813434 0.019215915514075237 0.013633023137631624
1 0.18123696161353067 0.42848002392312756 0.012673647507377293 0.01282227557638417
1 0.384021880833999 0.8248204148334005 0.013952830563420835 0.014221979224163551
1 0.11984623515087625 0.4012408878492273 0.013287285099858824 0.014289275459621265
1 0.35393885814625287 0.9454444180364195 0.012951195240020752 0.013251968052076258
1 0.16436420834582788 0.4310412769732268 0.012839182563450024 0.01295980163242506
1 0.1981280575627866 0.3409118237702743 0.01365686499554178 0.013521235922108526
1 0.4198506604070249 0.865187230317489 0.013495445251464844 0.013340245122494905
1 0.20463367130445395 0.29083310002866 0.013369352921195652 0.013824960459833559
1 0.26436833713365643 0.29881198509879736 0.013469550920569378 0.01359099927155868
1 0.33643883207569947 0.8971657545670217 0.011945164721945057 0.01450148872707201
1 0.12379281935484512 0.36159857459690264 0.014402545016744862 0.014217418173085089
1 0.2527576736781908 0.2512403985728388 0.013934840326723845 0.015586148137631624
1 0.10570080902265466 0.32488575836886535 0.013975215994793434 0.013532423454782238
1 0.18434568073438562 0.40644873743471893 0.013567012289296026 0.013733407725458559
1 0.14987008467964505 0.30156753374182654 0.013440422389818274 0.012527134107506794
1 0.14671657914700714 0.031394624191781746 0.013221668160480003 0.014122994049735691
1 0.30827665328979487 0.9032444331956946 0.01166899307914402 0.013152163961659307
1 0.2951850372812022 0.6660836053931195 0.013269818347433338 0.013265734133513077
1 0.13673890673595926 0.1831011253854503 0.012561124304066534 0.013562679290771484
1 0.13828362589297089 0.3803954461346502 0.012983425803806469 0.012977460156316343
1 0.07960376791332079 0.4484029179034026 0.012991081113400667 0.014151168906170387
1 0.23555442561273987 0.2533907682999321 0.013356001480765965 0.013024495995563011
1 0.27222461285798444 0.5712924418242082 0.013274980627972145 0.013515265091605808
1 0.14699561699577 0.45667590783989953 0.011985364167586617 0.011306275492129118
1 0.09103348980779233 0.34595189923825465 0.014363827912703804 0.014573200889255688
1 0.2037666880566141 0.3704982088959735 0.013081654258396313 0.013324390286984652
1 0.19737862504046894 0.11305063185484512 0.013164997100830078 0.013351658116216246
1 0.20844679293425186 0.3555710626685101 0.011838995892068615 0.013065213742463486
1 0.25709557533264155 0.46719932556152344 0.012745214545208473 0.016198033871858017
1 0.1358836889266968 0.4426300836646039 0.013549690661223038 0.013736932174019192
1 0.2656769441521686 0.45136547088623047 0.012469809988270636 0.01288604736328125
1 0.3427664566299189 0.880154796268629 0.01268273721570554 0.013442951699961786
1 0.07234750882438991 0.14171580128047778 0.013100826221963634 0.01463422567948051
1 0.2561054748037587 0.9619328457376233 0.012278701948082966 0.013485037762185802
1 0.2079532768415368 0.25531678614409076 0.012724814207657524 0.01306195881055749
1 0.17804831525553827 0.3592525863129159 0.01365413873091988 0.013126977111982263
1 0.4547442353290061 0.9003029284269912 0.013065794239873472 0.013770476631496265
1 0.1308206423469212 0.16035640239715576 0.012518291888029678 0.012874240460603134
1 0.1830447134764298 0.27119700805000635 0.01118164477141007 0.011460055475649626
1 0.22179633638133173 0.5387898942698603 0.014780645785124405 0.014331278593643852
1 0.2849637114483377 0.7334888499716054 0.01140805949335513 0.01167998106583305
1 0.22553705132525903 0.07710450369378793 0.013559299966563349 0.013184552607328995
1 0.14815618162569794 0.08012627777845964 0.012597135875536047 0.01404305644657301
1 0.26304805797079334 0.9790061453114385 0.012537728185239046 0.012889115706734035
1 0.07840866368749869 0.18748665892559546 0.014322949492413063 0.015465052231498386
1 0.2646566370259161 0.9460839188617208 0.01200524620387865 0.012015923209812329
1 0.20142031752544898 0.3907145831895912 0.012711296910824984 0.013658647951872452
1 0.2814122904901919 0.6244846530582594 0.01287841796875 0.017089366912841797
1 0.4090091637943102 0.8964588953101117 0.012866937595865002 0.012454032897949219
1 0.24376402730527133 0.946815366330354 0.012202884839928669 0.012430025183636208
1 0.14618358404740042 0.3347289562225342 0.013155149376910667 0.014033130977464758
1 0.23929614606110947 0.38800538104513416 0.01198378853175951 0.023465612660283627
1 0.17000680902729862 0.3711363271526668 0.012995854667995289 0.014144827490267546
1 0.3774327169293943 0.8699372954990554 0.011435441348863684 0.011386581089185633
1 0.15748944489852243 0.3506186734075132 0.013636298801587976 0.0243309269780698
1 0.3986567207004714 0.9094489553700322 0.012760576994522758 0.012878252112347145
1 0.35868476784747577 0.9596900939941406 0.012704144353451937 0.013115509696628735
1 0.33208015431528504 0.835843210634978 0.012209804161735203 0.011684666509213655
1 0.19076091310252308 0.23310854123986285 0.012344629868217136 0.012768413709557575
1 0.10952942786009415 0.459203927413277 0.01194708243660305 0.015515866486922554
1 0.1295249254807182 0.11642445688662323 0.011225534522015114 0.012163017107092815
1 0.19007476516391922 0.12970537724702255 0.01301066771797512 0.013148473656695824
1 0.11646314807560135 0.22618343519127887 0.013511253439861794 0.013962331025496773
1 0.253799759823343 0.23085369234499722 0.013868394105330757 0.014920089555823284
1 0.10735745015351668 0.48956504075423524 0.011647452478823454 0.011898579804793648
1 0.10706349041150964 0.03270592767259349 0.013705543849779211 0.014348561349122421
1 0.23111123624055283 0.3964958216833032 0.01116317251454229 0.012209669403407886
1 0.1746816738792088 0.038794956777406776 0.020341106083082115 0.012635409832000732
1 0.38556204671445093 0.9293523249418838 0.012052411618440048 0.012663094893745754
1 0.07262765842935315 0.462651252746582 0.012929512106853981 0.013980533765709919
1 0.14752123148544974 0.31588106570036517 0.012733075929724651 0.013327059538468071
1 0.19583510315936542 0.26807066668634827 0.011712343796439793 0.011964777241582457
1 0.22681240413499915 0.3339852606472762 0.015762246173361073 0.012892752885818481
1 0.3919205613758253 0.9816774699998938 0.012258477832960047 0.012040428493333899
1 0.2957554070845894 0.7231141795282778 0.012023552604343579 0.013212038123089333
1 0.12701385435850723 0.34364746187044226 0.014348372169162914 0.013872193253558616
1 0.25695715779843536 0.3297974823609643 0.013692482658054516 0.014067456774089649
1 0.11139192270196002 0.3454146981239319 0.013486333515333094 0.014125694399294645
1 0.12527289079583212 0.055985642516094704 0.013592606005461319 0.013178980868795643
1 0.10445638324903406 0.430541121441385 0.01201324877531632 0.012931906658670177
1 0.17310707465462064 0.14660279647163724 0.01259569499803626 0.013062995413075323
1 0.1110929872678674 0.5782064251277756 0.01298528132231339 0.014239456342614216
1 0.15647704704948093 0.18700942785843558 0.01319648908532184 0.014168511266293734
1 0.08722515469012054 0.4318566736967667 0.013160399768663488 0.013650769772736923
1 0.13820777250372843 0.25925088965374493 0.013515544974285622 0.01449908380923064
1 0.3701433966989103 0.9460228007772694 0.01319901062094647 0.012855571249256964
1 0.07246988493463266 0.11472178542095682 0.013810442841571312 0.015057833298392918
1 0.3080421841662863 0.9226904330046282 0.012568618940270466 0.012448932813561481
1 0.1751692346904589 0.22593755307404892 0.011587526487267536 0.012149727862814198
1 0.08346334229344907 0.3992325741311778 0.013114172479380732 0.013785735420558765
1 0.18231359772060227 0.24271604289179266 0.012158331663712212 0.013391411822775135
1 0.0725705571796583 0.4104618404222572 0.012479937594869862 0.013940645300823708
1 0.24887230085289996 0.3038731968921164 0.013542507005774456 0.014307830644690472
1 0.10376394313314688 0.09802325393842615 0.013573978258215862 0.014945061310477879
1 0.1998603343963623 0.41128026920816174 0.011634474215300186 0.012238896411398182
1 0.18196897921354874 0.28694033622741694 0.014001887777577276 0.013701666956362516
1 0.3485393524169922 0.7882095834483271 0.013439676036005434 0.013894288436226223
1 0.22598879233650543 0.36852865633757226 0.011753227399743122 0.01241402004076087
1 0.357272207736969 0.8832774369612986 0.011866574702055557 0.012722098309060802
1 0.0975005523018215 0.31124599083610205 0.01122240398241126 0.012149499810260277
1 0.31171184000761615 0.7903376247571863 0.012784688369087551 0.012664504673170008
1 0.27891075092813244 0.5279640944107719 0.012468400208846382 0.012938789699388586
1 0.27694546658059827 0.6968652061794114 0.011406318001125171 0.011141984359077785
1 0.09454548877218497 0.1628991002621858 0.014820098876953125 0.015328967052957287
1 0.17199239523514456 0.33883608424145245 0.013117271920909052 0.012536100719286047
1 0.11322766283284062 0.08510344183963277 0.013736984004145083 0.014735734981039295
1 0.36987708962481947 0.8548638509667438 0.012665333955184273 0.013022505718728771
1 0.26678459540657373 0.7743065460868503 0.012570484824802563 0.012629965077275816
1 0.3570582931456358 0.8514223306075387 0.012170675008193306 0.01606638535209324
1 0.08907077623450238 0.05869953787845114 0.010847153870955757 0.012190419694651728
1 0.11106807770936386 0.11422039633211883 0.011371954627659008 0.012761354446411133
1 0.24141226644101352 0.7475625121075175 0.013071723606275476 0.014960454857867699
1 0.3155148754949155 0.8453962284585704 0.013465591098951258 0.013273944025454313
1 0.45984716000764264 0.9466986863509469 0.012972375620966372 0.013092621513034985
1 0.2586212676504384 0.34887739886408264 0.013020784958549168 0.013593445653500765
1 0.10554834034131921 0.2522535531417183 0.013454706772514011 0.013708985370138416
1 0.28534986661828077 0.5580872038136357 0.012468172156292458 0.012720729993737263
1 0.17228905014369797 0.20998386714769446 0.011262872944707457 0.012155035267705503
1 0.11792695522308351 0.43843224255935 0.01194322627523671 0.013153418250705883
1 0.26054447630177374 0.38607468812362006 0.013084183568539827 0.014027056486710258
1 0.3042014681774637 0.7428134835284689 0.013484768245531164 0.014282807059909985
1 0.13401326925858206 0.07749624355979588 0.013427278269892153 0.014204149660856827
1 0.11602739147517992 0.2696089226266612 0.01486211237700089 0.01463523118392281
1 0.16583792023036792 0.24342687233634613 0.011569976806640625 0.012500617815100628
1 0.2513855436573858 0.42388668267623236 0.012626730877420177 0.012003877888555113
1 0.11181118177331012 0.31076974454133405 0.011424748793892239 0.012483016304347828
1 0.2821245919103208 0.5149844107420548 0.01140799729720406 0.011853446131167204
1 0.21268435146497647 0.04624537410943405 0.010886835015338402 0.011832048063692839
1 0.2786058653955874 0.5450914735379426 0.013092766637387484 0.013751755590024202
1 0.19609317572220508 0.04730238214783047 0.01115349064702573 0.011705167915510096
1 0.4465201626653257 0.9130676725636357 0.011303155318550442 0.012115934620732847
1 0.17517600370490033 0.48826194846111803 0.01188355943431025 0.010978906050972317
1 0.2449481176293415 0.35756739326145337 0.013103982676630434 0.014041776242463486
1 0.4050108868142832 0.8615641801253611 0.013016410495923914 0.01334654766580333
1 0.0867399055024852 0.029982986657515812 0.01416319867838984 0.014526108036870542
1 0.28877134945081634 0.7579923712688945 0.012090413466743801 0.01219965064007303
1 0.08869548465894615 0.3228468969464302 0.011178700820259426 0.014256243472513945
1 0.2150057502414869 0.26990562936534046 0.011669076007345448 0.011678529822308083
1 0.14283489662667978 0.3640533322873323 0.014374287232108738 0.013584427211595617
1 0.2687623915464982 0.4030435085296631 0.013434099114459495 0.016136936519456947
1 0.24183879727902619 0.3384052566860032 0.014075134111487347 0.016720357148543648
1 0.33293641131857166 0.8474424818287725 0.01155363995095958 0.0117791631947393
1 0.22489427483600122 0.561581155528193 0.013071226037066917 0.012878749681555706
1 0.07525282061618307 0.048393166583517326 0.012944413268047829 0.013304440871528957
1 0.4793243822844132 0.986562728881836 0.01313292461892833 0.013123387875764267
1 0.09633146679919698 0.2662341594696045 0.013717309288356617 0.014319855233897333
1 0.1998421938523002 0.21724510192871097 0.011416414509648863 0.01270219554071841
1 0.2785566993381666 0.4391922536103622 0.012979507446289062 0.013283729553222656
1 0.08520977134289948 0.37877984668897546 0.013430144475853962 0.013394604558530062
1 0.393425754878832 0.8674432298411494 0.011672434599503227 0.014050483703613281
1 0.4803641568059506 0.9720105295595916 0.01356668057649032 0.014895646468452785
1 0.26787460368612537 0.4207477984221085 0.01296277668165124 0.023009258767832882
1 0.3782797274382218 0.9090534500453782 0.012331755264945652 0.013232562852942425
1 0.17197923038316812 0.1727344264154849 0.014068292534869652 0.02512960848600968
1 0.07288562992344731 0.3318186842876932 0.014662322790726372 0.014251128486965015
1 0.19711122305496875 0.6149776707524839 0.013557288957678753 0.01532745361328125
1 0.2153759417326554 0.6263215023538341 0.012493216473123302 0.01284466619076936
1 0.28770559767018195 0.9375343322753906 0.013184112051258917 0.012578383735988453
1 0.36077070236206055 0.8023641213126804 0.012481730917225714 0.016896082007366676
1 0.37171946401181427 0.8361451522163723 0.012966612110967222 0.012963502303413723
1 0.3932999320652175 0.8944393033566681 0.011637148649796196 0.01219778475554093
1 0.21922429748203445 0.38632069463315216 0.018575730531112007 0.019178390502929688
1 0.4253125398055366 0.8812882381936779 0.013298615165378735 0.013403104699176292
1 0.2500087592912757 0.5002018368762472 0.011039588762366253 0.011850170467210852
1 0.18143926496091095 0.19615896888401196 0.013805949169656506 0.012931782266368036
1 0.23852058078931726 0.9191249142522399 0.01256121759829314 0.01246630627176036
1 0.2996776311293893 0.8014643710592518 0.012134241021197777 0.013211706410283628
1 0.1816169386324675 0.11685730063396951 0.013677534849747368 0.013529445814049763
1 0.16766993895820953 0.1144383834755939 0.010992195295250935 0.01151610457378885
1 0.13184617913287622 0.5188662280207095 0.012103681978972061 0.01217813077180282
1 0.24009041164232336 0.3236347592395285 0.013462356899095617 0.013629021851912788
1 0.14556739122971243 0.15679836273193362 0.013371664544810419 0.014434980309527855
1 0.19206908474797785 0.4415261641792628 0.012631022411844006 0.015505749246348505
1 0.19130481844363006 0.25163208920022717 0.010988795238992443 0.011973712755286175
1 0.19175296244413956 0.30319349662117334 0.012966840163521145 0.013251200966213062
1 0.2608285779538362 0.3658337385758109 0.013987292414126188 0.017787933349609375
1 0.10444669101549228 0.5450790032096531 0.011620438617208729 0.012895874355150305
1 0.3953281900157099 0.8483605177506156 0.013248858244522758 0.013039215751316235
1 0.14489733654519785 0.2760966135107953 0.011623652085014011 0.012304927991784138
1 0.1700032068335492 0.053973363793414574 0.01316821056863536 0.012580881948056429
1 0.27171593127043353 0.7499474857164466 0.011424728061841883 0.012316786724588146
1 0.24138011103091034 0.9051005114679751 0.011703118034031079 0.011864828026813011
1 0.14627814292907718 0.503912822059963 0.01213706058004628 0.01228170809538468
1 0.20848119777181875 0.44244957488516107 0.01141276566878609 0.02349356983018958
1 0.29078433824622113 0.9171728051227072 0.012021106222401495 0.011958744214928669
1 0.24225517977838934 0.5595215299855107 0.012052681135094685 0.01328115877897843
1 0.4112755733987559 0.9438272973765498 0.013229535973590355 0.024015094922936478
1 0.1667267032291578 0.09407690815303635 0.01212317010630732 0.015231536782306175
1 0.11682536291039508 0.1670494908871858 0.012532089067542034 0.013834041097889776
1 0.14724861020627228 0.13637841266134512 0.011462170144786005 0.011798215949017067
1 0.20748638070147973 0.03415493084036786 0.012475884479025135 0.013016804404880688
1 0.25976024503293244 0.5856836775074834 0.011863356051237686 0.0148919561634893
1 0.23287660142649774 0.34615218121072516 0.011665862539540167 0.012303227963654892
1 0.46191928179367736 0.9718075835186503 0.012018856794937798 0.011612643366274626
1 0.13737582123797873 0.2420933661253556 0.01414267913154934 0.014004479283871859
1 0.39317060035207985 0.9516484219094983 0.013280775236046833 0.013050493986710258
1 0.12334840194038722 0.040574602458787995 0.012352570243503735 0.01503740186276643
1 0.186616213425346 0.08792495986689693 0.011341385219408117 0.01188194751739502
1 0.15459768668464993 0.2182420647662619 0.012200065281080164 0.01641708871592646
1 0.15479298778202222 0.38237671230150305 0.01267398958620818 0.013451451840608017
1 0.13406654544498608 0.46077788912731676 0.011855819950933042 0.014638517213904339
1 0.2887947973997697 0.9531208535899287 0.011556563170059868 0.010498378587805706
1 0.2802724423615829 0.6717583096545675 0.012200231137483017 0.012961118117622707
1 0.27246852543043054 0.5035727749700132 0.011356395223866339 0.01176589468251104
1 0.3241251026806624 0.8850398685621179 0.01296316929485487 0.014705989671790081
1 0.12524019635241965 0.09663620202437691 0.013544175935828167 0.013376567674719769
1 0.14605001781297766 0.11952973448711893 0.013672932334568188 0.01383464232735012
1 0.10241941265437914 0.19358633912127948 0.015608901562898056 0.014070407204006031
1 0.418307988539986 0.9745162466297979 0.013368896816087805 0.01217750881029212
1 0.29625221957331116 0.6381605500760287 0.01437520980834961 0.01285484562749448
1 0.14869404875713846 0.5193847987962805 0.011773067971934443 0.012874934984290081
1 0.12386641295059868 0.2063549912494162 0.012481274812117867 0.014904644178307575
1 0.0739856595578401 0.5119491452756135 0.012121397516001825 0.013504235640816067
1 0.12665568227353302 0.3835422681725544 0.013814926147460938 0.013780013374660328
1 0.3588569656662318 0.8113896121149478 0.012355353521264118 0.012239497640858526
1 0.27843858884728473 0.5997771180194357 0.012634691984757133 0.013548021731169327
1 0.11385396770809007 0.4774440889773162 0.01920419153959855 0.012399051500403362
1 0.08194484918013863 0.5418087088543436 0.012055168981137484 0.012710156648055367
1 0.25753644238347595 0.810490027717922 0.010586925174878992 0.01095655690068784
1 0.2745624936145285 0.9298057141511336 0.015141632245934528 0.012554085772970448
1 0.23472746558811353 0.7832299937372623 0.0117181280384893 0.013647908749787704
1 0.3623267127119976 0.8663146392158839 0.01221484204997187 0.012927594392195992
1 0.20918993327928626 0.23257062746130902 0.012980544048806896 0.013497891633406929
1 0.3046134554821512 0.7608454953069272 0.013497663580853005 0.013473303421683933
1 0.21851334364517874 0.10344380399455196 0.013393650884213655 0.013656833897466246
1 0.3118290279222571 0.823096337525741 0.012850429700768513 0.013440546782120415
1 0.24639698733454168 0.5827599401059358 0.012479056482729704 0.012826339058254078
1 0.07257731841958087 0.308879510216091 0.012238113776497219 0.014086370882780655
1 0.4328906432442043 0.9791508342908777 0.01317273015561311 0.012925479723059612
1 0.12275358386661696 0.23932490141495413 0.013329412626183552 0.013096767923106318
1 0.12141694711602252 0.1420162138731583 0.011574237242988918 0.011545098346212635
1 0.40835069573443866 0.9239156557166058 0.012994517450747282 0.017989697663680367
1 0.1078031477720841 0.2922369189884352 0.014321472333825153 0.014731884002685547
1 0.2579475278439729 0.6119675636291504 0.013113021850585938 0.013101453366486923
1 0.1498168706893921 0.2505470566127611 0.011864403019780699 0.013312381246815557
1 0.10750177113906195 0.5160763989324156 0.011746562045553455 0.01210722715958305
1 0.25280812512273376 0.44141761116359546 0.012492573779562244 0.013178369273310122
1 0.08584612089654672 0.12823728893114172 0.012735413468402366 0.014375562253205673
1 0.2779327371846075 0.9086906598961871 0.010998290518055792 0.011210068412449047
1 0.16814408613287887 0.38871054027391516 0.012996165648750637 0.01385659756867782
1 0.335828507076139 0.8205850020698879 0.011147881331651108 0.012441635131835938
1 0.1745642423629761 0.1283898301746534 0.010748313820880394 0.012192280396171238
1 0.09373503145964249 0.44907229361326806 0.012728856957477074 0.013532047686369522
1 0.3688348298487456 0.8961041077323582 0.011827722839687183 0.012227099874745245
1 0.10009936664415439 0.3911007590915846 0.013268387835958729 0.01311816339907439
1 0.14050471264383066 0.04576929237531579 0.010693218397057575 0.011187460111535114
1 0.1495203401731408 0.05941934430080911 0.01015614426654318 0.01270969535993493
1 0.2243072260981021 0.28559637069702154 0.015620812125827954 0.014544694320015285
1 0.24306886092476224 0.6088105284649393 0.012053738469662874 0.013421805008597996
1 0.14428817707559335 0.4875162580738897 0.011785445005997368 0.013638579327127209
1 0.09849234249280847 0.6087894439697266 0.012889177902885105 0.01300322491189708
1 0.22508433590764587 0.428275932436404 0.011203247567881708 0.012539998344753101
1 0.10465526580810545 0.2099456787109375 0.013926423114279041 0.014613732047702954
1 0.12854142810987393 0.5493301101352857 0.011564814526101818 0.012625113777492359
1 0.1341124773025513 0.28245997428894043 0.0135744861934496 0.014931740968123726
1 0.12291949728260869 0.027495812462723777 0.013011496999989386 0.01386486836101698
1 0.209359303764675 0.5243931542272153 0.01327433793441109 0.014220465784487516
1 0.1654388075289519 0.44840120232623554 0.012163265891697094 0.013143539428710938
1 0.08460345734720645 0.4899167392564856 0.011368456094161324 0.012396480726159138
1 0.2538454014322032 0.7656820338705311 0.012497984844705334 0.012074802232825237
1 0.20766794163247812 0.09841365917869237 0.01878761208575705 0.014339104942653492
1 0.30667568289715313 0.8803546325020168 0.012819082840629246 0.013704299926757812
1 0.1892111197761867 0.036058894965959626 0.01348951588506284 0.013072423312975012
1 0.2074432476707127 0.6476440222366995 0.012860028640083645 0.015306514242421026
1 0.25579491905544116 0.9210909760516621 0.01220151652460513 0.011940873187521229
1 0.2227376025655995 0.3551195186117421 0.012488613957944124 0.012548405191172724
1 0.43068016093710193 0.9643157668735669 0.012535820836606234 0.010986535445503567
1 0.25207506055417267 0.7840572440105936 0.01180012329764988 0.01272508372431216
1 0.18089264372120734 0.1019047809683758 0.012063130088474438 0.011088029198024586
1 0.14616496666618015 0.17067288315814472 0.012720004371974781 0.01246985145237135
1 0.20037040503128714 0.6686365708060884 0.014051250789476477 0.013377314028532608
1 0.12478432448013971 0.5308027682097062 0.011322353197180706 0.012426542199176292
1 0.16558223703633185 0.255299827326899 0.01147169652192489 0.01143349771914275
1 0.19823781303737473 0.20423467262931488 0.013503862463909645 0.01470742018326469
1 0.4065384657486626 0.8796252997025198 0.013313210528829823 0.012503375177798063
1 0.3724300291227258 0.98028796652089 0.01384970416193423 0.014461931974991508
1 0.17196702438852057 0.07751796038254448 0.012784180433853813 0.024497830349466076
1 0.2497413158416748 0.2849262693653936 0.011211955029031506 0.012151427890943445
1 0.18498142905857254 0.05887818077336188 0.01087400187616763 0.012147058611330778
1 0.4256257751713629 0.951281091441279 0.011615556219349737 0.01315332495647928
1 0.36274714832720556 0.8223774329475735 0.011331967685533606 0.014085064763608187
1 0.23198598364125128 0.4638701107191002 0.012239124463952106 0.012198614037555199
1 0.20222426497417945 0.489592925361965 0.012262157771898352 0.012668194978133492
1 0.43736862099688983 0.8943998088007388 0.012671636498492699 0.014154185419497282
1 0.4330287860787433 0.9030090207638948 0.01103595028752866 0.012077124222465183
1 0.2645658721094546 0.49009192508199945 0.012218330217444378 0.01229033262833305
1 0.21582276924796723 0.06507665955502054 0.012804798457933508 0.013399222622747007
1 0.15322885824286422 0.23181329602780548 0.01358211558798085 0.01380851994390073
1 0.07509224570315817 0.269146203994751 0.0146620221759962 0.014481938403585682
1 0.33295511162799335 0.7996878623962401 0.014899336773416271 0.01646833834440812
1 0.20273741431858228 0.462212640306224 0.011801719665527344 0.01211789379949155
1 0.24060606956481934 0.9868420725283417 0.012036427207615063 0.011540122654127039
1 0.3001040375750998 0.6532284902489702 0.013616313105044157 0.01273184237272843
1 0.12812459468841553 0.12876869802889618 0.012590646743774414 0.014066727265067722
1 0.08395311884258104 0.41656056694362475 0.012478315311929455 0.013364501621412195
1 0.32134711224099866 0.8216079421665357 0.01697701993195907 0.012157481649647589
1 0.15318573557812235 0.28884128902269446 0.012814096782518469 0.018063586691151493
1 0.15341193261353867 0.44402114204738447 0.011651464130567469 0.011851269265879755
1 0.3008477376854938 0.7740693092346193 0.010653288468070652 0.010801025058912195
1 0.23001832547395126 0.4168019139248391 0.012139569158139437 0.012261877889218538
1 0.2628836942755658 0.7165868385978367 0.01156410963638969 0.011554925338081692
1 0.09673371522322943 0.4775066997693933 0.012617235598356827 0.012719486070715862
1 0.13734324600385583 0.10202244572017503 0.011105216067770252 0.012285325838171917
1 0.2178257444630498 0.020666355024213375 0.010832164598547894 0.011047520067380823
1 0.2919122861779254 0.7436998408773671 0.010877775109332542 0.010940178580906079
1 0.244983724925829 0.04977227812227996 0.014176430909529976 0.01362448153288468
1 0.2398439490276834 0.2756988898567531 0.011834434840990149 0.01219077732252038
1 0.2511192923006804 0.8377954856209133 0.01143727095230766 0.012383460998535156
1 0.10934202049089514 0.4494781960611758 0.012422696403835132 0.012114244958628778
1 0.40985372273818305 0.9629045984019403 0.011669563210528831 0.011232127314028532
1 0.1297245388445647 0.48727526872054383 0.011608071949170984 0.01116167980691661
1 0.09037999484850012 0.5036996965822966 0.012161628059718921 0.012656211853027344
1 0.16619395173114276 0.020580909822298134 0.013344640317170517 0.013969361782073975
1 0.20933777353037958 0.42287069818247924 0.011843639871348505 0.012885176617166271
1 0.18748488633529 0.45203160721322766 0.011613638504691746 0.01231397753176482
1 0.32124884880107374 0.8703483291294263 0.013499024121657661 0.012843463731848675
1 0.2121912085491678 0.3332385582768399 0.013230199399201767 0.013673073571661244
1 0.23904301809227985 0.29400606777357025 0.011432585508927055 0.01189677611641262
1 0.29507939711860987 0.8382033265155294 0.012190570002016813 0.011693995931874151
1 0.1271956433420596 0.3231348518444144 0.014006065285724144 0.014616954585780268
1 0.0912214388018069 0.6271647163059401 0.013471681138743525 0.013191140216329823
1 0.4408459093259728 0.9303706625233525 0.012007433435191278 0.01166534423828125
1 0.1115413178568301 0.5959472448929496 0.011846925901330036 0.013093906900157099
1 0.42278030644292414 0.9307356710019319 0.01357820759648862 0.013339084127674932
1 0.24190961796304453 0.40588725131490944 0.011470069055971891 0.011944439100182575
1 0.2855794118798297 0.8553546822589375 0.010951954385508661 0.01821111596148947
1 0.08321350553761357 0.5689535970273226 0.012974054917045261 0.013067908909009851
1 0.09122942064119421 0.14328296288200046 0.012966503267702848 0.014539594235627548
1 0.3213760182261467 0.9110633393992549 0.015506838326868803 0.013949560082477074
1 0.4542347140934156 0.9612013982689899 0.011808457581893257 0.012395153874936312
1 0.27133244016896124 0.9599045048589292 0.012316102566926376 0.014735263326893682
1 0.20277251367983612 0.31321096420288086 0.014952908391537874 0.012691580730935802
1 0.2830540304598601 0.9642914896425994 0.01201648297517196 0.010869814001995583
1 0.20773788120435632 0.4499551316966181 0.010547223298445992 0.0114472016044285
1 0.07108877793602321 0.06224040103995282 0.011056946671527366 0.010642316030419392
1 0.2412781611732815 0.6492147860319717 0.011451949243960173 0.011691134908924932
1 0.24306166690328845 0.4787996540898862 0.010389162146526833 0.012490811555281929
1 0.09003632224124411 0.5194874224455459 0.012164027794547703 0.012912335603133492
1 0.10772995845131252 0.14797893814418628 0.013631063958872919 0.01351829197095788
1 0.19676847043244738 0.0168295298581538 0.013709607331649117 0.012549658832342728
1 0.20080889826235562 0.2791149823561959 0.012194426163383152 0.01181571379951809
1 0.1970492756885031 0.42567161891771393 0.011809079543403957 0.011993076490319294
1 0.2404697148696236 0.8618000693943191 0.011925593666408375 0.011682178663170856
1 0.21022697117017664 0.08562436051990675 0.015471334042756454 0.014652174452076788
1 0.3467503526936407 0.9113499392633853 0.012287367945132048 0.012057221454122791
1 0.2175288615019425 0.48533336494279944 0.012104946634043818 0.013574092284492825
1 0.0803501476412234 0.25231012054111646 0.013937830924987793 0.017398523247760277
1 0.3814711156098739 0.967565453570822 0.013207518536111584 0.013092123943826427
1 0.09232024265372234 0.11058600052543309 0.013948051825813625 0.014860153198242188
1 0.1592712868814883 0.35592359822729364 0.01282954216003418 0.011814174444779106
1 0.13395541647206183 0.016458071444345558 0.013977195905602497 0.013112787319266277
1 0.38565764219864557 0.8855518258136251 0.012178006379500679 0.014649017997409985
1 0.3523015561311141 0.9317362204841945 0.013322498487389606 0.012882771699324898
1 0.16492299411607828 0.47972400810407556 0.010983156121295433 0.010828256607055664
1 0.21709821535193405 0.24742476836494778 0.01981565226679263 0.018767647121263588
1 0.27165823397429095 0.6409905889759893 0.012551183285920517 0.013387762981912365
1 0.15049366329027258 0.47268767978834064 0.01159446135811184 0.012822109719981318
1 0.2289077199023703 0.3045780036760413 0.012897056082020636 0.01368408617766007
1 0.21638546819272247 0.40642786544302234 0.011254269143809443 0.015068769454956055
1 0.23677863245425018 0.2298510281935982 0.013516384622325068 0.014692493107007898
1 0.242444836575052 0.8890486385511316 0.011548436206320057 0.012412320012631624
1 0.27138711058575177 0.34340243754179584 0.01493140925531802 0.016780874003534733
1 0.25724102103191876 0.6584292494732401 0.013909588689389437 0.014497300852899965
1 0.23819769983706268 0.4333853099657141 0.012410744376804516 0.014184951782226562
1 0.3445340550464133 0.8291888444320015 0.010824182759160582 0.011733179507048233
1 0.152468873106915 0.044222186441006874 0.012940520825593368 0.013894252155138098
1 0.4395271591518236 0.9440880651059358 0.012119583461595617 0.015359463899031929
1 0.2669728838879129 0.8292643090952998 0.010317574376645296 0.010825198629628057
1 0.09354908051698105 0.5775717963343081 0.014719973439755648 0.016000726948613705
1 0.1697524682335232 0.18986217871956204 0.014025408288706903 0.013558035311491592
1 0.09133410453796387 0.2940212436344313 0.013618966807489809 0.01513528823852539
1 0.2628950554391612 0.020378622023955635 0.01424704427304475 0.01471261097037274
1 0.16783375325410266 0.28334606212118396 0.011804767276929773 0.012592833975087042
1 0.1850510265516198 0.765446662902832 0.012779691944951597 0.01239088307256284
1 0.23765922629314923 0.501632607501486 0.011639263318932575 0.012450840162194294
1 0.06844482992006384 0.09942294203716776 0.01290385101152503 0.016167350437330162
1 0.2717325583748195 0.8407267694887908 0.010462346284285835 0.010233174199643343
1 0.24992950066276215 0.5966127437093983 0.01225274542103643 0.012513989987580673
1 0.19549694268599804 0.3562995454539423 0.012536069621210512 0.013064384460449219
1 0.27413699937903363 0.6514382777006729 0.012830734252929688 0.01324301180632218
1 0.06794621115145477 0.43451340820478357 0.011808291725490406 0.01495615295741869
1 0.4213035728620447 0.9104932287464972 0.011816833330237347 0.013790379399838655
1 0.3545085450877314 0.8994052513785984 0.011672268743100374 0.012704476066257641
1 0.2899942398071289 0.6110232083693795 0.014102562614109204 0.013840571693752125
1 0.10122096020242441 0.12599495182866635 0.014256021250849184 0.013623569322668987
1 0.35369286589000537 0.8348238571830415 0.011862635612487793 0.012305549953294836
1 0.06682958551075148 0.5646005091459856 0.011659896892050037 0.014108284660007641
1 0.27184414863586426 0.8826201687688413 0.01086767860080885 0.011542569036069124
1 0.12174238329348358 0.5028010762256124 0.01955556869506836 0.01321243203204611
1 0.2396014566006868 0.8199479061624279 0.011857716933540676 0.012048223744268003
1 0.2729900194251019 0.8616911017376444 0.012043911477793818 0.012597457222316578
1 0.36418241521586536 0.9085272913393767 0.012880356415458347 0.011697271595830503
1 0.25473216305608337 0.7344196361044179 0.012164800063423489 0.014430958291758661
1 0.2273420976555866 0.05136759125668069 0.013098778931990913 0.012515612270521082
1 0.2444238766379978 0.7233461711717688 0.012254569841467815 0.011508858722189198
1 0.25241106489430304 0.9018214889194653 0.012480963831362516 0.01291345513385275
1 0.21728421294170874 0.8299322750257409 0.01430090613987135 0.01446985161822775
1 0.25846425346706225 0.934707786725915 0.011465653129245922 0.011273715807043987
1 0.15338134765625 0.10182727938113006 0.013080555459727411 0.01374717380689538
1 0.40150045311969257 0.9762813733971636 0.013565229332965355 0.013165017832880434
1 0.2876603085061778 0.8866578807001528 0.012272088424019192 0.011426511018172554
1 0.4529214734616487 0.9283906273219897 0.013377687205439028 0.023209198661472485
1 0.455034877942956 0.9229951734128204 0.011004904042119566 0.01158917468527089
1 0.11876360748125159 0.19173134928164276 0.010829624922379204 0.011630721714185633
1 0.263382683629575 0.7943032306173573 0.011450560196586277 0.011302947998046875
1 0.07680309596269026 0.527215812517249 0.011730904164521591 0.012394075808317764
1 0.25069949937903363 0.6405738954958708 0.011828754259192425 0.011497456094493036
1 0.09101032174151877 0.2156770022019096 0.012315439141314964 0.014822731847348421
1 0.1623774663261745 0.3325750970322152 0.01114282400711723 0.012340745200281557
1 0.24248997024867844 0.6232168570808743 0.012143031410549 0.012312308601711109
1 0.1788015780241593 0.2587996358456819 0.01159767482591712 0.011713027954101562
1 0.16249497558759607 0.136199282563251 0.011434917864592178 0.011027346486630648
1 0.06973198444946953 0.5934019710706628 0.01174256594284721 0.013445688330608864
1 0.23155847839687183 0.26634824794271716 0.013422198917554773 0.013236978779668394
1 0.18350662355837613 0.018746523753456444 0.01292214186295219 0.01363931013190228
1 0.08566206175348035 0.6800149005392323 0.012457790582076363 0.012922784556513247
1 0.09107531931089319 0.07891779619714488 0.013615520104118015 0.01586783968884012
1 0.1274139984794285 0.5023549536000127 0.01222309858902641 0.014170853987984035
1 0.08080272052599036 0.5872761684915294 0.013563301252282185 0.013886327328889267
1 0.19025860662045685 0.4759376567343008 0.01192839249320652 0.01293120176895805
1 0.2589762418166451 0.8830372146938159 0.011689289756443188 0.010929563771123472
1 0.26566504395526386 0.5971455574035643 0.01148731812186863 0.01274710116179093
1 0.35843616983164917 0.9176205759463103 0.011838912963867188 0.011279064676036005
1 0.16019574973894202 0.4915694672128428 0.011878397153771442 0.012104096619979195
1 0.2875092236892037 0.8654136657714844 0.011301476022471552 0.011430491571841032
1 0.26665712439495587 0.8536722556404446 0.009981818821119226 0.010826484016750171
1 0.21175258055977203 0.7990950294162915 0.013787435448688011 0.012815807176672894
1 0.2578648898912513 0.6927983242532482 0.013224726137907608 0.013869658760402515
1 0.17487548226895538 0.08567058262617691 0.011306938917740532 0.011552981708360754
1 0.06883810654930446 0.17225616911183234 0.013261447782101839 0.015229826388151749
1 0.07498487700586734 0.6611284380373749 0.015885529310806938 0.014590926792310633
1 0.08150942947553552 0.47729718166848883 0.011691912360813305 0.011766226395316746
1 0.08921018372411313 0.22881309882454254 0.011503810467927353 0.013258084006931469
1 0.2524276919986891 0.5529479358507239 0.012294499770454739 0.013366906539253567
1 0.24636701915575113 0.8089035904925802 0.010438172713569973 0.01176440197488536
1 0.11120917486107866 0.18060651032820993 0.011599934619405994 0.012213458185610563
1 0.1014178006545357 0.016260106278502426 0.0140374639759893 0.014041925254075424
1 0.1678774356842041 0.2729434967041016 0.012630110201628311 0.013456676317297894
1 0.28596332798833435 0.8979751752770465 0.011339602263077446 0.01096543021824049
1 0.23693917108618695 0.9663564018581223 0.01235881059066109 0.012695229571798573
1 0.21512677358544394 0.38155648501023004 0.011012761489204739 0.012852347415426502
1 0.20153545296710468 0.874780675639277 0.013853321904721468 0.013480352318805199
1 0.20668203934379242 0.057498649410579514 0.010220942289932915 0.01093081287715746
1 0.23416255867999536 0.8456783916639244 0.011840530063795008 0.011691010516622791
1 0.1707460776619289 0.45993746881899633 0.010866579802139946 0.011250703231148098
1 0.17423635980357297 0.6933145937712297 0.013579866160517153 0.013838394828464672
1 0.16048760517783786 0.321987117762151 0.012339229169099228 0.015063300080921337
1 0.21941683603369674 0.4472115817277328 0.01382987395576809 0.011934145637180493
1 0.2620282898778501 0.6287812668344249 0.01243510453597359 0.011166593302851137
1 0.2299582854561184 0.4513225762740426 0.01140105206033458 0.013016037319017492
1 0.10472565111906632 0.5618997449460238 0.013613452082094938 0.014402099277662195
1 0.1737612123074739 0.3013779909714408 0.012785973756209663 0.013870384382164997
1 0.07293092167895773 0.23394284041031546 0.013679462930430536 0.014936156894849695
1 0.18283347461534583 0.3177016196043595 0.013862215954324474 0.014816263447637144
1 0.2766963087994119 0.8174630662669307 0.010911361030910328 0.00999587515126104
1 0.06903688803963039 0.6298038233881411 0.011890224788499914 0.014633759208347485
1 0.18804101322008215 0.2139797521674115 0.011258353357729704 0.012599468231201172
1 0.4477081713469132 0.9881441489509915 0.01249421161154042 0.011106117911960766
1 0.25216681024302606 0.4808102068693742 0.012448352316151495 0.012934145720108696
1 0.211050852485325 0.6031139415243397 0.013497953829557999 0.013014295826787535
1 0.37273348414379615 0.8808450284211531 0.012582685636437458 0.011767428854237432
1 0.23151268129763397 0.016643214484919674 0.01330046031786048 0.012629257596057396
1 0.22478508949279785 0.7293591706649117 0.01322594932887865 0.01100258205247962
1 0.21604224909906805 0.933284386344578 0.013417948847231657 0.01407225235648777
1 0.06705733226693195 0.24390677783800208 0.008944340374158777 0.010178794031557829
1 0.17789669140525485 0.474374128424603 0.011690461117288341 0.011120132778001867
1 0.19352478566377063 0.07622668017511783 0.0111266219097635 0.010776032572207243
1 0.26662517630535626 0.5094247486280359 0.015090444813603941 0.012824929278829823
1 0.10619123603986658 0.5291177915490192 0.010994341062462849 0.01288803764011549
1 0.43076836544534436 0.915290293486222 0.013537406921386719 0.01272657643193784
1 0.10153739348701808 0.05873954036961432 0.013842582702636719 0.014134754305300505
1 0.0941439607869024 0.5328726768493652 0.010835502458655315 0.011519597924273949
1 0.19084315714628797 0.7791513982026474 0.011410982712455418 0.011875028195588486
1 0.17740426892819613 0.31155690939530084 0.010969307111657185 0.0112499361452849
1 0.06810466621233069 0.07716841542202493 0.01247653753861137 0.014071811800417692
1 0.22595147464586343 0.6404638912366785 0.011632027833358101 0.012517638828443445
1 0.1623523183490919 0.4634498513263205 0.01141903711401898 0.012185055276621943
1 0.19275338753410007 0.7003457649894382 0.012702091880466625 0.014198344686756964
1 0.24666488688925037 0.4598400800124459 0.011463434799857761 0.013858359792958136
1 0.2786186778027078 0.684633731842041 0.01128609284110691 0.012431891068168308
1 0.4090609032174815 0.9509569665660028 0.011848968008290167 0.011746779732082203
1 0.23895592274873154 0.028258501835491345 0.014095161272131878 0.021362394094467163
1 0.15715822447901187 0.0626136012699293 0.014926361001056175 0.013723207556683083
1 0.2985128423442011 0.8168860103773035 0.011237579843272333 0.015298801919688349
1 0.2373094869696576 0.6331671839175017 0.01087729827217434 0.011018670123556385
1 0.23056461500084918 0.597660375678021 0.014860775159752888 0.013409365778384
1 0.24860396592513376 0.3728367686271668 0.012187087017556896 0.011968431265457817
1 0.0925647434980973 0.23938727378845215 0.01286159390988557 0.013036707173223082
1 0.2589118998983632 0.7400048297384509 0.013775742572286854 0.015746406886888588
1 0.44238255853238306 0.9596403578053351 0.01142436525096064 0.020545254582944122
1 0.13240642651267673 0.19829735548599906 0.012277903764144234 0.011603272479513416
1 0.25246179622152576 0.7037849633590036 0.011570453643798828 0.011448943096658459
1 0.267969100371651 0.8965972817462423 0.011412807132886804 0.01221739727517833
1 0.4659173851427824 0.9882241539333179 0.010548311731089716 0.010427889616593071
1 0.15997110760730246 0.2044927762902301 0.011427661646967348 0.011839327604874321
1 0.08874962899995888 0.09345967873283055 0.012674285017925759 0.014479181040888247
1 0.12075779230698296 0.15487842456154202 0.010273653527964716 0.010844842247340992
1 0.2550153939620308 0.8652508362479832 0.012234646341075068 0.012036862580672554
1 0.1750431423601897 0.17995212389075235 0.012976947038070015 0.013164976368779722
1 0.27978719835696014 0.8285250871077828 0.011190601017164148 0.01132177269977072
1 0.224933966346409 0.03473536475845005 0.011282692784848421 0.011796430401180103
1 0.21882230302561884 0.856286795242973 0.012329578399658203 0.012815309607464333
1 0.2008141538371211 0.7681055068969727 0.01219382493392281 0.01247480641240659
1 0.2731606441995372 0.8079393013663915 0.011664307635763416 0.015395579130753227
1 0.12818572832190472 0.47484434169271716 0.011753745701002039 0.011348206063975458
1 0.4461721959321396 0.9754430107448411 0.011786875517471977 0.011070168536642323
1 0.13497436046600345 0.1445128399392833 0.01161037320676057 0.012273601863695227
1 0.2035140369249427 0.7861681399138076 0.01076308540675951 0.01055883324664572
1 0.0686824373576952 0.6758390924204951 0.012107828389043394 0.016040055648140285
1 0.07427850754364677 0.9065183349277663 0.014680577361065407 0.0150610467661982
1 0.1970292692599089 0.06322573838026627 0.011737678361975628 0.01274970821712328
1 0.25134110450744623 0.4057018653206203 0.013440401657767918 0.014883995056152344
1 0.1896818720776102 0.8255179239356 0.019423215285591457 0.019503178803817085
1 0.06712774608446204 0.34513259970623517 0.010247883589371391 0.011781568112580673
1 0.24849370251531183 0.688321590423584 0.010477791661801546 0.011548208153766136
1 0.18872561662093457 0.724950064783511 0.020533188529636547 0.016510217086128567
1 0.21179694714753525 0.7527531955553138 0.012067172838293987 0.013183054716690727
1 0.21153112079786215 0.8889596565910007 0.012244017227836277 0.012577098348866339
1 0.232327067333719 0.706939116768215 0.011279520781143852 0.011288186778192934
1 0.2935298422108526 0.7793217327283777 0.010999264924422554 0.011037536289380945
1 0.2883983798649 0.7856129563373067 0.010353731072467308 0.0147063628486965
1 0.25914295859958814 0.8223745511925739 0.010889053344726562 0.011311406674592392
1 0.2709000317946724 0.6146086402561355 0.013632380444070568 0.012371477873429008
1 0.2092556435128917 0.7132375758627186 0.012379584105118462 0.011851974155591883
1 0.23757291876751446 0.6733662149180537 0.012198987214461617 0.011963222337805706
1 0.0836366311363552 0.6132928599481997 0.013729458269865616 0.014556470124617867
1 0.23249907078950302 0.764503292415453 0.01269574787305749 0.013541387475055199
1 0.069527514602827 0.8807145823603091 0.013451342997343643 0.014324519945227581
1 0.23413763875546664 0.6921035517816958 0.012496657993482508 0.012254714965820312
1 0.1372285200201947 0.4725844963737157 0.011677949324898098 0.012193057848059612
1 0.2658130189646845 0.415811678637629 0.011187180228855297 0.011580456858095915
1 0.24230818126512613 0.8718160131703253 0.014721124068550442 0.01355768286663553
1 0.07079154771307242 0.49373782199362054 0.01144880315531855 0.019444797350012737
1 0.2971486837967582 0.9040360036103623 0.011473365451978601 0.011902892071267834
1 0.08648759644964468 0.3072124771449877 0.016374956006589142 0.012198945750360903
1 0.06979144656139871 0.2144546716109566 0.011600639509118122 0.018452063850734546
1 0.22707200050354007 0.7513996621836786 0.01183097258858059 0.020572413568911346
1 0.08467464084210605 0.8895288135694421 0.01348851556363313 0.013319430143936821
1 0.24684982714445694 0.6737628812375277 0.009210213370945143 0.010333890500275986
1 0.24459019951198413 0.6627846489781919 0.009217801301375679 0.01092734544173531
