1 0.598424362099689 0.1476633237755817 0.012246733126432999 0.012021044026250425
1 0.6434923047604768 0.20650510166002356 0.011741928432298742 0.011483337568200153
1 0.6505968881689985 0.21873603696408478 0.011878759964652683 0.010692451311194378
1 0.6582469525544539 0.2344648838043213 0.011437789253566578 0.010589744733727497
1 0.607058338496996 0.23601409663324768 0.010376018026600714 0.011269030363663383
1 0.6671806625697922 0.2586732221686322 0.011351336603579313 0.010450093642525051
1 0.6180597388226053 0.20750614871149475 0.010409562484077785 0.010197162628173828
1 0.6321684277575949 0.2359158474466075 0.010233277859895126 0.012180286905039911
1 0.6417409648065981 0.23799977095230765 0.010348734648331352 0.011852886365807575
1 0.6067981098009192 0.1854850312937861 0.009869824285092562 0.009742446567701258
1 0.6041988600855288 0.20470005532969598 0.010350082231604534 0.010250962298849354
1 0.6752072624538257 0.27164961980736774 0.010170895120371943 0.010468586631443188
1 0.6650301269862962 0.2442538530930229 0.010394013446310291 0.009158943010413128
1 0.614385698152625 0.2462996296260668 0.01095562395842179 0.011168251866879671
1 0.5820365781369418 0.15343377901160196 0.010070593460746433 0.009407375169836956
1 0.5970770068790601 0.12694091382233993 0.012092486671779468 0.011972842009171196
1 0.6274739141049591 0.21367654593094534 0.010625507520592731 0.010355057923690132
1 0.6517631281977114 0.2540085108383842 0.011119510816491169 0.011225845502770466
1 0.6261039091193158 0.2527510912522026 0.011005754056184189 0.010397351306417713
1 0.5939980693485426 0.2199345775272535 0.01096640462460725 0.01029949602873429
1 0.6197431191154148 0.16625285666921866 0.01148825106413468 0.010633561922156292
1 0.619409581889277 0.2353982199793277 0.012705139491869055 0.01191730084626571
1 0.594760563062585 0.17295968014260996 0.009974023570185122 0.009458583334217901
1 0.5920832468115765 0.23515007806860883 0.011130913444187329 0.01142715371173361
1 0.6386944107387377 0.2628264634505562 0.011590999105702276 0.011213385540506115
1 0.5808009272036346 0.1945877697156823 0.011326167894446331 0.009725031645401665
1 0.5841499411541483 0.17445615581844165 0.009053022965140965 0.009279634641564411
1 0.5684685292451278 0.22394194810286813 0.010967959528384 0.010637158932893173
1 0.6202889732692554 0.19709766429403555 0.010450694871985394 0.009888586790665337
1 0.5728294538414996 0.15997164145759915 0.009212162183678669 0.009791353474492613
1 0.5820565431014352 0.22665606374325958 0.011508941650390625 0.011233371237049932
1 0.6845133615576704 0.2634033742158309 0.012347967728324558 0.01203993092412534
1 0.5395965783492379 0.24786472320556643 0.009606941886570143 0.009714292443316916
1 0.6281488045402195 0.1807082114012345 0.010126072427500849 0.009210068246592646
1 0.5542407243148141 0.22690488981164023 0.010106708692467731 0.010621236718219261
1 0.5624178492504618 0.19304856010105298 0.010558853978696077 0.010270035785177479
1 0.609229098195615 0.17574093134506888 0.008702340333358101 0.008380257565042248
1 0.5672481992970342 0.1464732781700466 0.009541013966435972 0.008878987768422003
1 0.5419087617293649 0.20910196718962293 0.011002125947371773 0.010550955067510191
1 0.5593957279039465 0.2160281927689262 0.009306990582010021 0.009110575136931046
1 0.6936737765436587 0.28210840017899225 0.011478963105574898 0.010667158209759255
1 0.5545421372289243 0.2381133307581363 0.010080399720565132 0.009358592655347742
1 0.27592914000801416 0.8121173900106676 0.011967078499172046 0.012432305709175443
1 0.27644368876581604 0.84100167647652 0.011632338814113453 0.012101629505986753
1 0.1873774424843166 0.8244958960491678 0.01007986068725586 0.010520354561183765
1 0.17344883213872497 0.7339939034503439 0.011589921039083729 0.01244453761888587
1 0.2919166813726011 0.9141559186189072 0.010956349580184273 0.012269807898479958
1 0.38708015110181726 0.7780408444611921 0.009598441745923914 0.01161956787109375
1 0.3496570574200672 0.194239035896633 0.009928819925888725 0.010203278583029041
1 0.191644171009893 0.3461769041807755 0.010267589403235394 0.012119604193645973
1 0.20730096360911487 0.6502937959588092 0.010151220404583473 0.009736247684644617
1 0.4169339511705482 0.8876829561979875 0.010546020839525305 0.011272679204526155
1 0.4107750939286274 0.7954816196275794 0.009907779486283012 0.009827945543372112
1 0.15786897099536398 0.6371499559153682 0.011474536812823753 0.013361350349757984
1 0.24865035388780676 0.8182581403981085 0.011840716652248218 0.012262219968049423
1 0.20243597030639648 0.29465717854707135 0.010251874509065048 0.011165971341340439
1 0.17652444217516028 0.7539845756862475 0.011609554290771484 0.012434171593707542
1 0.23613604255344556 0.8340908962747325 0.010661415431810461 0.010471095209536345
1 0.1712495295897774 0.6657653373220692 0.011102811149928882 0.011384570080301037
1 0.273461797963018 0.8763779764590055 0.010707938152810802 0.012309945147970448
1 0.2576739684395168 0.6095820302548616 0.010945320129394531 0.011342753534731657
1 0.19152810262597125 0.9318869217582371 0.013347107431162958 0.011792721955672554
1 0.26476768825365143 0.8258054982060972 0.01172613060992697 0.012308867081351902
1 0.392577122087064 0.7437351682911748 0.009335077327230702 0.00978888636050017
1 0.16675607536150064 0.6080523988474971 0.011305736458819847 0.024385825447414234
1 0.41139641015425965 0.3889638030010721 0.010260768558668054 0.010643046835194464
1 0.30474299969880475 0.11503481864929198 0.009625186090884 0.009918109230373217
1 0.1571237678113191 0.5243472845658012 0.011746313260949177 0.011825602987538214
1 0.2297739775284477 0.8525845278864321 0.011087707851244055 0.011790441430133324
1 0.18257516363392712 0.800534497136655 0.01080720320991848 0.011892318725585938
1 0.3817642382953478 0.7499941742938497 0.010659834612970766 0.011273715807043987
1 0.26445960998535156 0.7735434615093729 0.011116483937139097 0.012179706407629925
1 0.2741702432217805 0.8556830779365872 0.011812935704770296 0.011735833209493885
1 0.23988718571870224 0.7066859784333601 0.010255668474280315 0.010925790537958559
1 0.36103768970655353 0.7262913040492844 0.010700847791588825 0.011641999949579653
1 0.3312815793830415 0.14818974681522534 0.010323523827221081 0.010774995969689411
1 0.2518874873285708 0.6459532198698625 0.010081374126931896 0.010016151096509851
1 0.38690397013788635 0.7936628383138905 0.011246556821076767 0.011161845663319464
1 0.39380124600037286 0.23556012692658798 0.009459479995395826 0.010044097900390625
1 0.3589629543864209 0.6700325323187788 0.009256230748218039 0.01017755010853643
1 0.3350409334120543 0.017106597838194473 0.01002524987511013 0.010414346404697582
1 0.35333842557409534 0.09748183126034943 0.009442998015362284 0.010786243107007898
1 0.19863463484722638 0.44077704782071314 0.00932318231333857 0.010078813718712849
1 0.1785575306933859 0.7158304297405741 0.011918835017992102 0.012549524721891983
1 0.3156764092652694 0.11792264813962192 0.010580995808476988 0.009935337564219599
1 0.3509422087151071 0.032232337671777474 0.010083429191423498 0.010703923909560493
1 0.43104740329410723 0.8199126202127209 0.010899346807728643 0.009938032730765965
1 0.19632084473319675 0.7153505449709685 0.009926547174868376 0.010350393212359886
1 0.1785096085589865 0.47867076293281885 0.011263930279275646 0.012517224187436312
1 0.3726208935613217 0.23145442423613174 0.009579243867293648 0.010116805200991423
1 0.3533643393412881 0.1436676201613053 0.010350649771483048 0.010595021040543266
1 0.24178543298140817 0.9013976843460745 0.010864734649658203 0.011114244875700577
1 0.23379431600156036 0.9453830097032629 0.013074169988217562 0.013869783152704653
1 0.24196897382321567 0.9231267182723336 0.01111899251523225 0.012149810791015625
1 0.17461414959119714 0.6514884596285613 0.010370067928148352 0.01100500770237135
1 0.35443025827407837 0.705724923507027 0.01063649032426917 0.010842281839121943
1 0.31499283210090967 0.1333728147589642 0.011396221492601477 0.012449782827626104
1 0.2620637105858844 0.3078990708226743 0.00992584228515625 0.009178265281345533
1 0.3454525431861048 0.1830661504164986 0.009875766609026037 0.010000415470289148
1 0.3441887374805368 0.5849954356317935 0.013245612382888794 0.012755518374235733
1 0.18788679786350418 0.41687051109645684 0.010469022004500679 0.011670444322668987
1 0.37446512087531714 0.7244260622107465 0.010225166445193083 0.009839348171068274
1 0.42468078240104357 0.9297091649926226 0.009994361711585003 0.009910790816597317
1 0.20120645605999488 0.24867145911506985 0.010404006294582203 0.011723456175430962
1 0.19807795856309973 0.7429847717285156 0.010311727938444717 0.011085012684697691
1 0.40294184892073914 0.2916866489078688 0.009828443112580673 0.011084038278330927
1 0.3829850113910178 0.7100026089212169 0.011089615199876867 0.010397289110266644
1 0.18263374722522235 0.4040090934089992 0.01925826072692871 0.011628399724545687
1 0.3581850282523943 0.01759334815585095 0.009636244048242983 0.01017930067103842
1 0.26596479830534564 0.24105992524520212 0.010125367537788723 0.00966155010720958
1 0.16966991839201553 0.3904474662697834 0.01149426335873811 0.011389307353807531
1 0.1768420882846998 0.9068653272545856 0.01127462801725968 0.012996176014775816
1 0.17827564737071155 0.9335565152375596 0.011681390845257301 0.012602432914402172
1 0.15914473844611127 0.4415524109550145 0.011075755824213442 0.011131618333899456
1 0.3495315844598023 0.691339575726053 0.010440196679986042 0.010447709456734035
1 0.4023541367572287 0.32426437541194586 0.010986037876295008 0.011670805837797083
1 0.18399192975914996 0.5818028450012207 0.010195815044900646 0.009687382241953974
1 0.3872691237408182 0.27311112569726026 0.009877204895019531 0.009829790695853855
1 0.1870951963507611 0.5397583298061205 0.009648343791132387 0.010232966879139776
1 0.20456753606381622 0.22388031171715778 0.010365569073220959 0.011018504267153532
1 0.2113582776940387 0.2685115648352582 0.009795479152513586 0.010211447010869566
1 0.33251626595206885 0.5745553244715151 0.010228882665219515 0.011337010756782864
1 0.19492560884226923 0.4605842310449351 0.009979600491731064 0.00997558883998705
1 0.18248438835144043 0.3737782602724822 0.011406089948571247 0.010603946188221807
1 0.19894961688829504 0.18362563589344855 0.009615670079770296 0.010771668475607166
1 0.6149312309596849 0.8873982429504395 0.009774581245754076 0.008682790009871773
1 0.634806778119958 0.9207541424295177 0.00925545070482337 0.009639739990234375
1 0.23026772167371667 0.15625888886659042 0.010116432024085003 0.011296738748965056
1 0.18911878958992337 0.9462204808774202 0.011046388874883238 0.01197715427564538
1 0.23180633005888562 0.6758223616558574 0.010630255160124405 0.010859904081925102
1 0.3619960002277208 0.08373584436333698 0.010011978771375574 0.009576973707779594
1 0.24295371511708133 0.033442394888919334 0.009105143339737602 0.010152446187060814
1 0.18881222476129944 0.9135104676951533 0.01108246264250382 0.01142646955407184
1 0.21633212462715484 0.8663064707880435 0.011035546012546704 0.011539956797724184
1 0.1865412359652312 0.7423345524331798 0.011157637057097061 0.012125720148501188
1 0.4097270291784536 0.23852761932041333 0.009605770525724991 0.010435871455980383
1 0.16784926082776938 0.6008437716442606 0.010179934294327446 0.010504826255466625
1 0.23262867720230762 0.7175779757292375 0.010009599768597145 0.010303497314453125
1 0.3880145679349485 0.6124536991119386 0.009461148925449537 0.009158943010413128
1 0.45694858094920277 0.9601090058036472 0.010128373685090439 0.009992350702700407
1 0.33802398391391925 0.6087682972783628 0.00953469069107719 0.010209954303243885
1 0.23203003924825918 0.868780177572499 0.011991252069887907 0.011651163515837296
1 0.40361220162847766 0.3687073044154955 0.009380211000857145 0.01025228915007218
1 0.20614848966183869 0.9055767888608186 0.010474018428636633 0.010606516962466032
1 0.32768768979155505 0.10681862934775975 0.01042389092238053 0.010277509689331055
1 0.46511144741721777 0.8095967044001041 0.009104801260906717 0.009916015293287195
1 0.33659944326981256 0.029829750890317173 0.009856327720310377 0.009952731754468836
1 0.3490053674449091 0.624387440474137 0.009941888892132303 0.010280049365499744
1 0.2506659341895062 0.8776365363079569 0.010211156762164574 0.010843774546747622
1 0.2763773669367251 0.25693425924881647 0.010472504988960598 0.010439727617346722
1 0.36054168317628943 0.6835792168327 0.009687501451243525 0.009830433389414911
1 0.2509520364844281 0.7662832218667736 0.010931097942849865 0.011770206948985224
1 0.24016823975936227 0.8854113039763076 0.010606185249660328 0.010819642440132473
1 0.1539580718330715 0.47593301275502076 0.01464080810546875 0.010745546092157778
1 0.33979522274888074 0.5641170169996179 0.00920554088509601 0.009451492972995924
1 0.2604491296021835 0.8828236123789912 0.012084649956744652 0.01085662841796875
1 0.20737394042637036 0.4679614823797475 0.008844976839811905 0.009842986645905868
1 0.41770497612331225 0.6689609859300696 0.008921623229980469 0.01029769234035326
1 0.19100936599399726 0.7298303479733674 0.011262250983196755 0.011640175529148266
1 0.384439178135084 0.021489375959271965 0.009401984836744226 0.00986552886340929
1 0.49001260425733484 0.9463223374408224 0.010478019714355469 0.010549752608589504
1 0.18554254200147546 0.8437643673108971 0.009952669558317764 0.01082449373991593
1 0.16667541731958807 0.45111234810041345 0.009950938432112984 0.01043706354887589
1 0.24232437299645465 0.24594254079072372 0.00932585674783458 0.00992627765821374
1 0.37812210425086645 0.05182702904162198 0.010011159855386486 0.00983435692994491
1 0.4029808614564978 0.7857656271561331 0.010348475497701893 0.010098374408224354
1 0.2337641405022663 0.7995050057120945 0.010536338972008747 0.010943246924358864
1 0.2633614229119342 0.8021838975989302 0.010856317437213402 0.011769004490064539
1 0.15460039740023407 0.5077873312908671 0.01145177302153214 0.012230002361795177
1 0.2696889898051386 0.9039584035458773 0.01080067261405613 0.010657186093537704
1 0.235592914664227 0.3617745184380075 0.009016347968060038 0.009207950985949972
1 0.26747984471528424 0.3656296108079994 0.009396946948507557 0.009068530538807745
1 0.20668088871499762 0.3629596803499304 0.00900925760683806 0.0094815440799879
1 0.1991620374762494 0.6698777260987654 0.009872913360595703 0.010076419166896656
1 0.2290087057196576 0.6895901223887567 0.009752667468527088 0.010752968166185461
1 0.2774985251219376 0.9390320155931555 0.011268719382908032 0.010589267896569294
1 0.26431110630864685 0.7871291326439899 0.010799366494883661 0.011518354001252548
1 0.21901645867720895 0.41060657086579694 0.009260447128959324 0.009340327718983526
1 0.4087761536888454 0.8156647682189941 0.01043559157330057 0.010466409766155739
1 0.26623252163762634 0.9809423529583475 0.011519328407619312 0.011754740839419157
1 0.2601036196169646 0.47825551551321266 0.009691528652025305 0.00997534005538277
1 0.22394720367763352 0.3980259273363197 0.009021696837052055 0.009171693221382473
1 0.4118759917176288 0.3101854946302331 0.010740741439487621 0.014071547466775646
1 0.3454378337963767 0.15895481731580652 0.011016713536303978 0.011073506396749744
1 0.3715173653934313 0.0669550403304722 0.009260048036989958 0.010145389515420666
1 0.3412670408901961 0.09831843687140424 0.009976440149804821 0.010889229567154594
1 0.36199988489565643 0.20120257916657824 0.009517503821331522 0.009833087091860563
1 0.24910556751748789 0.8016239871149479 0.01080527512923531 0.009999523992123812
1 0.3836929694465969 0.7346533692401388 0.010055002958878227 0.010607802349588146
1 0.17336807561957315 0.46630628730939777 0.009437156760174295 0.010116774102915888
1 0.42400507304979407 0.7506376142087189 0.009362407352613367 0.009327059206755264
1 0.25106968050417694 0.591605103534201 0.01193243524302607 0.010885736216669497
1 0.26673371895499853 0.44822065726570465 0.009289513463559359 0.009064612181290337
1 0.20006895065307617 0.6429383132768713 0.010043475938879925 0.010192601577095364
1 0.20934732063956882 0.7483530044555664 0.01042007363360861 0.011083934618079144
1 0.4454750703728717 0.7857549916143003 0.00945201127425484 0.009932310684867527
1 0.39641770331755927 0.774622792782991 0.010188719500666079 0.010379459546959919
1 0.1992396582727847 0.31199389955271845 0.009961066038712212 0.01054251712301503
1 0.40764539915582404 0.8323457344718599 0.009697110756583836 0.010679369387419327
1 0.2916794134222943 0.48271389111228613 0.008585660353950832 0.009332874546880308
1 0.46583757193192193 0.8837261821912682 0.008954877438752548 0.008892764215884
1 0.190300236577573 0.767155647277832 0.01001751941183339 0.010727094567340355
1 0.22360696999923044 0.6132129897242007 0.009987354278564453 0.010417212610659391
1 0.3608668822309245 0.6449568167976714 0.009382654791292936 0.009693809177564539
1 0.2843123829883078 0.37960979472035944 0.009460594343102497 0.010367305382438328
1 0.3860805345618207 0.09661882856617802 0.009674248488053032 0.009341032608695652
1 0.2419731513313625 0.789787893709929 0.010069349537725035 0.010637822358504585
1 0.27249417097672174 0.8913707940474802 0.010705325914465862 0.011403913083283798
1 0.24174640489661176 0.4243368273196013 0.008649867513905401 0.009758949279785156
1 0.47082409651383117 0.9216498913972273 0.009996538576872452 0.009952711022418478
1 0.29116478173629096 0.4220858034880265 0.009610735851785412 0.010473334270974865
1 0.46382243218629254 0.9716562395510466 0.010877744011257007 0.010615100031313688
1 0.37119195772253943 0.12142316154811693 0.009120070415994396 0.008902404619299847
1 0.44729302758755884 0.7482771666153617 0.010430450024812118 0.010168407274329144
1 0.43601460042207146 0.769239798836086 0.009989593340002972 0.010867657868758492
1 0.37056148570516834 0.7382734547490659 0.01062755999357804 0.010853560074515965
1 0.5132208285124404 0.9389490873917288 0.009494283924932066 0.010095347528872282
1 0.24834754156029742 0.049066945262577225 0.010162208391272503 0.010575092357137928
1 0.34588306883107056 0.5206742701323136 0.009645482768183168 0.01145922619363536
1 0.2839923423269521 0.41074193042257556 0.009963968525762144 0.009211830470872961
1 0.4807805444883264 0.9813991422238557 0.011893925459488579 0.011588842972465183
1 0.4375549606654955 0.851093333700429 0.009572796199632727 0.009550094604492188
1 0.27837748112885846 0.42797352438387665 0.009070873260498047 0.009260374566783075
1 0.47062257061833923 0.05213813937228659 0.009650043819261633 0.009840037511742634
1 0.3339905774463778 0.0892792732819267 0.009365116124567778 0.009851694107055664
1 0.2558109863944676 0.751487918522047 0.010754460873811142 0.011692005655039911
1 0.1698705890904302 0.5762928465138311 0.009958256845888884 0.010529352271038551
1 0.20974632241551358 0.8024481750119199 0.009607829939398491 0.010234731410660532
1 0.4369213062783946 0.9804857502812925 0.010482249052628227 0.010545979375424593
1 0.3448164929514346 0.5385612301204517 0.009055500445158585 0.009310577226721722
1 0.24646126705667246 0.8430613642153532 0.01043137260105299 0.010730079982591711
1 0.39664860911991284 0.16582784445389456 0.01003954721533734 0.009853134984555452
1 0.4019014628037162 0.8027841733849567 0.011056050010349438 0.011075973510742188
1 0.21892568510739044 0.835245568233887 0.009452412862974395 0.009858954669123269
1 0.24081341080043628 0.7256858452506687 0.009899616241455078 0.010601997375488281
1 0.3666061318438986 0.5532451712566874 0.01084211598271909 0.01040674292522928
1 0.1843421044556991 0.7745219313580057 0.00978094598521357 0.010801273843516474
1 0.23385582799496857 0.5166671794393788 0.008974075317382812 0.009505023127016813
1 0.6405371686686641 0.8939033798549487 0.009748894235362177 0.0098120233286982
1 0.1941435544387154 0.2135642507801885 0.01024708540543266 0.0104522705078125
1 0.1804751313250998 0.38575722601102747 0.010197349216627039 0.010713105616362198
1 0.19200029580489453 0.6296184373938519 0.0101995675460152 0.01022662287173064
1 0.4172219400820525 0.09236803780431332 0.008746852045473845 0.00920651269995648
1 0.369940319786901 0.5793559136598007 0.009495491566865341 0.010265910107156506
1 0.40753592615542206 0.27838664469511615 0.009936125382133152 0.0096044747725777
1 0.2166209531866986 0.016654329455417137 0.01259569499803626 0.011718933996946915
1 0.43691510739533795 0.7282955957495648 0.00939767257027004 0.010137682375700577
1 0.27769677535347315 0.9569719356039296 0.010240596273671026 0.010705906411875849
1 0.434176548667576 0.9177708625793457 0.009823799133300781 0.010193327198857847
1 0.274658089098723 0.35285912389340607 0.009384051613185717 0.009421804676885191
1 0.217059498247893 0.7369146139725395 0.010223492332126782 0.01058184582254161
1 0.4091315684111222 0.20213356225386914 0.009839223778766134 0.009928724040155825
1 0.37739010997440503 0.08025473615397578 0.009488302728404169 0.009808695834615955
1 0.17360155478767728 0.6346968671549922 0.009955178136410921 0.011683692102846891
1 0.4028157358584197 0.6380996289460555 0.010476983111837635 0.011233454165251358
1 0.47084780879642657 0.907397643379543 0.010268781496130901 0.009499923042629076
1 0.253639438877935 0.7394644695779552 0.010686273160188095 0.011625289916992188
1 0.37013696069302765 0.0930981376896734 0.009239041286966076 0.00988590199014415
1 0.4116780110027479 0.3337812229343083 0.009892531063245691 0.010408362616663393
1 0.3416629796442778 0.05701406624006188 0.010244633840477985 0.00980668482573136
1 0.3769223793693211 0.03140157072440437 0.009106179942255434 0.00931682016538537
1 0.19963360869366187 0.4252178772636082 0.009367507437001104 0.009960755057956861
1 0.19347223579319742 0.8655286119384251 0.007062883755518147 0.008337450874557627
1 0.27717095872630243 0.401499022608218 0.008908873019011124 0.009509501249893852
1 0.3618851796440456 0.6055533160334048 0.009742125220920729 0.00960014177405316
1 0.2865738143091616 0.9659462389738662 0.01016278888868249 0.009552167809527853
1 0.17573046684265137 0.8931123484735903 0.010944718899934189 0.011827883513077446
1 0.3973583734553794 0.814694757046907 0.0105985921362172 0.011377293130625849
1 0.506247903989709 0.8191558174465015 0.010515192280644957 0.009297246518342392
1 0.41797980536585266 0.7861858036207117 0.009855985641479492 0.009424458379330843
1 0.47348366612973414 0.9593985184379246 0.010620946469514267 0.010686293892238453
1 0.27558810814567236 0.05046690287797348 0.009885684303615404 0.009456981783327848
1 0.41110297389652417 0.7411970884903616 0.009883269019748854 0.009158839350161345
1 0.2827653884887696 0.5384607315063475 0.011057231737219769 0.017262997834578804
1 0.3825944169707921 0.06455652869266013 0.009393987448319145 0.010140289431032927
1 0.5991712860439136 0.9403087989143706 0.009986338408096977 0.009685391965119736
1 0.3857796036678811 0.03887651925501616 0.009132810260938562 0.0099120425141376
1 0.3595818566239399 0.628969669342041 0.009432569794032885 0.009437602499256964
1 0.6299102099045463 0.9309874202894128 0.00932894582333772 0.009362718333368715
1 0.42799489394478174 0.6942236527152683 0.009898890619692595 0.010569530984629755
1 0.3631898942201034 0.5659230481023374 0.010188455167024033 0.009900341863217562
1 0.4166276610415915 0.8420529572860055 0.010089635848999023 0.01056745777959409
1 0.4018962305525075 0.7620737656303075 0.010828013005463974 0.009840426237686821
1 0.5581871737604556 0.9652391516644023 0.00958488298499066 0.00976761527683424
1 0.3543242812156678 0.5298759418985118 0.011169646097266155 0.0108306304268215
1 0.24524942688319995 0.5349348835323169 0.00907153668610946 0.008595404417618462
1 0.2665619155544984 0.40904396138247073 0.006156182712668477 0.010268228851486745
1 0.4328075906504755 0.3360683088717253 0.011262313179347828 0.010481025861657185
1 0.6218719897062882 0.9187424493872602 0.009381252786387568 0.009764754253885021
1 0.3711797439533731 0.6749294115149458 0.01139533519744873 0.010199007780655571
1 0.2442929744720459 0.6786562048870585 0.01133485462354577 0.012077663255774456
1 0.23336369058360223 0.026932498035223587 0.009665862373683764 0.011280190685521002
1 0.4223883670309316 0.873282992321512 0.010654366534689198 0.010373530180557915
1 0.41863680922466784 0.8307488482931384 0.010698173357092815 0.010385098664656929
1 0.2800484740215799 0.061924107696699066 0.009435156117314878 0.009087007978688116
1 0.20889884492625355 0.15683215079100235 0.009757352911907694 0.01034068024676779
1 0.21737625287926715 0.2841923858808435 0.00931549072265625 0.010223243547522503
1 0.418323796728383 0.38116907295973407 0.010520789934241253 0.011666914691095766
1 0.22334851944600928 0.7807556714274253 0.009165857888283157 0.008945286359226224
1 0.27490799323372217 0.5493490488632865 0.009000301361083984 0.009565249733302904
1 0.3626391369363536 0.13064759710560675 0.008903586346170177 0.009823819865351137
1 0.2409457642099132 0.6000324228535527 0.011488105939782185 0.010643399280050526
1 0.2628697416056757 0.8447036328523054 0.01043645195339037 0.010670952174974524
1 0.2395345750062362 0.25687777477761975 0.010166520657746689 0.009558345960534138
1 0.40741993033367657 0.1834969313248344 0.009411645972210428 0.0092767217884893
1 0.22805583995321524 0.4516632556915283 0.009009962496550186 0.009464948073677395
1 0.5040521414383597 0.9468264165131943 0.010058154230532438 0.010291182476541271
1 0.5275029928787894 0.9818870502969493 0.010313158449919327 0.010571396869161854
1 0.24066194244053052 0.6937006660129712 0.010579046995743462 0.01129473810610564
1 0.41168253318123194 0.7720596893973972 0.00993403144504713 0.01038360595703125
1 0.22362698679384976 0.4835496259772259 0.009414175282353941 0.009268822877303413
1 0.37047449661337817 0.6174629563870638 0.010243182596953018 0.01223773541657821
1 0.27454586651014246 0.08980505103650299 0.009598669798477837 0.012919783592224121
1 0.2511158507803212 0.5647442755491838 0.010489899179209833 0.011102614195450493
1 0.4825851450795714 0.028975656499033393 0.00953159124954887 0.009647625943888788
1 0.26405035931131116 0.5987112107484237 0.013487981713336449 0.017951488494873047
1 0.3506169085917265 0.6456617583399233 0.01075595876444941 0.020500950191331947
1 0.2744575065115224 0.01662485042343969 0.009366719619087551 0.010049906761749931
1 0.27893289275791333 0.2754163431084674 0.010371850884479027 0.010792587114417034
1 0.41829737373020337 0.8094988905865215 0.009480310522991678 0.01014697033426036
1 0.4212263770725416 0.8573535006979236 0.009876831718113111 0.011368875918181046
1 0.17621212420256238 0.4450476687887441 0.010009599768597145 0.010493983393130095
1 0.4001516881196395 0.22145556366961938 0.009949186573857847 0.01025148060010827
1 0.2522186403689177 0.9564166276351266 0.010668671649435291 0.010310794996178669
1 0.3504183849562769 0.665551921595698 0.00953839395357215 0.01115585410076639
1 0.45900309604147205 0.01682523735191511 0.01231371838113536 0.010751772186030512
1 0.3476478496323462 0.127725917360057 0.010532288447670315 0.009453535079956055
1 0.3657106368438058 0.21202587044757348 0.009880221408346424 0.009374825850777004
1 0.1958352793817935 0.5289697750754978 0.010140543398649796 0.010133556697679602
1 0.1959979015847911 0.4784845476565154 0.009804808575174084 0.009844531183657438
1 0.32208203265200497 0.02342028008854908 0.011851622358612392 0.010621214690415756
1 0.445333517116049 0.9353269494098164 0.009730722593224567 0.010835067085597828
1 0.3194842027581256 0.05571597296258678 0.009605926016102667 0.010384678840637207
1 0.3862328477527784 0.25050130097762396 0.009665997132011082 0.012478206468665081
1 0.20024577431056811 0.9502003296561863 0.01045977551004161 0.011316216510275135
1 0.23436288211656653 0.4068438851315042 0.009221553802490234 0.009703998980314835
1 0.5751842934152355 0.9040550563646399 0.009674797887387484 0.009088433307150135
1 0.21867040965868076 0.460797061090884 0.00915415390678074 0.009263556936512823
1 0.18914250705553137 0.8905646490014116 0.010767874510391899 0.01083237191905146
1 0.3637237898681475 0.10785569833672566 0.009618108687193497 0.010035836178323498
1 0.34740588975989306 0.6533473574596903 0.009404887323794157 0.01076376956442128
1 0.570586515509564 0.9644386042719302 0.010107164797575577 0.009597944176715353
1 0.29283926797949755 0.43995606899261475 0.009398149407428244 0.00988341414410135
1 0.2332661462866742 0.6631587484608527 0.010837181754734204 0.01138579327127208
1 0.2671551911727241 0.9197312645290208 0.010073413019594938 0.010140543398649796
1 0.2840481011763863 0.9824550462805707 0.011088951774265454 0.012061741041100544
1 0.42675311669059424 0.32278152587621106 0.009772860485574474 0.011397370825643125
1 0.44893648313439405 0.9781776511150858 0.009604122327721638 0.010003877722698708
1 0.20677651529726776 0.6026587589927341 0.01031693168308424 0.02029686388762101
1 0.25140803793202277 0.21115411882815155 0.009645420572032099 0.010342743085778278
1 0.23154194458671237 0.9873209828915803 0.010234791299571161 0.009142834207286005
1 0.2920271521029265 0.03137727924015211 0.009309333303700323 0.009667391362397568
1 0.20281158322873324 0.5640522604403287 0.008601209391718325 0.00901862849359927
1 0.25109856025032373 0.8644548706386401 0.010160632755445398 0.010445760644000511
1 0.1921001620914625 0.39143685672594153 0.010143508081850798 0.010260270989459495
1 0.19846361616383426 0.3247528076171875 0.012052473814591118 0.014090579489003057
1 0.506288424782131 0.9269837296527365 0.009444485539975374 0.008827416793159817
1 0.42321295323579206 0.045778444279795105 0.010299288708230724 0.010441046694050665
1 0.2570769579514214 0.07111581771270088 0.01058265437250552 0.011431522991346277
1 0.37054802023846173 0.7135372576506243 0.010003338689389437 0.010272648023522419
1 0.47320549902708636 0.020369153955708378 0.009706963663515837 0.010005453358525816
1 0.39951370073401415 0.25398458605227264 0.010384766951851223 0.011970623679783032
1 0.4426685001539148 0.8021012181821077 0.009524469790251358 0.010391567064368206
1 0.4366412732912147 0.9293758143549381 0.009797376135121222 0.010654698247494905
1 0.45458286741505494 0.776569304258927 0.009773897088092306 0.009290902510933254
1 0.17666535792143448 0.5949230401412301 0.009867896204409391 0.01018623683763587
1 0.35971510928610095 0.6604958202527917 0.009636215541673742 0.009335849596106487
1 0.230742185012154 0.9121729601984438 0.010770548944887907 0.010258094124172046
1 0.3898031685663307 0.18014967959860095 0.009583157041798468 0.009060652359672215
1 0.2595786737359088 0.5134979952936587 0.009431528008502462 0.008796484574027683
1 0.2659720337909201 0.5370193875354269 0.008947496828825577 0.009834932244342306
1 0.3990048921626547 0.7083520060000214 0.009913335675778597 0.009630866672681726
1 0.6293423175811768 0.8796762383502464 0.009932828986126444 0.009934135105298914
1 0.3659202119578485 0.045446456774421364 0.009362801261570143 0.009942243928494661
1 0.24243258393329126 0.7359166352645211 0.010502006696618122 0.010749733966329823
1 0.17301950247391407 0.5584370571634044 0.010011569313381031 0.009490303371263586
1 0.4676788786183233 0.9842269109643024 0.012278225110924763 0.010360012883725374
1 0.5404210608938466 0.8772725229677947 0.009044999661652939 0.008952182272206182
1 0.1969114697497824 0.36534182921699854 0.009771409242049507 0.010513678840968921
1 0.4334155217460964 0.8842991124028745 0.009246608485346254 0.009936871735945992
1 0.17186830873074738 0.703441578408946 0.011247914770375128 0.012213748434315557
1 0.48180246871450677 0.057697858499444046 0.010116857031117315 0.009706170662589695
1 0.4986054586327594 0.03984267296998397 0.011224373527195141 0.011709182158760403
1 0.42616070353466534 0.08883463558943375 0.008934632591579271 0.009250998497009277
1 0.20739710849264392 0.8167212320410688 0.010309012039847996 0.010235288868779722
1 0.1648798248042231 0.4968334488246752 0.010950762292613153 0.012111954067064367
1 0.2588098256484322 0.9122058619623599 0.010406846585481064 0.010423660278320312
1 0.26160608167233673 0.05298482075981472 0.01032188664311948 0.010213753451471743
1 0.5998634359110957 0.8804283349410348 0.010074677674666695 0.009023044420325237
1 0.4700023713319198 0.06664494327876878 0.010483140530793564 0.009429568829743759
1 0.39273249843846203 0.6972615822501804 0.009903622710186502 0.009798671888268513
1 0.2821006878562596 0.038542047790859055 0.009365641552469006 0.009431149648583454
1 0.4902238431184188 0.801079397616179 0.009806757387907608 0.010185531947923742
1 0.5210724913555643 0.09115051445753677 0.010874540909476902 0.010587065116218899
1 0.35076750014366676 0.5908480983509654 0.008742225372906516 0.008827965633446587
1 0.25449034442072327 0.1927974120430324 0.009851766669231913 0.010086515675420347
1 0.44910401883332624 0.7655955604884934 0.01021600806194803 0.01002062921938689
1 0.49206435162088147 0.9283809454544729 0.01044563625169837 0.01117718738058339
1 0.4451977636503137 0.8215446679488473 0.00944928500963294 0.009652718253757643
1 0.4474777553392493 0.8628078958262568 0.009816708772078804 0.009193917979364809
1 0.20101648828257684 0.5426063330277152 0.009861241216244905 0.014454675757366676
1 0.2556637370068094 0.5455400425454845 0.009455328402311905 0.009473012841266134
1 0.3622262996176014 0.16394974874413532 0.0095221063365107 0.009755176046620245
1 0.18771485660387122 0.9003064943396528 0.010899647422458813 0.010651215263034985
1 0.41944518296614935 0.16212498105090595 0.009399621383003567 0.009224425191464632
1 0.258419130159461 0.2493389378423276 0.009434637816055962 0.009393692016601562
1 0.20391264169112497 0.6292155825573466 0.00988311352937118 0.010773430699887484
1 0.34921291211377015 0.6098944622537364 0.009564765121625818 0.01030167289402174
1 0.44051599502563477 0.9596687399822733 0.00997049912162449 0.010141040967858356
1 0.4958784528400587 0.8725959114406421 0.00936121525971786 0.008694524350373642
1 0.22331830729608948 0.6583751388218093 0.010482746621836786 0.010092818218728771
1 0.2633040884266729 0.4649520749631135 0.009369767230489979 0.00973722209101138
1 0.3368080724840579 0.13056085938992706 0.009785097578297491 0.00975215953329335
1 0.4010599566542584 0.060213283352229904 0.009898595187975012 0.009588588838991911
1 0.5182730529619299 0.83227422963018 0.008978698564612347 0.008829033893087635
1 0.28745609781016473 0.45049878825312073 0.009799127993376358 0.009345489999522333
1 0.27537523145261017 0.37726945462434186 0.009468223737633747 0.009978667549465014
1 0.2809507846832275 0.3643718906070875 0.009648468183434528 0.008796215057373047
1 0.2200302144755488 0.14843214076498282 0.009572796199632727 0.01040811124055282
1 0.24795853573343027 0.2954148727914561 0.009887239207392153 0.009446703869363537
1 0.23402073072350546 0.9355817670407501 0.014322778452997622 0.010410599086595617
1 0.36904191970825195 0.14955662126126495 0.009728742682415506 0.009216754332832668
1 0.41018247604370117 0.6615172365437383 0.010628036830736242 0.011991231337837551
1 0.16797387599945068 0.5061765131743058 0.00969410979229471 0.009624522665272589
1 0.4131445470063583 0.6845346533733866 0.009454022283139437 0.009683028511379076
1 0.6221300415370775 0.9558031248009722 0.00963281548541525 0.010544901308806046
1 0.43675194615903107 0.020236821278281837 0.009708155756411345 0.010296064874400263
1 0.2990322527678117 0.04950275110161823 0.010130135909370754 0.00992447396983271
1 0.24982997645502503 0.9846176479173744 0.010065866553265114 0.009899802829908289
1 0.19719177743662958 0.1704853565796562 0.010655071424401325 0.011190321134484333
1 0.4637068043584409 0.8960647997648821 0.010184578273607336 0.009269548499065897
1 0.6282233362612517 0.821521054143491 0.010540008544921875 0.008829448534094769
1 0.6039164895596711 0.8939533026322074 0.009095959041429602 0.008603676505710768
1 0.47548670872398047 0.8373468647832456 0.009264831957609757 0.008658948151961617
1 0.182534819063933 0.6383011133774467 0.010087096172830334 0.010466928067414658
1 0.21055246436077613 0.8817887928174889 0.01129287222157354 0.012103288070015285
1 0.4288076732469641 0.9423626609470535 0.009229660034179688 0.010966259500254755
1 0.3012408691903819 0.9410416768944782 0.010200023651123047 0.010889011880625849
1 0.2035306432972784 0.7899313180342964 0.009906934655230978 0.010286455569059952
1 0.3547713536283244 0.063535011332968 0.009620441042858622 0.009552489156308382
1 0.6334494922472083 0.8627971773562224 0.009916512862495754 0.009683235831882643
1 0.38428144610446435 0.7635266262552013 0.010773954184158989 0.010302087535028872
1 0.5364604099937107 0.9415048723635466 0.009325794551683508 0.009253170179284138
1 0.19114434200784433 0.5179427188375721 0.0097930327705715 0.010195690652598505
1 0.22711677136628527 0.2566666706748631 0.009492459504500679 0.009405654409657354
1 0.19095973346544348 0.754903399426004 0.010515814242155655 0.011648302492888077
1 0.4285093027612437 0.8399701325789742 0.00938557541888693 0.009532928466796875
1 0.4308744720790697 0.9044481775035028 0.010192829629649286 0.012844002765157948
1 0.3726606654084247 0.6599701487499736 0.011086894118267555 0.009641046109406845
1 0.21954593932474242 0.7010083613188369 0.010411801545516306 0.009683650472889776
1 0.4674511785092561 0.9479083392931067 0.009664037953252378 0.009369850158691406
1 0.5557726777118185 0.9834125974903936 0.010393515877101734 0.012320518493652344
1 0.2142243177994438 0.637496626895407 0.010298480158266813 0.010635147924008577
1 0.4271399560181991 0.21982840869737708 0.008844106093696926 0.010471447654392407
1 0.33404898643493647 0.11803640489992887 0.010204460309899372 0.010436680005944294
1 0.48583331315413764 0.9097842962845512 0.010413086932638416 0.010025480519170347
1 0.17840960751409118 0.6823949191881262 0.009729489036228346 0.012589040009871773
1 0.41917355164237646 0.19081925309222675 0.009963035583496094 0.00915521124134893
1 0.4506221232206925 0.9485953579778257 0.011162177376125171 0.010181966035262398
1 0.2158047841942829 0.625739159791366 0.009416124095087465 0.010282392087190048
1 0.4910290241241455 0.8163535076638927 0.009422944939654806 0.009855767954950747
1 0.6148775764133618 0.95101609437362 0.009528201559315557 0.010005867999532948
1 0.2639059709466022 0.4295764643213023 0.009091688239056131 0.009462097416753355
1 0.32712657555289887 0.13812162565148398 0.009306099103844685 0.010229297306226648
1 0.19967587097831394 0.8959348720052968 0.009922151980192764 0.010978657266368036
1 0.23531562349070675 0.170787759449171 0.010165857232135277 0.009488043577774712
1 0.4248680705609529 0.7079087340313454 0.00950144684833029 0.00933676180632218
1 0.18447303771972656 0.492096009461776 0.009796681611434273 0.010366398355235224
1 0.39504261120505957 0.7233461919038193 0.009818481362384298 0.009633478911026665
1 0.3849889713784922 0.6392008739969005 0.009945537732995075 0.009410941082498302
1 0.2969226733497951 0.06138184018757032 0.009475189706553583 0.009762717329937479
1 0.28656539709671686 0.34684224750684656 0.009476309237272842 0.010039910026218579
1 0.44703927765721857 0.9176699182261591 0.009737999542899754 0.009883631830630095
1 0.20488371019778043 0.609720458155093 0.00992665083512016 0.00977437392525051
1 0.27437976132268493 0.3423381655112556 0.009097990782364555 0.00914162656535273
1 0.5225235586581023 0.9683197477589482 0.010497735894244652 0.009752895521081013
1 0.25783907848855725 0.5300415702488112 0.009536784628163214 0.009433912194293478
1 0.24986064952352777 0.4876387741254724 0.010230126588240913 0.009192280147386633
1 0.4595435132151065 0.9122581274613089 0.009774176970772121 0.009226550226626188
1 0.2129683183587116 0.8488415635150411 0.010856773542321247 0.010753507199494736
1 0.2800508582073709 0.4608167358066725 0.010971774225649626 0.012005059615425442
1 0.37416579930678656 0.17484049175096594 0.009495994319086489 0.010240057240361753
1 0.3503395992776621 0.5634024972501008 0.009342857029127039 0.009967575902524202
1 0.5910869163015614 0.8263122931770657 0.008882170138151749 0.00910149449887483
1 0.47935076381849206 0.040436425934667175 0.012255191802978516 0.01026171704997187
1 0.30823860997739044 0.060775987479997726 0.009728970734969429 0.010273492854574452
1 0.1873770174772843 0.7034690691077192 0.010474578193996265 0.010178441586701767
1 0.39256216909574426 0.6279757437498674 0.009772658348083496 0.009083063706107761
1 0.24911872200343918 0.3115688303242559 0.009338171585746433 0.009416435075842815
1 0.5843129779981531 0.9786186010941215 0.009634266728940218 0.009600805199664572
1 0.21868788677713147 0.22355764845143195 0.009201257125191067 0.01027436878370202
1 0.22969577623450238 0.7400308069975481 0.009798423103664232 0.010074076445206352
1 0.49134057501088024 0.9642104480577551 0.011670527250870415 0.010358768960703974
1 0.31079886270606 0.04452227639115375 0.009831324867580248 0.009939719801363737
1 0.18840198931486707 0.43104535082112183 0.009822016176970108 0.012626368066538935
1 0.5072182572406271 0.8847467588341754 0.00911986309549083 0.00875929127568784
1 0.4882638350777004 0.04553842544555664 0.01008804984714674 0.010269279065339462
1 0.23031249253646188 0.5360028640083645 0.009036727573560633 0.00865335049836532
1 0.268879164820132 0.3925710553708284 0.010096467059591541 0.009972904039465862
1 0.24026924630869992 0.7627497548642366 0.010864796845809273 0.010897014452063519
1 0.45217074518618383 0.04126627678456513 0.010194280873174253 0.010776050712751306
1 0.29464747594750446 0.4683299427447111 0.010190528372059698 0.010406131329743759
1 0.42275448985721753 0.2374213882114576 0.008964196495387865 0.009838974994161854
1 0.2819910049438476 0.3148928310560144 0.011377168738323708 0.011165909145189367
1 0.37247187935787707 0.6470696096834929 0.009730903998665188 0.009823073511538298
1 0.41153677650119946 0.03707533815632695 0.010315895080566406 0.01100846995478091
1 0.26267472557399585 0.9634599478348441 0.010515627653702446 0.010364325150199558
1 0.2172587954479715 0.589078136112379 0.009150152621061905 0.009776198345681896
1 0.4323365118192589 0.8057381381159244 0.00994625298873238 0.010349149289338486
1 0.22199539516283118 0.32253070499586023 0.008878127388332201 0.009260882502016813
1 0.4429997361224631 0.8912175841953445 0.008452415466308594 0.014083654984183933
1 0.3464281973631485 0.5507898952649988 0.01002421586409859 0.009774042212444803
1 0.34878615192745044 0.04651712205099023 0.009234936340995457 0.010055751904197361
1 0.38640983467516693 0.22228206758913788 0.009728188100068466 0.01087908122850501
1 0.4770572237346483 0.8102815876836362 0.009652065194171408 0.010273311449133831
1 0.39665754981662915 0.13892206938370413 0.010186941727347996 0.00941523261692213
1 0.525761894557787 0.8439497118410857 0.009745639303456182 0.008874685867972996
1 0.17377983487170673 0.5502375519793966 0.010350320650183636 0.01202554288117782
1 0.29314734624779737 0.9253799811653469 0.011071433191714079 0.011209280594535496
1 0.6083068847656251 0.8489508628845215 0.009337134983228601 0.008986970652704653
1 0.373659610748291 0.6951268237570057 0.010004997253417969 0.010296863058338995
1 0.2049236919568932 0.27910774687062134 0.009943796240765116 0.010514487390932829
1 0.494073950726053 0.015893378335496654 0.010802144589631454 0.009464856075203937
1 0.2742856792781664 0.5290500495744788 0.008598348368769106 0.008736133575439453
1 0.529576477797135 0.8549452657284945 0.009523453919783882 0.008870000424592392
1 0.2969077359075132 0.9699917254240618 0.011292042939559273 0.010581638502038044
1 0.2642768258633821 0.3351562272595323 0.009579554848048998 0.010274899394615837
1 0.5419261973837147 0.9202953421551249 0.009190642315408459 0.009038593458092731
1 0.2219656757686449 0.5077706834544307 0.010204584702201511 0.010546435480532438
1 0.5890671481256899 0.8797829047493313 0.00902569812277089 0.008824431377908459
1 0.22931004607159156 0.6467836006827976 0.010096819504447605 0.010835191477899965
1 0.36660642468411 0.023261708409889885 0.008830521417700726 0.00931631870891737
1 0.38550415246382996 0.6055524660193402 0.010674911996592646 0.013424748959748642
1 0.23076214997664746 0.47188534943953797 0.00989594666854195 0.009547192117442255
1 0.4322536095328953 0.8960310065228007 0.0092804535575535 0.009792825450067934
1 0.19045520865398907 0.6847673084424889 0.00955888499384341 0.009738507478133492
1 0.35768765988557233 0.49673546915468964 0.011240005493164062 0.01251846811045771
1 0.5040148030156675 0.8066228783648945 0.010593911875849184 0.010581306789232336
1 0.5842944020810334 0.9400739047838294 0.009925261787746264 0.010207342064898949
1 0.26646769565084705 0.06566791171612946 0.00933087390402089 0.009676440902378248
1 0.31198625979216205 0.034421188675838967 0.009600763735563858 0.009731082812599514
1 0.4201381413832954 0.2872332697329314 0.01017253295235012 0.010333724643873133
1 0.27252937399822735 0.5150040750918181 0.009068157361901325 0.00860106426736583
1 0.39599329751470813 0.012119531307531439 0.009560092635776686 0.008702087013617806
1 0.6478110396343729 0.8773919603098993 0.010136521380880604 0.010294831317404041
1 0.26387653143509576 0.559462547302246 0.010378111963686735 0.011348309724227242
1 0.18865805086882215 0.4467994803967683 0.010184412417204483 0.01201344572979471
1 0.5374967948250149 0.8967638223067576 0.010278743246327276 0.010296904522439709
1 0.1975021154984184 0.37919962924459705 0.010898880336595617 0.010202200516410496
1 0.23589147692141327 0.28571852393772285 0.009223212366518766 0.009623361670452616
1 0.2186414677163829 0.36502543221349304 0.009365330571713655 0.009212566458660624
1 0.4060792922973632 0.12579414637192435 0.009233060090438179 0.010042677754941194
1 0.5592297471087911 0.9526291515516198 0.00921668177065642 0.009081425874129585
1 0.2730980437734853 0.489056162212206 0.008777307427447775 0.009039236151653788
1 0.24750003607376758 0.6355480111163595 0.011419565781303074 0.010685879251231318
1 0.4268594721089239 0.7762716956760571 0.009385544320811396 0.009346505869989809
1 0.40702137739762023 0.6977990399236265 0.009225886801014776 0.009852409362792969
1 0.22463357966879144 0.5788340361221976 0.008896516716998556 0.008952099344004755
1 0.20987880748251211 0.6662022963814114 0.01042894695116126 0.010685962179432745
1 0.6369594387386156 0.9074936742367952 0.010840975719949474 0.010042771049167797
1 0.5957305949667225 0.9018951706264331 0.009794608406398607 0.009685474893321161
1 0.4428905404132346 0.3513957210209058 0.009978584621263586 0.011322373929231064
1 0.2963264195815376 0.9866336739581564 0.011311717655347742 0.010231598563816235
1 0.5449873053509257 0.9077759618344514 0.010277126146399456 0.009047135062839674
1 0.49219150646873155 0.8932718194049337 0.009221647096716839 0.008696099986200747
1 0.21401840707530145 0.9865876902704653 0.014548218768575916 0.010020878003991169
1 0.4573905001515927 0.9877505509749702 0.010045352189437202 0.009270792422087296
1 0.28462283507637354 0.8970572015513544 0.010394842728324558 0.011502639107082203
1 0.5211394351461659 0.8206859878871751 0.009980491969896399 0.010013124217157778
1 0.5179230648538341 0.9052607494851819 0.009825582089631454 0.009153614873471468
1 0.3222776929969373 0.06910286778989044 0.010795016651568205 0.010003494179767113
1 0.45595287758371106 0.06131095730740091 0.010421286458554476 0.01008747453274934
1 0.39845157447068585 0.6620150027067766 0.009492412857387377 0.015306472778320312
1 0.3976957694343898 0.07741457483042842 0.010253066601960556 0.009910801182622496
1 0.13535456553749417 0.4756163410518481 0.011325390442557957 0.01244596813036048
1 0.4766670931940493 0.9357418184695037 0.010159409564474354 0.010263069816257641
1 0.48388058206309437 0.8503379199815834 0.00939203345257303 0.008802040763523268
1 0.4210585874059926 0.2739649855572244 0.010139579358308212 0.00984855320142663
1 0.378045846586642 0.20402683382448944 0.008899714635766071 0.009137754854948624
1 0.5691670853158702 0.8282438983087954 0.008898797242537788 0.00836044809092646
1 0.39799039778502093 0.04378251537032749 0.009639138760774033 0.010231015474899956
1 0.23430422078008234 0.31197773891946545 0.009173849354619566 0.009350030318550442
1 0.23647697075553561 0.7793005860370138 0.010785165040389351 0.01058723615563434
1 0.2262718366539997 0.17964123642962915 0.009045352106509 0.009521836819856064
1 0.47570398579473083 0.7918836344843325 0.010864174884298573 0.010631975920304008
1 0.4326109367868174 0.053061770356219756 0.010463776795760445 0.01022593871406887
1 0.2213796221691629 0.5266343717989714 0.009693581125010614 0.009184194647747538
1 0.34255875193554425 0.13981162983438242 0.009618950926739237 0.009804000025210173
1 0.19064988260683807 0.9745705231376314 0.010077227716860563 0.010943703029466711
1 0.5439703360847805 0.8322224202363386 0.00841484899106233 0.008396273073942764
1 0.5131737356600554 0.9562301428421683 0.010128663933795433 0.009354093800420347
1 0.21742689091226328 0.5168716389199962 0.009184319040049677 0.009408494700556215
1 0.6131638651308806 0.9050065538157588 0.009709067966627039 0.009113519088081692
1 0.6025190146073051 0.9149713101594343 0.01153552013894786 0.01048676863960598
1 0.3996750790139903 0.2063748525536579 0.009809742803158968 0.010219449582307236
1 0.2213753202687139 0.31041862653649366 0.00859281291132388 0.009143663489300272
1 0.26487860472305963 0.3243691963346108 0.010281396948772926 0.010252193912215855
1 0.41493861571602203 0.10747816251671832 0.0086358526478643 0.008829759514850119
1 0.22641116639842152 0.3752408623695374 0.008915258490520975 0.009990033896073051
1 0.30356525338214374 0.01979220626146897 0.010036178257154383 0.010798616253811379
1 0.4808198783708656 0.8242755558179773 0.009968612505042034 0.009466171264648438
1 0.22064687894738239 0.1631647192913553 0.009644259577212126 0.01004127834154212
1 0.47738816945449164 0.8926901195360266 0.009735594625058382 0.009383574776027514
1 0.3264755684396495 0.0814581072848776 0.009731230528458305 0.010102396425993546
1 0.2568781168564507 0.9439256294913914 0.010092424309771995 0.011004447937011719
1 0.2601383872654127 0.015812556380810944 0.01245191822881284 0.009254351906154467
1 0.23930432485497516 0.6542198761649753 0.01003507945848548 0.012064477671747622
1 0.18822763277136761 0.5014331755430802 0.009239487026048742 0.010006552157194717
1 0.2190554867620053 0.7223716818768047 0.009703014207922894 0.010292633720066235
1 0.5264752636785093 0.9219552744989808 0.010001680125360903 0.00937378924825917
1 0.24203236206718112 0.5115866142770519 0.009011766184931215 0.009128549824590269
1 0.6312149607616923 0.8369452435037364 0.010174937870191492 0.009383657704228941
1 0.4683789222136788 0.03277074642803358 0.009944055391394573 0.01015649411989295
1 0.40676394752834155 0.07544614180274632 0.009244752966839334 0.009564135385596233
1 0.2643640766973081 0.8712881751682446 0.01070130389669667 0.011020992113196331
1 0.5679747021716574 0.8951657336691151 0.009010584458060886 0.008440929910411005
1 0.4216189591780952 0.7261314599410348 0.01012495289678159 0.00945145150889521
1 0.533375532730766 0.1752188724020253 0.010134406711744226 0.009885373322860054
1 0.5056930210279382 0.8515258457349695 0.009677223537279211 0.008753403373386549
1 0.5270464834959611 0.9500881692637567 0.010354435962179432 0.00932038348654042
1 0.48245039193526557 0.8757062994915507 0.00898630722709324 0.008935928344726562
1 0.24401536195174509 0.8570877158123512 0.010332149008046026 0.010505012843919836
1 0.4332531638767408 0.2366872974064039 0.008416714875594429 0.00950541703597359
1 0.6213701911594557 0.9348249228104301 0.009754927262015965 0.010255772134532099
1 0.4233527183532715 0.14631615514340607 0.009211291437563688 0.009037225142769192
1 0.20991078667018725 0.4807843073554661 0.008926474529763927 0.00910954890043839
1 0.5449696209119714 0.8531417224718176 0.008704848911451258 0.008799469989279041
1 0.597300736800484 0.9569833382316257 0.010384186454441235 0.009438017140264097
1 0.4923551704572595 0.8617762482684591 0.009308338165283203 0.009089552837869396
1 0.42124094133791723 0.3447800511899202 0.009099338365637737 0.009397838426672894
1 0.3022139176078465 0.03646476890729821 0.009671625883682915 0.010066172351007876
1 0.6078729629516602 0.8664984910384468 0.00915253680685292 0.009526542995287024
1 0.43132525941599975 0.8624609656955886 0.010547575743302055 0.011122496231742527
1 0.4341747242471446 0.7841592249662979 0.009928454523501188 0.009912034739618715
1 0.3987336055092189 0.19277276163515839 0.009378785672395126 0.009480020274286684
1 0.18230921289195184 0.6153947270434835 0.009447470955226732 0.0102453439132027
1 0.36441204081410944 0.7019317253776218 0.011280686958976414 0.011334585106891136
1 0.21525982151860779 0.1763457370840985 0.00963517893915591 0.009883351947950281
1 0.4138806695523469 0.13864951030067776 0.009081819783086363 0.00998104136923085
1 0.19440653013146444 0.8344957102899966 0.010089418162470278 0.010500120080035667
1 0.22329192576201062 0.9711729754572329 0.010317740233048149 0.010141331216563349
1 0.5937832956728729 0.9305439410002334 0.009117541105850883 0.009466502977454144
1 0.4295552036036615 0.0645905525788017 0.009742560593978218 0.010341395502505095
1 0.2478476399960725 0.5230333494103473 0.009309105251146399 0.008956992107888927
1 0.44689487374347187 0.05369552322055982 0.009734817173170008 0.010233080905416737
1 0.28297291631283966 0.9261238056680431 0.01049178579579229 0.010948222616444464
1 0.20621622127035388 0.41535257256549335 0.009789736374564793 0.010736299597698708
1 0.41518586614857544 0.2999614839968474 0.009453773498535156 0.010437716608462126
1 0.2289051283960757 0.7310536218726118 0.009831407795781675 0.010665022808572521
1 0.4448425873466161 0.8779100749803627 0.009315822435461956 0.009452902752420177
1 0.24590999147166376 0.01925695460775624 0.009220061094864555 0.009787414384924847
1 0.3312985991006311 0.05394298874813577 0.008807819174683613 0.009035540663677713
1 0.3886889582094939 0.68063093268353 0.009287378062372622 0.009199640025263247
1 0.4719792811766915 0.8521155481753142 0.010094860325688902 0.009265319160793139
1 0.22627843981203824 0.7679240807243015 0.01060181078703507 0.010983384173849354
1 0.6263679525126582 0.8988409042358398 0.009747650312340778 0.009311841881793478
1 0.423624847246253 0.01284128654262294 0.009132841359014097 0.010421196403710739
1 0.3824706051660621 0.13326844961746878 0.009665069372757622 0.009792369344960089
1 0.46231307154116424 0.8643616178761357 0.009454395460045856 0.009464802949324898
1 0.34913240178771643 0.08398130924805351 0.010001651618791662 0.010569359945214313
1 0.1843211028886878 0.6702536292698071 0.01097664625748344 0.010873628699261208
1 0.42603952988334326 0.3011661612469217 0.010303497314453125 0.01244043267291525
1 0.18651515504588254 0.6044773848160453 0.009786626567011293 0.011661529541015625
1 0.28448559926903766 0.49443868968797766 0.008766195048456606 0.009120816769807236
1 0.3731195019639057 0.6281481203825577 0.00919013956318731 0.009254621422809103
1 0.2041145096654477 0.5186862323595129 0.00938409307728643 0.009130851082179857
1 0.5606594811315122 0.9040933484616488 0.00921798788982889 0.007889830547830334
1 0.5504306606624437 0.8854027416395105 0.009799729222836702 0.008922535440196161
1 0.19698720392973526 0.8069672169892683 0.009918606799581776 0.010763375655464504
1 0.24318226524021314 0.19061989369599716 0.009142875671386719 0.009761582250180452
1 0.5283366700877314 0.8746953632520593 0.009238740672235903 0.008764101111370584
1 0.5271362532740054 0.8888789881830631 0.009395329848579739 0.00884520489236583
1 0.42726109857144556 0.7374195637910264 0.009656377460645594 0.009047922880753227
1 0.38340782082599145 0.691005686055059 0.0093224981556768 0.009574848672618036
1 0.23601889610290527 0.6292476757712986 0.010095409725023352 0.010930206464684528
1 0.396536251773005 0.11348460549893588 0.009393847506979237 0.009677938793016516
1 0.4082765164582626 0.6709460693856946 0.0116119384765625 0.009143933005954908
1 0.1990063605101212 0.5769451597462529 0.009258581244427225 0.010195649188497791
1 0.5445004235143247 0.9592227106509001 0.010487950366476307 0.009559963060461956
1 0.4490977162900179 0.8443184520887292 0.009709399679432745 0.009564731432043987
1 0.2693590806878131 0.5029241416765295 0.009531788204027258 0.009587059850278109
1 0.4694043242413064 0.0764074532882027 0.00939705060875934 0.009624170220416525
1 0.2070532156073529 0.732561671215555 0.010259192922840948 0.010652417721955673
1 0.3685001394023065 0.19042514718097187 0.010001369144605554 0.00987844881804093
1 0.5531768487847369 0.8435556577599567 0.009024433467699133 0.008619308471679688
1 0.21172501729882282 0.6906489496645719 0.010119210118832796 0.010188227114470108
1 0.4156955428745436 0.22206176882204803 0.009351771810780401 0.010570173678190811
1 0.37265365020088526 0.5997812644295071 0.00913350478462551 0.009326810422150986
1 0.25273169641909393 0.9711917794269064 0.01051492276399032 0.010296614273734715
1 0.4438187454057776 0.07443092439485632 0.010406100231668224 0.010629669479701832
1 0.17926461800285004 0.45683322263800574 0.010345313860022503 0.00944934720578401
1 0.21321317423944885 0.7669426047283671 0.010235081548276155 0.010375561921492867
1 0.2565653635107953 0.45542013645172125 0.009420146112856657 0.010031876356705376
1 0.595980810082477 0.9848691276882007 0.009583348813264267 0.009350071782651155
1 0.17896876127823538 0.5216487594272778 0.009621247001316236 0.010243001191512398
1 0.4566040194552878 0.07930966045545496 0.0100296165632165 0.011069857555886974
1 0.5380758617235266 0.8644994030828062 0.009159088134765625 0.008723673613175102
1 0.531316964522652 0.9075536520584768 0.01012395775836447 0.009930361872134
1 0.39237117767333984 0.12537086009979248 0.009765625 0.009371228840040125
1 0.6042744802392047 0.8327359323916228 0.00916891512663468 0.00832441578740659
1 0.5030972646630328 0.9078093611675758 0.009867419367251188 0.009414963100267492
1 0.33478157934935204 0.07136200044466101 0.009728607924088188 0.021282553672790527
1 0.2717502739118493 0.08325681997382121 0.009576403576394787 0.009978885235993759
1 0.6158034697822903 0.8242872901584792 0.010756865791652515 0.01233183819314708
1 0.5878149219181227 0.8911099019257918 0.008849620819091797 0.00964193758757218
1 0.6081552505493165 0.9869000600731891 0.011415979136591372 0.00929911240287449
1 0.18722947784092117 0.4687456203543621 0.01008525102034859 0.01001106137814729
1 0.43706680899081024 0.7404617848603623 0.010028144587641176 0.009843618973441746
1 0.20020375044449515 0.9153849767602007 0.01017748791238536 0.010962983836298403
1 0.19165610230487323 0.5717843822810962 0.009371114813763163 0.009853715481965439
1 0.4976287821064825 0.980933894281802 0.0109338553055473 0.009728887806768003
1 0.3727063044257786 0.16178791419319485 0.009328976921413256 0.009736641593601393
1 0.229217705519303 0.24371316121972125 0.009487463080364725 0.009528719860574474
1 0.3595549982527028 0.07288618968880695 0.009600768918576448 0.010027621103369671
1 0.42727936869082245 0.2508713369784148 0.010312909665315048 0.00929191838140073
1 0.22389162105062735 0.9356108541074006 0.010098395140274712 0.010478641675866169
1 0.4229701498280401 0.7950945937115214 0.010036717290463655 0.009338917939559273
1 0.53478655607804 0.9673081066297449 0.010021956070609715 0.009752315023671026
1 0.20112744621608566 0.8268290809963061 0.009826991869055706 0.011039236317510191
1 0.5109967978104301 0.917193951814071 0.009859043618907099 0.009260426396908968
1 0.3536208531130915 0.11841056139572809 0.010424888652303944 0.010691508002903149
1 0.46722426103508996 0.827552318572998 0.009640289389568827 0.00915390512217646
1 0.6161210536956787 0.8756459899570632 0.0095294247502866 0.008912998697032099
1 0.4115660242412401 0.1717772483825684 0.009291286053864853 0.00903531779413638
1 0.4155666517174762 0.7152807608894679 0.00918753250785496 0.009424748628035835
1 0.18071153889531677 0.6256947621055271 0.00948445693306301 0.011106263036313265
1 0.2329554557800293 0.8106093821318254 0.010757985322371773 0.010595031406568445
1 0.4602611375891644 0.8499044542727263 0.009963325832201086 0.009321254232655401
1 0.5860949288243833 0.9662344974020253 0.010485877161440641 0.009104355521824049
1 0.5731447572293489 0.9187622692274011 0.00898724016935929 0.009610010230022928
1 0.357730041379514 0.5759437291518502 0.010089469992596169 0.010310774264128311
1 0.45720957673114276 0.9255648695904276 0.008645555247431215 0.0139306524525518
1 0.5842269918192988 0.0963197428247203 0.009720988895582117 0.01024471158566682
1 0.4275628069172735 0.03411381140999172 0.00990438461303711 0.009592030359351116
1 0.3943920290988425 0.15487871999325958 0.008724658385567043 0.009006811224895975
1 0.21360460571620773 0.44861235825911805 0.009555712990138842 0.009683401688285496
1 0.39766836166381836 0.7339955620143723 0.009979289510975714 0.009375613668690557
1 0.2540328088014022 0.2578824810359789 0.009862713191820227 0.00961247734401537
1 0.40045417132584943 0.6868768360303795 0.009448720061260721 0.009648862092391304
1 0.2534702135168988 0.9294717622839888 0.01074293385381284 0.011016348133916441
1 0.18809555924457055 0.6523024932197903 0.010191150333570398 0.010138553121815557
1 0.23546885407489282 0.4596707198930823 0.009230717368747877 0.009405405625053074
1 0.39659160893896356 0.6489150005838146 0.009215992429982061 0.009913610375445822
1 0.3072182406549868 0.07561907820079637 0.009939525438391644 0.009736677874689516
1 0.24379744737044626 0.37175570363583765 0.009452322255010191 0.009269424106763758
1 0.23484310406151468 0.5580855340544929 0.008622749992038893 0.009550903154456097
1 0.6097037273904552 0.9320441950922427 0.009074252584706182 0.00953848465629246
1 0.5354907616325046 0.8193374302076257 0.009374742922575577 0.009476205577021059
1 0.22660589218139648 0.8854957870815112 0.010828723078188688 0.011511470960534138
1 0.5087335835332456 0.9653340422588848 0.01074882175611413 0.01020800549051036
1 0.6160289722940196 0.9670401241468347 0.00965105968972911 0.010008646094280739
1 0.21322599701259448 0.5394934571307638 0.00953842246014139 0.009098094442616339
1 0.43558423415474273 0.7561256159906802 0.009828982145889946 0.009929325269616169
1 0.3835985142251719 0.15682173811871075 0.010061222573985224 0.00965707198433254
1 0.2481763570205025 0.43787823552670685 0.009390644405199133 0.00904058373492697
1 0.5650863232819932 0.8532452375992485 0.009115550829016644 0.008579917576002039
1 0.24169177594392197 0.5004129720770795 0.008589786031971807 0.010079446046248726
1 0.5426803671795389 0.9804604571798573 0.009278421816618546 0.009358364602793818
1 0.5960812983305557 0.8425797379535177 0.008797230927840523 0.009111031242038893
1 0.18070145275281824 0.8570105718529742 0.012131711711054262 0.0124212762583857
1 0.5047806553218676 0.9816347619761592 0.010165318198826 0.009891012440557066
1 0.42652044088944147 0.7185948413351307 0.012149499810260277 0.013677431189495583
1 0.4141748210658197 0.05689372964527296 0.009678311969922937 0.010362775429435398
1 0.22684988768204398 0.230199844940849 0.008669894674549932 0.009179260419762653
1 0.5239697746608568 0.14201980570088263 0.009115302044412365 0.008757995522540548
1 0.3002098954242209 0.09124160849529764 0.00922945271367612 0.009435176849365234
1 0.6191210850425388 0.8624082440915315 0.009739233099895975 0.009156724681024965
1 0.5705782226894213 0.936679404714833 0.009418860725734545 0.009418694869331692
1 0.5940997393234916 0.8682541432587996 0.009263349616009256 0.009407084921131964
1 0.25285563261612604 0.2387691166089929 0.009706745976987093 0.009934922923212465
1 0.38898489008779114 0.08542335810868637 0.009247899055480957 0.009565078693887463
1 0.4272195567255435 0.2625927821449611 0.008798930955969769 0.00900987956834876
1 0.41288254053696344 0.012567494874415188 0.009189802667369013 0.008842039367426996
1 0.31185869548631756 0.09150178795275479 0.009512196416440218 0.009491231130517048
1 0.5855095801146134 0.9108403040015179 0.009662939154583475 0.010773078255031421
1 0.39138309592786036 0.2596117724543032 0.00869006177653437 0.010145145913828974
1 0.40561342239379883 0.3557086353716643 0.00985116543977157 0.010857074157051418
1 0.5503834434177566 0.09098105586093405 0.010467861009680706 0.010774513949518618
1 0.39828517385151074 0.26827679509701935 0.00908641711525295 0.009967638098675272
1 0.2641770425050155 0.266864071721616 0.01019193815148395 0.010528398596722145
1 0.5789643992548402 0.8534665315047554 0.009156849073327106 0.008412651393724524
1 0.22043431323507562 0.9175271780594534 0.010295411814814028 0.010107911151388416
1 0.6294731679170028 0.8494042106296704 0.009976635808530062 0.009193005769149117
1 0.5165256624636444 0.8730551885521929 0.0096276739369268 0.008257202480150305
1 0.23905971775884216 0.9591452971748684 0.01085874308710513 0.011526356572690218
1 0.4233842466188513 0.021325443749842438 0.009726306666498598 0.009699307058168493
1 0.19673412779103155 0.8473705208819845 0.010990868444028109 0.010603365690811821
1 0.5143073641735575 0.9817532663759979 0.01036791179491126 0.010124869968580164
1 0.5785805038783861 0.8648998840995457 0.009784698486328125 0.008715588113536005
1 0.40543458772742225 0.1547502434771994 0.009631820346998133 0.00978782902593198
1 0.4759840446969737 0.8647428802821948 0.009867274242898693 0.00917704209037449
1 0.20499426385630734 0.33148220829341724 0.009144326914911684 0.009294084880663
1 0.25211333191913105 0.8331014591714611 0.01119914262191109 0.010874333588973335
1 0.5654988703520402 0.9746496988379437 0.009741866070291271 0.009265277696692425
1 0.44442856311798096 0.9692366434180218 0.009742726450381071 0.009865677875021229
1 0.5195625139319379 0.8579451519510022 0.009224352629288383 0.00857742972995924
1 0.21774814439856488 0.4724886521049168 0.009552665378736414 0.01007743503736413
1 0.4668233861093936 0.8733286650284476 0.009609025457630987 0.011084929756496265
1 0.21888074667557425 0.42071019048276154 0.008600255717401918 0.009517420893130095
1 0.6154640031897504 0.982137327608855 0.009375945381496264 0.009749080823815388
1 0.2674558680990468 0.9484887537748916 0.009973899177882982 0.011345614557680876
1 0.19414820878402048 0.5881465414296025 0.009292685467263927 0.010325141575025476
1 0.24707895776499875 0.5518208586651346 0.009873597518257473 0.009486405745796535
1 0.28590563069219177 0.019515752144481823 0.009334232496178669 0.009160286706426869
1 0.6262924982153851 0.9718105274698009 0.010291265404742699 0.011084307794985563
1 0.20312922933827277 0.3487181611683058 0.010064456773840862 0.00966923133186672
1 0.3916995240294415 0.054307315660559616 0.010038007860598356 0.010030083034349524
1 0.500246752863345 0.025940683224926823 0.009933761928392492 0.009270677100057188
1 0.4554781913757324 0.875830360080885 0.008938789367675781 0.009888524594514267
1 0.2157184352045474 0.29921366857445764 0.009410277656886889 0.009346733922543734
1 0.5529439760291058 0.0798076235729715 0.01008207901664402 0.00948060077169667
1 0.4173987119094186 0.6983311901921812 0.009842686031175696 0.010359929955523949
1 0.2015908904697584 0.764182422472083 0.010430916495945141 0.011806985606317934
1 0.3470193406809931 0.012860805444095447 0.009989075038744055 0.010100467049557228
1 0.39830116085384204 0.6728707085485044 0.011734993561454441 0.009259369062340778
1 0.1895451856696087 0.4029170637545378 0.012347034786058508 0.010799760403840439
1 0.21801283048546832 0.6714713262475055 0.00959504168966542 0.010261328324027683
1 0.3888161000998124 0.21213163500246796 0.009704366974208666 0.00972704265428626
1 0.2020839608233908 0.5530932260596234 0.009815216064453125 0.009348827859629755
1 0.24236824201500934 0.41161180579144024 0.009880397630774456 0.008985602337381115
1 0.45071798822154174 0.8073903581370478 0.009724036506984545 0.00977288121762483
1 0.20754978967749552 0.1906167735224185 0.009378412495488707 0.00944618556810462
1 0.23704722653264587 0.9677457394807234 0.009509729302447775 0.009460946787958559
1 0.24265150401903235 0.9765172626661218 0.010120060132897419 0.009800206059994905
1 0.5463531846585481 0.9438070214313008 0.010248578113058338 0.010007609491762907
1 0.452786922454834 0.902280848959218 0.009923893472422724 0.009332159291143003
1 0.3441953523003537 0.11260792483454166 0.010504832734232363 0.010752221812372622
1 0.2647426543028458 0.27726748715276306 0.009729489036228346 0.00957308644833772
1 0.2536480530448582 0.779547463292661 0.010703128317128057 0.010348734648331352
1 0.45060602996660315 0.018886106169742088 0.010916948318481445 0.010435894779537037
1 0.41938596704731823 0.0695702226265617 0.009845536688099737 0.00940152354862379
1 0.5069853222888449 0.8966932504073434 0.009271725364353346 0.008840602377186651
1 0.5638672787210216 0.8850154462067978 0.00961378346318784 0.008225150730298914
1 0.20423893306566324 0.9772371831147566 0.009700982466987942 0.009960298952849014
1 0.2412348933841871 0.21693359250607697 0.009299464847730554 0.009553847105606743
1 0.34776046612988354 0.5996754998746125 0.009783488252888555 0.010970012001369312
1 0.2005901336669922 0.5083332787389341 0.009697665338930876 0.009537510249925696
1 0.3443497782168181 0.17127579191456668 0.010156989097595215 0.011637957199760105
1 0.4357531537180362 0.9501905026643171 0.009724979815275772 0.010032985521399456
1 0.27298837122709857 0.07058752878852513 0.009642082711924677 0.010073977967967157
1 0.21306508520375128 0.23833236487015433 0.010352673737899117 0.01029874967492145
1 0.38366455098857055 0.23510041444197946 0.008953944496486498 0.009863770526388416
1 0.5329586526621943 0.09941858312358028 0.010127026101817255 0.00974714237710704
1 0.20153341086014456 0.9678914857947308 0.010225109432054602 0.009799127993376358
1 0.31653124353160034 0.10445663721665094 0.010875950688901155 0.01033640944439432
1 0.22146330709042755 0.3506269454956055 0.008689175481381624 0.009321627409561821
1 0.5763640403747559 0.881707647572393 0.009245872497558594 0.009116545967433764
1 0.3240123915931452 0.09474930037622867 0.01059857269991999 0.010908904282943062
1 0.16991490384806757 0.5250688117483387 0.011297236318173616 0.010738849639892578
1 0.4114349717679231 0.3761025200719419 0.010128581005594006 0.010077953338623047
1 0.20455172787541925 0.839936297872792 0.010818336320960003 0.010427806688391644
1 0.22940672998842987 0.42207210478575335 0.00987981713336447 0.008697540863700535
1 0.2505593610846478 0.5054298380146856 0.009723518205725628 0.011148100313932999
1 0.208557885626088 0.9655994332355003 0.01003060133560844 0.010178275730298914
1 0.522382870964382 0.10865522985873016 0.00994066570116126 0.0088986002880594
1 0.3891080902970355 0.19436792705370032 0.009837052096491274 0.009183303169582201
1 0.16289839537247364 0.46713447052499535 0.011143933171811312 0.010130021883093792
1 0.19324075657388437 0.6615963500478992 0.010555039281430452 0.010581244593081266
1 0.21736412194354632 0.7555185753546231 0.00874124901935479 0.0094976715779694
1 0.3046541110329006 0.10163019014441449 0.010060040847114895 0.009776737378991169
1 0.3569234013557434 0.17778462949006457 0.00998520332833995 0.00907246962837551
1 0.17654435530952786 0.691622547481371 0.009578082872473675 0.010558708854343579
1 0.5191865589307703 0.15721509249314017 0.009833791981572691 0.009639169858849567
1 0.3069625315458878 0.9590779387432596 0.010610456052033798 0.011524407759956692
1 0.460263615069182 0.7956462321074111 0.016648935235064964 0.014277955760126528
1 0.3834893807120945 0.6225194827370022 0.009134831635848335 0.009675336920696756
1 0.2255083270694898 0.8759574060854705 0.00991815069447393 0.01108152970023777
1 0.6506405602330747 0.8622593672379203 0.011438639267631199 0.011167028675908628
1 0.23320453928637044 0.5845427717197752 0.008479633223090182 0.010378007654373073
1 0.2075410096541695 0.40568793597428693 0.009983892026154892 0.009383424468662428
1 0.4544414489165597 0.8332000608029573 0.009369736132414444 0.009481388589610224
1 0.40951103490331897 0.02217136971328569 0.01000212068143098 0.009951826023018879
1 0.5798340465711511 0.8279314870419711 0.009179861649222996 0.009071433025857677
1 0.25388177581455396 0.28039980971294903 0.008702796438465948 0.009071826934814453
1 0.5346441683561907 0.08472313051638397 0.010405333145805027 0.010790679765784222
1 0.45609268934830377 0.8186969342439072 0.009451534437096638 0.009329090947690218
1 0.27009413553320843 0.9295361560323963 0.010890815569006878 0.010081996088442598
1 0.6451069479403289 0.8481082501618757 0.012601251187531845 0.010156631469726562
1 0.5248007359712019 0.9331533390542736 0.010135857955269192 0.00916228087052055
1 0.45655549090841546 0.7933396256488302 0.00899231952169667 0.00980928669805112
1 0.3563932582088139 0.05197110383406929 0.009597412917924963 0.010202884674072266
1 0.6191693699878195 0.8457262827002484 0.009429703588071077 0.00913449992304263
1 0.22117369765365788 0.820798991028449 0.008299986581412384 0.009341627636541335
1 0.38612653898156213 0.6516815890436587 0.009448383165442425 0.00887236387833305
1 0.5563691284345544 0.832072983617368 0.008831583935281506 0.008618437725564709
1 0.3133083633754564 0.6428704883741295 0.013301849365234375 0.013295463893724524
1 0.20750669811082922 0.2129140314848527 0.00899343905241593 0.012536256209663723
1 0.5976561256076979 0.9697479787080183 0.009561704552691916 0.010203278583029041
1 0.5553625666576884 0.8590513519618823 0.007920078609300696 0.008780728215756624
1 0.24476435910100525 0.74950533327849 0.011182930158532185 0.011363734369692595
1 0.574831775996996 0.9564070701599121 0.008459132650624151 0.00863784292469854
1 0.24497780592545215 0.34779813367387524 0.00879080399222996 0.009182004824928616
1 0.23008098809615427 0.8977687047875446 0.01074386679607889 0.010240430417268173
1 0.24713004153707754 0.4757189698841262 0.009396967680557915 0.011012647462927776
1 0.45423505098923395 0.8892466918281886 0.009101318276446798 0.01277724556300951
1 0.5595041357952616 0.8745960981949515 0.009075828220533289 0.008673128874405571
1 0.5420155317887015 0.07340087320493616 0.009820523469344429 0.009613944136578104
1 0.42432619177776837 0.35619589038517163 0.010719216388204823 0.012063700219859247
1 0.18765509059163663 0.9824475592341151 0.0075635129787048425 0.010674345380556682
1 0.2887029440506645 0.011927821390006855 0.0095361212025518 0.009591835348502449
1 0.411678943945014 0.3482807822849441 0.009103759475376295 0.009394106657608696
1 0.5305149866187054 0.16378502223802652 0.009032332378885021 0.008860795394234035
1 0.2889796236286993 0.5158283814139988 0.009488499682882557 0.00972747802734375
1 0.6069355632947839 0.8112350132154381 0.011047155960746433 0.011712613313094429
1 0.330389579029187 0.045292951490568084 0.008821618945702263 0.010936231716819431
1 0.2325201967488164 0.7526080090066662 0.011394770249076511 0.011524283367654552
1 0.38497714633527 0.1140515493310016 0.009647737378659456 0.010015363278596298
1 0.5161075177400007 0.17044868158257526 0.010810271553371265 0.010855374128922173
1 0.28335781719373615 0.47939091143400775 0.009181250696596891 0.010275840759277344
1 0.5777098614236583 0.10403757509977922 0.009053935175356657 0.008854700171429178
1 0.6444574335347051 0.8284318343452786 0.010813858198082966 0.010266511336616848
1 0.19911950567494266 0.40689130451368244 0.00982039907704229 0.01180893441905146
1 0.21414824154066003 0.3340302488726119 0.00843680423239003 0.010890060792798582
1 0.5483026504516602 0.15020950462507165 0.009141963461171026 0.008869720541912577
1 0.38452036484428076 0.6723067449486774 0.009780717932659647 0.011012409044348675
1 0.5740896100583285 0.9851769779039465 0.01026290395985479 0.008532275324282438
1 0.3474730408709983 0.07443824799164482 0.009940987047941788 0.010392442993495777
1 0.5524995845297108 0.16700498954109527 0.009144700091818104 0.008969493534253992
1 0.3680229446162348 0.5900938407234524 0.010135702464891516 0.009166676065196161
1 0.36099780124166736 0.6150652843972911 0.009549306786578634 0.009048544842263927
1 0.19952620107876962 0.9872102104829165 0.008941998112019053 0.006350014980276217
1 0.5467663329580555 0.1819919606913691 0.011116048564081606 0.010385907214620838
1 0.2054993898972221 0.9380776363870372 0.010489526002303413 0.010371332583220108
1 0.5587593990823497 0.10017121356466543 0.009043320365574049 0.008418995401133661
1 0.5623426230057426 0.922171219535496 0.010155263154403023 0.010342971138332203
1 0.43761443055194355 0.011919252574443817 0.00884427195009978 0.009514841696490412
1 0.5102361596148947 0.01644890917384106 0.010510237320609715 0.009350573239119156
1 0.5699462890625 0.11716649843298872 0.010163431582243546 0.009835823722507643
1 0.20346385499705438 0.3916085466094639 0.009215582971987516 0.008875261182370394
1 0.2851653410040814 0.5059061050415039 0.009011455204175867 0.008535385131835938
1 0.25984491472658905 0.44342159188312025 0.010074553282364555 0.009834082230277683
1 0.4884921467822531 0.8845024523527725 0.009246971296227497 0.010038873423700747
1 0.2558397935784381 0.35903583272643713 0.008095927860425867 0.008764699749324633
1 0.5638588407765264 0.841150304545527 0.009780054507048233 0.008625237838081692
1 0.26169380934342096 0.29381375727446185 0.00877832329791525 0.009790275407874065
1 0.1913302359373673 0.5606346752332605 0.01058215680329696 0.011849900950556215
1 0.5011789487755817 0.8297924995422363 0.009364667146102242 0.009234179621157438
1 0.25542038419972296 0.7924817126730214 0.01075875240823497 0.01203553572944973
1 0.41841308448625647 0.32316271118495776 0.011263629664545473 0.011270460875137993
1 0.555550077687139 0.895576290462328 0.009011268615722656 0.008561963620393173
1 0.24064183235168457 0.45009044460628345 0.008768931679103685 0.008994900661966076
1 0.20510508703148883 0.5860647014949631 0.009843929954197096 0.009321357892907185
1 0.4241494199504023 0.3732292574384937 0.010416880897853687 0.011291291402733845
1 0.1889357566833496 0.8139267589734949 0.009894412496815557 0.014288985210916271
1 0.21577373794887375 0.924395063649053 0.010530368141506031 0.010302668032438858
1 0.26409412466961407 0.04183100876600847 0.009300895359205164 0.00898587703704834
1 0.2816787284353505 0.9053783416748047 0.010339467421821926 0.010840789131496265
1 0.22263594295667566 0.8036532402038574 0.011167132336160412 0.011044502258300781
1 0.21133614623028302 0.2533881560615871 0.009466606637705927 0.009697375090225883
1 0.5118325793224833 0.02902398809142735 0.009363153706426207 0.009872796742812447
1 0.5069591480752696 0.08120244482289188 0.010967710743779722 0.011272098707116169
1 0.24417795305666717 0.467838598334271 0.00904678261798361 0.011457484701405401
1 0.5553019357764203 0.13714534821717636 0.008257990298063858 0.008930589841759724
1 0.5330721295398214 0.11842489242553711 0.009113373963729195 0.00936052073603091
1 0.548159702964451 0.9340832959050717 0.010130716406780739 0.01743577874225119
1 0.41057946630146197 0.263708674389383 0.009948414304982061 0.011818719946819801
1 0.17826012943101965 0.5069902254187543 0.010167474332063095 0.010300346042798914
1 0.2634573915730352 0.29837855048801587 0.009036292200503141 0.009427651115085768
1 0.25604198289954144 0.3185370383055313 0.009700858074685802 0.010014803513236668
1 0.21502945734106976 0.6802462494891622 0.010172242703645126 0.01011894060217816
1 0.57155558337336 0.08777298875477003 0.011567260908043903 0.01075633194135583
1 0.2877024567645529 0.07551855108012324 0.009483752043350883 0.008576330931290337
1 0.4281941963278729 0.12926924228668213 0.009877940882807192 0.010420104731684145
1 0.26257825934368634 0.8558522514674975 0.010989935501762058 0.01041047469429348
1 0.21276806748431665 0.318323104277901 0.008502151655114216 0.00966650506724482
1 0.4048622587452764 0.720130733821703 0.009884668433147928 0.009678923565408459
1 0.2299302764560865 0.20407415472942847 0.008535219275433084 0.009033534837805706
1 0.5321098721545675 0.15230387190113898 0.008774031763491423 0.008653060249660326
1 0.5946251413096553 0.858144532079282 0.009921447090480639 0.009435695150624151
1 0.4375254382257876 0.8707990231721299 0.009746427121369736 0.009892919789189878
1 0.3266440344893414 0.03587384845899499 0.009880537572114365 0.01076687418896219
1 0.20927762985229492 0.4288497696752134 0.009898102801779041 0.010145747143289318
1 0.44367519668910815 0.9021955987681513 0.009547959203305452 0.008953011554220448
1 0.21439141812531845 0.7809131663778554 0.011741555255392323 0.011708093726116676
1 0.2242113921953284 0.6275613826254139 0.009829500447148863 0.010607760885487432
1 0.4879454063332599 0.8373510111933169 0.01063252531963846 0.01028541896654212
1 0.21016482684923254 0.8279332699983017 0.010487743045972742 0.011274420696756115
1 0.39752546082372253 0.025652122238407963 0.00917889760888141 0.012064620204593823
1 0.5736434770667035 0.8140044212341309 0.010056122489597485 0.008808923804241678
1 0.6062446677166483 0.9763374950574791 0.008763023044752039 0.013437810151473335
1 0.6308478998101276 0.8096832607103431 0.009289389071257217 0.009245001751443615
1 0.43207640233247174 0.15693237470543905 0.00900137942770253 0.00943681468134341
1 0.37008204667464545 0.6365665352862814 0.008404420769732931 0.009216889091159986
1 0.4522852690323539 0.14585214594136114 0.008985768193783968 0.009408587994782822
1 0.2634102572565493 0.2292928592018459 0.009817330733589504 0.009958992833676546
1 0.5190187640812085 0.12344630386518395 0.010647918867028278 0.010509128155915634
1 0.23519676664601202 0.22879066674605655 0.010156735129978344 0.008611036383587381
1 0.21249563797660495 0.3436742969181228 0.009475873864215353 0.010692451311194378
1 0.2831855234892472 0.4384158538735431 0.010671491208283798 0.009790762611057447
1 0.2746518487515657 0.030490435983823692 0.009386456531027088 0.009696646876957106
1 0.43832513560419495 0.14499294757843018 0.00910775557808254 0.009305259455805239
1 0.2323262069536292 0.494605919589167 0.009205216946809189 0.009124952813853388
1 0.41762503852014954 0.12063891991325047 0.009237921756246815 0.010211986044178839
1 0.2886579347693402 0.05316600333089415 0.010096964628800102 0.010166670965111774
1 0.46557464806929877 0.8399463736492653 0.010054588317871094 0.008639625881029211
1 0.1937228389408277 0.6187062885450281 0.010198904120403786 0.011534234751825747
1 0.23343228257220727 0.3518463735995085 0.008453099623970364 0.00814187008401622
1 0.3785655602164891 0.1942151111105214 0.009019229723059612 0.009251511615255604
1 0.24289406900820523 0.20708795215772546 0.008837160856827446 0.01184645943019701
1 0.2142443138620128 0.39666661749715393 0.010670599730118462 0.008923152218694273
1 0.41617655754089355 0.7582306032595427 0.008869544319484545 0.00991783971371858
1 0.40942563181338104 0.7525589777075726 0.008963501971700916 0.008529870406441067
1 0.24063917864923895 0.39384477034859033 0.008937110071596891 0.008740300717561142
1 0.23570689947708792 0.44382734920667566 0.009499943774679432 0.009557122769563095
1 0.24090737881867785 0.30325314273004944 0.008843919505243715 0.009262561798095703
1 0.5395130489183508 0.16254852647366733 0.009290031764818274 0.009148110514101774
1 0.2153133931367294 0.5695652547089949 0.00891702071480129 0.008601478908372961
1 0.22693046279575516 0.22278580458267874 0.009067265883735989 0.008930247762928839
1 0.5534746543220852 0.9169931411743164 0.008709658747134 0.00942404373832371
1 0.5432440094325853 0.11470767726068912 0.009066498797872791 0.009886679442032524
1 0.14633688719376273 0.47725617367288337 0.010177135467529297 0.009908551755158798
1 0.25280624887217645 0.011537190364754719 0.008828163146972656 0.00834339079649552
1 0.2561256574547809 0.3899066966512929 0.009453275929326597 0.009650976761527683
1 0.20300086684848945 0.9255764795386273 0.01165230377860691 0.01045438517694888
1 0.24027689643528144 0.3326879166390585 0.00832541092582371 0.008579239249229431
1 0.24953984177630884 0.40233493887859845 0.010217853214429773 0.010439872741699219
1 0.23643854390019958 0.18159523217574414 0.009318890778914742 0.011091253031855043
1 0.2537338319032088 0.039404376693393875 0.009687402974004332 0.009804051855336065
1 0.18082305659418518 0.5706637423971425 0.011620977650518003 0.010824866916822351
1 0.22076485467993695 0.6005603230517843 0.009415688722029976 0.009665675785230554
1 0.43752172200576117 0.8404385939888331 0.010337487511012867 0.01746932319972826
1 0.22476496903792673 0.34074074094710144 0.008515731148097826 0.008970725795497065
1 0.40687397251958435 0.10374343913534415 0.00773633044698964 0.009878034177033798
1 0.5329102018605107 0.13873830567235532 0.008568514948305876 0.008484664170638374
1 0.21025154901587445 0.4418468268021293 0.00942899869835895 0.01337420422097911
1 0.5759222403816555 0.8412319680918818 0.008213665174401325 0.008001410442849865
1 0.28821676710377575 0.09241075101106062 0.008959500685982082 0.00887335901675017
1 0.2045976248850402 0.8680497936400462 0.008125282496545191 0.008750654339513967
1 0.5709319114685059 0.9463373059811799 0.009746510049571161 0.010144067847210426
1 0.2448569795359736 0.32100415229797363 0.009604702825131624 0.009627777597178583
1 0.4456721699756125 0.04448663799659066 0.010192104007886804 0.009478918884111487
1 0.555830074393231 0.11056198244509491 0.0093622000321098 0.009807565937871519
1 0.28703516888017416 0.953893415490693 0.00839142065606187 0.009226828072106327
1 0.36568355560302734 0.03324554018352343 0.00892713795537534 0.009416901546975841
1 0.3606773096582165 0.587223540181699 0.00920495779617973 0.009400429932967476
1 0.25775640943776007 0.02854894555133322 0.01573925432951554 0.009042838345403257
1 0.21987217405568 0.9532788525456968 0.010582198267397673 0.011304150456967562
1 0.25842890532120416 0.49882000425587525 0.010461682858674423 0.010601188825524372
1 0.35153513369352923 0.552035497582477 0.011406442393427309 0.008736983589504076
1 0.22131380827530567 0.5445435980091924 0.008719817451808764 0.008799387061077616
1 0.30624535809392517 0.9470880549886951 0.009558117907980213 0.010772995326829992
1 0.21054420263870902 0.3071518358976944 0.009815775829812756 0.01059698021930197
1 0.45178497355917224 0.12052364971326744 0.009606796762217646 0.00941442406695822
1 0.5415471014769181 0.1399026279864104 0.008735138437022333 0.008612808973892876
1 0.18745588219684106 0.7891786202140476 0.01093980540399966 0.010982140250827954
1 0.20599274772328413 0.7738306546886817 0.008117784994051802 0.008205978487208592
1 0.18235877285832947 0.6624432854030444 0.009764360344928244 0.010805295861285667
1 0.21689493759818695 0.38664998178896703 0.00949934254521909 0.008856027022652004
1 0.38262958111970313 0.14734374958535898 0.008779235508130945 0.01128710871157439
1 0.3761820844981981 0.11199773394543192 0.009706497192382812 0.010342857112055239
1 0.21150756918865699 0.19994242294974948 0.009367445240850035 0.010031700134277344
1 0.5607522777889086 0.15716388432875925 0.009352373040240744 0.008606402770332668
1 0.3755713960398798 0.10241777482240096 0.010489961375360903 0.01102604036745818
1 0.21416596744371494 0.89465157882027 0.01661141022391941 0.00931623707646909
1 0.2728641033172608 0.4387254300324813 0.009374307549518087 0.008447564166525135
1 0.5030319587044094 0.14553874990214472 0.009788969288701597 0.009467881658802862
1 0.39819219838018005 0.09621519109477167 0.008840312128481657 0.008952296298483143
1 0.42801342839780054 0.07822680473327637 0.008578093155570652 0.012609575105750042
1 0.21508695768273395 0.5560874006022578 0.01001714623492697 0.00822280800860861
1 0.2218430042266846 0.44188181213710614 0.009450642958931301 0.009196716806162958
1 0.42522073828655743 0.7647329828013545 0.010352010312287704 0.010472919629967731
1 0.2420887843422268 0.22813099363575812 0.010811080103335173 0.009398895761241083
1 0.5234191106713336 0.061212233875108796 0.010013704714567764 0.009720429130222486
1 0.3731927793958913 0.1385263619215592 0.010189787201259449 0.009863200395003609
1 0.2099384535913882 0.4891969639322032 0.008961076321809189 0.009119075277577276
1 0.5017587309298308 0.8419457311215608 0.011578580607538637 0.010526822960895042
1 0.5652450063954229 0.13386845588684082 0.009992931200110394 0.009359546329664148
1 0.1948764635168988 0.7810869424239449 0.010623019674549932 0.011915580086086109
1 0.5986596605052119 0.1469088067179141 0.00783327351445737 0.008389877236407736
1 0.2011639760888141 0.684476893881093 0.010694876961086109 0.010511232459026833
1 0.507847319478574 0.8621605582859206 0.00822554463925569 0.008849765943444294
1 0.49813944878785504 0.062241515387659485 0.0103036528048308 0.009603650673576023
1 0.1974568574324898 0.49495678362639056 0.009393360303795856 0.008856524591860563
1 0.21994681980298914 0.20935520918472952 0.012338389521059782 0.008998124495796535
1 0.21865311912868332 0.9594157882358716 0.009883258653723675 0.010824991309124489
1 0.31855244221894635 0.08486228662988415 0.01668492607448412 0.013848693474479343
1 0.4210113649782927 0.33425101151932846 0.009043776470681896 0.008803538006284962
1 0.23117950688237732 0.29894284580064856 0.010288445845894192 0.00863690998243249
1 0.19442158160002332 0.7978174375451129 0.010727218959642492 0.010169651197350544
1 0.23875297670779022 0.6443901476652725 0.009241788283638332 0.009479108064070992
1 0.4411247087561566 0.11543588016344154 0.009604827217433764 0.010276566381039827
1 0.45942776099495264 0.9405503894971765 0.00957252668297809 0.009983145672342052
1 0.20757746696472168 0.7231804806253186 0.009622179943582287 0.014289938885232677
1 0.49738724335380224 0.09343319353849991 0.012001991271972656 0.012322633162788723
1 0.4125420528909434 0.36580906743588654 0.009676974752674932 0.010536276775857677
1 0.4370624500772227 0.278972283653591 0.010273850482443104 0.010109714839769446
1 0.2590365306190822 0.4166264741317085 0.01107781866322393 0.009849216627038044
1 0.26583967001541803 0.026411445244498878 0.009706061819325323 0.0116499662399292
1 0.21901985873346747 0.9020900933638863 0.00966588310573412 0.016098063925038212
1 0.25102902495342755 0.8519031897835109 0.011349740235701851 0.012518633966860563
1 0.41644218693608825 0.17996479117352027 0.007496004519255265 0.009267889935037365
1 0.23321424359860626 0.32498933957970666 0.007938695990520975 0.014932010484778362
1 0.5977931437285051 0.12684763514477274 0.00865699933922809 0.008530108825020168
1 0.396093417768893 0.031185713799103447 0.008426381194073221 0.012284509513689123
1 0.21087546970533289 0.574675528899483 0.010563891866932745 0.010242275569749914
1 0.26086374987726624 0.34785804541214654 0.011539189711860989 0.008642549100129501
1 0.5061071851979131 0.06968071149743123 0.01034222478451936 0.009513264117033585
1 0.4054600674173106 0.08985019507615463 0.00829879097316576 0.010502302128335705
1 0.2567149970842444 0.22557130067244824 0.015342069708782692 0.010863801707392153
1 0.21704856209132983 0.5012166707412057 0.01095129095989725 0.010254217230755348
1 0.29567412708116614 0.07898213811542677 0.011218050251836363 0.009521696878516155
1 0.41128210399461834 0.7319309607796047 0.00893538931141729 0.013463269109311312
1 0.26039188841114874 0.40077829360961914 0.01038603160692298 0.00968721638555112
1 0.24046342269234036 0.48481768628825317 0.016994227533755096 0.008687962656435759
1 0.20052168680273966 0.7060888124548871 0.01017692814702573 0.012538578199303669
1 0.5728531920391581 0.8663438714068867 0.012137164240298063 0.00860570824664572
1 0.22687123132788617 0.36071070380832837 0.008875328561534052 0.00871828328008237
1 0.4386624875275985 0.12520392044730808 0.009740663611370584 0.010360738505487856
1 0.20544796821072456 0.8568573686169947 0.006509279240182106 0.008019980338384977
1 0.5530770757923955 0.12176291320634924 0.009693145751953125 0.009388353513634724
1 0.2320870938508407 0.1908449712006942 0.009594502656356148 0.010760887809421704
1 0.19570742482724396 0.5978357480919879 0.010761717091435972 0.009909505429475204
1 0.2214056534756121 0.2466426807361053 0.009487463080364725 0.009528719860574474
1 0.2327982293726613 0.26584730867684536 0.009487463080364725 0.009528719860574474
1 0.221080151307125 0.2726828542150749 0.009487463080364725 0.009528719860574474
1 0.22759019467686734 0.27723988457389453 0.009487463080364725 0.009528719860574474
1 0.2360532510575324 0.27431036505751044 0.009487463080364725 0.009528719860574474
1 0.2467948226176073 0.27691438240540733 0.009487463080364725 0.009528719860574474
1 0.2536303681558368 0.2687768281932293 0.009487463080364725 0.009528719860574474
1 0.2539558703243239 0.3329007553851918 0.009487463080364725 0.009528719860574474
1 0.24777132912306854 0.33778328791249856 0.009487463080364725 0.009528719860574474
1 0.23051971419325124 0.33387726189065314 0.009487463080364725 0.009528719860574474
1 0.23572774888904513 0.34266582043980526 0.009487463080364725 0.009528719860574474
1 0.2142446057688952 0.3250887033415008 0.009487463080364725 0.009528719860574474
1 0.24614381828063292 0.3608939418750839 0.009487463080364725 0.009528719860574474
1 0.254606874661298 0.3498268681465219 0.009487463080364725 0.009528719860574474
1 0.25786189634616913 0.36935699825574914 0.009487463080364725 0.009528719860574474
1 0.26209342453650175 0.3774945524679272 0.009487463080364725 0.009528719860574474
1 0.25330486598734947 0.37586704162549156 0.009487463080364725 0.009528719860574474
1 0.2497243421339911 0.3853066045116179 0.009487463080364725 0.009528719860574474
1 0.24256329442727442 0.3830280893322081 0.009487463080364725 0.009528719860574474
1 0.2295432076877896 0.38498110234313065 0.009487463080364725 0.009528719860574474
1 0.23214722503568655 0.39409516306076986 0.009487463080364725 0.009528719860574474
1 0.21066408191553662 0.3843300980061562 0.009487463080364725 0.009528719860574474
1 0.20708355806217824 0.37228651777213273 0.009487463080364725 0.009528719860574474
1 0.2520028573134007 0.41720581702335524 0.009487463080364725 0.009528719860574474
1 0.22354769095566168 0.4331391785143154 0.00987981713336447 0.008697540863700535
1 0.23103424083086538 0.4308606633349054 0.00987981713336447 0.008697540863700535
1 0.24568183841278576 0.4481122782647228 0.00987981713336447 0.008697540863700535
1 0.2521918817825281 0.42565262863911146 0.00987981713336447 0.008697540863700535
1 0.271821697682501 0.4782555155132126 0.009691528652025305 0.009975340055382769
1 0.2646606499757843 0.4929031130951328 0.009691528652025305 0.009975340055382769
1 0.22560038975732996 0.4974601434539524 0.009691528652025305 0.009975340055382769
1 0.2037917444686929 0.4977856456224395 0.009691528652025305 0.009975340055382769
1 0.24154999601319865 0.5280573472917414 0.009691528652025305 0.009975340055382769
1 0.23093707803966915 0.5502734820108021 0.008622749992038893 0.009550903154456097
1 0.22898406502874646 0.5626425644133124 0.008622749992038893 0.009550903154456097
1 0.22247402165900407 0.5574345297175184 0.008622749992038893 0.009550903154456097
1 0.18829629396785655 0.5519009928532372 0.008622749992038893 0.009550903154456097
1 0.1795077354187043 0.5571090275490311 0.008622749992038893 0.009550903154456097
1 0.2296240154330121 0.594633338942876 0.008479633223090182 0.010378007654373073
1 0.19381877689942895 0.6086299321878221 0.008479633223090182 0.010378007654373073
1 0.22832200675906356 0.6369486208462015 0.008479633223090182 0.010378007654373073
1 0.22866000004238174 0.7032868764982467 0.010411801545516306 0.009683650472889776
1 0.22214995667263931 0.7133774437213474 0.010411801545516306 0.009683650472889776
1 0.20978087427012873 0.7016593656558109 0.010411801545516306 0.009683650472889776
1 0.2075023590907189 0.7117499328789114 0.010411801545516306 0.009683650472889776
1 0.19773729403610527 0.6967768331285039 0.010411801545516306 0.009683650472889776
1 0.18601921597056897 0.6935218114436327 0.010411801545516306 0.009683650472889776
1 0.20880436776466735 0.6765956986823025 0.010411801545516306 0.009683650472889776
1 0.2235486631448016 0.7470555189739579 0.00874124901935479 0.0094976715779694
1 0.22517617398723716 0.7568205840285716 0.00874124901935479 0.0094976715779694
1 0.2037142325438743 0.7800151958899371 0.008117784994051802 0.008205978487208592
1 0.2293112518658358 0.8217754975339104 0.008299986581412384 0.009341627636541335
1 0.1954252488041201 0.8736661661506028 0.007062883755518147 0.008337450874557627
1 0.21624096145729704 0.9374266320500628 0.010489526002303415 0.010371332583220108
1 0.2126604376039387 0.945889688430728 0.010489526002303415 0.010371332583220108
1 0.22800972826785795 0.9601143980839261 0.010582198267397676 0.011304150456967562
1 0.2214996848981155 0.9799700303616403 0.010582198267397676 0.011304150456967562
1 0.29940425128268466 0.9555209263331284 0.00839142065606187 0.009226828072106327
