0 0.3364802067694457 0.5741917465044104 0.014184337595234747 0.014503955841064453
0 0.5487533548603887 0.6396135661913 0.013978315436321755 0.013945040495499321
0 0.6130928163943085 0.7727256443189539 0.015664598216181217 0.014636495838994566
0 0.5666522565095321 0.6464355095573093 0.014322115027386208 0.014277458190917969
0 0.6488871574401855 0.5207824914351754 0.013502328292183254 0.013665033423382301
0 0.6323418202607529 0.4841925579568614 0.013755425162937329 0.01357070259425951
0 0.37975085299947986 0.5881207092948582 0.013613617938497791 0.013426573380180027
0 0.5831212997436523 0.800707485364831 0.014158331829568615 0.014293919438901155
0 0.5250079113504161 0.7673663263735564 0.01543426513671875 0.015021780262822691
0 0.3566769426283629 0.5834609943887462 0.014615325824074123 0.014247106469195824
0 0.5561199602873429 0.7820245079372239 0.015370576278023098 0.015970727671747623
0 0.54311698416005 0.8977892087853472 0.013448383497155231 0.01218389428180197
0 0.39293405284052313 0.6134424520575482 0.01332191798997962 0.01284696744835895
0 0.4788557861162269 0.8480366001958433 0.013424437978993292 0.012282744697902515
0 0.39425240392270294 0.6711508709451427 0.014159244039784307 0.01324438012164572
0 0.4623547118643056 0.7325868191926377 0.014409085978632387 0.014189429905103601
0 0.6118666192759639 0.8753255761188009 0.014942583830460258 0.014316061268682066
0 0.5225089114645253 0.6117583461429762 0.01490510028341542 0.014723881431247875
0 0.4948231189147285 0.7987819339918054 0.01436703101448391 0.013216350389563519
0 0.5894066561823306 0.7624339850052543 0.01455062368641729 0.014487100684124489
0 0.5696170226387356 0.5428457985753599 0.014402057813561481 0.013992952263873558
0 0.5557277928227964 0.488462437754092 0.01325200951617697 0.013561269511347231
0 0.616564418958581 0.9264024651568868 0.013365869936735733 0.014054505721382473
0 0.6176067435223124 0.6389695457790209 0.01408585258152174 0.014165629511294157
0 0.6049239531807278 0.8985740620156993 0.012723259303880774 0.013481347457222317
0 0.4917412270670352 0.6405888433041781 0.014405530431996222 0.013378972592561142
0 0.6318899237591288 0.9021243841751762 0.0143585205078125 0.013813226119331692
0 0.5161474062048871 0.7475795123888098 0.014294914577318274 0.014088216035262398
0 0.5019927232161813 0.616432646046514 0.01521400783372962 0.01501265816066576
0 0.43396910895471985 0.7563527356023374 0.013568349506544031 0.013318310613217562
0 0.5117080107979153 0.7888163276340652 0.01434765691342561 0.013867834339971128
0 0.5664757127347201 0.6261742840642515 0.014200397159742273 0.013434575951617699
0 0.558413961659307 0.6805351920749831 0.014116204303243885 0.01479016179623811
0 0.5022720150325609 0.7394030405127484 0.01471766181614088 0.014273560565450916
0 0.4363266903421153 0.6422254935554836 0.013879776000976562 0.014254570007324219
0 0.42210914777672814 0.5363881380661674 0.013409075529679008 0.01382452508677607
0 0.555584772773411 0.666128573210343 0.015436607858409052 0.015693249909774117
0 0.42717651698900305 0.6173897515172544 0.014224923175314198 0.014484965282937756
0 0.615917620451554 0.6047004616778829 0.01435951564622962 0.014030539471170177
0 0.6386962973553202 0.9226575105086617 0.013417036637015965 0.013072967529296875
0 0.5880640486012334 0.5582260463548743 0.015118764794391136 0.014278453329335089
0 0.6161350685617198 0.5869637157606042 0.015376775161079739 0.01399094125498896
0 0.6042158707328464 0.4586348948271378 0.013704797495966372 0.01285540539285411
0 0.6159603595733641 0.6629763686138651 0.0144281180008598 0.013858587845512058
0 0.5381581368653671 0.7319768615390945 0.014347802037778109 0.014182671256687329
0 0.6585432239200759 0.9173979551895804 0.01345744340316109 0.013764588729194973
0 0.46448213121165405 0.7003827095031739 0.01455744453098463 0.013431258823560633
0 0.646042709765227 0.48607850074768066 0.012507376463516899 0.012578694716743801
0 0.45666188779084577 0.5906633812448253 0.014461434405782948 0.013708964638088062
0 0.641426480334738 0.8537004926930303 0.015419960021972656 0.014533208764117699
0 0.49449061310809583 0.6597969428352688 0.01392495113870372 0.012978885484778362
0 0.5879430770874023 0.4160855749379034 0.013471561929453974 0.013735729715098505
0 0.30572235065957776 0.5554903279180112 0.01337940796561863 0.01367875804071841
0 0.4053252054297406 0.6118798670561417 0.013746468917183254 0.014176368713378906
0 0.5073685024095618 0.5570786932240361 0.013882678488026495 0.014100282088569973
0 0.5177982993747877 0.585999405902365 0.014967794003693954 0.014047871465268343
0 0.36232668420542846 0.5499706786611805 0.012993729632833729 0.01312000855155613
0 0.6327512471572213 0.5252349169357963 0.013429206350575323 0.014049799545951511
0 0.5697833558787471 0.9078703755917756 0.012302523073942764 0.011630597321883492
0 0.6145183107127314 0.38828673051751184 0.013215562571649965 0.012559590132340141
0 0.5724731631900953 0.8426195434902024 0.012924919957699984 0.024786866229513416
0 0.6109741667042607 0.7925556017004926 0.016024423682171364 0.014596275661302649
0 0.6118607935698135 0.677172163258428 0.01463943979014521 0.013881434565005095
0 0.5638785465903904 0.46327717926191253 0.011971660282300867 0.012387368990027386
0 0.5173614854397981 0.9013205196546472 0.014638797096584156 0.015037578085194464
0 0.41804796716441284 0.5528843091881793 0.0140069463978643 0.013596451800802479
0 0.604782311812691 0.8115032030188519 0.014256767604662024 0.01287443741508152
0 0.6633104448733123 0.48732487015102216 0.013194167095681896 0.013087334840194038
0 0.5736174790755563 0.8348272779713507 0.013573605081309443 0.014203154522439709
0 0.5595841304115627 0.44434551570726477 0.012727550838304602 0.012077994968580164
0 0.6461059839829154 0.5057742492012356 0.014222538989523182 0.012933896935504417
0 0.5662860144739565 0.8122684644616167 0.015825831371804943 0.015622678010360054
0 0.6384249355482019 0.8849930763244629 0.015213468800420347 0.014843774878460426
0 0.5045443410458772 0.5275399581245754 0.014210410740064539 0.013668060302734375
0 0.5793160251949144 0.46708324681157654 0.013186102328093155 0.01296072420866593
0 0.6206754808840544 0.5541163942088252 0.014513803564983864 0.014131338700004246
0 0.580397896144701 0.701205419457477 0.012314672055451767 0.013011186019234035
0 0.37523796765700623 0.6785436920497727 0.013622791870780613 0.013484498728876528
0 0.43755666587663733 0.5325311266857645 0.012468866679979406 0.012780459030814793
0 0.3341063001881475 0.5349542990974758 0.012849476026452106 0.013974189758300781
0 0.5509732702504033 0.7183921855428944 0.013528575067934782 0.013257275456967562
0 0.5337060327115266 0.8881963439609692 0.015004925105882727 0.013307115306024965
0 0.3999037276143613 0.5077640906624172 0.012834414191867993 0.012782760288404383
0 0.3561875923820164 0.5667270992113196 0.013995916947074558 0.014229484226392664
0 0.3918884914854299 0.5749226134756337 0.014381735221199368 0.014887623164964758
0 0.5369508370109226 0.8208377672278363 0.012565903041673742 0.013020556905995245
0 0.36381957064504206 0.7719517998073411 0.012568416802779488 0.013037723043690557
0 0.6960776577825132 0.9386657631915548 0.01506253947382388 0.014048783675484035
0 0.529452251351398 0.6425245948459792 0.015333984209143597 0.015673595926036007
0 0.6098872993303381 0.9649766631748364 0.013972717782725458 0.012947621552840523
0 0.683306424514107 0.8017202045606531 0.01665343408999236 0.015749143517535667
0 0.46405596836753515 0.8870152597842009 0.013061264286870542 0.013085821400518003
0 0.43494814893473754 0.6591519894807234 0.013272461683853813 0.013307571411132812
0 0.6252172407896622 0.4083356105762979 0.013781941455343494 0.013657429943914
0 0.5306218292402185 0.4392294261766516 0.013611482537311058 0.013404431550399117
0 0.46320341462674347 0.6611360881639564 0.015317139418228813 0.01463591534158458
0 0.38420094355292944 0.6501781422158946 0.013941510863926098 0.014207798501719599
0 0.5825540397478186 0.49857311145119043 0.014196748318879501 0.013361692428588867
0 0.6444692611694336 0.47022852690323547 0.013069318688434105 0.012377780416737432
0 0.6668116113413936 0.9324736387833304 0.013812106588612432 0.013776198677394703
0 0.6043993286464526 0.40623036674831225 0.014052971549656079 0.012855322464652683
0 0.5872415459674337 0.9222650320633597 0.013997285262398098 0.013279914855957031
0 0.3212811460961466 0.5484761777131454 0.013944922581962917 0.012286227682362432
0 0.6429269417472507 0.7664482904517133 0.014912024788234546 0.015089408211086109
0 0.5497067078300144 0.5805720039035963 0.013238658075747282 0.013487691464631454
0 0.3263265982918117 0.48043149450550915 0.01460253674051036 0.013455225073772926
0 0.6193811789802883 0.49987386620563 0.013750573863153872 0.01390150318975034
0 0.6349678868832795 0.9360099460767662 0.012438732644786005 0.011958992999532948
0 0.5573318522909413 0.9752055458400561 0.013446932253630264 0.012921208920686142
0 0.5838105782218601 0.7860238448433257 0.015032685321310291 0.014302129330842392
0 0.4824718444243722 0.6184606448463772 0.014634826908940855 0.015839265740436058
0 0.30827902710956073 0.5413091908330503 0.012557713881782864 0.013149344402810802
0 0.6649795407834259 0.9507104624872623 0.01228344958761464 0.011335621709408968
0 0.4558758321015731 0.5301905196645985 0.011162509088930876 0.011384860329006031
0 0.558306123899377 0.4226611800815748 0.012671035269032354 0.013172439906908117
0 0.6138043610945992 0.4200232080791308 0.0121307373046875 0.012840364290320355
0 0.5364036041757335 0.45323919213336444 0.013348517210587212 0.013051240340523098
0 0.6845085931860884 0.6828713002412214 0.013885290726371433 0.013613120369289234
0 0.458656642747962 0.6286659551703412 0.01424482594365659 0.013783517091170601
0 0.48812206931736163 0.5388024786244268 0.013541346010954483 0.013320093569548233
0 0.6333584267160167 0.4228326496870622 0.014639626378598421 0.01398151853810186
0 0.47211104372273327 0.8360677387403405 0.013720211775406548 0.015137962673021399
0 0.5797146092290464 0.5848849338033925 0.012187294338060461 0.01313756859820822
0 0.31908614739127783 0.4446105335069739 0.016417316768480385 0.016043580096700916
0 0.5941327654797098 0.8886050348696501 0.013595435930335003 0.013613327689792797
0 0.6606427068295685 0.42240631580352783 0.014237694118333899 0.013841867446899414
0 0.5957873178564984 0.6203539889791737 0.014614561329717222 0.013804725978685461
0 0.47245330395905866 0.4722409455672555 0.012221170508343239 0.013583473537279211
0 0.5399536360865054 0.4652789157369863 0.01354086917379628 0.012946419093919836
0 0.38257470338240906 0.7772532546001933 0.012779899265455164 0.01236098745594854
0 0.6328037614407748 0.3872252132581627 0.013985032620637314 0.012351284856381624
0 0.4184055380199267 0.7784362046614939 0.012383740881214972 0.011091646940811821
0 0.3575916834499525 0.47462881129720935 0.013543113418247387 0.013283128323762314
0 0.4238502046336298 0.4968280999556832 0.013608144677203636 0.01526654284933339
0 0.3986147797625998 0.6507016264874004 0.014575916787852411 0.0146820648856785
0 0.3413885702257571 0.4828326183816661 0.012900793034097423 0.01221830948539402
0 0.34353397527466645 0.7490688614223315 0.013187712949255238 0.013282568558402683
0 0.4905409812927246 0.6750197410583496 0.016903047976286514 0.014069557189941406
0 0.5345616133316703 0.8437176372693932 0.01181229301120924 0.011558905891750171
0 0.6949505391328232 0.9854386371114978 0.012918430825938349 0.01143969660219939
0 0.4346414856288744 0.7410150818202808 0.01276186238164487 0.013204533120860224
0 0.5974026555600374 0.7164263517960257 0.01585678432298743 0.013547482697860054
0 0.27166014132292376 0.5525548769080121 0.01366988472316576 0.013272243997325068
0 0.45641474620155664 0.7846173618150794 0.011363931324170984 0.01153037859045941
0 0.6206277764361837 0.4634945237118264 0.013188901154891304 0.013199153153792671
0 0.6332500913868779 0.9533944337264352 0.01368112149445907 0.012453991433848505
0 0.7612297016641368 0.32619947972504987 0.013281739276388416 0.013414610987124235
0 0.4609414598216181 0.47876859747845196 0.013544455818507984 0.012625486954398777
0 0.6374392613120701 0.3608905958092731 0.016218413477358612 0.015867482060971466
0 0.5476761900860331 0.8509061025536578 0.012502338575280231 0.012642943340799084
0 0.4279869950335959 0.7817799526712169 0.013291939445163891 0.013322332630986753
0 0.6436855067377505 0.4023232330446658 0.01173239168913468 0.012638159420179285
0 0.8168904055719789 0.788157380145529 0.014286331508470617 0.014539386915123981
0 0.601582319840141 0.6659974844559379 0.013380299443783968 0.013718853826108187
0 0.6535821893940801 0.4433701142020848 0.014060455819834833 0.012991614963697351
0 0.5827383787735648 0.43369566875955334 0.011557661968728771 0.01318923286769701
0 0.4903188010920649 0.5837187352387803 0.01317031487174656 0.012088319529657778
0 0.629599840744682 0.7927880909131921 0.0154425164927607 0.01661906035050102
0 0.361447002576745 0.6057172028914742 0.013995792554772419 0.013495984284774117
0 0.5570282936096193 0.4747361722199813 0.012092217155124829 0.01212675675101902
0 0.4643844055092853 0.8617313841114873 0.01321976081184719 0.01294944597327191
0 0.6484594345092773 0.9759376774663512 0.013840882674507473 0.012183064999787704
0 0.656697128130042 0.4610394965047422 0.01474973429804263 0.014478196268496306
0 0.472522673399552 0.8963602729465652 0.013023003287937329 0.013001400491465693
0 0.45166782710863196 0.7665274868840756 0.012944511745287024 0.013481430385423742
0 0.5723165429156759 0.9401371997335682 0.013521692027216372 0.01295371677564538
0 0.5482248016025709 0.43503504214079486 0.013249977775242016 0.01259613037109375
0 0.5686450004577637 0.5909969599350638 0.013545202172320824 0.01227049205614173
0 0.7680164212765901 0.96672072617904 0.013260758441427479 0.013051198876422386
0 0.6459934711456299 0.7939996304719346 0.014086578203284222 0.01509293265964674
0 0.6776888888815173 0.4757004561631576 0.013783745143724524 0.013042024944139563
0 0.6588374739107878 0.9000461827153745 0.014592232911483101 0.020503251448921532
0 0.370760440826416 0.7421853231347124 0.012218102164890454 0.013145488241444464
0 0.40848599309506617 0.4992918449899424 0.012803616731063179 0.01192231800245202
0 0.6743148409801981 0.9602356371672258 0.012214142343272333 0.012256705242654552
0 0.6558386968529742 0.584036236223967 0.011689973914104958 0.011314537214196247
0 0.5670945022417151 0.4329814910888672 0.01161249824192213 0.011700920436693274
0 0.5721489242885424 0.4796301178310229 0.012228882831075916 0.012714427450428839
0 0.7802686483963676 0.9809974587481954 0.013501167297363281 0.013960879781971807
0 0.5390001898226532 0.970070507215417 0.014466306437616762 0.014847631039826767
0 0.5751178990239683 0.4518626565518586 0.012652936189070992 0.011948730634606403
0 0.48177389476610266 0.7848147516665251 0.012726700824239979 0.013012678726859715
0 0.5502581389054008 0.4572541972865229 0.012020111083984375 0.012576714805934742
0 0.5581930823948071 0.8280519609865935 0.012305881666100544 0.011935316998025646
0 0.4280889241591743 0.6960382668868356 0.010967026586117952 0.01228096174157184
0 0.6258698131727136 0.3799279954122461 0.011658419733462126 0.011515632919643238
0 0.41247147580851673 0.7573393531467605 0.012767615525618843 0.011940665867017664
0 0.5492758232614269 0.6027331352233888 0.013502763665240745 0.012868590976880945
0 0.8446636614592178 0.6747882677161176 0.01307238703188689 0.01322538956351902
0 0.6750739139059315 0.6306312913480012 0.013064425924549932 0.011981487274169922
0 0.4770932093910549 0.6314568934233292 0.01342717460964037 0.013746303060780401
0 0.7809989970663319 0.9347190856933594 0.013621827830439028 0.012945755668308422
0 0.4352997282276983 0.6864775782046111 0.013321710669476051 0.013580156409222145
0 0.602424144744873 0.837990263234014 0.014801896136739979 0.013737471207328465
0 0.6252164011416228 0.944507764733356 0.012938209201978601 0.012413190758746605
0 0.6447593854821246 0.4547253276990808 0.012694980787194294 0.012800776440164318
0 0.4618988659070886 0.5169456730718198 0.01266616323719854 0.012503167857294497
0 0.70112537301105 0.460903084796408 0.012309157330056896 0.012342867643936821
0 0.6314390638600225 0.7337354577105977 0.013305207957392153 0.013024703316066578
0 0.38985376772673236 0.7911411161008088 0.011941909790039062 0.012606372003969938
0 0.5229880913444187 0.8618620789569357 0.012801170349121094 0.012721061706542969
0 0.44852915017501166 0.5380233163418977 0.014603552610977837 0.014094124669614046
0 0.4411761812541796 0.7025928082673445 0.013317553893379543 0.013605449510657269
0 0.43994831002276874 0.7210231656613557 0.013487898785135021 0.013883217521335766
0 0.6483883961387302 0.3877599420754806 0.012280526368514351 0.013460506563601286
0 0.6736335547074027 0.3592912839806598 0.011664390563964844 0.01429383651069973
0 0.4479521046514096 0.7947672139043394 0.012112327243970789 0.012653350830078125
0 0.43245906415192986 0.4797257962434188 0.014819476915442425 0.014463590539020042
0 0.5943905270617941 0.4630073568095331 0.011757125025210173 0.011593010114586872
0 0.34406109478162683 0.6415436267852782 0.014162830684496008 0.015443615291429602
0 0.7542594826739767 0.9853993084119714 0.013536287390667458 0.012814355933147926
0 0.3726611759351648 0.6217641415803329 0.012520914492399796 0.012954794842263927
0 0.7491097242935844 0.9496158309604812 0.01248608464780061 0.013141424759574558
0 0.602881379749464 0.4254065959349922 0.012199090874713402 0.012408453485240107
0 0.7579911273458728 0.5035579722860585 0.013272658638332203 0.01290342082148013
0 0.3606393155844315 0.5261905815290369 0.012832294339719027 0.01392159254654594
0 0.6649083676545515 0.6200072869010593 0.01227370552394701 0.012499145839525305
0 0.3878622677015222 0.7272996487824814 0.011785714522652004 0.012552510137143343
0 0.5296618420144786 0.830631691476573 0.012770445450492527 0.012495994567871094
0 0.7338811003643534 0.592416182808254 0.011608165243397589 0.011426386625870415
0 0.7927058261373767 0.8642886825229812 0.016647255938986073 0.01658617931863536
0 0.4827190637588501 0.4768703450327334 0.011054650596950367 0.011403757592906122
0 0.8156807733618695 0.9511402793552566 0.014702050582222317 0.013361723526664402
0 0.5072753118432086 0.7021874759508215 0.014581804690153702 0.013389131297235903
0 0.6893001639324686 0.5081990698109502 0.012669355972953465 0.013388094694718071
0 0.4240527412165766 0.7216006983881411 0.011827479238095491 0.01546113387398098
0 0.4544560805610988 0.8219425781913425 0.012491723765497622 0.01122607355532439
0 0.8934683177782141 0.9243025987044625 0.012632369995117188 0.011860640152640965
0 0.5956484545832095 0.48160248217375384 0.013347003770911175 0.01522615681523862
0 0.5905410414156705 0.44024886255678924 0.010588376418403957 0.010370752085810122
0 0.4029687798541525 0.7420540477918542 0.011480580205502718 0.011096747025199558
0 0.7336673114610754 0.49897158664205804 0.014617463816767153 0.01313993205194888
0 0.794463364974312 0.5618689163871433 0.013793116030485733 0.014011714769446331
0 0.6545700923256252 0.40420040099517157 0.01046547682388969 0.011872307113979175
0 0.76985560292783 0.47619323626808496 0.013547938802967901 0.012787497561910877
0 0.7761832320171854 0.6538459840028183 0.012637055438497791 0.012479719908341118
0 0.7183604655058489 0.982257780821427 0.014452768408733864 0.01405786431354025
0 0.6136590501536494 0.8192367139069929 0.013494367184846298 0.01404894953188689
0 0.40235187955524604 0.628504348837811 0.013373079507247261 0.01234504450922427
0 0.6629690916641898 0.38183722288712213 0.012617194134256115 0.012589330258576767
0 0.6506802724755327 0.9416704592497451 0.012688222138778023 0.01202790633491848
0 0.5599269037661345 0.9018983426301375 0.011579264765200407 0.01216813792353091
0 0.6513684417890466 0.9556739641272504 0.012562689573868462 0.011817019918690557
0 0.5578792820806089 0.6048880038054093 0.013208555138629417 0.013063347857931385
0 0.37091595193614135 0.7232794761657715 0.011456862739894703 0.011791021927543308
0 0.6626197773477306 0.5685745736827021 0.013199806213378906 0.012562461521314539
0 0.7581698790840483 0.5196893526160199 0.012724752011506454 0.012719361678413723
0 0.3457322224326756 0.5391653517018193 0.01320053183514139 0.012603469516920008
0 0.6498482538306195 0.5741942032523777 0.011036292366359546 0.012108429618503735
0 0.6797007270481277 0.7795166761978812 0.016752989395805027 0.016077041625976562
0 0.6351056928220002 0.6359876342441725 0.015453463015349014 0.014554687168287195
0 0.5711522413336713 0.42044208879056183 0.012413543203602667 0.012050763420436695
0 0.3509042884992517 0.5324273109436035 0.014067629109258238 0.01756174668021824
0 0.7572606128195057 0.7272603822791058 0.015219315238620922 0.014247645502505095
0 0.4972012975941534 0.506741129833719 0.012853705364724865 0.012797189795452614
0 0.7166794901308805 0.40940991691921064 0.013999856036642323 0.013306203095809273
0 0.7716879015383512 0.6240978655607804 0.013960009035856827 0.012924152871836786
0 0.7083083028378693 0.5861391813858695 0.012414268825365149 0.01269605885381284
0 0.40949972297834314 0.6826455282128375 0.012723518454510231 0.011542154395061989
0 0.7272829387498939 0.5348939895629883 0.014113301816193954 0.01337507496709409
0 0.796449329542077 0.9886666588161304 0.012357297150985054 0.01187407452127208
0 0.34710030970366107 0.4412449131841245 0.016658845155135445 0.015741928764011547
0 0.6563462796418562 0.7650284145189368 0.014148297517195992 0.01438538924507473
0 0.681517849797788 0.4902637626813805 0.012991034466287365 0.013869472171949304
0 0.5575091631516166 0.8388125170832095 0.011921861897344175 0.011620023976201597
0 0.4290365395338639 0.7325093227884044 0.011924422305563221 0.010587692260742188
0 0.7391019282133684 0.873951994854471 0.014431621717370075 0.01384660472040591
0 0.8735359855320144 0.9025212578151536 0.014317968617314878 0.013856639032778532
0 0.7561588080033012 0.4136624647223431 0.013088682423467222 0.012082203574802563
0 0.436976550528802 0.5061478887284239 0.008182095296032964 0.011927078673303705
0 0.43027626949807873 0.7098313207211701 0.011349678039550781 0.011004572329313858
0 0.3877896277800851 0.7392960631329082 0.010921374611232593 0.010272274846616
0 0.6989970829175866 0.7121166975601859 0.014701262764308765 0.013952586961829144
0 0.6771354675292968 0.51307257362034 0.012980751369310461 0.013294759004012398
0 0.34236267986504926 0.4729326082312542 0.012757770393205725 0.014576704605765965
0 0.6911243563113005 0.4155136035836261 0.010907587797745415 0.011067545932272205
0 0.5189864117166271 0.8475380358488664 0.012170791625976562 0.013570287953252378
0 0.6468757753786833 0.5597788354624873 0.013823592144510021 0.013318849646526833
0 0.7760480797809103 0.4112377166748047 0.01154003972592561 0.011973837147588316
0 0.38413628028786706 0.7652650916058085 0.010615779005962868 0.011736662491508152
0 0.6626431838325835 0.5415209272633428 0.012823768284009851 0.013583100360372791
0 0.7447960480399755 0.6288730061572531 0.01318558402683424 0.013607211734937586
0 0.834933902906335 0.7771126083705735 0.015548540198284645 0.014657352281653362
0 0.5423956124678903 0.9278507647307024 0.014335176219110903 0.01302362524944803
0 0.6382451575735341 0.6119106956150222 0.01218669310860012 0.012779567552649456
0 0.5935642408288043 0.7043754743493121 0.012838695360266644 0.013682821522588316
0 0.7569785740064537 0.466288799824922 0.011792887812075407 0.012075704077015753
0 0.8328127446381943 0.9106963406438412 0.013203703838845959 0.012642611627993376
0 0.72861851816592 0.5716841324515964 0.012111207713251528 0.011981715326723845
0 0.7916071725928266 0.37654842760251916 0.012704144353451937 0.012194358784219494
0 0.8873734266861625 0.844361927198327 0.016090807707413383 0.015252652375594429
0 0.415429633596669 0.6510981580485469 0.012081768201745075 0.01219983722852624
0 0.6382985944333283 0.5795596993487814 0.011709669361943785 0.011431694030761719
0 0.6414513276970905 0.7266084836876909 0.01322930792103643 0.013095441071883492
0 0.6318142828734025 0.44451785605886696 0.012515710747760277 0.012586044228595238
0 0.7561384283978008 0.5643566380376401 0.012991200322690218 0.012603842693826427
0 0.4066772512767626 0.7290141064187755 0.011673315711643383 0.012979424518087635
0 0.7854189872741699 0.6039622555608335 0.011725591576617699 0.011242286018703296
0 0.6933702178623364 0.3996738661890445 0.012100592903468921 0.010802953139595364
0 0.6304169945094896 0.6007936622785486 0.013206316077190895 0.013129918471626614
0 0.7346866027168606 0.42976260703542957 0.013392489889393682 0.013452167096345322
0 0.7067193984985352 0.5646921966386877 0.013221160225246265 0.01341266217439071
0 0.784748533497686 0.661686088727868 0.012949653293775476 0.013004676155422046
0 0.7223596158234968 0.8103168114371921 0.015185646388841711 0.014656771784243376
0 0.42698047472083056 0.8153904209966245 0.011020411615786345 0.011911558068316917
0 0.6972480649533479 0.901875703231148 0.017158715621284817 0.018296946649966034
0 0.7535192655480425 0.5316839010819144 0.012031140534774117 0.01200091320535411
0 0.41157402681267774 0.7136515119801398 0.011491785878720491 0.010135111601456352
0 0.7329947637475055 0.48788717000380805 0.011437499004861584 0.01184472830399223
0 0.5316482419553009 0.5205654475999915 0.013290861378545347 0.012966156005859375
0 0.6883061865101691 0.4399631334387738 0.01272019096042799 0.012622169826341711
0 0.426913857460022 0.8261716676794965 0.01198831848476244 0.012297174204950747
0 0.7592284783073094 0.7028092094089675 0.013730463774307915 0.014979155167289402
0 0.6607729455699092 0.8701135179270868 0.015532037486200747 0.014377884242845617
0 0.6984720230102539 0.8792931307917056 0.013652718585470448 0.01442191911780316
0 0.8712305815323539 0.9433736386506453 0.013300854226817255 0.012306130450704823
0 0.6716136517732039 0.6476557462111764 0.015875028527301292 0.013386788575545601
0 0.8630900382995605 0.9712644037993057 0.013759074003800102 0.01372217095416525
0 0.7686568343121071 0.6072436208310334 0.01341085848600968 0.013084328692892323
0 0.6862532574197521 0.6216260246608568 0.01274034251337466 0.01393865502398947
0 0.7535964924356212 0.9636554925338082 0.011267496191936989 0.011301662610924763
0 0.7068476054979408 0.42805186561916186 0.01350477467412534 0.014306441597316578
0 0.4328127011008885 0.7984856107960576 0.010834134143331776 0.010478766068168308
0 0.8335575435472572 0.6631651753964631 0.01270493217136549 0.01332954738451087
0 0.750585991403331 0.5496734743532928 0.011095005532969599 0.011674424876337465
0 0.7289560152136761 0.6903081354887588 0.014455131862474524 0.014629903046981148
0 0.6457513622615649 0.6224736441736636 0.012810893680738367 0.012057242186173149
0 0.7735227916551674 0.375925292139468 0.009838518889054008 0.009055552275284477
0 0.7244607261989426 0.39311006794805115 0.011131784190302309 0.01045426078464674
0 0.7336667724277661 0.7121148316756539 0.014238647792650305 0.014314236848250679
0 0.6974295118580695 0.6397090994793436 0.017423339512037193 0.015211188274881115
0 0.6893219947814941 0.9733591079711914 0.01464317155920941 0.013290819914444633
0 0.770694172900656 0.6851688053296959 0.014906717383343239 0.01512071360712466
0 0.7845793392347252 0.5414598506429921 0.011837295863939367 0.012633904166843579
0 0.7740983755692191 0.5447647675223972 0.010994330696437671 0.011728950168775476
0 0.7755838269772737 0.4469072766925978 0.011227110157842222 0.011134075081866722
0 0.8440076164577319 0.6454649489858875 0.013232853101647419 0.012647442195726477
0 0.5958199293717094 0.6429776005122974 0.012735781462296196 0.01266560347183891
0 0.6640290592027748 0.9692967456320056 0.011845671612283459 0.01344224681024966
0 0.6757021986919901 0.616878084514452 0.013440463853918987 0.013107444929039997
0 0.767449772876242 0.4567282407180122 0.01201617199441661 0.011344142582105554
0 0.7424907062364661 0.563697566156802 0.011233661485754925 0.011136718418287195
0 0.7567048902096956 0.3820819336435069 0.011993200882621433 0.011051779207975967
0 0.871557256449824 0.9242511210234268 0.014142451078995415 0.01371528791344684
0 0.680745974830959 0.37107191137645557 0.011225119881007984 0.010933228161024012
0 0.7079754290373428 0.398369954979938 0.012265412703804348 0.011831449425738792
0 0.4115850614464801 0.855553150177002 0.014693799226180367 0.012913538062054176
0 0.8841046665025795 0.9435194678928542 0.01344461026399032 0.013352020927097485
0 0.8903092508730681 0.8190485912820568 0.014601748922596807 0.015176192573879078
0 0.8500234355097231 0.625874954721202 0.014632017716117527 0.01338946301004161
0 0.5860528531281844 0.6154523310453995 0.013920493747877039 0.01325213390847911
0 0.8692777053169581 0.7725603476814602 0.013865595278532608 0.012711607891580334
0 0.3776240556136422 0.7091308262037195 0.01162520698879076 0.012417337168817934
0 0.7271486365276835 0.7281247014584749 0.016335694686226223 0.015993035357931385
0 0.813303284023119 0.8745921591053838 0.015221222587253735 0.014780790909476902
0 0.749209797900656 0.6645861708599589 0.014082328132961109 0.014270741006602411
0 0.5297398878180463 0.6621228715647821 0.012876075247059698 0.011953727058742359
0 0.8023442600084388 0.5454994906549867 0.0126984223075535 0.012880947278893513
0 0.4173731596573539 0.6960663588150687 0.011699759441873302 0.012127668961234715
0 0.6723678630331288 0.539144287938657 0.012363226517387058 0.012463818425717562
0 0.4131578673487124 0.6709860096807065 0.01266821571018385 0.011640963347061821
0 0.6613535259080969 0.3614876335081847 0.01359359077785326 0.013932526111602783
0 0.8658324324566383 0.9604581542637036 0.013279251430345617 0.012557029724121094
0 0.4732560282168181 0.5828166007995605 0.015360127324643343 0.012354601984438688
0 0.46066240124080493 0.7647965679997983 0.011943184811135998 0.01345298601233441
0 0.44891113450060244 0.49870068567865933 0.007721919598119992 0.010276990499269566
0 0.7519925573597781 0.8057790424512781 0.014504722926927649 0.014106833416482677
0 0.8169307086778724 0.9639421545940898 0.012604962224545687 0.011614094609799593
0 0.42567858488663385 0.6578811769900115 0.016931367957073708 0.013821850652280062
0 0.4474011504131814 0.819270009579866 0.011018628659455673 0.011367466138756794
0 0.7144701169884723 0.47511328821596893 0.011503883030103601 0.011709296185037365
0 0.7354487958161728 0.8102710350700046 0.01634241187054178 0.01365135027014691
0 0.7369344545447309 0.41742445074993634 0.012956121693486753 0.012814065684442934
0 0.8259234428405762 0.9006095139876658 0.012403944264287535 0.011793800022291101
0 0.3582727261211561 0.7577366828918457 0.0121018938396288 0.012560512708581013
0 0.7767098468282947 0.6426251349241836 0.012864817743716032 0.01710578669672427
0 0.48873043060302734 0.5737030402473782 0.012871949569038723 0.013361350349757984
0 0.47065556049346924 0.5486566294794497 0.013692036918971851 0.012941775114639946
0 0.8882020038107166 0.6236183747001316 0.01304427437160326 0.01260649639627208
0 0.6304225921630859 0.9875341083692468 0.012711649355681046 0.01128064031186311
0 0.7509726441424824 0.43997888461403223 0.011937058490255604 0.012020038521808128
0 0.8500323295593262 0.7966540792713995 0.01425722370976987 0.014650925346042797
0 0.7977596987848696 0.8037221950033435 0.015779951344365658 0.013577046601668648
0 0.37813854217529297 0.8515931834345278 0.01503778540569803 0.014341105585512907
0 0.7390751216722572 0.7930171386055324 0.015764816947605297 0.014149956081224524
0 0.3839944212333015 0.7487837542658267 0.01191916154778522 0.011596306510593579
0 0.6092484308325726 0.43606064630591357 0.011279603709345278 0.010985415914784307
0 0.8534305406653364 0.7541401904562244 0.01426597263502038 0.014360013215438179
0 0.8248959416928499 0.8392633769823157 0.014102604078209919 0.014959169470745583
0 0.48312085607777466 0.5062136857405953 0.012031099070673403 0.011555132658585258
0 0.7507385585619056 0.7728773614634639 0.013757954473080843 0.014573719190514606
0 0.7112173826798148 0.5504595404085907 0.013914854630180027 0.013667998106583305
0 0.7938506084939708 0.7911016215448795 0.014912149180536684 0.015339561130689539
0 0.620843047681062 0.4508313303408415 0.011606278626815132 0.011998135110606318
0 0.6948494911193848 0.48682589116303815 0.011688688526982847 0.011536992114523182
0 0.9172306682752526 0.8854836173679517 0.014486520186714504 0.01356108292289402
0 0.9072501970374066 0.7932601596998132 0.013930942701256794 0.013275644053583559
0 0.7296392192011294 0.34563507204470434 0.01372428562330163 0.013866279436194378
0 0.7940519962693897 0.6030861961322063 0.009089670506679266 0.010123075194736087
0 0.7442419839941937 0.5823010983674423 0.011240793311077614 0.011317004328188688
0 0.8115566502446714 0.4349172633627187 0.011653153792671535 0.011286320893660835
0 0.7460382710332456 0.4714561234349791 0.013425412385360054 0.013899658037268597
0 0.6009618095729662 0.4884343769239343 0.011981964111328125 0.011421618254288383
0 0.8566002638443656 0.9874731146770976 0.01419092261272928 0.012535758640455164
0 0.4124695477278336 0.8263606610505476 0.015844210334446118 0.011300377223802649
0 0.8125670474508534 0.3111045982526697 0.011010791944420856 0.01056652483732804
0 0.7749937928241232 0.4329770181490027 0.010871099389117699 0.011358582455178966
0 0.7632278152134109 0.873412961545198 0.016065556070078976 0.01512419659158458
0 0.8417960249859355 0.9719198475713314 0.011481368023416271 0.01341985619586447
0 0.7959444211876909 0.7047106286753778 0.013294137042501698 0.012656750886336617
0 0.6257915496826171 0.9787261797034222 0.012771108876103941 0.012749215830927309
0 0.6821622226549232 0.9727328549260679 0.013143000395401665 0.012608776921811312
0 0.3689864588820416 0.6116122784821884 0.010948279629582945 0.010960371597953465
0 0.6662377792855969 0.5926976411238961 0.011570329251496689 0.012198738429857336
0 0.7376790461332903 0.5214415736820387 0.011886223502781079 0.012226125468378481
0 0.8614713212718135 0.735970808112103 0.014372079268745754 0.014133826546047046
0 0.8680088416389797 0.6304538975591245 0.013290363809336786 0.012551514998726223
0 0.4796265881994497 0.488517077072807 0.011568349340687628 0.011041682699452276
0 0.7820418813954229 0.4000326731930609 0.010423079780910328 0.010857027509938116
0 0.7327584183734396 0.46671533584594727 0.010772912398628567 0.01160741888958475
0 0.6338203160659127 0.45784856962121057 0.011484747347624405 0.012256995491359546
0 0.6779294428618057 0.40951220885567047 0.010381823000700577 0.010609087736710258
0 0.7203915015510891 0.8788330243981403 0.014287326646887737 0.01336346501889436
0 0.8803986259128735 0.738605665123981 0.013385772705078125 0.013786813487177309
0 0.8523899990579357 0.9056522535241168 0.014559953109077785 0.015168977820354958
0 0.9113135959791101 0.8181759792825452 0.014714282491932745 0.01588514576787534
0 0.763698494952658 0.40146612084430194 0.011155087014903193 0.010948015295940895
0 0.37482216824655945 0.7590825246727984 0.011446429335552712 0.011107361834982166
0 0.7547949708026388 0.8935959857443104 0.014488012894340183 0.013886327328889267
0 0.4705091974009638 0.5070942173833433 0.01094743479853091 0.010380620541779892
0 0.7757995854253354 0.7845551034678584 0.016367704971976902 0.01578123673148777
0 0.7658528037693189 0.3097181838491689 0.012251895406971807 0.012038127235744312
0 0.789999650872272 0.9223461980405061 0.012166023254394531 0.012609730596127718
0 0.7869241133980132 0.4677716804587323 0.012961263241975204 0.012622200924417248
0 0.82664504258529 0.30460798222085705 0.010258923406186312 0.009727084118386974
0 0.7565609890481702 0.9109731549802034 0.014698111492654552 0.013320217961850374
0 0.8570582141046937 0.35909650636755897 0.010690813479216202 0.0108496209849482
0 0.8879735780798872 0.7911573907603389 0.013843951017960258 0.013723373413085938
0 0.7117692491282588 0.6981395431186841 0.013548519300377888 0.016868798629097317
0 0.8926033144411833 0.9047909819561503 0.011839534925377888 0.011063161103621773
0 0.7134648405987284 0.5127173092054285 0.013959096825641136 0.015129047891368036
0 0.7788758070572562 0.8958577280459196 0.0109100341796875 0.010051063869310461
0 0.87494885403177 0.6625029211458953 0.016781558161196503 0.015045642852783203
0 0.8449391904084578 0.36833914466526196 0.01113991115404212 0.010902197464652683
0 0.7546215472014055 0.7142687673154086 0.012692161228345789 0.011780448581861414
0 0.3520960211753845 0.7658952837404998 0.012103863384412683 0.012779774873153023
0 0.743357741314432 0.9162649901016898 0.014715858127759851 0.013712509818699047
0 0.6665181802666705 0.4125279810117639 0.012347656747569208 0.01302989669468092
0 0.8645258571790613 0.6955444501793902 0.015097783959430199 0.014076730479364809
0 0.8170249565787937 0.40640605014303444 0.009700401969577955 0.010319295136824898
0 0.4218266373095305 0.7993242429650348 0.017183521519536556 0.017978751141092052
0 0.8235758076543395 0.7604842807935632 0.017506309177564537 0.016495414402173912
0 0.516817455706389 0.8542289526566214 0.011009734609852667 0.012362397235372791
0 0.8022154103154722 0.4223196610160496 0.010425567626953125 0.010253823321798573
0 0.8338390847911005 0.9755818325540294 0.014859572700832203 0.013984099678371265
0 0.814007676166037 0.6883981953496519 0.011717506076978601 0.011607211569081182
0 0.5385844396508258 0.5277046535326086 0.012233526810355808 0.011819839477539062
0 0.7972542099330735 0.9742389347242272 0.012989334438158117 0.01344863228175951
0 0.9291162490844727 0.8372029843537705 0.01476213206415591 0.015085634977921196
0 0.7804174423217775 0.8325368632440981 0.01751219707986583 0.01654401032820992
0 0.8400381751682446 0.8136280308599056 0.014129224030867867 0.01318085711935292
0 0.4507793758226477 0.8086908589238706 0.010605438895847485 0.010421587073284645
0 0.5590603247932766 0.5845290577929952 0.012357753256092901 0.012427143428636633
0 0.8986862638722296 0.8910246724667756 0.014016980710236923 0.013521360314410667
0 0.8156502143196438 0.6691483622011931 0.011119801065196161 0.011913299560546875
0 0.7656951572584069 0.5327676379162333 0.01123021996539572 0.011479439942733101
0 0.7860884251801863 0.346861267219419 0.010892080224078636 0.010750629331754602
0 0.8272206679634426 0.6069937374280847 0.010878023893936821 0.011812085690705673
0 0.40702245546423876 0.765183863432511 0.011333693628725798 0.011195887690005095
0 0.8538210702979047 0.8870454456495201 0.011780904686969261 0.012025086776069973
0 0.39477026721705566 0.7718415882276453 0.010429418605306873 0.01309228980022928
0 0.8870942281640093 0.9145213002743928 0.012150183967922046 0.011752750562584919
0 0.719834037449049 0.4578434228897095 0.010793437128481657 0.011261577191560165
0 0.8588017795396888 0.8054509784864343 0.011697644772736923 0.011330065519913383
0 0.8238283240276836 0.6736454756363577 0.010717474895974865 0.011264552240786345
0 0.7405866125355596 0.768578467161759 0.01436341327169667 0.015267537987750511
0 0.8765104957248853 0.8780744386755902 0.01335633319357167 0.012622086898140285
0 0.8412477037181024 0.2774153688679571 0.00917654452116593 0.009198872939400051
0 0.387790990912396 0.8084667869236157 0.012806809466818104 0.012940779976222828
0 0.85323078736015 0.313643040864364 0.010463590207307236 0.011101225148076597
0 0.862863416257112 0.32237810673921 0.010837969572647758 0.011054598766824474
0 0.4111533942429916 0.6225269566411558 0.013076999913091246 0.010595570439877718
0 0.7429954694664995 0.45664095360299817 0.01084875023883322 0.010113602099211319
0 0.8848538191422171 0.37646639865377673 0.011550488679305367 0.010387213333793308
0 0.64803321465202 0.6094799663709558 0.012904478156048317 0.015891987344493038
0 0.6006067628445833 0.44439290917438007 0.011485866878343664 0.01082412056300951
0 0.7783521569293478 0.31836077441339905 0.010488593060037365 0.010840851327647333
0 0.9287162863689921 0.5863665601481562 0.01241990794306216 0.01131018348362135
0 0.6883941111357315 0.5993096828460694 0.013127658678137737 0.014917560245679772
0 0.7015701584194016 0.4766472578048706 0.011397112970766813 0.010136075641797937
0 0.9115788003672725 0.8702416005341902 0.014858245849609375 0.014204398445461109
0 0.6894646934840991 0.3597675328669341 0.010961035023564878 0.012433326762655506
0 0.8746393867160964 0.7550927037778108 0.013246204542077106 0.0132598876953125
0 0.9305963516235352 0.700983006021251 0.014573885046917458 0.012799719105596128
0 0.8658022051272185 0.7957364787226139 0.012551307678222656 0.013021717900815218
0 0.6935554794643237 0.8980982821920643 0.010827810867972996 0.011131701262100883
0 0.7266562917958135 0.3720359309859898 0.011079954064410667 0.010248168655063793
0 0.8245704692343007 0.597060898075933 0.011042263196862263 0.010768372079600458
0 0.8102993757828422 0.6283447742462158 0.014497425245202106 0.013759965481965439
0 0.6751192549000615 0.3792438636655393 0.010521391163701597 0.012101997499880583
0 0.9291663791822351 0.7671195735102115 0.013460905655570652 0.01362883526345958
0 0.8030478850654936 0.517026071963103 0.011793965878693954 0.011708218118418818
0 0.8762472816135574 0.5946724518485691 0.010852482007897419 0.011039070461107336
0 0.8579338115194569 0.3411366628563922 0.010860484579335089 0.01169586181640625
0 0.6086791909259298 0.4456499970477561 0.01032783674157184 0.010399072066597317
0 0.8000506732774818 0.31812246986057446 0.010577616484268852 0.01045828280241593
0 0.7079824572024138 0.36273533365000843 0.012367289999256964 0.01215039128842561
0 0.9110369682312012 0.9736270282579506 0.0146032830943232 0.014792691106381624
0 0.8274591487386952 0.5259728224381156 0.011553432630456013 0.011130374410878057
0 0.7110086731288743 0.495464827703393 0.011147830797278362 0.01085819368777068
0 0.7210502209870713 0.5851206883140232 0.013454520184060802 0.01261680022529934
0 0.7053052031475566 0.8730645801710045 0.014123211736264437 0.01321386254352072
0 0.7374707097592561 0.6077869767728059 0.01324098006538723 0.01417000397391941
0 0.40437735941099084 0.6939042340154233 0.011261893355328102 0.009830516317616339
0 0.835314418958581 0.8405360346255095 0.012264998062797215 0.011563508406929348
0 0.7093461078146229 0.37545844523803046 0.010786471159561821 0.010881553525510042
0 0.8372723537942638 0.6007678405098293 0.00924408954122792 0.008750335029933764
0 0.836107067439867 0.5897759872934093 0.011335580245308254 0.01123189926147461
0 0.9130524345066238 0.7255003970602284 0.012139278909434443 0.011717589005180027
0 0.8856211330579674 0.6817559781281843 0.019261111383852753 0.014103433360224184
0 0.715846061706543 0.3883163488429526 0.010826442552649456 0.011962532997131348
0 0.806104038072669 0.39245272201040515 0.011559859566066578 0.011980170788972275
0 0.922380613244098 0.9874362530915632 0.010935907778532608 0.010783402816109035
0 0.7901252456333328 0.41985950780951464 0.00993508877961532 0.010632794836293097
0 0.7018415616906207 0.38476449251174927 0.012054526287576427 0.011370560397272524
0 0.4668360326601112 0.7862821247266686 0.01224921060645062 0.011887840602708899
0 0.8727560872616975 0.8234480774920918 0.014729292496390965 0.019226779108462128
0 0.4020001318143762 0.712751927583114 0.010579078093818996 0.011415647423785667
0 0.4124824689782184 0.7460310562797215 0.012662887573242188 0.013063679570737093
0 0.7533892963243567 0.39730901303498634 0.011390644571055536 0.011452550473420517
0 0.40770479907160223 0.811243140179178 0.010543678117835003 0.010534037714419157
0 0.928832717563795 0.67688394629437 0.016470121300738792 0.015617785246475883
0 0.8257252859032672 0.36984972331834876 0.011269901109778362 0.011691259301227074
0 0.8381083322607954 0.549547464951225 0.011867150016452954 0.01181005394977072
0 0.8308962117070737 0.3194958956345268 0.01033384903617527 0.009681722392206606
0 0.8256463589875596 0.34450755948605744 0.011187014372452446 0.011206564695938774
0 0.8252350558405336 0.44244635623434314 0.010860733363939367 0.010744053384532099
0 0.7583977243174678 0.9548969061478324 0.011792058530061142 0.01109450796376104
0 0.8308003052421238 0.5000994516455609 0.013651889303456182 0.012134261753248133
0 0.7216536273127017 0.4866403444953587 0.011701542398203974 0.012079974879389223
0 0.8876649607782778 0.9734716415405273 0.013354259988536005 0.01343859796938689
0 0.32400888204574585 0.6426197549571162 0.009854487750841223 0.010349688322647758
0 0.8383630876955779 0.6118557556815769 0.010510527569314709 0.009537779766580334
0 0.8388012803119164 0.34942436218261713 0.010871596958326258 0.010743680207625679
0 0.8078229530997898 0.34377224678578583 0.010870933532714844 0.010571979958078136
0 0.4723206499348516 0.7920891512995181 0.013061792954154636 0.011302906533946161
0 0.715880539106286 0.6895655963731849 0.013676560443380604 0.01236861685047979
0 0.8045027566992718 0.36014403467592987 0.013819114021632984 0.011532078618588655
0 0.9304756703584092 0.6038401852483335 0.012530160986858864 0.011558698571246605
0 0.7343697962553604 0.4014605620633001 0.010336046633513077 0.011376178782919178
0 0.719858397608218 0.6280774759209674 0.011435508728027344 0.011539728745170261
0 0.8361576121786366 0.32953642762225605 0.011177850806194801 0.010655879974365234
0 0.7310440851294476 0.6272678893545399 0.010544362275496773 0.012679784194282864
0 0.8529940480771272 0.4984324911366339 0.012061492256496265 0.011189833931300953
0 0.6530536568683126 0.5648361703623896 0.011526937070100204 0.010865418807319973
0 0.862238883972168 0.8823246955871582 0.012147322944972828 0.011811422265094261
0 0.8007814987846043 0.48804225092348846 0.012751371964164402 0.012920047925866169
0 0.8074252294457477 0.6754557153452998 0.010723570118779722 0.011528927346934443
0 0.8992775626804519 0.7254855114480724 0.014066944951596468 0.013964196910028872
0 0.8022041320800781 0.4561010858286982 0.011930216913637907 0.011812458867612093
0 0.7710073097892429 0.9040652772654657 0.011899574943210766 0.011089449343474014
0 0.4158698268558668 0.7936406135559082 0.010805047076681385 0.011481036310610563
0 0.6793939134348993 0.42262135381283966 0.010399569635805876 0.009719019350798233
0 0.7417904812356702 0.39597525803939154 0.01066663990850034 0.010665437449579653
0 0.8145881528439729 0.47053021970002545 0.012568888456925102 0.01192034845766814
0 0.5906020662058955 0.6502809006234874 0.012139900870945141 0.01133385948512865
0 0.9299483506575876 0.572051017180733 0.012150640073029892 0.011998155842656675
0 0.6932855896327805 0.37223588383716083 0.01055157702902089 0.011115354040394659
0 0.7864006291265072 0.39083277660867444 0.01095556176227072 0.009946242622707201
0 0.870715265688689 0.3552043541618016 0.01080347144085428 0.010221688643745754
0 0.903613339299741 0.5951016882191533 0.011677700540293818 0.01298597584600034
0 0.8884005961210834 0.5909721747688625 0.011554344840671704 0.011910977570906929
0 0.8132018628327744 0.555659180102141 0.01230521824048913 0.011251967886219854
0 0.8341684341430665 0.3641078990438711 0.010458821835725204 0.011243198228918987
0 0.7454300963360331 0.3655711671580439 0.013132468513820484 0.011893272399902344
0 0.9229731352432914 0.910399519878885 0.012912750244140625 0.012221377828846807
0 0.8581242354019828 0.3730784499126931 0.010405001432999321 0.00950610119363536
0 0.8009031129919965 0.30375719070434565 0.010528896165930706 0.011531498121178669
0 0.904566764831543 0.9019050805465035 0.012539656265922215 0.011134645213251528
0 0.6573195872099504 0.9091211194577424 0.012122734733249829 0.01454689191735309
0 0.8563098543769904 0.5648642798389097 0.008867937407599552 0.010348284910750018
0 0.7052511961563773 0.6747849920521612 0.013876707657523777 0.014571065488068954
0 0.8435283951137378 0.4413256437882134 0.010512186133343239 0.010652044545049253
0 0.47805846774059796 0.5835412896197775 0.012124652447907822 0.011162840801736584
0 0.8871132187221362 0.29784160074980365 0.009534296782120415 0.00935021690700365
0 0.7790307584016221 0.331027931979169 0.011044294937797215 0.011410611155240433
0 0.7869713617407758 0.4466073824011761 0.010735843492590862 0.011557205863620922
0 0.9252846137337063 0.9606115092401919 0.013021676436714504 0.01506141994310462
0 0.8357208293417225 0.4571361749068551 0.012199443319569464 0.011750552965247112
0 0.8101179910742718 0.27967182449672534 0.009722377942956013 0.009633541107177734
0 0.855063251827074 0.4625969762387483 0.010489380877950916 0.009918212890625
0 0.8621926100357719 0.48996865231057884 0.011015933492909307 0.010163638902747112
0 0.41065221247465716 0.6592476471610691 0.011689434880795687 0.011994817982549253
0 0.8703894407852836 0.36925585373588227 0.010256559952445652 0.009386974832286005
0 0.8158267891925314 0.33132339560467267 0.01129813816236413 0.010391940241274626
0 0.6610899593519128 0.39509225409963855 0.010643046835194464 0.009651692017264988
0 0.812086636355922 0.7286755547095314 0.008650189858874552 0.009940857635777994
0 0.8712775603584622 0.8286131568576978 0.012127337248429008 0.011602401733398438
0 0.9238001367320186 0.7129840228868567 0.01114853568699049 0.010781454003375511
0 0.7363505985425867 0.38600179423456604 0.011335953422214672 0.010091864544412365
0 0.833341183869735 0.4842528467592986 0.011651412300441578 0.011604972507642664
0 0.8575956510460894 0.5531439781188966 0.01189397728961447 0.012595840122388758
0 0.9304212487262228 0.4732962898586107 0.010702713676120922 0.009277426678201427
0 0.8959076922872792 0.5665181616078252 0.010019882865574047 0.01055510147758152
0 0.7981967926025391 0.3408543130625849 0.010469685430112093 0.010336295418117359
0 0.7724564801091733 0.35407789893772296 0.00985066787056301 0.010261577108631964
0 0.6785111012666123 0.3902015478714652 0.009285429249639097 0.00979576940121858
0 0.7935206993766453 0.911218622456426 0.011024101920749829 0.010565674823263416
0 0.4050377348194952 0.7929554400236709 0.011523329693338146 0.011119179103685461
0 0.7929690402487048 0.4109706334445788 0.010341229646102242 0.010305969611458157
0 0.6529120569643767 0.6598056502964185 0.012687848961871605 0.01238462199335513
0 0.8601329637610394 0.28737838371940283 0.009929656982421875 0.010136998218038807
0 0.856213320856509 0.40108946095342224 0.010682562123174253 0.01066987410835598
0 0.8712300632310951 0.5644550012505573 0.012212380118992016 0.011733863664710003
0 0.8459818674170453 0.47356039544810413 0.010616509810737942 0.010320373203443445
0 0.8581473931022312 0.4768054381660793 0.010903938956882641 0.010851569797681726
0 0.8938255310058594 0.6026941278706426 0.010801398235818615 0.00993390705274499
0 0.8740485854770828 0.30093552755272907 0.010055168815281079 0.009827261385710342
0 0.3905720011047695 0.709441495978314 0.00997515864994215 0.010808073956033459
0 0.9198702521946118 0.9362902848616891 0.01221441185992697 0.011650002521017323
0 0.872845525326936 0.5829985245414402 0.009479356848675272 0.010204812754755434
0 0.7603524664173956 0.5436047056446904 0.01099835271420686 0.011146255161451258
0 0.8910343543342922 0.3523597509964652 0.00902345906133237 0.00852729963219684
0 0.6222055476644764 0.9879888866258704 0.009384362593941067 0.009009402731190557
0 0.39897363082222315 0.701467638430388 0.01040450386379076 0.010258218516474184
0 0.8421240474866784 0.41476154327392584 0.009493413178817085 0.010307726652725883
0 0.8718496198239534 0.3423341668170432 0.011648800062096638 0.010715816331946331
0 0.8589150801948879 0.41807993598606275 0.010984503704568615 0.01079870306927225
0 0.6972778569097104 0.42763656118641735 0.012419327445652172 0.011773482612941578
0 0.9315075838466395 0.4457758001413872 0.010702713676120922 0.009277426678201427
0 0.9155746687471943 0.40521928897916326 0.008530043435287661 0.00855320326459028
0 0.904692273351084 0.41256490587153777 0.008530043435287661 0.00855320326459028
0 0.9144864292075835 0.41855022333939845 0.008530043435287661 0.00855320326459028
0 0.9180232077113193 0.42616790011667566 0.008530043435287661 0.00855320326459028
0 0.9305379624168464 0.4248076006921619 0.008530043435287661 0.00855320326459028
0 0.9125820100132642 0.4340576367788557 0.008530043435287661 0.00855320326459028
0 0.9006113750775433 0.42725613965628684 0.008530043435287661 0.00855320326459028
0 0.8905451593361411 0.42589584023177296 0.008530043435287661 0.00855320326459028
0 0.8772142249759063 0.4256237803468702 0.008530043435287661 0.00855320326459028
0 0.8350449428159787 0.4076678279432882 0.008530043435287661 0.00855320326459028
0 0.850552356255436 0.40930018725270473 0.008530043435287661 0.00855320326459028
0 0.8271552061537989 0.4316090978147309 0.008530043435287661 0.00855320326459028
0 0.7901550618070236 0.43596205597317494 0.008530043435287661 0.00855320326459028
0 0.7893388821523153 0.42725613965628667 0.008530043435287661 0.00855320326459028
0 0.8026698165125506 0.40630752851877433 0.008530043435287661 0.00855320326459028
0 0.7972286188144956 0.3967854325471778 0.008530043435287661 0.00855320326459028
0 0.82525078695948 0.4016825104754275 0.008530043435287661 0.00855320326459028
0 0.853545014989367 0.4313370379298283 0.008530043435287661 0.00855320326459028
0 0.8532729551044644 0.4443959124051606 0.008530043435287661 0.00855320326459028
0 0.8646994702703804 0.45582242757107644 0.008530043435287661 0.00855320326459028
0 0.8793907040551295 0.4588150863050069 0.008530043435287661 0.00855320326459028
0 0.8731333267023662 0.466432763082284 0.008530043435287661 0.00855320326459028
0 0.8724531769901093 0.48030781721232474 0.007169744010773627 0.007464963724979363
0 0.8893208898540803 0.46616070319738134 0.007169744010773626 0.007464963724979363
0 0.9012915247898018 0.47323426020485315 0.007169744010773626 0.007464963724979363
0 0.9129900998406204 0.4721460206652422 0.007169744010773626 0.007464963724979363
0 0.9140783393802314 0.4645283438879649 0.007169744010773626 0.007464963724979363
0 0.9206077766178977 0.45935920607481245 0.007169744010773626 0.007464963724979363
0 0.928225453395175 0.4547341880314656 0.007169744010773626 0.007464963724979363
0 0.9200636568480922 0.44249149321084147 0.007169744010773626 0.007464963724979363
0 0.9097253812217876 0.4471165112541884 0.007169744010773626 0.007464963724979363
0 0.903740063753927 0.4574547868804932 0.007169744010773626 0.007464963724979363
0 0.8893208898540809 0.45146946941263266 0.007169744010773626 0.007464963724979363
0 0.8773502549183597 0.44004295424671674 0.007169744010773626 0.007464963724979363
0 0.8931297282427196 0.4422194333259388 0.007169744010773626 0.007464963724979363
0 0.889592949738984 0.43351351700905055 0.007169744010773626 0.007464963724979363
0 0.9021077044445108 0.40032221105091403 0.007169744010773626 0.007464963724979363
0 0.8882326503144704 0.488197553874505 0.007169744010773626 0.007464963724979363
0 0.9154386388047461 0.48928579341411604 0.007169744010773626 0.007464963724979363
0 0.9173430579990652 0.5069696859327953 0.007169744010773626 0.007464963724979363
0 0.9083650817972742 0.5020726080045457 0.007169744010773626 0.007464963724979363
0 0.8972106265162612 0.498263769615907 0.007169744010773626 0.007464963724979363
0 0.8797987938824844 0.4939108114574629 0.007169744010773626 0.007464963724979363
0 0.8708208176806933 0.49690347019139325 0.007169744010773626 0.007464963724979363
0 0.8803429136522898 0.5069696859327952 0.007169744010773626 0.007464963724979363
0 0.892585608472914 0.5159476621345863 0.007169744010773626 0.007464963724979363
0 0.8991150457105803 0.5064255661629898 0.007169744010773626 0.007464963724979363
0 0.8387177512621682 0.5156756022496836 0.007169744010773626 0.007464963724979363
0 0.8182797876213543 0.277693207151978 0.009722377942956013 0.009633541107177734
0 0.8275545564248569 0.2758382533912774 0.0065071247577408045 0.006912942258150091
0 0.8312644639462576 0.2669344753399143 0.0065071247577408045 0.006912942258150091
0 0.8250812847439225 0.2684184383484749 0.0065071247577408045 0.006912942258150091
0 0.9044261204886753 0.3010568539350181 0.009534296782120415 0.00935021690700365
0 0.9002215586310873 0.31020795915447447 0.009534296782120415 0.00935021690700365
0 0.8923070892520978 0.30476676145641934 0.009534296782120415 0.00935021690700365
0 0.8960169967734991 0.31935906437393086 0.009534296782120415 0.00935021690700365
0 0.9046734476567684 0.3228216447272386 0.008050333773560365 0.008360908234629979
0 0.8994795771268066 0.340876527998058 0.008050333773560365 0.008360908234629979
0 0.8910704534116303 0.3317254227786015 0.008050333773560365 0.008360908234629979
0 0.9195130777423731 0.31144459499494137 0.008050333773560365 0.008360908234629979
0 0.9289115101299228 0.32133768171867816 0.008050333773560365 0.008360908234629979
0 0.9289115101299228 0.30155150827120475 0.008050333773560365 0.008360908234629979
0 0.914813861548598 0.31985371871011753 0.008050333773560365 0.008360908234629979
0 0.9182764419019057 0.3275208609210135 0.008050333773560365 0.008360908234629979
0 0.9098673181867296 0.3433497996789921 0.008050333773560365 0.008360908234629979
0 0.9271802199532685 0.3505222875537011 0.008050333773560365 0.008360908234629979
0 0.9321267633151372 0.34458643551945917 0.008050333773560365 0.008360908234629979
0 0.9308901274746701 0.36264131879027867 0.008050333773560365 0.008360908234629979
0 0.9120932626995704 0.3596733927731577 0.008050333773560365 0.008360908234629979
0 0.898242941286339 0.3611573557817182 0.008050333773560365 0.008360908234629979
0 0.92149169508712 0.36610389914358654 0.008050333773560365 0.008360908234629979
0 0.908383355178169 0.3705557881692681 0.008050333773560365 0.008360908234629979
0 0.9190184234061859 0.3767389673716035 0.008050333773560365 0.008360908234629979
0 0.9037558638631412 0.38003089197892687 0.008050333773560365 0.008360908234629979
0 0.9094419154576089 0.38811107056053873 0.008050333773560365 0.008360908234629979
0 0.8977705463952808 0.391103729294469 0.008050333773560365 0.008360908234629979
0 0.9321861218354798 0.3860162094467875 0.008050333773560365 0.008360908234629979
0 0.9285949313547635 0.37524263800463814 0.008050333773560365 0.008360908234629979
0 0.8889944179921975 0.5258234359565565 0.007169744010773626 0.007464963724979363
0 0.8913885449793417 0.5348014121583475 0.007169744010773626 0.007464963724979363
0 0.8674472751078988 0.5434801224867455 0.007169744010773626 0.007464963724979363
0 0.8785201124234411 0.5437793883601385 0.007169744010773626 0.007464963724979363
0 0.8964760648270231 0.5524580986885365 0.007169744010773626 0.007464963724979363
0 0.8836076322711227 0.557844884409611 0.007169744010773626 0.007464963724979363
0 0.928796779153471 0.530910955804238 0.007169744010773626 0.007464963724979363
0 0.8752281878161177 0.5270204994501285 0.007169744010773626 0.007464963724979363
0 0.4616672511416249 0.49063459434672674 0.006866536524988427 0.0073879618078491185
0 0.4728217064226381 0.4925390135410461 0.006866536524988427 0.0073879618078491185
0 0.45785841275298644 0.4947154926202683 0.006866536524988427 0.0073879618078491185
0 0.4790790837754016 0.49852433100890686 0.006866536524988427 0.0073879618078491185
0 0.4668363889547776 0.49988463043342074 0.006866536524988427 0.0073879618078491185
0 0.7815699694096487 0.5892076870801692 0.011725591576617699 0.011242286018703296
0 0.8017302415412826 0.7326587834843927 0.008650189858874552 0.009940857635777994
