0 0.200408 0.902174 0.023098 0.029891
0 0.22078799999999998 0.904212 0.02038 0.02038
0 0.22893999999999998 0.8478259999999999 0.02038 0.024457
0 0.35869599999999996 0.925951 0.019022 0.012228
0 0.36412999999999995 0.908967 0.019022 0.021739
0 0.37432100000000007 0.9313860000000002 0.017663 0.017663
0 0.433424 0.703125 0.019022 0.017663
0 0.430707 0.5951089999999999 0.01087 0.019022
0 0.441576 0.6019019999999999 0.013587 0.019022
0 0.471467 0.755435 0.016304 0.013587
0 0.471467 0.73981 0.013587 0.014946
0 0.477582 0.92731 0.017663 0.017663
0 0.481658 0.9449730000000001 0.02038 0.012228
0 0.49116800000000005 0.76087 0.014946 0.024457
0 0.5081519999999999 0.769701 0.016304 0.014946
0 0.550951 0.845788 0.012228 0.02038
0 0.5625 0.841712 0.013587 0.017663
0 0.5686140000000001 0.860054 0.014946 0.019022
0 0.643342 0.736413 0.02038 0.016304
0 0.6494570000000001 0.754076 0.021739 0.016304
0 0.648098 0.643342 0.013587 0.017663
0 0.660326 0.648098 0.013587 0.021739
0 0.7221470000000001 0.362772 0.025815 0.024457
0 0.722826 0.827446 0.016304 0.021739
0 0.7350540000000001 0.7961959999999999 0.021739 0.024457
0 0.738451 0.826087 0.014946 0.019022
0 0.7717389999999998 0.901495 0.019022 0.02038
0 0.796196 0.92731 0.021739 0.014946
0 0.798913 0.919158 0.021739 0.012228
0 0.800272 0.887908 0.016304 0.02038
0 0.27649499999999994 0.05366800000000001 0.009511 0.014946
0 0.277853 0.017663 0.006793 0.01087
0 0.28057099999999996 0.057745 0.009511 0.014946
0 0.28057099999999996 0.019022 0.006793 0.01087
0 0.321332 0.021739 0.014946 0.019022
0 0.33016299999999993 0.046875 0.013587 0.014946
0 0.33356 0.130435 0.014946 0.01087
0 0.34035300000000007 0.153533 0.014946 0.01087
0 0.34375 0.02106 0.013587 0.014946
0 0.346467 0.036005 0.013587 0.012228
0 0.34850500000000006 0.057065000000000005 0.014946 0.016304
0 0.37567900000000004 0.094429 0.017663 0.017663
0 0.372283 0.26087 0.008152 0.016304
0 0.381793 0.188179 0.016304 0.012228
0 0.379076 0.258152 0.008152 0.013587
0 0.386549 0.22962 0.014946 0.01087
0 0.386549 0.26426599999999995 0.012228 0.014946
0 0.39402199999999993 0.22554299999999997 0.013587 0.013587
0 0.39877700000000005 0.139266 0.012228 0.012228
0 0.40421200000000007 0.131114 0.012228 0.009511
0 0.476223 0.16847799999999996 0.014946 0.013587
0 0.488451 0.18478299999999998 0.017663 0.013587
0 0.494565 0.309103 0.021739 0.014946
0 0.506114 0.21331499999999998 0.014946 0.013587
0 0.7567929999999999 0.840353 0.013587 0.02038
0 0.769022 0.839674 0.01087 0.019022
0 0.788723 0.7764950000000002 0.009511 0.012228
0 0.7975540000000001 0.779212 0.008152 0.014946
0 0.85394 0.7751360000000002 0.012228 0.012228
0 0.85462 0.789402 0.01087 0.013587
0 0.874321 0.778533 0.014946 0.016304
0 0.890625 0.794158 0.009511 0.012228
0 0.8967389999999998 0.692935 0.01087 0.016304
0 0.8994570000000001 0.7900820000000001 0.008152 0.014946
0 0.9096470000000001 0.6963320000000001 0.012228 0.017663
