0 0.166977161946504 0.7874147995658543 0.011296178983605427 0.012372224227241848
0 0.09840218917183252 0.7230492467465608 0.012198199396548063 0.013063596642535667
0 0.6062081067458444 0.7812934751095979 0.011619339818539827 0.011495797530464504
0 0.6166231632232666 0.677649974822998 0.011375779690949814 0.012620967367421026
0 0.08243527101433795 0.7559768635293712 0.011988836786021357 0.01274734994639521
0 0.08069076745406441 0.7282643732817276 0.011318611062091331 0.011894599251125171
0 0.07220944632654605 0.6597465224888015 0.01168735130973484 0.011873825736667797
0 0.15502286993938943 0.7750955457272737 0.012781557829483696 0.012888825458029041
0 0.17302263301351795 0.529408361600793 0.021880419357963234 0.011177208112633747
0 0.10625986949257228 0.7460532188415526 0.011772228323894997 0.012447647426439367
0 0.12373959499856702 0.7883893925210704 0.011873825736667797 0.012688636779785156
0 0.5292593396228292 0.7551386252693507 0.010643150495446247 0.011202563410219938
0 0.15613628470379376 0.5956660146298616 0.011869990307351818 0.012447274249532948
0 0.6348216326340385 0.6910379658574644 0.0118450289187224 0.011392261670983356
0 0.09600405589393947 0.9311039758765179 0.010928039965422257 0.010929149130116339
0 0.15525543171426523 0.6552464132723601 0.012336523636527683 0.012873877649721891
0 0.10734387584354568 0.8537309066109035 0.011412713838660198 0.01213563006857167
0 0.530429570571236 0.7319909178692362 0.010896972987962805 0.011969483417013416
0 0.20046930727751355 0.5054123712622601 0.010779671047044836 0.011248588562011719
0 0.62838105533434 0.8173989834992783 0.011105102041493292 0.010585453199303669
0 0.2580872514973516 0.9321898584780485 0.010190528372059698 0.010649805483610733
0 0.07188504934310913 0.7186185588007388 0.011666748834692913 0.012486996858016304
0 0.17307227072508438 0.6096503734588622 0.011366315509962 0.011337259541387144
0 0.6223459451094918 0.8333068930584452 0.011875691621199898 0.012166479359502378
0 0.1415860082792199 0.7547161890112836 0.011579938556837 0.012041962665060291
0 0.1313886020494544 0.6066020364346711 0.011030922765317171 0.010723756707232933
0 0.6304025028062903 0.7833935903466266 0.01217489657194718 0.012776706529700237
0 0.4081205259198728 0.7587545021720554 0.011292172514874 0.01142058165177055
0 0.10092031437417734 0.810496122940727 0.011462812838347061 0.011612601902173914
0 0.15370703261831534 0.9115423119586445 0.011902653652688732 0.013064674709154211
0 0.6002480983734131 0.769719061644181 0.01017166220623514 0.009750075962232508
0 0.10116180647974429 0.6484612589297086 0.011166935381682022 0.011588967364767323
0 0.2078411475471828 0.9392859210138735 0.011320901953655739 0.012234107307765796
0 0.22027731978374976 0.738537933515466 0.00894407604051673 0.009221740390943445
0 0.1796565988789434 0.7690520493880563 0.011267226675282354 0.011575201283330503
0 0.15764121387315833 0.6339023113250731 0.011693622754967731 0.01262671014536982
0 0.16429892830226733 0.7287617766338846 0.010419451672097912 0.011867647585661514
0 0.2199006287947945 0.8005858918894891 0.012148940044900646 0.012249697809634
0 0.09005095388578332 0.6900946782982867 0.011371286019035007 0.012145622916843579
0 0.09779215895611308 0.7911280963731848 0.011834268984587296 0.013211167376974354
0 0.26873535695283307 0.873046004253885 0.010592564292576 0.01131074324898098
0 0.08549167280611786 0.6767206192016602 0.012077673621799633 0.011411915654721468
0 0.10296189785003662 0.9083098535952361 0.011063876359359077 0.011551400889521059
0 0.13156287566475247 0.9631991386413574 0.010651007942531421 0.01077133676280146
0 0.09212851265202397 0.8611216959745989 0.011805270029150921 0.011577398880668308
0 0.633437851200933 0.6554374591163966 0.01013724700264309 0.010632743006167204
0 0.08189301127972809 0.881832039874533 0.021157840023870052 0.012166064718495245
0 0.5034074368684188 0.7613498231639033 0.00943780981976053 0.009837482286536175
0 0.10973316690196162 0.7671430629232654 0.012623144232708473 0.012319772139839504
0 0.19750738143920898 0.5260311313297438 0.010446506997813349 0.011622034985086193
0 0.1907165465147599 0.8111113672671111 0.010757591413414997 0.011073817377505095
0 0.10876220723857051 0.9718031883239746 0.01292065952135169 0.013246328934379246
0 0.5942357726719069 0.8196745126143746 0.010165960892387058 0.01014572641123896
0 0.17139754088028614 0.5885528481524923 0.010437799536663551 0.011040231455927309
0 0.1863642464513364 0.4707684724227241 0.009189709373142408 0.009342857029127039
0 0.14439546025317648 0.9277787830518639 0.010846811792124872 0.010850242946458899
0 0.4524492336356122 0.7657549070275348 0.011131068934565004 0.011105247165845789
0 0.12249419481857965 0.972321551779042 0.010435176932293434 0.011305850485096807
0 0.18498370958411176 0.8290306796198306 0.010304492452870245 0.010723818903384
0 0.5762385492739471 0.8743793238764224 0.011648509813391644 0.011095959207286005
0 0.21689694860707157 0.9106149258820908 0.009634764298148777 0.010085727857506794
0 0.28546896188155463 0.9643932840098506 0.010352487149445908 0.010182256283967392
0 0.41509924245917285 0.9279315160668414 0.009811370269111965 0.009825706481933594
0 0.6463228515956712 0.6728305402009385 0.009885166002356487 0.00957762676736583
0 0.4737582673197207 0.7764230811077616 0.009541770686273989 0.009988950646441916
0 0.1359860845234083 0.7337192245151685 0.012205839157104492 0.012439935103706692
0 0.5151222270468007 0.799256304036016 0.010707108870796535 0.011665800343389097
0 0.12831595669622006 0.860724407693614 0.01149507190870202 0.010676508364470108
0 0.212644680686619 0.8929902159649393 0.010212151900581692 0.010653412860372791
0 0.4278073103531548 0.2386144555133322 0.011133028113323708 0.012441635131835938
0 0.2765637688014818 0.769715931104577 0.008525599604067595 0.00901520770529042
0 0.13854007098985752 0.9085360195325768 0.01106206230495287 0.011127679244331692
0 0.4161722971045453 0.2625136479087498 0.010214805603027344 0.009898247926131538
0 0.06743818262349004 0.7051107157831606 0.010841069014176079 0.011238429857336956
0 0.14164062168287195 0.5911224717679231 0.009772114131761633 0.010869751805844515
0 0.20298371107681937 0.8269801554472549 0.010978367017663044 0.011024682418159817
0 0.684717841770338 0.8504501218381135 0.010261038075322691 0.010168697523034138
0 0.2178930717965831 0.8568321310955547 0.01011589299077573 0.01100598210873811
0 0.18153289090032165 0.5058859638545824 0.010710115018098251 0.01201208778049635
0 0.6599024689715841 0.6515460843625275 0.011472660562266474 0.011766723964525305
0 0.6220389138097349 0.66742844166963 0.012189098026441492 0.016529560089111328
0 0.17487613014552905 0.9649759168210237 0.010680447454037874 0.010869026184082031
0 0.5422424648119055 0.8417872553286345 0.010183417278787365 0.010500700577445652
0 0.6391010077103324 0.8585571413454802 0.009808954985245415 0.009294302567191746
0 0.5731207702470862 0.9067698768947436 0.009334875189739725 0.010754460873811142
0 0.23876488727072015 0.8148667501366657 0.010827603547469429 0.010977827984353771
0 0.43368605427120044 0.2751487856325896 0.00992856854977815 0.010570401730744736
0 0.6333292256230894 0.8026486479717753 0.010916170866593071 0.011207622030506964
0 0.4284062800200089 0.2545926467232082 0.010739243548849354 0.011135391567064367
0 0.6440356296041736 0.6479714642400327 0.011025719020677649 0.011912511742633324
0 0.13966309505960214 0.714829859526261 0.011188507080078125 0.01211522973102072
0 0.16237052108930505 0.8721203182054603 0.01291334110757579 0.012136542278787365
0 0.10745657526928445 0.6581729702327561 0.01010510195856509 0.010219221529753311
0 0.5167118051777715 0.7393877195275348 0.010711690653925356 0.011198209679645042
0 0.18028952764428177 0.529227474461431 0.011152578436810036 0.011238699373991592
0 0.6431000129036282 0.8671102731124214 0.011343707209048063 0.009523516115934952
0 0.2344654021055802 0.897987884023915 0.010251190351403278 0.010761634163234546
0 0.24901822338933532 0.7424999527309251 0.010334699050239895 0.010256352631942085
0 0.1529755799666695 0.7265668744626252 0.011617681254511293 0.011664639348569124
0 0.6035778729811959 0.7306234525597614 0.009586893993875256 0.010393806125806726
0 0.08676447298215784 0.8972274116847827 0.011168889377428137 0.010554272195567255
0 0.20521962124368417 0.5162862798442012 0.009744685629139776 0.011245416558307152
0 0.23586891008460004 0.6798091349394426 0.00790894549825917 0.007815361022949219
0 0.6000310338061788 0.8519151521765669 0.01012364677760912 0.011072905167289402
0 0.20041100875191067 0.47057404725447943 0.009883300117824389 0.011682759160580843
0 0.25790751498678455 0.7697081151215925 0.008830443672511889 0.009050659511400305
0 0.2944922032563582 0.8638201381849206 0.008205040641452955 0.008527382560398268
0 0.23324547643246857 0.9318997548974078 0.01091840992803159 0.010840415954589844
0 0.4789640074190886 0.7661415183025858 0.009911765222964079 0.009879236635954483
0 0.06675259963325832 0.6774210100588591 0.00947018291639245 0.01126625226891559
0 0.06976716155591219 0.901568951814071 0.010338156119636868 0.01113526717476223
0 0.5016472650610883 0.7981820106506348 0.009899595509404722 0.010514342266580334
0 0.44849822832190467 0.2501367693362029 0.014061886331309443 0.013468327729598335
0 0.1696095259293266 0.7127544361612071 0.011536515277364979 0.012256000352942425
0 0.1714790800343389 0.9053694476252017 0.011659663656483526 0.011754948159922724
0 0.6095037045686141 0.8100422776263693 0.010099369546641474 0.010128643201745075
0 0.19372405176577362 0.5491905834363855 0.010023739026940388 0.010192663773246433
0 0.1156695614690366 0.8599644951198413 0.010441925214684528 0.010537603627080503
0 0.11784070989359981 0.6566348386847455 0.010452239409736965 0.010784626007080078
0 0.4730015371156775 0.7379261099773905 0.010352393855219301 0.011254517928413723
0 0.44534166999485186 0.2460773094840672 0.010494356570036514 0.011791146319845448
0 0.5121648000634235 0.717273753622304 0.011105537414550781 0.010442567908245583
0 0.4213374334832896 0.9053249151810355 0.010269382725591246 0.010145145913828974
0 0.07226993208346161 0.6467748932216479 0.011271103568699047 0.010756907255753227
0 0.16458330983700958 0.9481502408566682 0.010813132576320484 0.01147672404413638
0 0.40664212859195203 0.7427228015402088 0.010456162950266962 0.011411418085512907
0 0.290219783782959 0.9327931611434274 0.010746458302373472 0.01019950534986413
0 0.22108193065809167 0.727780653082806 0.009629477625307829 0.009100665216860563
0 0.18579213515571927 0.5626391846200695 0.011082649230957031 0.010162249855373218
0 0.23423404278962512 0.6952858385832412 0.00856005627176036 0.009212825609290081
0 0.4228632657424263 0.8565331749294116 0.010008044864820398 0.010078264319378395
0 0.3858277227567589 0.9135618624479875 0.009543823159259298 0.009687838347061821
0 0.2307301189588464 0.7247057168380073 0.009585919587508492 0.009563570437224014
0 0.19284714823183807 0.5767875236013661 0.009404223898182745 0.00982771749081819
0 0.638208181961723 0.7348702886830206 0.009437975676163383 0.011025304379670517
0 0.4340516380641772 0.8550679994666058 0.008329806120499321 0.00928323165230129
0 0.6694534343221913 0.867069555365521 0.009611585865850035 0.009603956471318785
0 0.0810793715974559 0.9118048833764117 0.011198919752369757 0.011454582214355469
0 0.5250564865444017 0.8318402248880138 0.010236864504606827 0.01141357421875
0 0.07577594466831374 0.8821191787719727 0.011069183764250382 0.012534597645635191
0 0.3535172213678775 0.9642307861991548 0.008592895839525305 0.008696846340013586
0 0.5970235596532408 0.748497258061948 0.011074874712073284 0.01094818115234375
0 0.3252186072261437 0.8256317014279574 0.009791150689125061 0.010202283444611923
0 0.5397597810496455 0.807653924693232 0.01052081066629161 0.010165173074473505
0 0.29052395405976666 0.9535085014674975 0.010226975316586702 0.011013279790463655
0 0.11706308178279709 0.9045012308203656 0.010492003482321034 0.011553598486858864
0 0.3837592368540556 0.8217632666878079 0.009632053582564644 0.010817527770996094
0 0.3536750078201294 0.7847423553466796 0.009105376575304113 0.008899025295091711
0 0.40649868612704076 0.8360272075818933 0.010467415270598038 0.010891914367675781
0 0.22580539661905039 0.90648192944734 0.00954269326251486 0.009541677392047384
0 0.592427689096202 0.7618931065434995 0.010608548703400986 0.010727840921153193
0 0.4928736375725788 0.7432867755060611 0.00896323245504628 0.009175549382748812
0 0.6017727437226669 0.8995024846947711 0.00886548083761464 0.009596492933190388
0 0.6150444694187329 0.7318279432213824 0.009686677352241848 0.010684635328209919
0 0.14593575311743695 0.8559442395749299 0.012357214222783628 0.01284338080364725
0 0.2433300121970799 0.7641232946644658 0.009799646294635275 0.00934501316236413
0 0.3563601659691852 0.934600083724312 0.009357245072074558 0.00951485011888587
0 0.13085662282031515 0.8487080698427947 0.011447647343511167 0.011089573735776155
0 0.5023090217424475 0.7375847360362178 0.009570640066395636 0.01066489841627038
0 0.2444571204807447 0.7758119002632473 0.009643388831097147 0.009280826734459919
0 0.6139725602191427 0.7013916761978813 0.01414477306863536 0.012261100437330164
0 0.17216433649477753 0.5765089263086733 0.010697447735330334 0.011838436126708984
0 0.4456402892651765 0.26680319205574365 0.010299050289651623 0.009038821510646654
0 0.682717634283978 0.9391335404437521 0.00914212931757388 0.009794857191002888
0 0.3166725775780804 0.8115607458404935 0.00657256485066739 0.007424580574027132
0 0.1847630272740903 0.5194866760917332 0.010571998098622198 0.010126113891601562
0 0.5494041442871094 0.7966318130493164 0.01032456107761549 0.011011040729025135
0 0.3278163826983908 0.8724942000015922 0.009688543236773947 0.009312422379203465
0 0.15228480878083603 0.8327636926070504 0.012540817260742188 0.014780086019764776
0 0.6518669957699983 0.8327406800311544 0.010971235192340355 0.01149986101233441
0 0.12200585137242856 0.5923850329025931 0.010768320249474567 0.00978231430053711
0 0.25051247555276623 0.7164730611054793 0.010364615398904552 0.010786761408266813
0 0.4503850211267886 0.9043576613716457 0.011671377264935036 0.011559942494268003
0 0.6933864510577658 0.8635731572690217 0.008995387865149456 0.010038790495499321
0 0.11632016949031662 0.836645561715831 0.015203631442526112 0.014117987259574558
0 0.24940416073798158 0.8668234049434365 0.007415074402318303 0.008075927085420567
0 0.6756380329961362 0.9857264187024988 0.009404804395592731 0.009810530621072521
0 0.3458616623412008 0.7743421222852623 0.00918094101159469 0.009372047756029211
0 0.33897303563097253 0.8614233265752378 0.00901671984921331 0.009104023809018343
0 0.20484886998715607 0.8103873004084048 0.010582384855850883 0.010907339013141136
0 0.17831319311390753 0.9435447609942892 0.010453846143639606 0.01069566477899966
0 0.18285499448361606 0.9269788576209027 0.01081866803376571 0.010190714960512907
0 0.24388369269992988 0.9081440386564834 0.010328126990276833 0.01995012034540591
0 0.2741953601007876 0.8974119683970575 0.012028611224630604 0.01144384301227072
0 0.2737629413604737 0.8818411619766898 0.009773026341977327 0.008695934129797894
0 0.4837173586306365 0.7266289462213931 0.010064373845639437 0.010115291761315388
0 0.4291397903276526 0.8831629753112793 0.01038138762764309 0.008321057195248812
0 0.6456553417703381 0.894095814746359 0.009876043900199558 0.009010605190111242
0 0.18747990027717923 0.9873408649278723 0.010161005932351818 0.010563104049019192
0 0.5591179184291675 0.806311503700588 0.011731023373811142 0.014516788980235224
0 0.432121727777564 0.915382654770561 0.00974627163099206 0.009883756222932236
0 0.437386269154756 0.26385845308718475 0.008514414662900179 0.008885114089302395
0 0.44917167269665265 0.8372405300969662 0.010967804038006325 0.012010864589525305
0 0.4936325187268465 0.7283835825712783 0.00989160330399223 0.010570816371751867
0 0.6432009883548901 0.9081440386564834 0.009304274683413298 0.009431009707243546
0 0.6964136621226436 0.9162732207256816 0.008915776791779892 0.009638869244119396
0 0.27578245038571564 0.42221025280330493 0.009540785913882048 0.01044873569322669
0 0.23389430668043054 0.7128863127335258 0.009137817051099695 0.009675979614257812
0 0.27280826153962506 0.7925158790920093 0.009109994639521059 0.008759208347486414
0 0.6120485741159191 0.9066543579101562 0.008431745612103006 0.009215976880944294
0 0.5109488756760306 0.727321189382802 0.011049001113228176 0.011275291442871094
0 0.6372552021690037 0.6660360046055007 0.010548653809920601 0.010760887809421704
0 0.6093224235202955 0.9519655186197032 0.011647017105765965 0.012806809466818104
0 0.3067750930786133 0.8365223096764605 0.008462035137674084 0.008460169253141983
0 0.3428170836490134 0.8144197671309762 0.009506878645523735 0.009392655414083729
0 0.2528492313934264 0.7309744938290577 0.004992407771774764 0.009954701299252708
0 0.11287397923676865 0.7045657531074858 0.010234355926513672 0.010868901791779892
0 0.40880960485209594 0.8703366984491763 0.009823539982671324 0.009694721387780231
0 0.3504394137341043 0.9531002044677734 0.009264220362124235 0.009398087211277174
0 0.20200196556423022 0.7950167863265328 0.011398356893788214 0.012157357257345448
0 0.20138313459313434 0.48252056474271027 0.014552821283755095 0.010252921477608059
0 0.24571467482525372 0.915627147840417 0.010316123133120329 0.011299216228982677
0 0.49981332861858874 0.7509201505909795 0.010996942934782608 0.010544611060101051
0 0.2690348832503609 0.9836296620576279 0.011524822400963825 0.01237276326055112
0 0.3612343254296676 0.8816626590231189 0.009235148844511612 0.00894090403681216
0 0.19602585875469708 0.4793257920638375 0.008969783782958984 0.010613814644191578
0 0.6336762697800346 0.918276185574739 0.008917746336563774 0.009098509083623472
0 0.3507911537004553 0.8637326903965161 0.009020909019138502 0.009233018626337465
0 0.5922256759975266 0.8808458162390668 0.008982243745223335 0.009957686714504076
0 0.7030866457068403 0.8690001446267833 0.009575802346934443 0.010299019191576086
0 0.40252574889556214 0.8595328123673148 0.009927060293114704 0.00944718070652174
0 0.36017121698545373 0.7950113130652386 0.008451187092324963 0.008109465889308764
0 0.5842747999274213 0.8375406057938285 0.00818764645120372 0.009334522744883661
0 0.6574330744536028 0.9650354385375977 0.008008915445078974 0.007793094800866168
0 0.4702515083810557 0.9322451301242993 0.00964224856832753 0.009989862856657608
0 0.2605261180711829 0.752814189247463 0.009194622869076937 0.010606724282969599
0 0.19160151481628418 0.8219286877176036 0.010347387065058168 0.011003328406292458
0 0.3402573544046153 0.9182395313097083 0.009562865547511889 0.009256321450938349
0 0.25450509527455206 0.8168357973513395 0.009131431579589844 0.00912313875944718
0 0.06784099858740102 0.3752444101416546 0.011262463486712913 0.011432606240977411
0 0.6749069172403087 0.9311518047166907 0.008598617885423742 0.008645596711531929
0 0.195246872694596 0.567681468051413 0.01018530389536982 0.01242909224137016
0 0.12871489317520804 0.9006013455598252 0.010251294011655062 0.010763582975968071
0 0.1984100341796875 0.5595084273296854 0.008731178615404211 0.00918127142864725
0 0.08555414106534875 0.9237747399703317 0.011565856311632238 0.010989935501762058
0 0.35837832741115405 0.9806275367736816 0.008112119591754416 0.009283687757409138
0 0.43349606057871937 0.9603086969126826 0.007726918096127717 0.0077682992686396056
0 0.5926248094309932 0.837791857512101 0.010116203971531079 0.009878407353940218
0 0.2944529056549072 0.8049793036087698 0.009028414021367613 0.009310639422872791
0 0.29587716641633405 0.892779599065366 0.009729426840077276 0.008722471154254416
0 0.5925970595815907 0.7831304798955503 0.01034402847290039 0.010149167931598167
0 0.1790450448575227 0.8591023113416589 0.01059666923854662 0.010232718094535496
0 0.19491769956505817 0.9404917592587678 0.0105133056640625 0.011007806529169497
0 0.32014063130254333 0.9746744321740192 0.008665748264478601 0.00851515065068784
0 0.08263190155443939 0.8340989610423212 0.013048850971719494 0.013046554897142492
0 0.6210239659184995 0.7961906764818274 0.01055982838506284 0.010251086691151495
0 0.24236822128295898 0.6896005920741868 0.009531560151473335 0.008781972138778023
0 0.668880089469578 0.89301758227141 0.008263795272163723 0.008429776067319124
0 0.25106328466664196 0.7986913349317468 0.00880643595819888 0.00837732397991678
0 0.6212364383365797 0.985976156981095 0.008112928141718325 0.007698515187139096
0 0.2570968503537385 0.6878664597221043 0.008834258369777514 0.008587215257727581
0 0.2706165478906599 0.8215563721119311 0.008572246717370075 0.009554531263268513
0 0.12187283453734024 0.8399264916129734 0.010401176369708519 0.009667230689007303
0 0.3686838564665421 0.987856968589451 0.008332708607549253 0.007043962893278703
0 0.13273769876231317 0.5844622591267461 0.009212991465692934 0.01103768141373344
0 0.33601421895234473 0.9013502494148586 0.008760514466658882 0.00963729360829229
0 0.12816118675729501 0.7138879610144575 0.010715246200561523 0.01234460913616678
0 0.3880177243896153 0.8372321750806726 0.009404415669648544 0.008942313816236414
0 0.47767806571462884 0.8356150544208029 0.008393733397774075 0.008086370385211447
0 0.24726635476817255 0.7013322581415591 0.010072956914487093 0.010051395582116169
0 0.7106111567953358 0.896114618881889 0.008412527001422384 0.008206284564474354
0 0.6298329830169677 0.8803643972977346 0.009555878846541695 0.00952600396197775
0 0.2643013207808785 0.6700087008268936 0.009825374769127888 0.010083737580672554
0 0.2462225478628407 0.6774571460226306 0.00970539839371391 0.009099545686141304
0 0.6279785529426907 0.7311637919882069 0.010302543640136719 0.009577917016070822
0 0.3094526788462763 0.8973080178965693 0.009762598120647928 0.009745224662449049
0 0.292571959288224 0.8208654030509617 0.01031892195991848 0.009140802466351053
0 0.5772053055141283 0.7501880189646845 0.011940292690111242 0.010851279548976734
0 0.6432568094004756 0.8846981836401899 0.010381118110988453 0.00986443395199983
0 0.24073700282884683 0.79763590771219 0.009025159089461617 0.010127938312032948
0 0.3658994954565298 0.9305262565612793 0.009693321974381157 0.009801823159922724
0 0.6062675040701161 0.8635197100432024 0.009590998939845873 0.011275747547978941
0 0.6527079913927161 0.9519261899201765 0.009357410928477411 0.008455027704653532
0 0.9276793936024542 0.9709650951883069 0.012451835300611414 0.012202055557914402
0 0.5008808944536292 0.9868539312611456 0.008851445239523182 0.00813567120095958
0 0.584468302519425 0.8655040160469386 0.008989831675653872 0.00940430682638417
0 0.476406506870104 0.8297273387079653 0.009039930675340735 0.009136365807574728
0 0.6191195819688879 0.8857500656791355 0.009055635203485903 0.00910875071649966
0 0.07713345859361731 0.6785411420075791 0.020102770432181984 0.01141432057256284
0 0.3037048111791196 0.9719810900480852 0.009596679521643597 0.009394438370414402
0 0.5417659075363822 0.9632985073587169 0.009175777435302734 0.010043766187584919
0 0.47411633574444323 0.9629215157550314 0.010539262191109035 0.01073480689007303
0 0.40090626737345814 0.9086827195209005 0.00993862359420113 0.009689372518788214
0 0.298545505689538 0.9092319115348485 0.009228416111158289 0.01003402212391729
0 0.3206136964725188 0.8959637400388489 0.005796766697797909 0.009438019024794271
0 0.3820500632990961 0.9712259251138439 0.008413138596907906 0.008232158163319464
0 0.20374684748442273 0.9787305334339971 0.010014803513236668 0.010062010391898777
0 0.39726394414901733 0.8458910195723826 0.00926257734713347 0.010094891423764437
0 0.3213779822639796 0.8841958253279977 0.009983643241550611 0.009368398915166441
0 0.2807686536208443 0.8123417937237285 0.00886678695678711 0.00829626166302225
0 0.38629030403883563 0.8765725260195525 0.009580368581025497 0.009079062420388927
0 0.23698273949001147 0.7906609410824983 0.009257233661154041 0.010869979858398438
0 0.12883646591849948 0.5940161165983779 0.009709606999936312 0.010275260261867359
0 0.6371969969376273 0.9505133214204209 0.007708176322605299 0.00828440293021824
0 0.2531008720397949 0.8071749935979429 0.008842385333517323 0.009284019470214844
0 0.34352184378582507 0.8722432799961257 0.008594927580460258 0.009517296500827955
0 0.3313196489344473 0.8148089906443721 0.009205376324446304 0.0094140508900518
0 0.351104824439339 0.8912108048148778 0.00938756569572117 0.01012445532757303
0 0.16734007130498468 0.8470004123190173 0.015016555786132812 0.011157243148140285
0 0.6138551960820737 0.8959757763406505 0.008171620576278023 0.008693860924762228
0 0.5016622543334961 0.9319111989892046 0.00793631180472996 0.009304336879564367
0 0.6223859994307809 0.8051112009131391 0.011631965637207031 0.010192332060440727
0 0.3241533452401991 0.7699849294579547 0.008734215212904888 0.008916232896887737
0 0.6254410743713379 0.913193412449049 0.008518426314644192 0.008319523023522419
0 0.3749967502511066 0.8888508133266284 0.008715204570604406 0.00860483750053074
0 0.5866718499556832 0.8509141673212466 0.00966955267864725 0.011748852937117867
0 0.3585688964180324 0.8538462182749873 0.008931367293648098 0.009354052336319633
0 0.3159202719045729 0.9633492065719805 0.006873130528803402 0.00889052515444549
0 0.3217464840930441 0.9198871488156526 0.008421296658723251 0.008599281311035156
0 0.3008020649785581 0.9602652839992356 0.008955001831054688 0.008674041084621264
0 0.12588993362758472 0.19438127849413 0.011423442674719769 0.01184944484544837
0 0.3136924453403639 0.8783473139223845 0.009050783903702446 0.008554043977156929
0 0.6873875493588655 0.9824684599171514 0.009173351785411005 0.010000270345936651
0 0.33335716471723886 0.8496479366136634 0.008785957227582518 0.008772642716117527
0 0.6469225261522377 0.9546483081320057 0.008430563885232677 0.00944618556810462
0 0.6994623515916907 0.9333152356355088 0.009006251459536345 0.010266760121221128
0 0.33949681403844223 0.7595425116549213 0.008616915215616626 0.006945495615807576
0 0.12078431896541429 0.7002201702283777 0.010200821835061779 0.016171289526897926
0 0.42799993183301843 0.9434792477151622 0.007837668709132982 0.007762079653532609
0 0.27277372194373084 0.8037123472794242 0.009375240491784138 0.010057449340820312
0 0.5743091002754543 0.8505294633948286 0.009875587795091711 0.008183354916779892
0 0.30964606741200323 0.7791799255039382 0.009189854497494905 0.007959158524222996
0 0.22959223000899606 0.9817261695861816 0.00935921461685844 0.009891136832859205
0 0.5267292934915294 0.9880758161130159 0.006504224694293478 0.006383273912512738
0 0.15790078950964886 0.8541634601095448 0.013691611911939539 0.013141715008279552
0 0.37329798159391986 0.8330304518989897 0.010164799897567085 0.009438224460767664
0 0.16215204155963397 0.8593514691228451 0.010327318440312925 0.00941919243854025
0 0.6386962144271188 0.9302222003107485 0.007769211478855299 0.008210182189941406
0 0.235487699508667 0.9870862753494924 0.00866842269897461 0.008427205293074898
0 0.33299126832381537 0.9837741851806641 0.008564410002335258 0.008729851764181385
0 0.48725536595220154 0.8044487497080928 0.010554396587869396 0.009892256363578465
0 0.7047211398249087 0.8938184613766877 0.007150028062903363 0.007921592048976732
0 0.30604924326357635 0.794189577517302 0.008578798045282778 0.008211467577063519
0 0.4483216534490171 0.8854855454486349 0.008127336916716202 0.00862009628959324
0 0.6578431647756824 0.9881516332211701 0.007184090821639351 0.006869440493376359
0 0.2781260635541833 0.7360744476318359 0.008664649465809698 0.00810042671535326
0 0.2888816854228144 0.7976566812266475 0.008371290953262993 0.009576299916143003
0 0.6268735968548319 0.9835627804631772 0.00836019930632218 0.007582083992336107
0 0.41241052876348083 0.8844210790551227 0.009569499803626019 0.009108626324197521
0 0.26430527023647143 0.7153138492418372 0.009323887203050696 0.01018461973770805
0 0.26753808104473614 0.7307790258656377 0.009472536004107931 0.009333651998768682
0 0.36229772153108014 0.9572354814280634 0.009417077769403872 0.00915539782980214
0 0.4422141987344493 0.2803943779157556 0.00592041015625 0.006255129109258237
0 0.33528483529453695 0.8305320532425591 0.009569539324097012 0.012273664059846298
0 0.2857519232708475 0.8568138868912406 0.008293068927267323 0.01231309641962466
0 0.37459366477054096 0.9680088291997494 0.0074318543724391775 0.008399880450704823
0 0.6288107478100321 0.8960750206657078 0.008369342140529467 0.009000819662342901
0 0.14776154704715894 0.5803279876708984 0.009209684703661047 0.009535913882048233
0 0.486599704493647 0.9546694755554199 0.00875197286191194 0.009081840515136719
0 0.3630236750063689 0.9221389604651411 0.008998373280400816 0.008339840432871943
0 0.36906140265257464 0.9541635098664656 0.008002156796662704 0.007983912592348845
0 0.32471162499859924 0.8487947505453358 0.007103579888201278 0.008567022240680197
0 0.356857154680335 0.9136267330335535 0.008596130039380945 0.007493599601413893
0 0.2059027734010116 0.9637645223866338 0.011745805325715439 0.010253574537194294
0 0.7131861189137334 0.9366181000419285 0.007683256398076596 0.00857519066852072
0 0.6783191639444104 0.9045682368071182 0.008380599643873133 0.00824501203454059
0 0.4168277201445206 0.8965406003205671 0.008432927338973335 0.008830941241720448
0 0.39056928002316027 0.893927055856456 0.01190130088640296 0.01264178234597911
0 0.3015588781108027 0.9049779643183169 0.010236512059750765 0.010820305865743885
0 0.6111143568287725 0.9722086035686992 0.010430170142132301 0.01194788062054178
0 0.368789641753487 0.8228136974832286 0.009270554003508194 0.00968145287555197
0 0.27277543057566966 0.6833958888675773 0.005740521679736314 0.007690938369074308
0 0.2570897807245669 0.8248880427816639 0.008657331052033798 0.010089335234268852
0 0.19787498142408286 0.9628432315328845 0.009544828663701597 0.011365310005519703
0 0.6042946317921514 0.8759594378264055 0.009538194407587465 0.009194000907566236
0 0.6161929628123408 0.7570989857549253 0.010311334029487942 0.009412185005519701
0 0.2374220620030942 0.6929416241853135 0.008423577184262484 0.008860297825025476
0 0.34295477944871655 0.8504918347234312 0.011160350364187489 0.008792255235754925
0 0.26246088484059205 0.7821147130883257 0.008768102397089418 0.007999544558317764
0 0.45792573431263806 0.9622942883035412 0.007825975832731827 0.009230406387992527
0 0.29513017704485983 0.7487053951926689 0.006610967559382293 0.0062687662207271825
0 0.2573011204191079 0.7317164753333378 0.004992407771774764 0.009954701299252708
0 0.34023879554272246 0.7654783636891632 0.008616915215616626 0.006945495615807576
0 0.2744161560327821 0.7405263366575174 0.008664649465809698 0.00810042671535326
0 0.2813413167393978 0.7422576268341712 0.008664649465809698 0.00810042671535326
0 0.27936269939465047 0.7476988245322262 0.008664649465809698 0.00810042671535326
0 0.2707062485113809 0.7486881332045998 0.008664649465809698 0.00810042671535326
0 0.26872763116663356 0.7573445840878691 0.008664649465809698 0.00810042671535326
0 0.268974958334727 0.7652590534668582 0.008664649465809698 0.00810042671535326
0 0.2818359710755846 0.7578392384240554 0.008664649465809698 0.00810042671535326
0 0.29129660593941187 0.7440061789988931 0.008342257736036208 0.008742037901660447
0 0.3076201990335774 0.757609173244031 0.008342257736036208 0.008742037901660447
0 0.2875866984180108 0.7752930657627083 0.008342257736036193 0.004537476044074387
0 0.3250655854982003 0.8996736475602498 0.005796766697797909 0.009438019024794271
0 0.33992751987098585 0.8839484981599043 0.008005025896803278 0.009368398915166437
0 0.33226037766008987 0.883206516655624 0.008005025896803278 0.009368398915166437
0 0.25113545091463546 0.8603928985730077 0.007415074402318303 0.008075927085420567
0 0.30553845723814615 0.8454260877278233 0.008462035137674084 0.008460169253141983
0 0.2955217069303627 0.8445604426394954 0.006730744961020158 0.006234224740303145
0 0.2997262687879509 0.8401085536138138 0.006730744961020158 0.006234224740303145
0 0.2939140803377555 0.8339253744114776 0.0074727264653005184 0.006234224740303139
0 0.28946219131207396 0.84060320795 0.0074727264653005184 0.006234224740303139
0 0.28377366644592533 0.8282368495453288 0.0074727264653005184 0.006234224740303139
0 0.27140730804125457 0.8354093374200375 0.0074727264653005184 0.006234224740303139
0 0.2681920548560401 0.8307101212262625 0.0074727264653005184 0.006234224740303139
0 0.26398749299845203 0.8250215963601139 0.0074727264653005184 0.006234224740303139
0 0.27759048724359 0.8341727015795704 0.0074727264653005184 0.006234224740303139
0 0.28179504910117803 0.8391192449414387 0.0074727264653005184 0.006234224740303139
0 0.27882712308405705 0.8242796148558337 0.0074727264653005184 0.006234224740303139
0 0.34318670682705377 0.8939304343720561 0.008760514466658882 0.00963729360829229
0 0.3468966143484549 0.9048128297681663 0.0057925884495381615 0.009637293608292286
0 0.34219739815468 0.9053074841043529 0.0057925884495381615 0.009637293608292286
0 0.373281190975784 0.9766221542358816 0.008413138596907906 0.008232158163319464
0 0.3640626328923019 0.9716756108740122 0.008413138596908001 0.009581215443827777
0 0.3287623007189688 0.9759476255956259 0.008413138596908001 0.009581215443827777
0 0.3062520280609211 0.961550463531301 0.006873130528803402 0.00889052515444549
0 0.31097372854270455 0.9651479496126599 0.006873130528803402 0.00889052515444549
0 0.3193706921390995 0.80683904535871 0.00657256485066739 0.007424580574027132
0 0.3070043337344287 0.8084129455193043 0.00657256485066739 0.007424580574027132
0 0.30902791965519305 0.8036912450375211 0.00657256485066739 0.007424580574027132
0 0.2988542711008587 0.7964380063181511 0.008578798045282778 0.008211467577063519
0 0.2867127555762728 0.790367248555858 0.008578798045282778 0.008211467577063519
0 0.29885427110085866 0.7793499474316967 0.008578798045282778 0.008211467577063519
0 0.27367480209600936 0.6946380328718234 0.005740521679736314 0.007690938369074308
0 0.2759232308968586 0.6901411752701246 0.005740521679736314 0.007690938369074308
0 0.280644931378642 0.6899163323900396 0.005740521679736314 0.007690938369074308
0 0.2851417889803405 0.6899163323900396 0.005740521679736314 0.007690938369074308
0 0.28491694610025553 0.6849697890281713 0.005740521679736314 0.007690938369074308
0 0.2891889608218691 0.6779996597455387 0.005740521679736314 0.007690938369074308
0 0.27434933073626405 0.674177330784095 0.005740521679736314 0.007690938369074308
0 0.28154430289898164 0.6732779592637553 0.005740521679736314 0.007690938369074308
0 0.2858163176205952 0.6732779592637553 0.005740521679736314 0.007690938369074308
0 0.2786213454578776 0.6782245026256235 0.005740521679736314 0.007690938369074308
0 0.2772722881773681 0.683171045987492 0.005740521679736314 0.007690938369074308
0 0.28401757457991583 0.6782245026256235 0.005740521679736314 0.007690938369074308
0 0.28401757457991583 0.6782245026256235 0.005740521679736314 0.007690938369074308
0 0.28199398865915154 0.6845201032680014 0.005740521679736314 0.007690938369074308
0 0.2824436744193214 0.6941883471116532 0.005740521679736314 0.007690938369074308
0 0.33289354909504176 0.8076140184816546 0.009205376324446304 0.0094140508900518
0 0.28522685851703783 0.7828813016723128 0.009205376324446304 0.0094140508900518
0 0.3185036047696066 0.782431615912143 0.009205376324446304 0.0094140508900518
0 0.3283966914933433 0.7849048875930772 0.009205376324446304 0.0094140508900518
0 0.3443605359793729 0.7979457746380028 0.009205376324446304 0.0094140508900518
0 0.3461592790200523 0.7929992312761346 0.009205376324446304 0.0094140508900518
0 0.35178035102217536 0.7970464031176632 0.009205376324446304 0.0094140508900518
0 0.3544784655831944 0.8019929464795316 0.009205376324446304 0.0094140508900518
0 0.3524548796624301 0.8085133900019943 0.009205376324446304 0.0094140508900518
0 0.35627720862387385 0.8116611903231832 0.009205376324446304 0.0094140508900518
0 0.36189828062599694 0.8127854047236078 0.009205376324446304 0.0094140508900518
0 0.36077406622557234 0.8190810053659858 0.009205376324446304 0.0094140508900518
0 0.3544784655831944 0.8186313196058159 0.009205376324446304 0.0094140508900518
0 0.35425362270310956 0.8260511346486186 0.009205376324446304 0.0094140508900518
0 0.3578511087844683 0.8339206354515909 0.009205376324446304 0.0094140508900518
0 0.355602679983619 0.8424646648948179 0.009205376324446304 0.0094140508900518
0 0.666348529008689 0.900677780453009 0.008380599643873133 0.00824501203454059
0 0.6866986083994155 0.9165388717428398 0.008380599643873133 0.00824501203454059
0 0.6594654139206493 0.9069623637942626 0.008380599643873133 0.00824501203454059
0 0.6609617432876144 0.9159403399960538 0.008380599643873133 0.00824501203454059
0 0.6720345806031567 0.9090572249080142 0.008380599643873133 0.00824501203454059
0 0.674727973463694 0.9147432765024819 0.008380599643873133 0.00824501203454059
0 0.6313344218217041 0.9078601614144423 0.008380599643873133 0.00824501203454059
0 0.621159382126341 0.8994807169594374 0.008380599643873133 0.00824501203454059
0 0.6552756916931473 0.9238708856409698 0.009577663137444457 0.00974134140150533
0 0.6578194516169886 0.9313525324757955 0.007482802023692798 0.009142809654719645
0 0.6467466143014462 0.9313525324757955 0.007482802023692798 0.009142809654719645
0 0.6422576262005508 0.9388341793106214 0.007482802023692798 0.009142809654719645
0 0.652731931769307 0.9409290404243726 0.007482802023692798 0.009142809654719645
0 0.6736805429068196 0.9235716197675768 0.007482802023692798 0.009142809654719645
0 0.5360798559419144 0.9842471184962294 0.009175777435302734 0.010043766187584919
0 0.4995694193879643 0.9737728129274733 0.009175777435302734 0.010043766187584919
0 0.4732340225293772 0.9800573962687268 0.009175777435302734 0.010043766187584919
0 0.439182112173187 0.9567175064319661 0.007726918096127717 0.007768299268639606
0 0.43697712317512566 0.9757612526062281 0.007825975832731827 0.009230406387992527
0 0.4459550993769167 0.982943633567661 0.007825975832731827 0.009230406387992527
0 0.45283821446495653 0.981148038327303 0.007825975832731827 0.009230406387992527
0 0.4585242660594242 0.9796517089603378 0.007825975832731827 0.009230406387992527
0 0.45373601208513553 0.9715715303787258 0.007825975832731827 0.009230406387992527
0 0.46002059542638934 0.9715715303787258 0.007825975832731827 0.009230406387992527
0 0.45942206367960325 0.9847392288080193 0.007825975832731827 0.009230406387992527
0 0.4681007740080011 0.987432621668557 0.0078259758327318 0.00563921590727665
0 0.44415950413655847 0.9661847446576509 0.007825975832731827 0.009230406387992527
0 0.35584753970859295 0.8762758733020444 0.009235148844511612 0.00894090403681216
0 0.3827814683139661 0.8568235915314972 0.009235148844511612 0.00894090403681216
0 0.38397853180753816 0.8490426788232783 0.009235148844511612 0.00894090403681216
0 0.3752998214791402 0.8535316669241737 0.009235148844511612 0.00894090403681216
0 0.37350422623878193 0.845451488342562 0.009235148844511612 0.00894090403681216
0 0.38068660720021474 0.8427580954820247 0.009235148844511612 0.00894090403681216
0 0.3438769047728716 0.8406632343682735 0.009235148844511612 0.00894090403681216
0 0.3465702976334088 0.8340793851536269 0.009235148844511612 0.00894090403681216
0 0.4228830953486325 0.8846553177570498 0.009235148844511612 0.00894090403681216
0 0.28606496135381293 0.7524247005233221 0.008734215212904888 0.008916232896887737
0 0.29150615905186805 0.7600918427342179 0.008734215212904888 0.008916232896887737
0 0.29793666542229685 0.7583605525575637 0.008734215212904888 0.008916232896887737
0 0.3009045914394179 0.7642964045918057 0.008734215212904888 0.008916232896887737
0 0.308077079314127 0.7662750219365531 0.008734215212904888 0.008916232896887737
0 0.2863122885219064 0.7706032473781858 0.006755597868157599 0.006195634047857345
0 0.2902695232114011 0.7662750219365501 0.006755597868157586 0.005948306879762127
0 0.30634578913747323 0.7719635468026985 0.006755597868157586 0.005948306879762127
0 0.3120343140036218 0.7722108739707919 0.006755597868157586 0.005948306879762127
0 0.3154968943569296 0.7689956207855775 0.006755597868157586 0.005948306879762127
0 0.3387456481577108 0.7816093063583416 0.006755597868157586 0.005948306879762127
0 0.3357777221405898 0.7892764485692374 0.006755597868157586 0.005948306879762127
0 0.33503574063630964 0.7942229919311055 0.006755597868157586 0.005948306879762127
0 0.3295945429382545 0.7932336832587318 0.006755597868157586 0.005948306879762127
0 0.3293472157701612 0.8004061711334406 0.006755597868157586 0.005948306879762127
0 0.33280979612346906 0.7979328994525062 0.006755597868157586 0.005948306879762127
0 0.33775633948533745 0.7996641896291601 0.006755597868157586 0.005948306879762127
0 0.07371603348023606 0.7964984758627399 0.0076449902161307955 0.008158517920452616
0 0.06670555083648019 0.8078905101588432 0.0076449902161307955 0.008158517920452616
