0 0.6918982837511146 0.3261701646058456 0.011794339055600374 0.012523505998694378
0 0.7109664834063985 0.3272696474324102 0.012940531191618546 0.014187294503916864
0 0.7155759645544965 0.3127736216006072 0.011193565700365149 0.012265537096106487
0 0.7288641100344451 0.34779690141263214 0.01179292927617612 0.012197629265163257
0 0.6644906583039658 0.3937868657319442 0.009519991667374321 0.011118640070376188
0 0.6416385277457859 0.5085552257040272 0.010691311048424763 0.00941255818242612
0 0.7092766554459281 0.3486162307469741 0.010320331739342731 0.010866380256155262
0 0.8666330005811608 0.6449897289276123 0.008708870929220448 0.007528159929358441
0 0.6989772423453954 0.516141995139744 0.008046398992123812 0.008354145547618036
0 0.6337602553160295 0.4493009473966516 0.009459433348282524 0.00925556473110033
0 0.6398198293602985 0.47120821994283923 0.009112772734268852 0.011233993198560633
0 0.9213865528935972 0.6484157935432766 0.0081787109375 0.00839196080746858
0 0.7193755688874617 0.3746562392815299 0.010253823321798573 0.010849709096162216
0 0.7146909755209218 0.35984982614931854 0.011817973593006964 0.010740155759065048
0 0.7067371036695398 0.3372962682143501 0.011441189309825068 0.010486001553742783
0 0.9319221040476924 0.6383970302084218 0.008056847945503567 0.008515275042989979
0 0.7661508062611455 0.5690972286721935 0.00894090403681216 0.009338295978048573
0 0.8593422905167836 0.5425812715581783 0.005799949633047648 0.007605210517416411
0 0.913064832272737 0.6373903025751528 0.00813193943189538 0.0077281620191491165
0 0.7002295203830886 0.3595301275667937 0.009738590406334919 0.010309820589811905
0 0.6738145869711171 0.41306116788283637 0.010278660318125849 0.011295764342598293
0 0.8981601258982783 0.654734466386878 0.008698961009149965 0.009091957755710768
0 0.9203170071477476 0.5555640096249788 0.01043249213177225 0.011983290962550953
0 0.8931065434994905 0.566266795863276 0.009063388990319294 0.00916433334350586
0 0.727741282919179 0.5341976829197096 0.0072382222051205845 0.0074274643607761546
0 0.7657879124517026 0.449403078659721 0.009350569351859715 0.008971960648246433
0 0.6376724865125574 0.4831204310707424 0.008257285408351732 0.009878842726997707
0 0.7442760882170303 0.43809295737225085 0.008361982262652853 0.008680385092030401
0 0.7179801567741063 0.4248837802721107 0.010372037472932236 0.009685806606126867
0 0.888282174649446 0.6588375983030901 0.007215955983037534 0.007620210232942
0 0.6501388031503429 0.49864179673402204 0.0114373953446098 0.010432875674703846
0 0.6927075738822753 0.3652863888906509 0.008441290714189833 0.009347548119895275
0 0.6743073256119436 0.5177090997281282 0.007746986720872961 0.008885072625201681
0 0.8784774490024732 0.6424448697463326 0.00869514631188434 0.008133411407470703
0 0.7759620417719302 0.46159218186917506 0.008493838102921196 0.008941080259240192
0 0.6455950745131303 0.49509950705094347 0.006543754619473196 0.007389798920644422
0 0.6600304271863854 0.40906970915587054 0.009571282759956692 0.00957948228587275
0 0.8235428851583729 0.5887056226315706 0.008055313773777174 0.008906364440917969
0 0.8616927395696226 0.6106566760850989 0.007016513658606488 0.008609398551609205
0 0.6441423581994098 0.4607795010442319 0.007836922355320143 0.009108336075492527
0 0.7009792120560355 0.5359467008839482 0.008611720541249151 0.009190974028214165
0 0.9279474797456162 0.5972673167353091 0.008610974187436312 0.010019717009171196
0 0.714407091555388 0.38783959979596344 0.010251750116762907 0.009749531745910645
0 0.6741408265155296 0.4466480120368626 0.008519836094068445 0.009130467539248259
0 0.9326192192409348 0.6059415858724843 0.0076172040856402855 0.008450010548467222
0 0.7809686660766602 0.5733665590700895 0.009787600973378057 0.008858183155889097
0 0.8841677748638649 0.5761362262394117 0.008066467616869055 0.00901900167050569
0 0.7603085076346039 0.47025517927616184 0.006094545707173599 0.0063057594206155036
0 0.6904956568842349 0.5058070058407992 0.008689299873683764 0.007675834324048914
0 0.8204850735871687 0.4974162060281504 0.008352030878481657 0.008792462556258492
0 0.8092376045558765 0.5823011709296185 0.008388187574303669 0.007896278215491253
0 0.8312425406082816 0.6165244061013927 0.005900631780209748 0.0066812764043393345
0 0.7071312199468198 0.5147143861521846 0.009152785591457201 0.008504577305005945
0 0.8209220637445864 0.5100332343060038 0.008441178695015285 0.010120723558508831
0 0.8028561343317447 0.49026006201039185 0.007949124211850374 0.008277685745902683
0 0.8001259306202765 0.5829751284226127 0.00836907262387483 0.007982108903967815
0 0.914227236872134 0.5890184278073518 0.00802512790845788 0.00992273247760275
0 0.8284153730972952 0.6045643350352412 0.0069766666578209915 0.00814744700556216
0 0.7654913197393003 0.46066406498784607 0.009568587593410326 0.009830930958623472
0 0.6680668228804927 0.4287879340557902 0.004952332581649522 0.006091018757108678
0 0.7292700021163278 0.4070149919261103 0.007575947305430536 0.007585732833198879
0 0.6779230573902959 0.5149698775747548 0.008740093397057575 0.009699469027311905
0 0.7252188143522844 0.39510225213092304 0.00853239971658458 0.009493454642917799
0 0.7394869223884915 0.5349672358968983 0.007856825123662535 0.007654065671174422
0 0.6613672505254331 0.5037265653195587 0.008349211319633152 0.008804860322371773
0 0.9194469244583793 0.6331898751466171 0.007199453270953634 0.007764090662417205
0 0.9283808417942214 0.6197268340898596 0.010327214780061142 0.008471634076989216
0 0.7866554674894914 0.4683895940365998 0.008419617362644361 0.009379925935164742
0 0.7481583097706671 0.5442507059677787 0.006039702374002209 0.006128912386686906
0 0.702703683272652 0.37041655312413757 0.00947744950004246 0.009132302325704823
0 0.7393125036488408 0.4168866406316342 0.008795779684315557 0.008638920991317085
0 0.7368527288022249 0.4264174336972444 0.008557278177012568 0.01093080769414487
0 0.8719188648721448 0.5652781984080439 0.007760130840799084 0.008267319720724354
0 0.722172322480575 0.5211693100307297 0.008396231609842052 0.008484425752059273
0 0.7085479238758917 0.48180745995563007 0.009047383847443954 0.008320103520932405
0 0.6441326763318932 0.4188403253969939 0.008054857668669327 0.008567892986795177
0 0.6855909817266049 0.37307349422671365 0.004726428888217102 0.0063845449409166075
0 0.9037460720267823 0.6328445881204285 0.00813193943189538 0.0077281620191491165
0 0.904655219367851 0.6382994454660976 0.00813193943189538 0.0077281620191491165
0 0.8923817302634229 0.6369357311296805 0.00813193943189538 0.0077281620191491165
0 0.8862449857112087 0.6430724456435584 0.00813193943189538 0.0077281620191491165
0 0.8919271565928888 0.6439815885345033 0.00813193943189538 0.0077281620191491165
0 0.889881575075484 0.6517093031075347 0.00813193943189538 0.0077281620191491165
0 0.8982911879803703 0.6407995884161963 0.00813193943189538 0.0077281620191491165
0 0.8994276221567062 0.6278443022202316 0.00813193943189538 0.0077281620191491165
0 0.893063590769225 0.6294353022793853 0.00813193943189538 0.0077281620191491165
0 0.8907907224165531 0.6244350163791885 0.00813193943189538 0.0077281620191491165
0 0.8841994041938044 0.6139798731333225 0.00813193943189538 0.0077281620191491165
0 0.889881575075484 0.6171618732516297 0.00813193943189538 0.0077281620191491165
0 0.8923817302634233 0.614207158856059 0.00813193943189538 0.0077281620191491165
0 0.8957910327924313 0.6096614444013345 0.00813193943189538 0.0077281620191491165
0 0.898973048486172 0.6051157299466101 0.00813193943189538 0.0077281620191491165
0 0.8946545986160953 0.6028428727192481 0.00813193943189538 0.0077281620191491165
0 0.889654288240217 0.6021610155510393 0.00813193943189538 0.0077281620191491165
0 0.8828356831822013 0.603752015610193 0.00813193943189538 0.0077281620191491165
0 0.8782899464768574 0.6055703013920829 0.00813193943189538 0.0077281620191491165
0 0.9039733588620504 0.6019337298283033 0.00813193943189538 0.0077281620191491165
0 0.9101101034142647 0.6051157299466103 0.00813193943189538 0.0077281620191491165
0 0.9092009560731958 0.6117070159059605 0.00813193943189538 0.0077281620191491165
0 0.9001094826625082 0.6169345875288937 0.00813193943189538 0.0077281620191491165
0 0.9169287084722807 0.6137525874105867 0.00813193943189538 0.0077281620191491165
0 0.9260201818829684 0.6114797301832244 0.00813193943189538 0.0077281620191491165
0 0.920792584671823 0.6189801590335198 0.00813193943189538 0.0077281620191491165
0 0.9164741348017464 0.6012518726600947 0.00813193943189538 0.0077281620191491165
0 0.9057916535441884 0.5939787295325357 0.00813193943189538 0.0077281620191491165
0 0.89920033532144 0.5948878724234806 0.00813193943189538 0.0077281620191491165
0 0.8957910327924321 0.5882965864641304 0.00813193943189538 0.0077281620191491165
0 0.8864722725464772 0.59193315802791 0.00813193943189538 0.0077281620191491165
0 0.8828356831822022 0.586705586404977 0.00813193943189538 0.0077281620191491165
0 0.8755625044536521 0.5848873006230874 0.00813193943189538 0.0077281620191491165
0 0.8948818854513637 0.5776141574955284 0.00813193943189538 0.0077281620191491165
0 0.9055643667089218 0.5782960146637371 0.00813193943189538 0.0077281620191491165
0 0.9117011112611361 0.5762504431591112 0.00813193943189538 0.0077281620191491165
0 0.9042006456973187 0.5839781577321428 0.00813193943189538 0.0077281620191491165
0 0.9123829717669377 0.5826144433957254 0.00813193943189538 0.0077281620191491165
0 0.8644254495255597 0.5839781577321428 0.00813193943189538 0.0077281620191491165
0 0.8528338209269327 0.5862510149595053 0.00813193943189538 0.0077281620191491165
0 0.8566976971264749 0.5930695866415919 0.00813193943189538 0.0077281620191491165
0 0.8514700999153295 0.5980698725417887 0.00813193943189538 0.0077281620191491165
0 0.8512428130800624 0.6092068729558635 0.00813193943189538 0.0077281620191491165
0 0.8451060685278483 0.6071613014512376 0.00813193943189538 0.0077281620191491165
0 0.8571522707970096 0.6026155869965133 0.00813193943189538 0.0077281620191491165
0 0.8541975419385363 0.616707301806159 0.00813193943189538 0.0077281620191491165
0 0.8596524259849488 0.639435874079781 0.00813193943189538 0.0077281620191491165
0 0.8521519604211315 0.632162730952222 0.00813193943189538 0.0077281620191491165
0 0.8503336657389943 0.6378448740206274 0.00813193943189538 0.0077281620191491165
0 0.8423786265046425 0.6330718738431667 0.00813193943189538 0.0077281620191491165
0 0.8414694791635737 0.6276170164974976 0.00813193943189538 0.0077281620191491165
0 0.848742657892124 0.6271624450520252 0.00813193943189538 0.0077281620191491165
0 0.8466970763747196 0.6178437304198401 0.00813193943189538 0.0077281620191491165
0 0.84101490549304 0.6169345875288953 0.00813193943189538 0.0077281620191491165
0 0.8348781609408256 0.6169345875288953 0.00813193943189538 0.0077281620191491165
0 0.8348781609408256 0.6223894448745644 0.00813193943189538 0.0077281620191491165
0 0.8357873082818946 0.6126161587969069 0.00813193943189538 0.0077281620191491165
0 0.8332871530939556 0.6071613014512376 0.00813193943189538 0.0077281620191491165
0 0.8385147503051011 0.603297444164722 0.00813193943189538 0.0077281620191491165
0 0.8410149054930405 0.5994335868782062 0.00813193943189538 0.0077281620191491165
0 0.8355600214466277 0.5948878724234818 0.00813193943189538 0.0077281620191491165
0 0.841696765998842 0.5901148722460213 0.00813193943189538 0.0077281620191491165
0 0.8339690135997573 0.5880693007413954 0.00813193943189538 0.0077281620191491165
0 0.839196610810903 0.5792051575546828 0.00813193943189538 0.0077281620191491165
0 0.8482880842215907 0.5796597290001554 0.00813193943189538 0.0077281620191491165
0 0.8555612629501408 0.5698864429224979 0.00813193943189538 0.0077281620191491165
0 0.8730623492657148 0.5746594430999585 0.00813193943189538 0.0077281620191491165
0 0.8641981626902944 0.5685227285860806 0.00813193943189538 0.0077281620191491165
0 0.8678347520545696 0.5639770141313564 0.00813193943189538 0.0077281620191491165
0 0.8610161469965538 0.5626132997949391 0.00813193943189538 0.0077281620191491165
0 0.6888567360977663 0.3769224001814544 0.004726428888217102 0.0063845449409166075
0 0.684774543133815 0.3819376412739954 0.004726428888217102 0.0063845449409166075
0 0.690441742146231 0.3867305381482528 0.004971262364680711 0.006336666005395064
0 0.6982562258200806 0.3827649986797319 0.004971262364680711 0.006336666005395064
0 0.7030382232921382 0.37774975758719087 0.004971262364680711 0.006336666005395064
0 0.6980229576507122 0.3762335219080506 0.004971262364680711 0.006336666005395064
0 0.7100362683731979 0.37530045379781035 0.004971262364680711 0.006336666005395064
0 0.7066538799173524 0.38766360625849294 0.004971262364680711 0.006336666005395064
0 0.7142350954218337 0.38101549597303147 0.004971262364680711 0.006336666005395064
0 0.7018718824452951 0.3885966743687332 0.004971262364680711 0.006336666005395064
0 0.6981395917353969 0.3905794441029936 0.004971262364680711 0.006336666005395064
0 0.6833270629804876 0.3913958786994538 0.004971262364680711 0.006336666005395064
0 0.6799446745246425 0.3968776538471149 0.004971262364680711 0.006336666005395064
0 0.6847266719967001 0.3979273554711352 0.004971262364680711 0.006336666005395064
0 0.6884589627065987 0.3945449835715145 0.004971262364680711 0.006336666005395064
0 0.6836769652345415 0.40597506792195687 0.004971262364680711 0.006336666005395064
0 0.6706139477498971 0.4046920992703765 0.004971262364680711 0.006336666005395064
0 0.6702640454958443 0.3995602246640555 0.004971262364680711 0.006336666005395064
0 0.6781951632543785 0.4064416019770769 0.004971262364680711 0.006336666005395064
0 0.6671149252093675 0.4081911046837772 0.004971262364680711 0.006336666005395064
0 0.7094530979497782 0.39641111979199456 0.004971262364680711 0.006336666005395064
0 0.7094530979497783 0.40235942899477584 0.004971262364680711 0.006336666005395064
0 0.7046711004777211 0.40212616196721584 0.004971262364680711 0.006336666005395064
0 0.7221662131803701 0.4004932927742955 0.004971262364680711 0.006336666005395064
0 0.7205333359947894 0.4076079371148769 0.004971262364680711 0.006336666005395064
0 0.731730208124485 0.41343961280387814 0.004971262364680711 0.006336666005395064
0 0.7138851931677833 0.4100572409042574 0.004971262364680711 0.006336666005395064
0 0.7135352909137305 0.41483921496923837 0.004971262364680711 0.006336666005395064
0 0.6657341411868061 0.4248223945872694 0.004952332581649522 0.006091018757108678
0 0.6586194620210621 0.4223730907978889 0.004952332581649522 0.006091018757108678
0 0.6522045873634241 0.4179410172742481 0.004952332581649522 0.006091018757108678
0 0.6491721011616315 0.4102432053647666 0.004952332581649522 0.006091018757108678
0 0.6480057603147883 0.41584161402620784 0.004952332581649522 0.006091018757108678
0 0.6643928492129362 0.41840755132936885 0.004369162158227888 0.005391217674427944
0 0.6442151525625478 0.4268051643215307 0.004369162158227888 0.005391217674427944
0 0.6488805159499209 0.43007090270737136 0.004369162158227888 0.005391217674427944
0 0.6548288542688215 0.43170377190029163 0.004369162158227888 0.005391217674427944
0 0.6536625134219782 0.43496951028613234 0.004369162158227888 0.005391217674427944
0 0.6496969545427111 0.43800198164441306 0.004369162158227888 0.005391217674427944
0 0.642815543546336 0.4340364421758923 0.004369162158227888 0.005391217674427944
0 0.642815543546336 0.43765208110307313 0.004369162158227888 0.005391217674427944
0 0.6433987139697576 0.44150098705781404 0.004369162158227888 0.005391217674427944
0 0.6471310046796563 0.44523325949877496 0.004369162158227888 0.005391217674427944
0 0.6498135886273958 0.44056791894757397 0.004369162158227888 0.005391217674427944
0 0.6512131976436076 0.4491987989672958 0.004369162158227888 0.005391217674427944
0 0.646664468340919 0.4515314692428964 0.004369162158227888 0.005391217674427944
0 0.6409493981913872 0.44733266274681555 0.004369162158227888 0.005391217674427944
0 0.6573948041318772 0.4408011859751342 0.004369162158227888 0.005391217674427944
0 0.6670754331606762 0.43496951028613295 0.004369162158227888 0.005391217674427944
0 0.6783889393750557 0.4381186151581936 0.004369162158227888 0.005391217674427944
0 0.6772225985282125 0.44301722273695465 0.004369162158227888 0.005391217674427944
0 0.6839873754399035 0.4387017827270938 0.004369162158227888 0.005391217674427944
0 0.6842206436092723 0.4438336573334149 0.004369162158227888 0.005391217674427944
0 0.6927349317912281 0.4408011859751344 0.004369162158227888 0.005391217674427944
0 0.6972836610939168 0.4370689135341736 0.004369162158227888 0.005391217674427944
0 0.6986832701101288 0.4427839557093949 0.004369162158227888 0.005391217674427944
0 0.6968171247551797 0.42878793405579185 0.004369162158227888 0.005391217674427944
0 0.6887060263746189 0.41575162415568356 0.005195659741017021 0.00580446444303937
0 0.680838255153427 0.4187574518707099 0.004369162158227888 0.005391217674427944
0 0.6898190796741202 0.4216732897152105 0.004369162158227888 0.005391217674427944
0 0.6900523478434889 0.4273883318904317 0.004369162158227888 0.005391217674427944
0 0.6842206436092725 0.4229562583667908 0.004369162158227888 0.005391217674427944
0 0.680488352899374 0.4265718972939716 0.004369162158227888 0.005391217674427944
0 0.6809548892381114 0.4303041697349325 0.004369162158227888 0.005391217674427944
0 0.6869032275570119 0.43263684001053304 0.004369162158227888 0.005391217674427944
0 0.6807216210687426 0.4498986000499766 0.004369162158227888 0.005391217674427944
0 0.6886527388272767 0.45153146924289717 0.004369162158227888 0.005391217674427944
0 0.8506488523807526 0.5455308164881614 0.005799949633047648 0.007605210517416411
0 0.8424211341448669 0.5425036519547571 0.005178989766187584 0.005897579242162169
0 0.8442840137454449 0.548247502607882 0.005178989766187584 0.005897579242162169
0 0.8458364134125932 0.5454531968847403 0.005178989766187584 0.005897579242162169
0 0.8430420940117261 0.5511970475378652 0.005178989766187584 0.005897579242162169
0 0.8517355321477572 0.5516627651583889 0.005178989766187584 0.005897579242162169
0 0.8489412127468903 0.5572513766046725 0.005178989766187584 0.005897579242162169
0 0.8424211341448672 0.5617533136030677 0.005178989766187584 0.005897579242162169
0 0.8400925346441446 0.5566304197773075 0.005178989766187584 0.005897579242162169
0 0.846457373279453 0.5682733602903987 0.005178989766187584 0.005897579242162169
0 0.8383848950102814 0.569204795531446 0.005178989766187584 0.005897579242162169
0 0.8335724560421213 0.5729305364956351 0.005178989766187584 0.005897579242162169
0 0.8284495371405315 0.5738619717366824 0.005178989766187584 0.005897579242162169
0 0.8264314175732386 0.5783639087350777 0.005178989766187584 0.005897579242162169
0 0.8206875388047896 0.5789848655624426 0.005178989766187584 0.005897579242162169
0 0.823947578105801 0.5730857757024765 0.005178989766187584 0.005897579242162169
0 0.8126150605356179 0.5687390779109225 0.005178989766187584 0.005897579242162169
0 0.8053187821000204 0.5735514933230003 0.005178989766187584 0.005897579242162169
0 0.793210064696263 0.5300845154074605 0.005178989766187584 0.005897579242162169
0 0.8003511031651458 0.5164234652054338 0.005178989766187584 0.005897579242162169
0 0.6431112350456927 0.4899766132251835 0.006543754619473196 0.007389798920644422
0 0.6488551138141417 0.47429745333422096 0.006543754619473196 0.007389798920644422
0 0.6462160343799898 0.4817489352625992 0.006543754619473196 0.007389798920644422
0 0.6606533512844699 0.46762216744004875 0.006543754619473196 0.007389798920644422
0 0.73252945587344 0.4389029141744242 0.006543754619473196 0.007389798920644422
0 0.738428574608604 0.46079164233903525 0.006543754619473196 0.007389798920644422
0 0.7356342552077371 0.46995075554266674 0.006543754619473196 0.007389798920644422
0 0.7213521782699719 0.4634307088553358 0.006543754619473196 0.007389798920644422
0 0.7275617769385654 0.4614125991664001 0.006543754619473196 0.007389798920644422
0 0.7308218162395772 0.463585948062177 0.006543754619473196 0.007389798920644422
0 0.7297351364725735 0.454892552479069 0.006543754619473196 0.007389798920644422
0 0.7297351364725735 0.4499248978601503 0.006543754619473196 0.007389798920644422
0 0.7312099161563649 0.4451901020514931 0.006388514652757355 0.005992646059073926
0 0.7380404746918178 0.448760603808841 0.006388514652757356 0.005992646059073926
0 0.7420767138264036 0.44782916856779376 0.006388514652757356 0.005992646059073926
0 0.7231374378871933 0.44348247077623976 0.006388514652757356 0.005992646059073926
0 0.7198773985861817 0.44767392936095246 0.006388514652757356 0.005992646059073926
0 0.7021800423806901 0.4571435209782665 0.006388514652757356 0.005992646059073926
0 0.7181697589523186 0.4734436376965938 0.006388514652757356 0.005992646059073926
0 0.7128916000840142 0.4726674416623877 0.006388514652757356 0.005992646059073926
0 0.7209640783531859 0.4839999037617963 0.006388514652757356 0.005992646059073926
0 0.6646119704356996 0.4818265548660192 0.006388514652757356 0.005992646059073926
0 0.6633700507019809 0.48415514296863743 0.006388514652757356 0.005992646059073926
0 0.6632148107352661 0.4866389702780969 0.006388514652757356 0.005992646059073926
0 0.6537451727656609 0.4818265548660192 0.006388514652757356 0.005992646059073926
0 0.6552975724328094 0.47747985707446516 0.006388514652757356 0.005992646059073926
0 0.6546766125659501 0.48819136234650884 0.006388514652757356 0.005992646059073926
0 0.66911392947043 0.46412928528612085 0.006388514652757356 0.005992646059073926
0 0.6630595707685514 0.46195593639034377 0.006388514652757356 0.005992646059073926
0 0.6528137329653723 0.45667780335774255 0.006388514652757356 0.005992646059073926
0 0.6557632923329543 0.460714022735614 0.006388514652757356 0.005992646059073926
0 0.6599547714342548 0.45434921525512423 0.006388514652757356 0.005992646059073926
0 0.6599547714342547 0.4728226808692286 0.006388514652757356 0.005992646059073926
0 0.6678720097367116 0.46940741831872196 0.006388514652757356 0.005992646059073926
0 0.6674062898365672 0.4933142561722687 0.006388514652757356 0.005992646059073926
0 0.6653881702692743 0.4984371499980287 0.006388514652757356 0.005992646059073926
0 0.6784283274733208 0.48586277424389046 0.006388514652757356 0.005992646059073926
0 0.6680272497034268 0.5108562865453259 0.006388514652757356 0.005992646059073926
0 0.6821540866744771 0.5048019574785184 0.006388514652757356 0.005992646059073926
0 0.6684929696035712 0.5055781535127245 0.006388514652757356 0.005992646059073926
0 0.8340381759422654 0.5462293929189463 0.005178989766187584 0.005897579242162169
0 0.8383848950102809 0.5451427184710578 0.005178989766187584 0.005897579242162169
0 0.8369877353098474 0.5403303030589801 0.005178989766187584 0.005897579242162169
0 0.8346591358091247 0.5330340603374433 0.005178989766187584 0.005897579242162169
0 0.8396268147439991 0.5331892995442845 0.005178989766187584 0.005897579242162169
0 0.8306228966745384 0.5383121933700444 0.005178989766187584 0.005897579242162169
0 0.8228608983387966 0.5411064990931862 0.005178989766187584 0.005897579242162169
0 0.8259656976730931 0.5463846321257875 0.005178989766187584 0.005897579242162169
0 0.8228608983387963 0.5494894162626118 0.005178989766187584 0.005897579242162169
0 0.8169617796036325 0.5465398713326288 0.005178989766187584 0.005897579242162169
0 0.7254016128017294 0.4695177933947864 0.006388514652757356 0.005992646059073926
0 0.7256082371974268 0.4773694819984013 0.006388514652757356 0.005992646059073926
0 0.7344930862124172 0.4765429884611787 0.006388514652757356 0.005992646059073926
0 0.7522627842423978 0.471584027237843 0.006388514652757356 0.005992646059073926
0 0.7442044328101973 0.47674961184548414 0.006388514652757356 0.005992646059073926
0 0.7504031646811208 0.46373233863422797 0.006388514652757356 0.005992646059073926
0 0.7487501695155412 0.45236805249741685 0.006388514652757356 0.005992646059073926
0 0.7537091550122801 0.45588065003061295 0.006388514652757356 0.005992646059073926
0 0.7146571442254621 0.4393507792861606 0.006388514652757356 0.005992646059073926
0 0.7165167637867391 0.44307000020366255 0.006388514652757356 0.005992646059073926
0 0.7148637686211594 0.45050844203866597 0.006388514652757356 0.005992646059073926
0 0.7117644026856977 0.45629389679922433 0.006388514652757356 0.005992646059073926
0 0.7080451635631436 0.4585667540265865 0.006388514652757356 0.005992646059073926
0 0.7105246563115131 0.46352571524992214 0.006388514652757356 0.005992646059073926
0 0.7037060512534973 0.45009519527005454 0.006388514652757356 0.005992646059073926
0 0.7026729292750099 0.44410311712519046 0.006388514652757356 0.005992646059073926
0 0.7070120415846562 0.4397640260547718 0.006388514652757356 0.005992646059073926
0 0.7065987927932613 0.4337719479099077 0.006388514652757356 0.005992646059073926
0 0.6921350850944399 0.46207935155978236 0.006388514652757356 0.005992646059073926
0 0.6865562264106085 0.46125285802255966 0.006388514652757356 0.005992646059073926
0 0.6882092215761881 0.4676581829360347 0.006388514652757356 0.005992646059073926
0 0.6964741974040861 0.46517870232436676 0.006388514652757356 0.005992646059073926
0 0.7001934365266402 0.4699310401633969 0.006388514652757356 0.005992646059073926
0 0.6975073193825733 0.4730303909279816 0.006388514652757356 0.005992646059073926
0 0.700606685318035 0.47695623522978897 0.006388514652757356 0.005992646059073926
0 0.6917218363030447 0.4719972740064533 0.006388514652757356 0.005992646059073926
0 0.6917218363030447 0.4761297416925662 0.006388514652757356 0.005992646059073926
0 0.6898622167417676 0.48026220937867925 0.006388514652757356 0.005992646059073926
0 0.685936353223516 0.47550987153964913 0.006388514652757356 0.005992646059073926
0 0.6797376213525926 0.468897923241868 0.006388514652757356 0.005992646059073926
0 0.6822171141009621 0.46435220878714356 0.006388514652757356 0.005992646059073926
0 0.6950278266342039 0.48584104075493156 0.006388514652757356 0.005992646059073926
0 0.6913085875116498 0.48914701490382206 0.006388514652757356 0.005992646059073926
0 0.6877959727847931 0.4930728592056295 0.006388514652757356 0.005992646059073926
0 0.69130858751165 0.4978251970446595 0.006388514652757356 0.005992646059073926
0 0.6997801877352452 0.49121324874687855 0.006388514652757356 0.005992646059073926
0 0.7012265585051274 0.48584104075493156 0.006388514652757356 0.005992646059073926
0 0.6718858943160895 0.48811389798229377 0.006388514652757356 0.005992646059073926
0 0.6710593967332997 0.4757164949239545 0.006388514652757356 0.005992646059073926
0 0.6745720114601564 0.468278053088951 0.006388514652757356 0.005992646059073926
0 0.6849032312450288 0.4860476641392373 0.006388514652757356 0.005992646059073926
0 0.707425290376051 0.49348610597424086 0.006388514652757356 0.005992646059073926
0 0.7127975246641847 0.49596558658590867 0.006388514652757356 0.005992646059073926
0 0.6975073193825736 0.5017510413464669 0.006388514652757356 0.005992646059073926
0 0.7018464316922202 0.5036106518052178 0.006388514652757356 0.005992646059073926
0 0.7030861780664048 0.5085696130285534 0.006388514652757356 0.005992646059073926
0 0.712797524664185 0.5062967558011912 0.006388514652757356 0.005992646059073926
0 0.7208558760963857 0.5069166259541081 0.006388514652757356 0.005992646059073926
0 0.7204426273049908 0.5023709114993838 0.006388514652757356 0.005992646059073926
0 0.7208558760963858 0.5112557170245268 0.006388514652757356 0.005992646059073926
0 0.7165167637867395 0.507536496107025 0.006388514652757356 0.005992646059073926
0 0.7169300125781344 0.5166279250164737 0.006388514652757356 0.005992646059073926
0 0.7386255741263663 0.518280912090919 0.006388514652757356 0.005992646059073926
0 0.7282943543414941 0.5137351976361946 0.006388514652757356 0.005992646059073926
0 0.7406918180833411 0.5139418210205001 0.006388514652757356 0.005992646059073926
0 0.735526208190905 0.508776236412859 0.006388514652757356 0.005992646059073926
0 0.7406918180833412 0.4926596124370179 0.006388514652757356 0.005992646059073926
0 0.7338732130253254 0.4912132487468783 0.006388514652757356 0.005992646059073926
0 0.7280877299457967 0.48749402782937645 0.006388514652757356 0.005992646059073926
0 0.7320135934640483 0.482948313374652 0.006388514652757356 0.005992646059073926
0 0.7392454473134591 0.48232844322173496 0.006388514652757356 0.005992646059073926
0 0.7361460813779973 0.4866675342921536 0.006388514652757356 0.005992646059073926
0 0.7464773011628697 0.4990649373504929 0.006388514652757356 0.005992646059073926
0 0.7427580620403158 0.5027841582679946 0.006388514652757356 0.005992646059073926
0 0.7475104231413572 0.5112557170245264 0.006388514652757356 0.005992646059073926
0 0.7404851936876439 0.5083629896442473 0.006388514652757356 0.005992646059073926
0 0.7524974220803133 0.5421844721247221 0.006039702374002209 0.006128912386686906
0 0.7529106708717083 0.5473500567323635 0.006039702374002209 0.006128912386686906
0 0.7601425247211191 0.5506560308812539 0.006039702374002209 0.006128912386686906
0 0.7636551394479757 0.5566481090261179 0.006039702374002209 0.006128912386686906
0 0.7729532372543609 0.5616070702494536 0.006039702374002209 0.006128912386686906
0 0.7777055983554021 0.5647064210140383 0.006039702374002209 0.006128912386686906
0 0.7956819207810802 0.5614004468651478 0.006039702374002209 0.006128912386686906
0 0.8078727601272295 0.5566481090261177 0.006039702374002209 0.006128912386686906
0 0.8136582432067582 0.5587143428691743 0.006039702374002209 0.006128912386686906
0 0.8227497166174459 0.5605739533279251 0.006039702374002209 0.006128912386686906
0 0.8291550728840669 0.5605739533279251 0.006039702374002209 0.006128912386686906
0 0.8343206827765031 0.5603673299436195 0.006039702374002209 0.006128912386686906
0 0.8188238530991941 0.5525156413400045 0.006039702374002209 0.006128912386686906
0 0.7580482673219266 0.453401169418945 0.006388514652757356 0.005992646059073926
0 0.7258148615931244 0.4372845454431042 0.006388514652757356 0.005992646059073926
0 0.7216823736791754 0.43397857129421363 0.006388514652757356 0.005992646059073926
0 0.7070120415846565 0.4261268826905987 0.006388514652757356 0.005992646059073926
0 0.701226558505128 0.43253220760407396 0.006388514652757356 0.005992646059073926
0 0.7532959062208853 0.48150194968451404 0.006388514652757356 0.005992646059073926
0 0.7603211356745986 0.48708078106076674 0.006388514652757356 0.005992646059073926
0 0.7570151453434394 0.4916264955154911 0.006388514652757356 0.005992646059073926
0 0.7640403747971527 0.48377480691187613 0.006388514652757356 0.005992646059073926
0 0.7679662383154043 0.4872874044450723 0.006388514652757356 0.005992646059073926
0 0.7772643361217895 0.48604766413923833 0.006388514652757356 0.005992646059073926
0 0.7725119750207482 0.4812953263002084 0.006388514652757356 0.005992646059073926
0 0.7776775849131845 0.4798489626100688 0.006388514652757356 0.005992646059073926
0 0.7836696923884107 0.48894039151951774 0.006388514652757356 0.005992646059073926
0 0.7855293119496878 0.4775761053827066 0.006388514652757356 0.005992646059073926
0 0.7770577117260923 0.47385688446520485 0.006388514652757356 0.005992646059073926
0 0.7760245897476049 0.4688979232418691 0.006388514652757356 0.005992646059073926
0 0.7803637020572514 0.47034428693200864 0.006388514652757356 0.005992646059073926
0 0.6936650118713575 0.41699136446151747 0.005195659741017021 0.00580446444303937
0 0.697590875389609 0.41699136446151747 0.005195659741017021 0.00580446444303937
0 0.6973842509939115 0.4118257798538761 0.005195659741017021 0.00580446444303937
0 0.7031697340734401 0.4130655201597101 0.005195659741017021 0.00580446444303937
0 0.7023432364906503 0.3986018832583143 0.005195659741017021 0.00580446444303937
0 0.7104015879228507 0.4190575983045741 0.005195659741017021 0.00580446444303937
0 0.7750271178748876 0.5185136058863439 0.005178989766187584 0.005897579242162169
0 0.7721343763351233 0.5240924372625966 0.005178989766187584 0.005897579242162169
0 0.7791596057888367 0.5247123074155136 0.005178989766187584 0.005897579242162169
0 0.784325215681273 0.5158275018903704 0.005178989766187584 0.005897579242162169
0 0.7909371963435916 0.5181003591177327 0.005178989766187584 0.005897579242162169
0 0.7913504451349866 0.5098354237455065 0.005178989766187584 0.005897579242162169
0 0.7872179572210378 0.5038433456006424 0.005178989766187584 0.005897579242162169
0 0.7812258497458118 0.4992976311459179 0.005178989766187584 0.005897579242162169
0 0.7880444548038277 0.49785126745577835 0.005178989766187584 0.005897579242162169
0 0.795069684257541 0.4883465917777183 0.005178989766187584 0.005897579242162169
0 0.7591170394061848 0.5065294495966157 0.005178989766187584 0.005897579242162169
0 0.7659356444642007 0.5046698391378649 0.005178989766187584 0.005897579242162169
0 0.7659356444642007 0.5102486705141175 0.005178989766187584 0.005897579242162169
0 0.7725476251265191 0.5092155535925893 0.005178989766187584 0.005897579242162169
0 0.7810192253501146 0.5071493197495327 0.005178989766187584 0.005897579242162169
0 0.7587037906147899 0.5245056840312077 0.005178989766187584 0.005897579242162169
0 0.7382479754407423 0.5265719178742642 0.005178989766187584 0.005897579242162169
0 0.74816594643422 0.4937187997696651 0.005178989766187584 0.005897579242162169
0 0.7444467073116658 0.4869002280875784 0.005178989766187584 0.005897579242162169
0 0.7663488932555955 0.4784286693310466 0.005178989766187584 0.005897579242162169
0 0.7598952588432093 0.4756273872681088 0.006094545707173599 0.0063057594206155036
0 0.8003936403999095 0.48161946541297274 0.006094545707173599 0.0063057594206155036
0 0.8024598843568839 0.49938907646325903 0.006094545707173599 0.0063057594206155036
0 0.8024598843568839 0.5057944013767343 0.006094545707173599 0.0063057594206155036
0 0.7962611524859604 0.5097202456785418 0.006094545707173599 0.0063057594206155036
0 0.7925419133634064 0.5024884272278437 0.006094545707173599 0.0063057594206155036
0 0.7770450836860975 0.4933969983183949 0.006094545707173599 0.0063057594206155036
0 0.7681602346711073 0.4998023232318702 0.006094545707173599 0.0063057594206155036
0 0.7720860981893587 0.5031082973807607 0.006094545707173599 0.0063057594206155036
0 0.7541097757636805 0.5155057004390998 0.006094545707173599 0.0063057594206155036
0 0.7512170342239162 0.5200514148938241 0.006094545707173599 0.0063057594206155036
0 0.770846351815174 0.5444329742418914 0.006094545707173599 0.0063057594206155036
0 0.8142680557011974 0.5724582988284243 0.005178989766187584 0.005897579242162169
0 0.7981513528367964 0.5679125843736997 0.005178989766187584 0.005897579242162169
0 0.7909194989873853 0.5646066102248092 0.005178989766187584 0.005897579242162169
0 0.7857538890949491 0.5666728440678659 0.005178989766187584 0.005897579242162169
0 0.7874068842605287 0.5720450520598128 0.005178989766187584 0.005897579242162169
0 0.7851340159078566 0.5584079086956395 0.005178989766187584 0.005897579242162169
0 0.7991844748152832 0.5493164797861906 0.005178989766187584 0.005897579242162169
0 0.8097223189958531 0.55076284347633 0.005178989766187584 0.005897579242162169
0 0.8105488165786425 0.543531025025632 0.005178989766187584 0.005897579242162169
0 0.8033169627292321 0.5445641419471605 0.005178989766187584 0.005897579242162169
0 0.8138548069098018 0.5482833628646623 0.005178989766187584 0.005897579242162169
0 0.786373762282041 0.5414647911825755 0.005178989766187584 0.005897579242162169
0 0.7847207671164614 0.5369190767278511 0.005178989766187584 0.005897579242162169
0 0.7793485328283276 0.5402250508767417 0.005178989766187584 0.005897579242162169
0 0.7816214011809995 0.5431177782570209 0.005178989766187584 0.005897579242162169
0 0.7812081523896046 0.5462171290216056 0.005178989766187584 0.005897579242162169
0 0.7863737622820408 0.545390635484383 0.005178989766187584 0.005897579242162169
0 0.7867870110734357 0.5499363499391076 0.005178989766187584 0.005897579242162169
0 0.7816214011809994 0.5501429733234131 0.005178989766187584 0.005897579242162169
0 0.7832743963465789 0.5536555708566092 0.005178989766187584 0.005897579242162169
0 0.7921592453615693 0.5497297265548018 0.005178989766187584 0.005897579242162169
0 0.7752160449143787 0.5484899862489678 0.005178989766187584 0.005897579242162169
0 0.7708769326047321 0.5505562200920244 0.005178989766187584 0.005897579242162169
0 0.7661245715036906 0.5455972588686887 0.005178989766187584 0.005897579242162169
0 0.766331195899388 0.5501429733234131 0.005178989766187584 0.005897579242162169
0 0.7611655860069517 0.5402250508767417 0.005178989766187584 0.005897579242162169
0 0.7446356343511558 0.5263812841282628 0.005178989766187584 0.005897579242162169
0 0.7495946198478944 0.5261746607439571 0.005178989766187584 0.005897579242162169
0 0.7464952539124324 0.5334064791946552 0.005178989766187584 0.005897579242162169
0 0.765711322712295 0.5205958293677047 0.005178989766187584 0.005897579242162169
0 0.7648848251295051 0.5146037512228405 0.005178989766187584 0.005897579242162169
0 0.8060030798732976 0.5129507641483952 0.005178989766187584 0.005897579242162169
0 0.8088958214130618 0.5191494656775649 0.005178989766187584 0.005897579242162169
0 0.8126150605356159 0.5143971278385348 0.005178989766187584 0.005897579242162169
0 0.8119951873485235 0.5042725820075578 0.005178989766187584 0.005897579242162169
0 0.8165409240538674 0.5019997247801955 0.005178989766187584 0.005897579242162169
0 0.8126150605356156 0.49869375063130505 0.005178989766187584 0.005897579242162169
0 0.8217065339463033 0.520182582599093 0.005178989766187584 0.005897579242162169
0 0.8266655194430421 0.5197693358304817 0.005178989766187584 0.005897579242162169
0 0.8301781341698988 0.5232819333636778 0.005178989766187584 0.005897579242162169
0 0.8153011776796824 0.5234885567479833 0.005178989766187584 0.005897579242162169
0 0.8169541728452618 0.5272077776654851 0.005178989766187584 0.005897579242162169
0 0.8163342996581694 0.5321667388888208 0.005178989766187584 0.005897579242162169
0 0.8233595291118826 0.527827647818402 0.005178989766187584 0.005897579242162169
0 0.8233595291118826 0.5327866090417378 0.005178989766187584 0.005897579242162169
0 0.8297648853785035 0.5321667388888208 0.005178989766187584 0.005897579242162169
0 0.8266655194430416 0.5367124533435451 0.005178989766187584 0.005897579242162169
0 0.8349304952709395 0.5282408945870133 0.005178989766187584 0.005897579242162169
0 0.8064163286646915 0.5350594662690997 0.005178989766187584 0.005897579242162169
0 0.8022838407507423 0.5311336219672925 0.005178989766187584 0.005897579242162169
0 0.7985646016281883 0.5346462195004886 0.005178989766187584 0.005897579242162169
0 0.7973248552540037 0.5412581677982697 0.005178989766187584 0.005897579242162169
0 0.7764557912885611 0.5334064791946548 0.005178989766187584 0.005897579242162169
0 0.7894731282175003 0.5239018035165948 0.005178989766187584 0.005897579242162169
0 0.7657113227122935 0.5276210244340966 0.005178989766187584 0.005897579242162169
0 0.7712901813961246 0.5331998558103492 0.005178989766187584 0.005897579242162169
0 0.7555867273231184 0.530926998582987 0.005178989766187584 0.005897579242162169
0 0.7595125908413698 0.5137772576856174 0.005178989766187584 0.005897579242162169
0 0.7541403565532362 0.49704076355685944 0.005178989766187584 0.005897579242162169
0 0.7580662200714876 0.4982805038626934 0.005178989766187584 0.005897579242162169
0 0.7969116064626082 0.49704076355685944 0.005178989766187584 0.005897579242162169
0 0.7948453625056335 0.48237050327115794 0.005178989766187584 0.005897579242162169
0 0.7902996258002898 0.4800976460437958 0.005178989766187584 0.005897579242162169
0 0.7923658697572644 0.47575855497337705 0.005178989766187584 0.005897579242162169
0 0.8084825726216655 0.5251415438224284 0.005178989766187584 0.005897579242162169
0 0.8111686897657323 0.5290673881242358 0.005178989766187584 0.005897579242162169
0 0.8002175967937675 0.5239018035165942 0.005178989766187584 0.005897579242162169
0 0.7838942695336688 0.5278276478184015 0.005178989766187584 0.005897579242162169
0 0.7915393721744742 0.5356793364220165 0.005178989766187584 0.005897579242162169
0 0.8020772163550441 0.5627469997660571 0.005178989766187584 0.005897579242162169
0 0.8037302115206234 0.5672927142207815 0.005178989766187584 0.005897579242162169
0 0.8088958214130596 0.5627469997660571 0.005178989766187584 0.005897579242162169
0 0.8039368359163208 0.5782437535889813 0.005178989766187584 0.005897579242162169
0 0.7923658697572635 0.5722516754441171 0.005178989766187584 0.005897579242162169
