1 0.31929299999999994 0.855978 0.008152 0.008152
1 0.32676599999999995 0.8627720000000001 0.006793 0.008152
1 0.336277 0.9103259999999999 0.006793 0.005435
1 0.341712 0.9130430000000002 0.006793 0.008152
1 0.345109 0.875 0.008152 0.01087
1 0.352582 0.932065 0.012228 0.008152
1 0.355978 0.8811139999999998 0.01087 0.009511
1 0.36277199999999993 0.9157610000000002 0.013587 0.008152
1 0.37432100000000007 0.90625 0.012228 0.008152
1 0.37432099999999996 0.92663 0.009511 0.008152
1 0.6222830000000001 0.988451 0.008152 0.004076
1 0.6263590000000001 0.94769 0.008152 0.009511
1 0.6345110000000002 0.92731 0.008152 0.009511
1 0.6358700000000002 0.9619570000000001 0.008152 0.008152
1 0.639946 0.9429350000000001 0.01087 0.008152
1 0.64538 0.984375 0.01087 0.006793
1 0.64606 0.9694290000000001 0.009511 0.006793
1 0.652174 0.6528529999999999 0.01087 0.009511
1 0.652174 0.9572009999999999 0.01087 0.009511
1 0.653533 0.6392659999999999 0.01087 0.009511
1 0.6555709999999999 0.875679 0.009511 0.009511
1 0.65625 0.620924 0.008152 0.01087
1 0.6596470000000001 0.9198370000000001 0.012228 0.008152
1 0.6596470000000001 0.945652 0.012228 0.008152
1 0.658967 0.9069290000000001 0.008152 0.006793
1 0.658967 0.987092 0.008152 0.006793
1 0.661005 0.685462 0.012228 0.009511
1 0.6623640000000001 0.9653529999999999 0.006793 0.009511
1 0.664402 0.660326 0.008152 0.008152
1 0.6657609999999999 0.9775819999999998 0.01087 0.009511
1 0.66712 0.6161680000000002 0.008152 0.012228
1 0.668478 0.843071 0.01087 0.006793
1 0.668478 0.9313859999999999 0.01087 0.009511
1 0.668478 0.6012230000000001 0.008152 0.012228
1 0.6698370000000001 0.763587 0.008152 0.01087
1 0.6705159999999999 0.643342 0.009511 0.009511
1 0.6705159999999999 0.778533 0.009511 0.008152
1 0.671196 0.715353 0.008152 0.006793
1 0.671196 0.987772 0.008152 0.002717
1 0.671875 0.9544840000000001 0.009511 0.006793
1 0.672554 0.684783 0.01087 0.008152
1 0.6732339999999999 0.9103259999999999 0.009511 0.01087
1 0.673913 0.8627720000000001 0.01087 0.008152
1 0.674592 0.6277170000000001 0.009511 0.008152
1 0.674592 0.879076 0.006793 0.008152
1 0.6759509999999999 0.669158 0.009511 0.009511
1 0.6759509999999999 0.9721470000000001 0.009511 0.006793
1 0.67731 0.5910330000000001 0.006793 0.01087
1 0.6779890000000001 0.747962 0.008152 0.006793
1 0.6779890000000001 0.8919840000000001 0.008152 0.012228
1 0.6786679999999999 0.789402 0.009511 0.008152
1 0.679348 0.654212 0.008152 0.009511
1 0.6807069999999998 0.699728 0.01087 0.008152
1 0.6807070000000001 0.7350540000000001 0.008152 0.008152
1 0.6813860000000002 0.82337 0.006793 0.005435
1 0.682065 0.7615490000000001 0.008152 0.006793
1 0.684103 0.6141300000000001 0.012228 0.008152
1 0.682745 0.9572009999999999 0.006793 0.009511
1 0.6841029999999999 0.7092390000000001 0.009511 0.008152
1 0.6841029999999999 0.9232339999999999 0.009511 0.009511
1 0.684783 0.9429350000000001 0.01087 0.008152
1 0.683424 0.796875 0.005435 0.006793
1 0.6861410000000001 0.902853 0.008152 0.006793
1 0.6861409999999999 0.9673909999999999 0.005435 0.01087
1 0.686821 0.726902 0.006793 0.008152
1 0.6875 0.8322009999999999 0.008152 0.009511
1 0.6888589999999999 0.773098 0.01087 0.008152
1 0.6888589999999999 0.8892660000000001 0.01087 0.012228
1 0.690217 0.867527 0.013587 0.009511
1 0.6881790000000001 0.747962 0.006793 0.006793
1 0.690217 0.786005 0.008152 0.009511
1 0.690897 0.5964670000000001 0.009511 0.008152
1 0.6915759999999999 0.5720110000000002 0.01087 0.008152
1 0.6936140000000001 0.85394 0.012228 0.006793
1 0.692255 0.816576 0.006793 0.008152
1 0.6936140000000001 0.684783 0.006793 0.008152
1 0.6942930000000002 0.610054 0.008152 0.008152
1 0.6942930000000002 0.705163 0.008152 0.01087
1 0.694973 0.637228 0.009511 0.008152
1 0.694973 0.6596470000000001 0.009511 0.012228
1 0.694973 0.7635870000000001 0.009511 0.008152
1 0.695652 0.987092 0.01087 0.004076
1 0.694973 0.737092 0.006793 0.006793
1 0.694973 0.8036680000000002 0.006793 0.006793
1 0.694973 0.840353 0.006793 0.006793
1 0.695652 0.5869570000000001 0.008152 0.008152
1 0.695652 0.6725540000000001 0.008152 0.008152
1 0.6970110000000002 0.715353 0.008152 0.006793
1 0.6970110000000002 0.925272 0.008152 0.01087
1 0.69769 0.620245 0.009511 0.009511
1 0.69837 0.914402 0.01087 0.01087
1 0.69837 0.945652 0.01087 0.008152
1 0.699049 0.747283 0.009511 0.008152
1 0.69837 0.550272 0.005435 0.008152
1 0.6990490000000001 0.830163 0.006793 0.008152
1 0.701087 0.9565220000000001 0.01087 0.008152
1 0.7017660000000001 0.879755 0.012228 0.009511
1 0.7010870000000001 0.889946 0.008152 0.01087
1 0.702446 0.6494570000000001 0.01087 0.008152
1 0.7031250000000001 0.694973 0.012228 0.006793
1 0.702446 0.731658 0.008152 0.006793
1 0.703125 0.9673909999999999 0.009511 0.005435
1 0.703125 0.607337 0.006793 0.008152
1 0.7038040000000001 0.590353 0.008152 0.009511
1 0.7038040000000001 0.8451090000000001 0.008152 0.008152
1 0.7044840000000001 0.8138590000000001 0.006793 0.008152
1 0.7044840000000001 0.929348 0.006793 0.008152
1 0.7044840000000001 0.796875 0.006793 0.009511
1 0.705163 0.773098 0.008152 0.008152
1 0.705163 0.785326 0.008152 0.008152
1 0.705163 0.70856 0.008152 0.009511
1 0.7065220000000001 0.628397 0.008152 0.009511
1 0.7065220000000001 0.76019 0.008152 0.006793
1 0.7072009999999999 0.903533 0.009511 0.008152
1 0.707201 0.682745 0.006793 0.009511
1 0.7092389999999998 0.66644 0.01087 0.009511
1 0.7092390000000001 0.5720110000000002 0.008152 0.01087
1 0.7099179999999999 0.8349180000000002 0.009511 0.006793
1 0.710598 0.866848 0.01087 0.01087
1 0.7099180000000002 0.5455159999999999 0.006793 0.009511
1 0.7099180000000002 0.742527 0.006793 0.009511
1 0.711277 0.961277 0.006793 0.009511
1 0.713315 0.9436139999999998 0.01087 0.009511
1 0.7126360000000002 0.6093749999999999 0.006793 0.009511
1 0.713315 0.7275819999999998 0.008152 0.009511
1 0.713315 0.705842 0.008152 0.009511
1 0.713315 0.9741850000000001 0.008152 0.008152
1 0.713995 0.8947009999999999 0.009511 0.009511
1 0.714674 0.9137230000000001 0.01087 0.012228
1 0.713995 0.8036680000000002 0.006793 0.006793
1 0.713995 0.826087 0.006793 0.005435
1 0.716033 0.694973 0.01087 0.006793
1 0.716033 0.6392659999999999 0.008152 0.009511
1 0.716033 0.929348 0.008152 0.008152
1 0.718071 0.878397 0.012228 0.009511
1 0.716712 0.563179 0.006793 0.009511
1 0.716712 0.582201 0.006793 0.009511
1 0.716712 0.5951090000000001 0.006793 0.01087
1 0.7173910000000001 0.65625 0.008152 0.01087
1 0.7194290000000001 0.8491850000000001 0.006793 0.008152
1 0.7201090000000001 0.7588320000000001 0.008152 0.006793
1 0.720788 0.8376360000000002 0.009511 0.006793
1 0.7201089999999999 0.734375 0.005435 0.009511
1 0.720788 0.7466029999999999 0.006793 0.009511
1 0.721467 0.6182070000000001 0.008152 0.008152
1 0.722147 0.716033 0.009511 0.008152
1 0.7228259999999999 0.8158970000000001 0.01087 0.006793
1 0.7228259999999999 0.921196 0.01087 0.008152
1 0.721467 0.775815 0.005435 0.008152
1 0.7221470000000001 0.789402 0.006793 0.008152
1 0.723505 0.6752720000000001 0.009511 0.008152
1 0.7241850000000001 0.8607340000000001 0.008152 0.006793
1 0.7241850000000001 0.965353 0.008152 0.006793
1 0.7255429999999999 0.94837 0.01087 0.008152
1 0.726223 0.6080159999999999 0.006793 0.009511
1 0.7275819999999998 0.898777 0.009511 0.009511
1 0.7282610000000002 0.6324729999999998 0.008152 0.009511
1 0.7282610000000002 0.9375 0.008152 0.008152
1 0.7282609999999999 0.5951090000000001 0.005435 0.008152
1 0.7282609999999999 0.8865490000000001 0.005435 0.006793
1 0.72894 0.765625 0.006793 0.006793
1 0.72962 0.658967 0.008152 0.01087
1 0.72962 0.986413 0.008152 0.008152
1 0.730299 0.7092389999999998 0.009511 0.01087
1 0.7302990000000001 0.7350540000000001 0.006793 0.008152
1 0.730978 0.580842 0.008152 0.006793
1 0.730978 0.908288 0.008152 0.009511
1 0.7323370000000001 0.6963319999999998 0.008152 0.009511
1 0.7323370000000001 0.648098 0.008152 0.01087
1 0.733696 0.8240490000000001 0.01087 0.006793
1 0.7330160000000001 0.804348 0.006793 0.008152
1 0.733696 0.5672550000000001 0.008152 0.012228
1 0.733696 0.8559779999999999 0.008152 0.005435
1 0.734375 0.719429 0.009511 0.009511
1 0.734375 0.7513589999999999 0.006793 0.005435
1 0.7350540000000001 0.840353 0.008152 0.006793
1 0.7357340000000001 0.780571 0.006793 0.006793
1 0.737092 0.9572009999999999 0.009511 0.009511
1 0.7377720000000001 0.6032610000000002 0.008152 0.008152
1 0.7384509999999999 0.871603 0.009511 0.006793
1 0.737092 0.79212 0.004076 0.008152
1 0.738451 0.622962 0.006793 0.006793
1 0.73913 0.7595110000000002 0.008152 0.008152
1 0.7404889999999998 0.92731 0.01087 0.006793
1 0.7404889999999998 0.976223 0.01087 0.006793
1 0.7404889999999998 0.8913040000000001 0.005435 0.008152
1 0.742527 0.7377720000000001 0.006793 0.008152
1 0.7432069999999998 0.9076089999999999 0.005435 0.01087
1 0.7438860000000002 0.862092 0.006793 0.006793
1 0.744565 0.9463319999999998 0.008152 0.009511
1 0.744565 0.7669840000000001 0.008152 0.006793
1 0.745245 0.851223 0.009511 0.006793
1 0.745245 0.9198370000000001 0.009511 0.008152
1 0.745924 0.9646740000000001 0.01087 0.008152
1 0.746603 0.8342390000000001 0.012228 0.008152
1 0.7445649999999999 0.595788 0.005435 0.009511
1 0.745245 0.6093749999999999 0.006793 0.006793
1 0.7459240000000001 0.817255 0.008152 0.006793
1 0.7466029999999999 0.636549 0.009511 0.006793
1 0.747283 0.668478 0.01087 0.008152
1 0.7486409999999999 0.798913 0.005435 0.008152
1 0.749321 0.8817930000000002 0.006793 0.008152
1 0.750679 0.7466029999999999 0.009511 0.009511
1 0.7513589999999999 0.733696 0.01087 0.008152
1 0.7506790000000001 0.955163 0.006793 0.01087
1 0.752717 0.7846470000000001 0.008152 0.006793
1 0.7533970000000001 0.5869570000000001 0.006793 0.008152
1 0.7533970000000001 0.6182070000000001 0.006793 0.008152
1 0.754755 0.988451 0.009511 0.004076
1 0.7554350000000001 0.9361409999999999 0.008152 0.01087
1 0.758152 0.64538 0.01087 0.008152
1 0.758152 0.65625 0.01087 0.008152
1 0.757473 0.8532610000000002 0.006793 0.008152
1 0.7588320000000001 0.76019 0.006793 0.009511
1 0.7595110000000002 0.8213319999999998 0.008152 0.009511
1 0.7595110000000002 0.810462 0.008152 0.009511
1 0.7595110000000002 0.961277 0.008152 0.006793
1 0.76019 0.6005430000000002 0.009511 0.01087
1 0.76019 0.7248640000000001 0.009511 0.006793
1 0.76019 0.69769 0.006793 0.009511
1 0.7615490000000001 0.6297549999999998 0.006793 0.009511
1 0.7615490000000001 0.894701 0.006793 0.006793
1 0.762228 0.7099179999999999 0.008152 0.009511
1 0.762228 0.7432070000000001 0.008152 0.008152
1 0.762908 0.83356 0.006793 0.006793
1 0.7642659999999999 0.7697009999999999 0.009511 0.009511
1 0.764946 0.9694290000000001 0.01087 0.006793
1 0.765625 0.664402 0.009511 0.013587
1 0.7663040000000001 0.6813860000000002 0.008152 0.006793
1 0.768342 0.8865490000000001 0.009511 0.012228
1 0.769701 0.9755430000000002 0.012228 0.002717
1 0.7697009999999999 0.9830160000000001 0.009511 0.006793
1 0.77038 0.6317930000000002 0.008152 0.008152
1 0.77038 0.7866850000000001 0.008152 0.008152
1 0.77038 0.8009509999999999 0.008152 0.009511
1 0.7717390000000001 0.7146740000000001 0.008152 0.008152
1 0.7724180000000002 0.7038040000000001 0.006793 0.008152
1 0.7744569999999998 0.617527 0.01087 0.009511
1 0.7744570000000001 0.648777 0.008152 0.009511
1 0.776495 0.7255429999999999 0.009511 0.01087
1 0.7798910000000001 0.675951 0.008152 0.012228
1 0.7798910000000001 0.705842 0.008152 0.009511
1 0.78125 0.6317930000000002 0.005435 0.01087
1 0.785326 0.7432070000000001 0.008152 0.008152
1 0.7880429999999999 0.71875 0.01087 0.01087
1 0.788723 0.644701 0.009511 0.012228
1 0.788723 0.658967 0.009511 0.008152
1 0.7900819999999998 0.692935 0.009511 0.013587
1 0.796875 0.66644 0.009511 0.009511
1 0.798913 0.730978 0.008152 0.01087
