1 0.069293 0.9157610000000002 0.005435 0.008152
1 0.070652 0.957201 0.008152 0.006793
1 0.071332 0.9307070000000001 0.009511 0.008152
1 0.07269 0.9436140000000001 0.012228 0.006793
1 0.07269 0.968071 0.009511 0.006793
1 0.076766 0.921875 0.009511 0.006793
1 0.078804 0.905571 0.01087 0.006793
1 0.080842 0.9157610000000002 0.009511 0.008152
1 0.08152200000000001 0.89606 0.01087 0.006793
1 0.08288000000000001 0.929348 0.01087 0.008152
1 0.08356 0.972826 0.009511 0.008152
1 0.086277 0.8756790000000001 0.012228 0.006793
1 0.086957 0.9538040000000001 0.013587 0.008152
1 0.088315 0.941576 0.01087 0.008152
1 0.09035300000000002 0.8919840000000001 0.009511 0.006793
1 0.09035300000000002 0.9001360000000002 0.009511 0.006793
1 0.091033 0.908288 0.01087 0.006793
1 0.091712 0.9157610000000002 0.009511 0.008152
1 0.093071 0.930027 0.012228 0.006793
1 0.094429 0.9646740000000001 0.009511 0.008152
1 0.09850500000000001 0.871603 0.012228 0.006793
1 0.099185 0.8811140000000001 0.01087 0.006793
1 0.100543 0.921875 0.013587 0.006793
1 0.101223 0.902174 0.012228 0.005435
1 0.099864 0.8919840000000001 0.006793 0.006793
1 0.101223 0.9436140000000001 0.009511 0.006793
1 0.102582 0.910326 0.009511 0.008152
1 0.110734 0.8885870000000001 0.012228 0.008152
1 0.111413 0.877717 0.013587 0.008152
1 0.111413 0.898098 0.01087 0.005435
1 0.11277200000000001 0.9130429999999999 0.008152 0.01087
