1 0.22690200000000002 0.54144 0.021739 0.017663
1 0.321332 0.20923900000000004 0.02038 0.024457
1 0.8423910000000001 0.968071 0.008152 0.012228
1 0.8559779999999999 0.980978 0.005435 0.01087
1 0.8654890000000001 0.980978 0.008152 0.008152
1 0.8736409999999999 0.97962 0.01087 0.008152
1 0.875 0.9646740000000001 0.01087 0.008152
1 0.879755 0.988451 0.009511 0.004076
1 0.88519 0.9429350000000001 0.009511 0.008152
1 0.887228 0.9626360000000002 0.013587 0.014946
1 0.889946 0.9103259999999999 0.01087 0.01087
1 0.890625 0.981658 0.009511 0.006793
1 0.8919840000000001 0.9544840000000001 0.012228 0.012228
1 0.8913040000000001 0.9388590000000001 0.008152 0.008152
1 0.900815 0.949049 0.01087 0.009511
1 0.9048909999999999 0.929348 0.01087 0.008152
1 0.9048909999999999 0.97894 0.01087 0.009511
1 0.90625 0.940897 0.013587 0.009511
1 0.9055709999999999 0.914402 0.009511 0.01087
1 0.9069290000000001 0.96875 0.012228 0.008152
1 0.90625 0.987772 0.008152 0.005435
1 0.9130429999999999 0.955842 0.01087 0.009511
1 0.91644 0.976902 0.012228 0.008152
1 0.91644 0.921196 0.009511 0.016304
1 0.9205159999999999 0.9470110000000002 0.009511 0.008152
1 0.92663 0.9592389999999998 0.01087 0.01087
1 0.9273100000000001 0.971467 0.012228 0.01087
1 0.92731 0.9307070000000001 0.009511 0.008152
1 0.92731 0.908288 0.006793 0.009511
1 0.932745 0.913723 0.006793 0.009511
1 0.932745 0.893342 0.006793 0.006793
1 0.934103 0.9429350000000001 0.004076 0.008152
1 0.934103 0.968071 0.004076 0.006793
1 0.934103 0.9864129999999999 0.004076 0.005435
