1 0.39741800000000005 0.976902 0.014946 0.016304
1 0.408288 0.982337 0.014946 0.016304
1 0.42731 0.952446 0.017663 0.016304
1 0.43410300000000007 0.9701089999999999 0.014946 0.016304
1 0.441576 0.976902 0.013587 0.016304
1 0.44769 0.942935 0.017663 0.016304
1 0.45787999999999995 0.976902 0.016304 0.021739
1 0.46263600000000005 0.953804 0.014946 0.016304
1 0.46807100000000007 0.9361409999999999 0.017663 0.016304
1 0.470109 0.919158 0.016304 0.02038
1 0.476223 0.9843750000000001 0.014946 0.012228
1 0.484375 0.949728 0.014946 0.016304
1 0.484375 0.971467 0.014946 0.016304
1 0.48981 0.918478 0.014946 0.021739
1 0.49388600000000005 0.934783 0.014946 0.016304
1 0.49932100000000007 0.8763589999999999 0.014946 0.016304
1 0.504755 0.8967390000000001 0.014946 0.021739
1 0.5108699999999999 0.9524459999999999 0.019022 0.019022
1 0.5108699999999999 0.970788 0.016304 0.017663
1 0.5115490000000001 0.983696 0.014946 0.01087
1 0.525815 0.914402 0.016304 0.021739
1 0.5298909999999999 0.9517660000000001 0.016304 0.017663
1 0.548234 0.964674 0.017663 0.019022
1 0.553668 0.919837 0.017663 0.016304
1 0.555027 0.9035329999999999 0.017663 0.019022
1 0.5611409999999999 0.877038 0.019022 0.02038
1 0.5781250000000001 0.9130429999999999 0.014946 0.019022
1 0.585598 0.8532610000000002 0.013587 0.016304
1 0.585598 0.887228 0.013587 0.016304
1 0.585598 0.95788 0.013587 0.013587
1 0.585598 0.974185 0.013587 0.013587
1 0.592391 0.824728 0.013587 0.016304
1 0.5944290000000001 0.9279889999999998 0.014946 0.019022
1 0.5951089999999999 0.8063860000000002 0.016304 0.017663
1 0.599864 0.8410329999999999 0.017663 0.019022
1 0.601902 0.883152 0.013587 0.016304
1 0.6039400000000001 0.985054 0.014946 0.01087
1 0.60462 0.951087 0.013587 0.016304
1 0.606658 0.8654890000000001 0.017663 0.021739
1 0.609375 0.7812499999999999 0.017663 0.019022
1 0.6093750000000001 0.91712 0.014946 0.019022
1 0.6100539999999999 0.8267660000000001 0.016304 0.017663
1 0.612092 0.8016299999999998 0.017663 0.019022
1 0.6188860000000002 0.9008149999999999 0.014946 0.019022
1 0.619565 0.972826 0.013587 0.013587
1 0.620924 0.753397 0.016304 0.017663
1 0.6236409999999999 0.9483700000000002 0.019022 0.029891
1 0.622283 0.870924 0.013587 0.016304
1 0.6249999999999999 0.711277 0.019022 0.02038
1 0.6249999999999999 0.819973 0.016304 0.017663
1 0.629755 0.7730979999999998 0.017663 0.019022
1 0.633832 0.919158 0.017663 0.02038
1 0.633152 0.857337 0.013587 0.016304
1 0.6345109999999999 0.746603 0.016304 0.017663
1 0.6379080000000001 0.72894 0.014946 0.017663
1 0.639946 0.8763589999999999 0.013587 0.016304
1 0.6426629999999999 0.9415759999999999 0.019022 0.019022
1 0.6467389999999998 0.6650820000000001 0.019022 0.02038
1 0.6467389999999998 0.980299 0.019022 0.017663
1 0.6501360000000002 0.737772 0.017663 0.019022
1 0.6508149999999999 0.64538 0.019022 0.016304
1 0.654212 0.7187499999999999 0.017663 0.019022
1 0.6562499999999999 0.612772 0.019022 0.016304
1 0.6576089999999999 0.832201 0.016304 0.017663
1 0.658967 0.8994569999999998 0.013587 0.016304
1 0.660326 0.862772 0.013587 0.016304
1 0.6623640000000001 0.7567929999999999 0.017663 0.019022
1 0.663723 0.45652199999999993 0.014946 0.016304
1 0.66644 0.39266299999999993 0.014946 0.016304
1 0.6684779999999999 0.419158 0.019022 0.014946
1 0.6684779999999999 0.6290759999999999 0.019022 0.016304
1 0.669837 0.901495 0.016304 0.017663
1 0.669837 0.9843750000000001 0.016304 0.012228
1 0.671196 0.88519 0.016304 0.017663
1 0.671875 0.735054 0.017663 0.019022
1 0.671875 0.7798909999999999 0.017663 0.019022
1 0.6739129999999999 0.611413 0.019022 0.016304
1 0.674592 0.714674 0.017663 0.019022
1 0.6779889999999998 0.652174 0.019022 0.016304
1 0.6779889999999998 0.9524459999999999 0.019022 0.019022
1 0.67663 0.8505429999999999 0.013587 0.016304
1 0.67731 0.443614 0.014946 0.014946
1 0.6813860000000002 0.581522 0.02038 0.019022
1 0.6813860000000002 0.39266299999999993 0.014946 0.016304
1 0.685462 0.418478 0.014946 0.016304
1 0.6888589999999999 0.82269 0.019022 0.02038
1 0.689538 0.7051629999999999 0.017663 0.019022
1 0.690897 0.7445649999999999 0.017663 0.019022
1 0.692255 0.5991849999999999 0.02038 0.019022
1 0.692935 0.922554 0.019022 0.019022
1 0.692255 0.43817900000000004 0.014946 0.014946
1 0.6936140000000001 0.862772 0.017663 0.019022
1 0.6963320000000001 0.39130399999999993 0.02038 0.016304
1 0.694973 0.46127700000000005 0.014946 0.014946
1 0.6963320000000001 0.6467389999999998 0.014946 0.016304
1 0.699049 0.410326 0.014946 0.016304
1 0.700408 0.766304 0.017663 0.019022
1 0.700408 0.980978 0.014946 0.016304
1 0.702446 0.8811140000000001 0.016304 0.017663
1 0.707201 0.794837 0.017663 0.019022
1 0.70856 0.846467 0.017663 0.019022
1 0.711277 0.5448369999999999 0.017663 0.019022
1 0.713995 0.455842 0.014946 0.014946
1 0.715353 0.810462 0.014946 0.014946
1 0.715353 0.472147 0.014946 0.014946
1 0.716712 0.43070699999999995 0.014946 0.016304
1 0.7167120000000001 0.412364 0.012228 0.014946
1 0.719429 0.339674 0.014946 0.019022
1 0.7248640000000001 0.8423909999999999 0.017663 0.019022
1 0.7248639999999998 0.814538 0.014946 0.014946
1 0.7248639999999998 0.64538 0.014946 0.016304
1 0.726223 0.672554 0.014946 0.016304
1 0.726223 0.39673899999999995 0.014946 0.016304
1 0.7275820000000001 0.357337 0.014946 0.016304
1 0.730299 0.500679 0.014946 0.014946
1 0.731658 0.7717389999999998 0.017663 0.019022
1 0.734375 0.703804 0.014946 0.016304
1 0.734375 0.33287999999999995 0.014946 0.019022
1 0.737772 0.82269 0.016304 0.017663
1 0.7418479999999998 0.423913 0.019022 0.021739
1 0.7411680000000002 0.866848 0.014946 0.021739
1 0.7411680000000002 0.611413 0.014946 0.016304
1 0.7411680000000002 0.39945699999999995 0.014946 0.016304
1 0.742527 0.483016 0.014946 0.014946
1 0.742527 0.500679 0.014946 0.014946
1 0.7438860000000002 0.7880429999999999 0.017663 0.019022
1 0.746603 0.36277199999999993 0.014946 0.016304
1 0.7513589999999999 0.832201 0.016304 0.017663
1 0.752717 0.72894 0.016304 0.017663
1 0.754076 0.703125 0.016304 0.017663
1 0.758152 0.350543 0.016304 0.016304
1 0.7588320000000001 0.48641299999999993 0.017663 0.019022
1 0.7595110000000002 0.388587 0.016304 0.016304
1 0.762908 0.7989129999999999 0.017663 0.019022
1 0.762908 0.30774499999999994 0.014946 0.014946
1 0.763587 0.407609 0.016304 0.016304
1 0.7642660000000001 0.815217 0.017663 0.019022
1 0.764946 0.369565 0.016304 0.016304
1 0.769022 0.341033 0.016304 0.016304
1 0.769022 0.27038000000000006 0.016304 0.016304
1 0.769022 0.290761 0.016304 0.016304
1 0.77106 0.95788 0.017663 0.016304
1 0.7751360000000002 0.7853259999999999 0.017663 0.019022
1 0.775815 0.45856 0.016304 0.017663
1 0.7744569999999998 0.655571 0.01087 0.012228
1 0.777853 0.581522 0.017663 0.019022
1 0.778533 0.908288 0.016304 0.017663
1 0.779212 0.8294840000000001 0.017663 0.017663
1 0.780571 0.508152 0.017663 0.019022
1 0.7826089999999999 0.369565 0.016304 0.016304
1 0.7826089999999999 0.390625 0.016304 0.017663
1 0.786685 0.47690200000000005 0.024457 0.021739
1 0.783967 0.44225500000000006 0.016304 0.017663
1 0.783967 0.686821 0.016304 0.017663
1 0.784647 0.309103 0.014946 0.014946
1 0.788723 0.7676629999999999 0.017663 0.019022
1 0.788723 0.6154889999999998 0.017663 0.019022
1 0.79144 0.324728 0.014946 0.016304
1 0.79144 0.342391 0.014946 0.016304
1 0.794158 0.279212 0.014946 0.014946
1 0.794158 0.266304 0.014946 0.013587
1 0.7955160000000001 0.7880429999999999 0.017663 0.019022
1 0.797554 0.41644 0.016304 0.017663
1 0.80231 0.309103 0.014946 0.014946
1 0.8057069999999998 0.249321 0.016304 0.014946
1 0.8057069999999998 0.339674 0.016304 0.016304
1 0.809103 0.763587 0.017663 0.019022
1 0.809783 0.353261 0.016304 0.016304
1 0.809783 0.32744599999999996 0.016304 0.016304
1 0.8111409999999999 0.9843750000000001 0.016304 0.012228
1 0.817935 0.91712 0.019022 0.019022
1 0.8186140000000001 0.737092 0.02038 0.02038
1 0.8186140000000001 0.5964669999999999 0.017663 0.019022
1 0.8186140000000001 0.8029889999999998 0.017663 0.019022
1 0.820652 0.271739 0.016304 0.016304
1 0.8213320000000001 0.7853259999999999 0.017663 0.019022
1 0.82337 0.288043 0.016304 0.016304
1 0.826087 0.9843750000000001 0.016304 0.012228
1 0.8274459999999999 0.9701089999999999 0.019022 0.019022
1 0.828125 0.6182069999999998 0.017663 0.019022
1 0.828804 0.9035329999999999 0.016304 0.019022
1 0.8301629999999999 0.326766 0.019022 0.02038
1 0.830163 0.669158 0.016304 0.017663
1 0.832201 0.2554350000000001 0.017663 0.016304
1 0.8328799999999998 0.933424 0.019022 0.019022
1 0.8369569999999998 0.36277199999999993 0.016304 0.016304
1 0.843071 0.960598 0.014946 0.013587
1 0.844429 0.69837 0.017663 0.019022
1 0.844429 0.7649459999999999 0.017663 0.019022
1 0.847826 0.8845110000000002 0.016304 0.016304
1 0.849185 0.274457 0.016304 0.016304
1 0.8498640000000001 0.982337 0.012228 0.016304
1 0.85462 0.381114 0.016304 0.017663
1 0.8559779999999999 0.940217 0.019022 0.019022
1 0.856658 0.7269019999999999 0.017663 0.019022
1 0.857337 0.9130429999999999 0.019022 0.019022
1 0.8580160000000001 0.6603259999999999 0.017663 0.019022
1 0.858696 0.235734 0.016304 0.014946
1 0.860054 0.252038 0.016304 0.014946
1 0.862092 0.7581519999999999 0.017663 0.019022
1 0.862092 0.222147 0.014946 0.014946
1 0.862772 0.338315 0.016304 0.016304
1 0.86413 0.8682069999999998 0.016304 0.019022
1 0.8661680000000002 0.296875 0.02038 0.017663
1 0.8654889999999998 0.264946 0.016304 0.016304
1 0.8682069999999998 0.37024500000000005 0.016304 0.017663
1 0.870924 0.9320649999999999 0.019022 0.019022
1 0.870924 0.352582 0.016304 0.017663
1 0.8722829999999999 0.9605979999999998 0.019022 0.019022
1 0.874321 0.21399499999999996 0.014946 0.014946
1 0.875 0.857337 0.016304 0.019022
1 0.877038 0.22893999999999998 0.014946 0.014946
1 0.878397 0.8369569999999998 0.017663 0.019022
1 0.878397 0.247283 0.017663 0.016304
1 0.878397 0.37024500000000005 0.014946 0.017663
1 0.880435 0.43410300000000007 0.016304 0.017663
1 0.8811140000000001 0.279891 0.017663 0.016304
1 0.8838320000000001 0.263587 0.017663 0.016304
1 0.887908 0.883152 0.014946 0.016304
1 0.891304 0.934783 0.019022 0.021739
1 0.893342 0.8505429999999999 0.017663 0.019022
1 0.893342 0.91644 0.017663 0.017663
1 0.893342 0.534647 0.017663 0.023098
1 0.8953799999999998 0.22146700000000002 0.019022 0.016304
1 0.89538 0.349185 0.016304 0.016304
1 0.89606 0.252717 0.017663 0.016304
1 0.8967389999999998 0.32744599999999996 0.016304 0.016304
1 0.900815 0.37432100000000007 0.016304 0.017663
1 0.90625 0.8926629999999999 0.016304 0.019022
1 0.9076089999999999 0.40149500000000005 0.016304 0.017663
1 0.908288 0.860054 0.017663 0.019022
1 0.911685 0.346467 0.016304 0.016304
1 0.9123640000000001 0.245924 0.017663 0.016304
1 0.9123640000000001 0.5597829999999999 0.017663 0.019022
1 0.9130429999999999 0.205163 0.016304 0.016304
1 0.91644 0.8383149999999999 0.017663 0.019022
1 0.91712 0.22758199999999998 0.016304 0.014946
1 0.9184779999999999 0.8124999999999999 0.019022 0.019022
1 0.919837 0.519022 0.021739 0.024457
1 0.918478 0.169837 0.013587 0.013587
1 0.9232340000000001 0.7934779999999999 0.017663 0.019022
1 0.9232340000000001 0.17934800000000004 0.017663 0.01087
1 0.922554 0.191576 0.013587 0.013587
1 0.924592 0.5448369999999999 0.017663 0.019022
1 0.925272 0.888587 0.016304 0.019022
1 0.92731 0.381114 0.014946 0.017663
1 0.9286680000000002 0.252038 0.012228 0.017663
1 0.929348 0.8519019999999999 0.01087 0.019022
1 0.929348 0.934783 0.01087 0.027174
1 0.930027 0.21059800000000004 0.009511 0.016304
1 0.930027 0.8301629999999999 0.009511 0.019022
1 0.930027 0.28125 0.009511 0.016304
1 0.9307070000000001 0.16440200000000002 0.008152 0.016304
1 0.9307070000000001 0.351902 0.008152 0.016304
1 0.929348 0.8519019999999999 0.01087 0.019022
1 0.929348 0.934783 0.01087 0.027174
1 0.930027 0.21059800000000004 0.009511 0.016304
1 0.930027 0.8301629999999999 0.009511 0.019022
1 0.930027 0.28125 0.009511 0.016304
1 0.9307070000000001 0.16440200000000002 0.008152 0.016304
1 0.9307070000000001 0.351902 0.008152 0.016304
