0 0.6319141387939452 0.7277310827504033 0.01119555597719939 0.011350051216457203
0 0.6165996323461119 0.7044433510821798 0.011099670244299847 0.010999762493631115
0 0.6429232203442119 0.5493655515753705 0.010811121567435886 0.011438307554825493
0 0.8540916650191598 0.42172794756682025 0.010380910790484886 0.00879142595374066
0 0.5650767139766527 0.44091542389081867 0.010660565417745838 0.011018473169077997
0 0.563734541768613 0.6544076878091564 0.011408246081808338 0.01171124499777089
0 0.6575356981028682 0.6007961397585662 0.010640310204547386 0.011141859966775646
0 0.6056887585183849 0.5412939735080885 0.009673657624617867 0.01033459538998811
0 0.634364718976228 0.6062534477399744 0.01106330622797427 0.011840177618938942
0 0.6170237686323083 0.6791456678639288 0.010582281195599098 0.01366586270539657
0 0.6900538776231848 0.48302366422570275 0.008276939392089844 0.009114949599556301
0 0.4209113535673722 0.9265535810719365 0.008700536644977072 0.009784822878630264
0 0.6658211998317554 0.5322290088819421 0.011100437330163044 0.011934860892917797
0 0.565070048622463 0.6149208234704059 0.01041176008141559 0.010671698528787365
0 0.5783717943274457 0.5239895426708719 0.010952078777810802 0.011172108028246008
0 0.5552494940550431 0.6059001736018967 0.011615151944367783 0.011852409528649372
0 0.6081371618353802 0.3501966802970222 0.010040138078772503 0.010223704835642939
0 0.8430839206861414 0.9415925689365552 0.009854275247325068 0.010855674743652344
0 0.7910401924796726 0.27844387552012567 0.009347293687903362 0.009570038836935291
0 0.6226488299991774 0.49402334379113233 0.01000634483669115 0.017816087473993717
0 0.5709111794181492 0.49582580898119055 0.01126235464344854 0.011425930520762568
0 0.5721113474472709 0.5419481526250425 0.011251884958018427 0.011919436247452446
0 0.8947894469551418 0.9205008175062097 0.009540640789529552 0.010905680449112602
0 0.580034121223118 0.7282708209493886 0.011187283889107082 0.011377583379330843
0 0.5779512446859608 0.5801559116529382 0.010840415954589844 0.010620531828507133
0 0.6163751664369003 0.3927716016769409 0.009046202120573624 0.009341271027274754
0 0.5750807264576787 0.4759696670200514 0.010890089947244396 0.010916129402492359
0 0.5491114906642748 0.8743257522583007 0.009914688442064367 0.010024195132048233
0 0.6246149747268014 0.40091560197913134 0.009381646695344345 0.009345925372579823
0 0.5364740724148958 0.5359180699224058 0.009733718374501104 0.010655278744904892
0 0.47939428557520325 0.9385857374771781 0.009286870127138884 0.010041610054347828
0 0.5399815414262854 0.592500116514123 0.011253336201543394 0.011541470237400219
0 0.7920569336932637 0.2505418217700461 0.008148732392684273 0.00824005707450535
0 0.6881517120029614 0.4307756475780321 0.010426687157672386 0.010727996411530868
0 0.6829373940177585 0.4141360987787661 0.009922981262207031 0.011099525119947351
0 0.8520328480264415 0.9229767426200535 0.010177156199579653 0.011111715565557066
0 0.5139610974685006 0.7515791810077169 0.010017374287480894 0.010716687078061312
0 0.8572722103284752 0.7586453271948773 0.010734931282375171 0.01083975252897843
0 0.684776430544646 0.5634210317031197 0.009447844132133152 0.009777711785357931
0 0.5107635000477666 0.5233691256979237 0.010377469270125679 0.010766402534816578
0 0.6567395770031473 0.7324864760689113 0.01123554810233738 0.011376671169115149
0 0.55637730722842 0.7132129254548445 0.010035680687945824 0.010773202647333559
0 0.6630119448122771 0.5907952267190685 0.009893624678902004 0.010093523108440895
0 0.887509698453157 0.7741983869801397 0.009995709294858187 0.009938405907672384
0 0.6781511721403701 0.5554241823113483 0.009589319643766983 0.010208026222560718
0 0.6563757813495137 0.689207533131475 0.01044476550558339 0.010935161424719769
0 0.5544641328894574 0.6377080834430197 0.010976376740828804 0.011163960332455843
0 0.5923601751742155 0.42181156510892115 0.009372441664985989 0.010895262593808382
0 0.8490009307861328 0.7115341891413149 0.01015497290569803 0.010525371717370075
0 0.8845643167910369 0.08172081864398459 0.009026485940684443 0.009667116662730341
0 0.8497849547344706 0.21145331341287363 0.007733179175335428 0.008630420850670856
0 0.5669502071712329 0.7046417360720426 0.010588500810706097 0.010935700458029041
0 0.6164371552674666 0.7833770876345427 0.009817185609237007 0.010354207909625511
0 0.9122373332148013 0.698833175327467 0.010607677957286005 0.01131638236667799
0 0.5111307579538097 0.7228184990260913 0.009974749191947605 0.009716199791949728
0 0.7555612895799719 0.34891220927238464 0.010405581930409307 0.010523565437482752
0 0.5765722834545634 0.4530233714891516 0.01068834636522376 0.010330366051715355
0 0.7744567497916843 0.8696270196334176 0.009422260781993036 0.01008079362952191
0 0.6039226780767026 0.7172078049701192 0.011249956877335258 0.011083976082179859
0 0.6683179606562075 0.35637886239134753 0.01064988841181216 0.010930400827656622
0 0.5445679063382356 0.6508401269498079 0.01060243274854577 0.011164437169614046
0 0.5820652712946353 0.5060673070990521 0.010646944460661514 0.010911132978356403
0 0.6381590884664784 0.42233479541281 0.009293265964673914 0.009892671004585598
0 0.7087910900945249 0.5804444603298022 0.009845526322074558 0.01063674429188604
0 0.5952894169351329 0.48542966013369354 0.010006241176439367 0.010970779087232508
0 0.5786257723103398 0.6474634564441183 0.010545792786971382 0.011624481367028278
0 0.8124775057253631 0.8016883808633556 0.010267133298127548 0.010313241378120754
0 0.6046353008436121 0.5045525405717932 0.0111725434013035 0.01082443154376486
0 0.7500821818476138 0.7449745924576469 0.009341198465098505 0.010177944017493206
0 0.5313012392624564 0.6409019387286642 0.011181437450906506 0.011275001194166101
0 0.6910391268522844 0.7466742474099864 0.010123128476350204 0.010793685913085938
0 0.7626069110372792 0.7481534999349841 0.00995072074558424 0.010715691939644192
0 0.7844067449155061 0.8208013202833093 0.010392396346382473 0.010760929273522419
0 0.6858164331187373 0.510928319848102 0.008805896924889606 0.009768776271654211
0 0.8606497308482295 0.6990528106689453 0.009768942128057066 0.010555184405782948
0 0.794558628745701 0.059333860874176025 0.008376287377398947 0.009940131850864576
0 0.8256776021874469 0.9239983144013779 0.01019987852677055 0.010174253712529722
0 0.8929024986598801 0.41812345255976135 0.008145871369735054 0.008620054825492527
0 0.7671550253163214 0.335908570367357 0.009261006894318954 0.009530506704164587
0 0.6358177765556003 0.5395057927007261 0.010391152423361073 0.010403508725373642
0 0.7765634370886763 0.31975222670513653 0.008751496024753736 0.009698183640189793
0 0.6773301622141963 0.3017826391303021 0.010403798974078636 0.0116033761397652
0 0.5504325576450514 0.7428855274034584 0.00977988865064538 0.010042066159455673
0 0.8123380619546642 0.1885608071866243 0.008196416108504585 0.009008469788924507
0 0.6399183480635934 0.7183908379596212 0.010390032892641813 0.011927148570185122
0 0.6117654365041981 0.7687718971915867 0.010435995848282524 0.010126901709515114
0 0.9109055062998896 0.4819896376651267 0.007943360701851223 0.008039526317430578
0 0.6142696297687033 0.6382181644439697 0.01063811260720958 0.011186869248099949
0 0.71987886014192 0.8320625968601392 0.010055376135784645 0.010336419810419497
0 0.46342449084572174 0.8557329385176949 0.009771398876024328 0.010095388992972996
0 0.5070969436479651 0.7372199970742931 0.010255419689676037 0.010723818903384
0 0.7835857349893323 0.16547269924827243 0.009106718975564709 0.008969566096430239
0 0.6148895180743673 0.36081484996754193 0.010155802187712296 0.010638923748679783
0 0.8779274899026622 0.7880614322164784 0.009212659752887228 0.010214266569718071
0 0.6067806741465693 0.42017271207726514 0.009687838347061821 0.010591299637504246
0 0.7285581878993823 0.3941882978314939 0.009053396142047384 0.009196162223815918
0 0.6167205623958422 0.7406790152839993 0.01083969033282736 0.010956266651982847
0 0.8451645477958347 0.9049001362012781 0.009083540543265965 0.010754626730213995
0 0.5180838211722996 0.666239075038744 0.011111052139945652 0.01127060599949049
0 0.814627274222996 0.2603621068208114 0.01016998291015625 0.008964082469110903
0 0.8601826792177946 0.8226636181706968 0.009614861529806385 0.010073744732400646
0 0.6028093877046005 0.6418024664339812 0.011300004046896229 0.010179581849471382
0 0.9216135273809019 0.12160463436790135 0.009519659954568615 0.009696763494740362
0 0.6908777693043584 0.8385192000347637 0.008952638377314028 0.010256850201150646
0 0.7175782452458921 0.3823747220246688 0.010230561961298403 0.010834569516389267
0 0.5526786887127421 0.5291961483333423 0.00990859321925951 0.010732049527375595
0 0.8363641241322393 0.8646281283834705 0.009437146394149117 0.01025315989618716
0 0.8792188271232274 0.8335680339647376 0.009237165036408798 0.009781381358271059
0 0.41061139625051746 0.9413963400799296 0.00910733057105023 0.009580612182617188
0 0.7948197903840437 0.8464260101318359 0.009775659312372622 0.010449450948963995
0 0.4988234561422597 0.7519153304721997 0.010772290437117867 0.010777473449707031
0 0.6821420918340269 0.7003533943839695 0.009990857995074728 0.010806830033012058
0 0.7434841860895571 0.7073635018390158 0.009767325028129246 0.010723445726477581
0 0.802506218785825 0.6212383353191874 0.007743876913319464 0.00839507061502208
0 0.7689942898957625 0.25714695971945056 0.008946626082710598 0.009462356567382812
0 0.6469009544538415 0.4153691944868669 0.009011455204175867 0.009224508119666058
0 0.6313774689384128 0.3874712715978208 0.009178078692892323 0.01059467896171238
0 0.8827949606853983 0.7643260126528534 0.009920286095660666 0.01047026592752208
0 0.5517339602760647 0.5747791787852412 0.01055702955826469 0.011344080385954483
0 0.5738329265428626 0.555541764134946 0.010600587596064028 0.01024864030920941
0 0.6243026774862538 0.48921050714409864 0.008928672127101732 0.010264261909153149
0 0.8670351816260298 0.9309136141901431 0.00916526628577191 0.00971748517907184
0 0.73572183691937 0.5453320378842562 0.008932777073072351 0.009421141251273777
0 0.6438856643179188 0.7439068296681279 0.010890152143395466 0.011590999105702276
0 0.5930042059525199 0.5251590790955917 0.01014547762663468 0.01152169186135997
0 0.7208478347114894 0.26569460785907245 0.00958815864894701 0.010195794312850288
0 0.9302544801131539 0.5761962662572446 0.009000031844429348 0.00987826222958772
0 0.8445518535116444 0.013600079585676607 0.00931337605351987 0.010029036713683086
0 0.7045945291933806 0.3052664217741593 0.009087521096934443 0.009487815525220789
0 0.5737799561542013 0.8551292834074602 0.007853881172511889 0.009037100750467052
0 0.6448303098263947 0.33314956789431366 0.009319429812224014 0.009678612584653109
0 0.6786421070928159 0.3871090904526088 0.01131041153617527 0.010110694429148798
0 0.6642150671585745 0.9025497229202933 0.010096301203188688 0.009966684424358866
0 0.5750897241675336 0.568760291389797 0.010619702546492867 0.010485275931980297
0 0.5977854106737219 0.6314837103304655 0.009929076485011889 0.010603966920272163
0 0.9026326925858206 0.9723502864008364 0.009997119074282438 0.010665810626486073
0 0.5364898287731669 0.8400060197581416 0.00888519701750382 0.00924446271813434
0 0.6356017589569092 0.6400763055552607 0.010199152905008068 0.010688698810079823
0 0.6514106211454971 0.8730814975240956 0.00949697909147843 0.01012619681980299
0 0.5744659071383269 0.9186603504678478 0.009405654409657354 0.008424800375233526
0 0.9296405419059421 0.07666015106698741 0.009493579035219938 0.009665572124978771
0 0.8189177305802053 0.2852142790089483 0.009043983791185461 0.009521650231402853
0 0.7838952230370563 0.3619970744070799 0.01164233166238536 0.010704519956008247
0 0.6017611959706182 0.4405728163926497 0.010338244230850883 0.010701376458872919
0 0.6417707463969355 0.6865600503009298 0.009741016056226648 0.010053302930748981
0 0.5200733620187511 0.7743365868278171 0.00923088322515073 0.010337373484735903
0 0.5616618861322817 0.9858979764192 0.00934874493142833 0.009229079536769701
0 0.6605181279389756 0.45725250244140625 0.009577419446862263 0.011050680409307066
0 0.5675006120101266 0.7430323725161345 0.011115447334621265 0.011468555616295856
0 0.6219385188558827 0.8182827078777811 0.00927746814230214 0.009418487548828125
0 0.7224397659301758 0.6943724051765774 0.007914087046747622 0.008461786353069803
0 0.8564770740011464 0.26867126381915546 0.009647037671959919 0.009166510208793308
0 0.8083470178687054 0.48512247334355896 0.008408131806746773 0.008119914842688519
0 0.49261684003083595 0.7219947732013204 0.009559424027152683 0.009259431258491848
0 0.7778184310249661 0.2177134078481923 0.009161244268002718 0.010245426841404125
0 0.8033871028734291 0.32786657863661 0.009516011113705843 0.009553197123434233
0 0.5299908389215884 0.6692081119703209 0.010288528774095617 0.011695447175399117
0 0.5652309293332307 0.9093303887740425 0.008870373601498812 0.009483627651048742
0 0.6445468197698179 0.635563207709271 0.009833335876464844 0.010966798533564028
0 0.9223825205927308 0.30618585710940155 0.0076800636623216715 0.008095140042512314
0 0.6608851681584896 0.9690252179684846 0.009161119875700577 0.009682406549868376
0 0.5202728043431821 0.6762936011604641 0.010767169620679773 0.010617670805557915
0 0.6413554937943168 0.32259791441585706 0.009659684222677479 0.010851313238558561
0 0.5355624530626379 0.7276898467022438 0.009024620056152344 0.00919180331022843
0 0.89483584528384 0.07810972307039343 0.009760649307914402 0.009749987851018492
0 0.6115513573522153 0.8286781103714652 0.009881537893544073 0.009456841841987942
0 0.602494996526967 0.5169556659200917 0.010094746299411938 0.010400606238323708
0 0.6631672796995742 0.2909572539122209 0.00900826246842094 0.010621879411780315
0 0.5758675803308901 0.8881930890290635 0.009900486987570057 0.011034758194633152
0 0.6248988483263098 0.9852928493333899 0.009158797886060633 0.009377438089121943
0 0.9177820578865382 0.08553541743237038 0.008568680804708729 0.009124890617702318
0 0.5841603486434274 0.7906562763711682 0.009013839389966883 0.008926101352857508
0 0.6562193994936736 0.484907751498015 0.010859447976817255 0.010630773461383324
0 0.528413378674051 0.6868397256602412 0.009922069051991339 0.010428055472995922
0 0.8421960084334663 0.6719678173894468 0.009085945461107336 0.00980588664179263
0 0.5229595122130021 0.8280801358430283 0.010035867276399033 0.010250837906547215
0 0.4844618206438811 0.9194031798321269 0.009893759437229322 0.010552489239236584
0 0.9145143757695737 0.3879239636918772 0.008988753609035326 0.008925266887830652
0 0.8930931091308594 0.6429925379545793 0.008335611094599184 0.009281407231869905
0 0.6408877269081448 0.8480901925460154 0.009593984355097231 0.009408245915951937
0 0.8780256768931514 0.17335250584975534 0.011945724487304688 0.012336243753847868
0 0.8727611251499341 0.18082724446835724 0.009661011073900305 0.009787310724673063
0 0.5414293019667916 0.8669850307962169 0.009488085041875425 0.009675316188646399
0 0.7335169004357378 0.8693373514258345 0.008984773055366848 0.009760939556619396
0 0.6270498711129894 0.5216167906056279 0.010061906731646995 0.010044139364491339
0 0.768561591272769 0.017488254153210182 0.009435363437818445 0.009366082108539084
0 0.4970453770264336 0.9255842540575111 0.009413418562515923 0.009874924369480299
0 0.6522334658581278 0.49496437673983373 0.010977475539497707 0.009976376657900602
0 0.8654424003932788 0.15397144918856415 0.009372959966244905 0.01044593686642854
0 0.44347141618313995 0.9032179998314899 0.009212545726610266 0.008853870889414911
0 0.8653590782828953 0.12337122274481732 0.009670713673467222 0.0096304002015487
0 0.6240327254585598 0.43932060055110767 0.008445076320482336 0.008332698241524075
0 0.9163477317146633 0.04714386489080346 0.009146690368652344 0.00867911784545235
0 0.7698817875074303 0.2761412807132887 0.010052971217943274 0.01055163922517196
0 0.6535846254099971 0.8330795246621838 0.009921820267387058 0.010204024936841883
0 0.6446047865826151 0.3797526126322539 0.01231222567350968 0.009897724441860033
0 0.8526979943980342 0.24304752764494522 0.009517918462338655 0.012925769971764606
0 0.7781648428543754 0.34466060866480286 0.00855980748715608 0.009961786477462105
0 0.533071113669354 0.7005915019823157 0.009877971980882727 0.009981155395507812
0 0.6612731062847635 0.3019489101741625 0.009381211322286854 0.009960485541302225
0 0.5592668367468793 0.5850100206292194 0.011033763056216032 0.011243343353271484
0 0.5350857921268628 0.6586852384650189 0.011927252230436905 0.015139310256294582
0 0.47361751742984937 0.8335396103236985 0.009286953055340311 0.009220662324324898
0 0.8378672392471976 0.774838343910549 0.009703428848930027 0.01023852306863536
0 0.44709098857382074 0.893229691878609 0.00916358698969302 0.009388882180918818
0 0.6678066253662109 0.7069592268570609 0.00986306563667629 0.010099991508152172
0 0.8459147992341416 0.7912922527479088 0.00935264255689538 0.00973349032194718
0 0.4734813026759936 0.8816912485205609 0.009316651717476223 0.009779681330141813
0 0.4309510873711627 0.9308576998503313 0.009510351263958475 0.009319968845533289
0 0.8180466527524202 0.6935227020927097 0.008533643639605978 0.009114058121390965
0 0.4276208359262217 0.9846244894939921 0.00937584172124448 0.00952737227730129
0 0.8707701848900836 0.013850467684476273 0.009572112041970959 0.010061017197111378
0 0.7834958408189856 0.08365641210390173 0.008745234945546026 0.009149390718211298
0 0.8025276142617931 0.9500985352889352 0.009149592855702276 0.009654252425484035
0 0.5841103118398915 0.44291301395582117 0.009536473647407864 0.010228861933169157
0 0.4899771628172501 0.9006344546442447 0.010011030280071755 0.009642849797787874
0 0.5091584558072298 0.7118225926938264 0.01012717122616975 0.010886565498683765
0 0.6375214638917343 0.5119229192319124 0.009311323580534561 0.009250475012737772
0 0.757003576859184 0.6552975281425144 0.008585971334706182 0.008691787719726562
0 0.781033412269924 0.91964634605076 0.009799335313879925 0.010029253752335258
0 0.45375747784324316 0.9722322795702063 0.008533467417177946 0.009210586547851562
0 0.7711007076760998 0.6734281830165696 0.00911024342412534 0.009508837824282438
0 0.7821496258611265 0.8479449645332668 0.00920830602231233 0.009467746900475544
0 0.9290349794470746 0.8139881465746008 0.00981314285941746 0.010136148203974184
0 0.6024127732152524 0.7475306469461194 0.010052618773087212 0.009990775066873302
0 0.9308483911597212 0.7292670788972273 0.009807296421216883 0.010802393374235733
0 0.9148033183553943 0.06144504184308259 0.011845008186672046 0.011740046998728876
0 0.6275421225506327 0.9716608213341754 0.008853746497112772 0.009091335794200068
0 0.5134824877199919 0.8124332427978516 0.008870705314304518 0.009791747383449389
0 0.5179323424463687 0.957134951715884 0.009155916131061056 0.009434326835300611
0 0.5948515042014744 0.39437058956726745 0.010700495346732761 0.017514710840971573
0 0.4374060267987459 0.9382826349009639 0.008254144502722698 0.009023998094641644
0 0.7586950841157332 0.7972931654556937 0.008649867513905401 0.009540806645932405
0 0.857909347700036 0.11244518860526707 0.009128943733547045 0.009164851644764776
0 0.6094999831655751 0.9713493015455164 0.008786388065503992 0.009064135344132133
0 0.5828332693680472 0.820537981779679 0.01006006157916525 0.010909702466881794
0 0.5055680067642875 0.7942852766617483 0.00954362620478091 0.009118950885275135
0 0.625663135362708 0.851354681927225 0.009452405183211617 0.01007279105808424
0 0.5544784794683042 0.940915294315504 0.00920892798382303 0.0101934930552607
0 0.8291391082431958 0.7705540035081946 0.00853418267291525 0.010091118190599524
0 0.7119802599367888 0.8171532050422999 0.010869440825089165 0.011303487031356148
0 0.5648511181706968 0.7582649977310842 0.00975272966467816 0.009866051051927649
0 0.37254735697870667 0.9700273845506752 0.009464180987814198 0.01058470684549083
0 0.6328243276347285 0.4356753670650979 0.01049897981726605 0.009690149970676588
0 0.6882054909415867 0.5529377253159232 0.008698463439941406 0.009619899418043054
0 0.572902658711309 0.7834871333578357 0.008779152579929518 0.008951892023501188
0 0.8269353742184846 0.9040595966836682 0.009521442910899286 0.010734019072159477
0 0.7938594403474228 0.3478507917860279 0.009884129399838655 0.009540822194970173
0 0.8439341835353684 0.8536314342332922 0.009838601817255434 0.009570412013841711
0 0.7543484024379565 0.911414208619491 0.009509998819102411 0.010184122168499489
0 0.6272568184396495 0.8743314950362497 0.009245063947594685 0.01036822277566661
0 0.7283680128014606 0.9167220074197521 0.009220123291015625 0.008690377940302309
0 0.7185404404349949 0.6857695994169815 0.008274990579356318 0.008923696435016134
0 0.5505594999893851 0.6902321732562521 0.009539811507515285 0.010110896566639776
0 0.8057580823483674 0.3650844252627829 0.00888762266739555 0.009675844855930494
0 0.822729255842126 0.11621259088101593 0.009072552556576937 0.008950471878051758
0 0.8863108883733335 0.042675694693689765 0.009326064068338146 0.010537080142808996
0 0.6363587172135062 0.8913850162340247 0.010183666063391644 0.010260333185610563
0 0.49425417443980335 0.9648565209430197 0.008480611054793648 0.008175062096637228
0 0.6896539771038553 0.4758156693500022 0.008245799852454144 0.008787279543669327
0 0.845159095266591 0.07169455548991328 0.007797863172448199 0.008046202037645422
0 0.5662628153096074 0.8402403126592222 0.008728794429613196 0.009065296338952106
0 0.5016969805178435 0.7804449122884999 0.0102570160575535 0.010716521221658459
0 0.7274011943651282 0.5618394665096116 0.008853248927904211 0.008383813111678413
0 0.9334465524424678 0.27391371519669244 0.007883984109629755 0.008821445962657099
0 0.4705788052600363 0.9864533465841541 0.008165919262429943 0.008132519929305367
0 0.7835280376931896 0.2999675584876019 0.009601261304772419 0.010080835093622622
0 0.9220911730890688 0.31702506023904553 0.00888098841128142 0.00899393662162449
0 0.8224893652874491 0.790914183077605 0.010139133619225544 0.010720335918924084
0 0.6250854471455449 0.746993997822637 0.009391515151314114 0.010196976039720617
0 0.7936933973561162 0.6774181075718091 0.008503830951193104 0.009289907372516134
0 0.5171483599621317 0.8741573043491531 0.008667883665665337 0.008840519448985224
0 0.9334095664646314 0.6855350991953975 0.009724990181300951 0.01054307688837466
0 0.4470845616382102 0.9880166261092477 0.009131369383438774 0.009391618811565897
0 0.857197782267695 0.1945818403492803 0.007903181988260021 0.008417253908903702
0 0.6659544239873472 0.3946099670036979 0.009502742601477581 0.009662757749142855
0 0.4532851395399674 0.929504042086394 0.009898320488307787 0.009898766227390455
0 0.8229293823242188 0.9510697696519935 0.008994475654933764 0.009041869122049084
0 0.5807419652524203 0.8990290268607761 0.009731790293817934 0.010251750116762907
0 0.7379278307375701 0.7582075492195461 0.01069189154583475 0.010609046272609546
0 0.5101709469504978 0.84786900230076 0.009128301039985989 0.00906396948772928
0 0.5855521844780963 0.7451311194378398 0.01071036380270253 0.01046014868694803
0 0.49854273899741797 0.9877353543820588 0.008434098699818487 0.008627642755923063
0 0.8083186149597168 0.17847016583318293 0.009058371834132982 0.009061751158341118
0 0.5060076195260753 0.9058580605880074 0.00930954062420389 0.00980066216510275
0 0.8745314556619397 0.9238290994063668 0.010122547978940218 0.010417482127314028
0 0.7970351758210554 0.22593772929647693 0.009439634240191916 0.009322477423626444
0 0.6390367798183276 0.9592841811802078 0.009690865226413893 0.009710767994756285
0 0.7403424511785093 0.7945044558981189 0.008771025616189709 0.008883683577827785
0 0.4982541177583778 0.9141954753709877 0.009484570959339972 0.009672413701596468
0 0.7991476058959961 0.9101855236551036 0.009861490000849184 0.010076274042544157
0 0.7789434142734695 0.10003153137538744 0.007957251175590183 0.008203008900518003
0 0.6267158363176428 0.45637313179347827 0.00878099773241126 0.008465310801630434
0 0.3599551449651305 0.9808101446732229 0.009785983873450237 0.01010907214620839
0 0.5393872986669126 0.8915720400602922 0.009164167487103006 0.008851673292077106
0 0.8613625816676929 0.9555441814920177 0.010099079297936481 0.010286082392153532
0 0.761392012886379 0.825508573780889 0.009351232777471128 0.009861738785453465
0 0.7967736410058063 0.6325264702672544 0.008843670720639437 0.0083856375321098
0 0.702438147171684 0.8398531416188115 0.009583597597868546 0.010358022606891136
0 0.8212932089100713 0.031649444414221725 0.008559683094853941 0.008697996968808382
0 0.9263140222300654 0.6397823147151781 0.009420892466669497 0.01098377808280613
0 0.8286461415498152 0.08548154519951862 0.009426655976668648 0.010269880294799805
0 0.7659255110699198 0.32084595638772717 0.008644808893618376 0.009448217309039572
0 0.764737315799879 0.5786212216252866 0.00891814024552055 0.00959052210268767
0 0.8244784189307172 0.1775920753893645 0.008882066477899965 0.00924329135728919
0 0.4835994710092958 0.8677809134773586 0.009043600248253864 0.008295100668202276
0 0.7255718189737073 0.5426813208538553 0.008388394894807236 0.009352725485096807
0 0.7944988167804219 0.48938494661579957 0.008157481317934782 0.008835243142169455
0 0.8558844068776006 0.8953593917514966 0.00896142876666525 0.009289658587911854
0 0.44648099982220196 0.9633128332055133 0.008635147758152174 0.008887705595596977
0 0.7582505889560867 0.490893384684687 0.008425380872643513 0.008257948833963146
0 0.4665903060332589 0.926164088041886 0.009319543838500977 0.010403591653575068
0 0.7646782087243121 0.48944796686587133 0.0076193602188773775 0.00795720971148947
0 0.7721199989318848 0.971625328063965 0.009106884831967562 0.009062476780103601
0 0.9087825443433678 0.08619481843450796 0.009585753731105639 0.009824250055396038
0 0.5134246038353961 0.9852981567382812 0.009230862493100374 0.009630617888077446
0 0.8901590057041333 0.4349374771118164 0.008549607318380604 0.008811453114385191
0 0.5972857475280761 0.39044525830642035 0.00908698206362517 0.012342297512552013
0 0.4951219610545946 0.8130068364350691 0.0088082914767058 0.00919553507929263
0 0.637897253036499 0.9492572701495626 0.009843473849089249 0.009876251220703125
0 0.9118533134460449 0.46669290895047394 0.008461703424868376 0.01012434130129607
0 0.8820478397866954 0.4378818636355193 0.007831532022227411 0.008131980895996094
0 0.7695782080940579 0.2989731249601945 0.0095221063365107 0.010124538255774456
0 0.9053752525993013 0.03971094670503036 0.01087789950163468 0.011467695236206055
0 0.6667861731156058 0.4886842603268831 0.010023324385933254 0.009999689848526665
0 0.6649899068086045 0.3246737543655479 0.009990650674571161 0.013467162847518921
0 0.5245203557221786 0.7919935972794243 0.009674113729725714 0.009379096653150476
0 0.8794700995735499 0.9618510785310164 0.010531176691469938 0.010030912316363792
0 0.8656284498131793 0.886874592822531 0.00802123028299083 0.008882895759914232
0 0.5353005658025327 0.8292062593543011 0.008814894634744396 0.009696048239003057
0 0.46660916183305823 0.9440922115160071 0.009472898814989172 0.009754015051800272
0 0.5519669366919476 0.8359031055284583 0.009497642517089844 0.009285843890646229
0 0.4904261050016984 0.8433005706123684 0.009384486986243206 0.009876500005307405
0 0.8322563171386719 0.28281377709430194 0.009358613387398098 0.00898779993471892
0 0.4764754202054895 0.9635986037876294 0.008946221807728643 0.009462895600692085
0 0.8015896133754565 0.02680092531701793 0.008273871048637058 0.008180499076843262
0 0.8042612905087678 0.751785423444665 0.009544289630392323 0.009486032568890116
0 0.7813530797543733 0.7496619017227836 0.00970284835152004 0.010393889054008152
0 0.5936471586642058 0.8113354185353155 0.008970613064973251 0.009167919988217562
0 0.6557998968207319 0.7698829692343006 0.008751185043998386 0.009275809578273607
0 0.8239996536918308 0.4764698484669561 0.0074173471202021056 0.00845100568688434
0 0.8328113348587698 0.2546592795330545 0.007920182269552479 0.009047798488451086
0 0.5113017559051514 0.8307562910992167 0.008966922760009766 0.009319512740425442
0 0.9177074225052542 0.01926301808460899 0.010094559710958729 0.010377252879350082
0 0.5750533705172332 0.9088807935300081 0.009894557621168054 0.009775783704674763
0 0.5966733849566915 0.8418761958246646 0.010265847911005434 0.00956551924995754
0 0.5887058506841245 0.7714705467224121 0.00999649711277174 0.009927127672278362
0 0.5515311904575514 0.9041050828021505 0.009192176487134851 0.009658025658648947
0 0.46183053306911304 0.9579548835754395 0.008823767952297045 0.009117831354555876
0 0.7804191838140073 0.9629271341406782 0.008986265762992527 0.00893953572148862
0 0.49891451130742615 0.8670138690782629 0.00854517065960428 0.008170625437860903
0 0.9072130659352178 0.424391508102417 0.00820097715958305 0.00863715876703677
0 0.6164911933567213 0.8082001934880796 0.010028839111328125 0.009883424510126528
0 0.7470740442690642 0.5701713354691215 0.008836248646611753 0.00946256388788638
0 0.8785799067953358 0.04766664038533751 0.009757041931152344 0.009607102559960407
0 0.7721690094989277 0.9089531276537025 0.009474173836086107 0.010143528813901155
0 0.8813243741574495 0.8114526790121327 0.009555775186289911 0.00930674179740574
0 0.7336246241693911 0.8097043659376061 0.008915942648182745 0.011861054793648098
0 0.6766238419905953 0.7901809941167417 0.009433497553286345 0.009594958761463995
0 0.7452446274135422 0.7862434594527535 0.009810364764669666 0.008879081062648607
0 0.6389575004577637 0.4565091858739438 0.00874440566353176 0.008810188459313435
0 0.7822407432224439 0.049450576305389404 0.009420892466669497 0.0087846621223118
0 0.7392681992572286 0.7399657083594281 0.009320507878842562 0.00991095667300017
0 0.8168574208798616 0.1566686371098394 0.009918793388034986 0.012182059495345406
0 0.43470509155936865 0.9156585776287575 0.009017239446225374 0.009024910304857336
0 0.6670347814974578 0.8278972584268321 0.011223564977231234 0.00904021055802055
0 0.5798443711322286 0.7708472998245902 0.009277136429496433 0.009909795678180197
0 0.5670960156813912 0.7720759847889777 0.010310318159020466 0.009040915447732677
0 0.7651129183561907 0.6428773921468982 0.008007049560546875 0.009877121966818104
0 0.8723409072212551 0.9800500040468962 0.0069219340448794155 0.0072463491688603944
0 0.786814896956734 0.8048109178957732 0.009887363599694294 0.010120847950810972
0 0.8070517000944717 0.059995970000391426 0.009057418159816576 0.010164514831874683
0 0.5923208879387897 0.8232424570166547 0.009203060813572096 0.010180058686629585
0 0.8894948959350586 0.6729707510575003 0.009030300637950068 0.00929272693136464
0 0.5693757948668108 0.9586654124052629 0.009823819865351137 0.009726938994034477
0 0.47828989443571673 0.8228266964788024 0.00939767257027004 0.009281034054963486
0 0.6506713473278544 0.8585152004076086 0.008831832719885784 0.00911513618800951
0 0.5840044125266697 0.9582717522330907 0.009169309035591457 0.010272108990213146
0 0.5969558798748514 0.36875361204147333 0.009148431860882303 0.010517146276391071
0 0.2589458589968474 0.7858424394027047 0.008338098940641983 0.009104106737219769
0 0.8823836575383726 0.4285848503527434 0.007606464883555536 0.008786170378975246
0 0.6636145114898682 0.9154395227846892 0.009183655614438265 0.009114721547002378
0 0.7694371679554814 0.03845809205718662 0.008558770884638247 0.009535543296648108
0 0.66482456870701 0.32019159068231995 0.009685765142026155 0.009721714517344599
0 0.8325244032818339 0.8411423019740891 0.008840602377186651 0.009063264598017153
0 0.6567682597948157 0.3772857318753781 0.010497715162194294 0.010308094646619715
0 0.810199675352677 0.08445951731308647 0.011957292971403702 0.008984057799629543
0 0.616749670194543 0.5396228458570398 0.016564763110616932 0.01137343696925951
0 0.8648890412372091 0.9074497222900392 0.009135826774265455 0.009428687717603601
0 0.4747599156006522 0.9058638033659563 0.008562036182569422 0.008933689283288044
0 0.7344215434530507 0.8811512408049211 0.009042283763056215 0.009688087131666101
0 0.5598713833352794 0.8267040874647058 0.008881071339482847 0.009639118028723675
0 0.7553242185841437 0.9834652776303497 0.008321388908054518 0.008444910464079483
0 0.7161177552264669 0.25047118767448096 0.00792482624883237 0.007674569668977157
0 0.5353056658869204 0.808322989422342 0.008952887161918308 0.009429516999617867
0 0.5286738665207572 0.7114364375238833 0.010054443193518597 0.012386239093282948
0 0.5586694530818773 0.7973821474158246 0.00940648369167162 0.00955938256305197
0 0.7436439058055049 0.8744945733443552 0.008585929870605469 0.008599530095639437
0 0.9335032960642939 0.6685465004133142 0.009177705515985903 0.010142637335735817
0 0.7142538402391516 0.8014905556388523 0.008953426195227581 0.009432543878969938
0 0.9285865451978601 0.34915766119956965 0.009189771569293478 0.010505046533501667
0 0.8514004997585132 0.18556177097818125 0.009291524472443954 0.00882764484571374
0 0.8582056086996327 0.7764182090759277 0.012385202490765114 0.019888794940450916
0 0.5617096320442532 0.9743566513061522 0.009556189827297045 0.008973246035368546
0 0.5378380547399106 0.9454342385996943 0.009380402772322945 0.009468244469684103
0 0.5511177622753641 0.8149604382722275 0.00929403305053711 0.009406711744225544
0 0.7431793627531631 0.9462412751239279 0.008513989655867867 0.01005765666132388
0 0.533461975014728 0.6797976493835449 0.009852678879447605 0.00974161728568699
0 0.7961638492086659 0.23923001082047168 0.008830111959706182 0.008696970732315727
0 0.7800151990807574 0.0641458967457647 0.009924266649329144 0.010540506114130434
0 0.9080023143602455 0.5278179645538331 0.007851476254670517 0.008575294328772503
0 0.8704388037971829 0.7822992698006008 0.00918790568476138 0.009172066398288893
0 0.8294861213020657 0.23546429302381433 0.008726493172023607 0.008954898170802904
0 0.8305402216703996 0.14733801717343536 0.008390385171641474 0.008257907369862432
0 0.930255060610564 0.7884072428164275 0.008243063221807066 0.009208347486413044
0 0.5180871383003567 0.8920639286870542 0.009705502053965693 0.010536359704059105
0 0.3198708554972773 0.8296800074370012 0.006099307018777599 0.006883496823518172
0 0.8245612227398417 0.07452894293743631 0.008543221846870754 0.008087769798610521
0 0.7637774840645168 0.7764022661292035 0.00993421803350034 0.010188310042671535
0 0.6685419704603113 0.8819753190745478 0.008628803750743036 0.0091711541880732
0 0.7688357726387358 0.1777336649272753 0.007603355076002039 0.008196053297623344
0 0.9117520788441534 0.9545368733613386 0.008709036785623302 0.01115255770475968
0 0.6351241443468176 0.503436980040177 0.00935500601063604 0.00997962122378142
0 0.8097353603528893 0.8947559439617655 0.008664048236349354 0.009336969126825747
0 0.7871527257172957 0.9067187931226648 0.010246567104173742 0.010861272397248642
0 0.4888815206030141 0.9535124612891157 0.009466575539630392 0.009726938994034477
0 0.6277507388073466 0.34249493738879333 0.010377324145773182 0.009413001330002495
0 0.9028631500575852 0.9616490654323413 0.008680385092030401 0.009299734364385191
0 0.8559794633284861 0.8703815418740978 0.009878241497537365 0.009683567544688349
0 0.9340727640234907 0.4910721364228622 0.006698069365128227 0.007232209910517154
0 0.9218152916949727 0.5633692845054294 0.007705605548361073 0.00842415768167247
0 0.7210463440936544 0.9787068988965906 0.009477490964143173 0.009494615637737772
0 0.6170019481493079 0.432662440382916 0.00873491038446841 0.01095710630002229
0 0.6380060859348462 0.37400570382242615 0.009814469710640285 0.009597928627677586
0 0.7124418383059294 0.8687028884887694 0.009005961210831352 0.009053520534349524
0 0.7016405229983123 0.7276302005933679 0.011780324189559273 0.012094663537066917
0 0.8094511654066002 0.9373839627141538 0.00877218661100968 0.00945070515508237
0 0.5757974023404329 0.8154703637827997 0.008725809014361837 0.009915642116380774
0 0.8368950926739237 0.8998876032621965 0.008359287096106487 0.008821363034455673
0 0.7849052056022312 0.11121146575264308 0.007685246674910835 0.0075195146643597145
0 0.6139002571935239 0.654167714326278 0.010982285375180452 0.010531632796577785
0 0.6337995321854301 0.4823545839475548 0.010374525318975035 0.01179944950601329
0 0.8469257354736328 0.1512878770413606 0.008230292278787365 0.008700826893682066
0 0.6770642322042713 0.8432382915330969 0.009782210640285326 0.008986763332201086
0 0.930233851723049 0.5223536180413287 0.007328655408776324 0.007856265358302904
0 0.6141387897989025 0.8957172062086022 0.011706601018491 0.009009734443996264
0 0.5391761323680049 0.7953044227931811 0.008903793666673742 0.010357151860776155
0 0.7975969521895699 0.8857025270876677 0.009487110635508661 0.009151500204335089
0 0.912011892899223 0.03657595359760782 0.008845868317977242 0.00928463884021925
0 0.5457689036493716 0.697496227596117 0.009802859762440557 0.010256103847337805
0 0.5480525597282078 0.958060824352762 0.010643544404403023 0.014250423597252888
0 0.9239166715870734 0.5015458438707434 0.007972012395444124 0.008312018021293308
0 0.7948214696801227 0.7454509942427926 0.008165981458581013 0.009468783502993376
0 0.7932411691416865 0.6660378704900327 0.008166271707286005 0.008213416389797045
0 0.6725226174230161 0.8187941468280294 0.009374556334122368 0.010260830754819124
0 0.825357665186343 0.8881548591282058 0.00844337629235309 0.008799345596976902
0 0.7228507788284965 0.8896027440610139 0.009386021157969599 0.009033368981402853
0 0.8374724802763565 0.7901108990544858 0.00940642149552055 0.00974825154180112
0 0.8370398438495138 0.3998964973117994 0.0094305536021357 0.010501446931258492
0 0.7734193387238877 0.7655072626860246 0.009077652640964674 0.009732909824537195
0 0.7373951414357061 0.9062000979547915 0.009127368097719938 0.009064591449239979
0 0.5522179603576661 0.8960373919943104 0.009141465891962465 0.009016866269318954
0 0.5977078002432118 0.4170390004697053 0.00903940200805664 0.009422799815302309
0 0.5240219779636549 0.9268227867458179 0.007786626401154891 0.008797272391941236
0 0.5956553998200791 0.6556525126747462 0.014030871183975883 0.011342649874479874
0 0.8353583709053372 0.06554963277733844 0.008865024732506794 0.008719931478085726
0 0.8990704080332881 0.45029016163038177 0.008667821469514267 0.007575366808020551
0 0.7192880796349566 0.93139706487241 0.008658948151961617 0.008636308752972147
0 0.769573854363483 0.8380461775738262 0.00892037930695907 0.009385938229768173
0 0.795099403547204 0.32043121172034217 0.009174720100734545 0.008554043977156929
0 0.6605698336725649 0.8618410359258237 0.009584468343983526 0.009189439856487772
0 0.861303308735723 0.8405095390651536 0.009460656539253567 0.008792462556258492
0 0.8369937357695207 0.142187237739563 0.008114897686502209 0.008216204850570015
0 0.6673987637395443 0.8692918653073518 0.008757342462954313 0.00893928693688434
0 0.7718227635259214 0.1564267044482024 0.0077059372611667796 0.009837741437165634
0 0.6064296701680059 0.38526346113370813 0.00996993935626486 0.01004362624624501
0 0.6946849201036536 0.8524589745894723 0.009369684302288553 0.008187211078146229
0 0.6544340382451597 0.7756985788759978 0.009239362633746603 0.009649110876995584
0 0.6244742766670559 0.9378772611203401 0.008458593617314878 0.008960018987241
0 0.655087885649308 0.9447592237721318 0.009272285129712976 0.008690419404403023
0 0.5354088389355204 0.8805903766466224 0.0091784726018491 0.008638257565705673
0 0.6178164896757706 0.38403094333151117 0.009827862615170687 0.009999689848526665
0 0.6714108301245649 0.9735955362734587 0.008645140606424084 0.007961521977963655
0 0.8386774685071863 0.1655733481697414 0.008695312168287195 0.008779795273490574
0 0.7335841344750446 0.896967597629713 0.00907371355139691 0.008729105410368546
0 0.7553223112355109 0.6457428724869437 0.008710570957349695 0.008920669555664062
0 0.6442379951477051 0.40713269814201025 0.010098374408224354 0.009115219116210938
0 0.5261630493661632 0.9038742314214293 0.009670402692711872 0.008717412533967392
0 0.8319152956423552 0.032241905513017075 0.009116919144340183 0.009142883445905603
0 0.786595634792162 0.31317592703777813 0.009121107018512228 0.00879731385604195
0 0.9141284901162853 0.5427914909694507 0.00762188952902089 0.007967492808466372
0 0.525395683620287 0.8029693313266919 0.008885259213654892 0.009941888892132303
0 0.49865513780842663 0.857780643131422 0.008908841920935589 0.009168002916418987
0 0.8110528406889541 0.03947918570559958 0.00974485148554263 0.00998954669288967
0 0.6222583107326343 0.6639003960982615 0.01005064922830333 0.009938903476880945
0 0.8200979232788086 0.04708466192950374 0.009777649589206861 0.00876961842827175
0 0.31276374277861224 0.823756217956543 0.00685801713362984 0.006245156993036685
0 0.525801886682925 0.9337542989979619 0.007805077925972317 0.009978833405867867
0 0.8369415946628738 0.19595358682715375 0.008626606153405231 0.009349968122399372
0 0.9237400137859842 0.332114841627038 0.01152726878290591 0.010499954223632812
0 0.5468873044718867 0.7974540254344111 0.008783900219461193 0.009258228799571161
0 0.5438584659410559 0.9883241860762886 0.007626035939092221 0.00738363680632218
0 0.645732941834823 0.9800919864488684 0.009219667185907778 0.009350444959557575
0 0.6313685334247091 0.9050063879593558 0.01236160941745924 0.008649287016495415
0 0.8497637873110564 0.8708829257799231 0.010047332100246265 0.00904294718866763
0 0.8105296881302543 0.23121062568996265 0.00830214956532354 0.008557526961616848
0 0.7047057359114939 0.8783412808957307 0.00857568823772928 0.008716541787852411
0 0.7809870554053265 0.6474094079888384 0.008830568064814028 0.008628741554591967
0 0.6356197647426439 0.4699829557667608 0.009003888005795687 0.009295297705608866
0 0.5854180999424147 0.8382138583971106 0.0086395844169285 0.008900061897609545
0 0.7731064298878545 0.18341085185175354 0.007364231607188349 0.007397941921068274
0 0.651847217393958 0.6691723491834558 0.011424106100331182 0.013311012931492016
0 0.69255777027296 0.9732744590095852 0.007969524549401325 0.008197328318720278
0 0.8926328576129414 0.688439887502919 0.011613597040591032 0.010708145473314367
0 0.8215760562730872 0.8183575298475183 0.008855197740637737 0.009381543035092562
0 0.5765949643176534 0.7995563175367273 0.00984998371290124 0.009033203125
0 0.8386630804642387 0.8390335829361625 0.008703273275624151 0.00831778153129246
0 0.4790315213410751 0.8477233389149542 0.008622542671535326 0.009606236996858017
0 0.8293750389762548 0.1368890326956044 0.007899947788404383 0.007724990015444549
0 0.9017446352087934 0.5078005376069443 0.008042045261548914 0.007981797923212465
0 0.725549262502919 0.9044732010882833 0.008749381355617357 0.008332086646038553
0 0.49281015603438666 0.9727885412133258 0.008770963420038637 0.008398677991784138
0 0.2600029447804327 0.7733951444211213 0.00886987603229025 0.008755600970724354
0 0.47465395927429205 0.8572976070901622 0.009940562040909477 0.009414589923361073
0 0.6776453101116678 0.9319064928137738 0.009257109268851902 0.01125335693359375
0 0.931789211604906 0.9626493868620498 0.00965155725893767 0.009869616964588995
0 0.8242874560148818 0.19148470007854962 0.00832930855129076 0.008598825205927309
0 0.22567869269329566 0.7757643202076787 0.006513719973356828 0.007008386694866678
0 0.6091658861740775 0.8514876158341117 0.009182079978611158 0.012573076331097145
0 0.6246373031450354 0.42537973238074267 0.010167888973070227 0.010681940161663551
0 0.8701567857161813 0.038289359082346375 0.011411998582922894 0.011251027169434921
0 0.6259287440258524 0.3518489832463471 0.009030570154604704 0.01025408765544062
0 0.6652520013892133 0.9305389445760974 0.008633447730022928 0.008833138839058254
0 0.7790667077769404 0.950644990672236 0.011859147445015285 0.010951249495796535
0 0.9198229416556981 0.8738263378972593 0.009730048801587976 0.009907390760338825
0 0.8484977431919263 0.19542911778325622 0.00856718809708305 0.008663094562032948
0 0.7510779007621433 0.7208380284516709 0.009699614151664402 0.00939141149106233
0 0.6861516703730044 0.9129518840623939 0.008666494618291441 0.008131607719089674
0 0.839688031569771 0.21194741000299866 0.009083001509956692 0.009257088536801546
0 0.5692918922590173 0.3074801486471425 0.009619940882143766 0.010233257127844769
0 0.920624940291695 0.7811946454255476 0.00850752125615659 0.008474101190981657
0 0.8395326033882475 0.15763368813887887 0.008086080136506454 0.009103961612867273
0 0.7646538071010425 0.7904519827469535 0.008941360141920008 0.009257316589355469
0 0.6941515466441279 0.9259942096212636 0.009375613668690557 0.009438141532566236
0 0.7739195823669434 0.05265388281449028 0.008612135182256285 0.01000591982965884
0 0.6156741536181906 0.886329339898151 0.008826069209886633 0.00894326749055282
0 0.7294193143429964 0.9469852447509766 0.008731551792310633 0.009245333464249321
0 0.6888064716173256 0.868747275808583 0.008166561955991 0.008092092431109884
0 0.6374347002609916 0.4025280890257462 0.009549493375031845 0.010814148446787958
0 0.8597160629604172 0.41606154649154 0.00818397687829059 0.00678390005360479
0 0.5785095380700153 0.8498209041097889 0.00980352318805197 0.009343230206033459
0 0.8427418418552566 0.0788163309511931 0.008002903150475544 0.00848916302556577
0 0.7883528626483419 0.9433340611665144 0.008453825245732847 0.008709244106126867
0 0.6452157912047012 0.9878143020298171 0.009153262428615404 0.008804777394170347
0 0.6289643930352252 0.6825443765391475 0.009334211764128311 0.009600432022758152
0 0.8061091381570568 0.017543860103773033 0.009515264759893003 0.010100748227990192
0 0.9063395417254906 0.8770869296530018 0.00906533780305282 0.010040780772333559
0 0.8268942418305771 0.8778330968773882 0.008926184281058933 0.009884253792140795
0 0.2200185837952987 0.7688089039014734 0.005993407705555792 0.00720115329908288
0 0.7014535199040952 0.9125883060952892 0.008601188659667969 0.008300988570503567
0 0.23222260889799698 0.7727979369785474 0.007145404815673828 0.007233536761739979
0 0.4792690225269483 0.9884191388669221 0.00735845773116402 0.006391981373662534
0 0.6654433374819548 0.30677393208379333 0.008857561194378397 0.009701936141304348
0 0.7386089615199878 0.7269032105155613 0.010244991468346638 0.010132167650305706
0 0.684498703998068 0.8952381092569103 0.008939079616380774 0.008905452230702276
0 0.6007225306137748 0.37379197970680567 0.011127243871274202 0.011678405430005945
0 0.7120645771855894 0.95107538803764 0.008905410766601562 0.00851166766622792
0 0.8068348843118419 0.43095961860988447 0.00655364990234375 0.007474484650985054
0 0.5064545403356138 0.8065713799518089 0.009709254555080248 0.009855933811353601
0 0.7863667529562244 0.0740548760994621 0.009196986322817595 0.008919223495151686
0 0.928905383400295 0.3330521466939345 0.007768838301948879 0.009049314519633417
0 0.7106103275133215 0.9028065308280613 0.008749961853027344 0.009508630503778872
0 0.8068676616834557 0.4374540888744851 0.007276742354683254 0.00835437360017196
0 0.5981507923292078 0.6745984243310016 0.010362583657969599 0.008275446684464165
0 0.67128760918327 0.4755398708841075 0.011751112730606743 0.010478061178456182
0 0.601809315059496 0.9588137294935144 0.015400969463845959 0.010431911634362263
0 0.8426283960757047 0.7981126204780911 0.008531487506368885 0.009048130201256794
0 0.6661115521970002 0.9883596793464993 0.007911723593006964 0.00724066858706267
0 0.5952688714732295 0.9520733252815577 0.00751507800558339 0.00910787997038468
0 0.6831226348876954 0.8275816129601519 0.008728856625764267 0.008332376894743546
0 0.8679951584857443 0.9457308105800464 0.009029015250827955 0.008801128553307575
0 0.7891681090645168 0.19449420597242273 0.010570609051248302 0.012850388236667797
0 0.48376010811847187 0.8581406551858654 0.009142212245775305 0.011294406393299932
0 0.6676406342050304 0.9433140754699707 0.010064353113589079 0.00903083967125934
0 0.6371520602184794 0.6799300442571226 0.008512185967486837 0.008195006329080334
0 0.6753559319869332 0.8850698056428328 0.007983788200046705 0.008700578109077785
0 0.6965103149414062 0.8876948149307913 0.009031876273777174 0.008506111476732336
0 0.8115546599678372 0.22292820267055347 0.00825699515964674 0.007367320682691492
0 0.9078701475392217 0.5122261047363282 0.007631840913192085 0.007397029710852582
0 0.7901647401892622 0.011589656705441683 0.008440681125806726 0.007805876109911047
0 0.7697607123333475 0.6543513795603876 0.008348133253014606 0.008484591608462126
0 0.7251739916594131 0.7327164774355681 0.00913039497707201 0.012524397476859715
0 0.648767554241678 0.92176572136257 0.00992683742357337 0.009331620257833729
0 0.6770945217298424 0.9211550588193147 0.009124963179878567 0.009393111519191576
0 0.6760265516198198 0.9462844392527704 0.006642548934273098 0.008516601894212805
0 0.6309256346329398 0.6590235129646633 0.012781889542289402 0.010092403577721638
0 0.857416173686152 0.8836271244546642 0.008931325829547384 0.0092309454213018
0 0.8393257804538894 0.40167687250220263 0.008215199346127718 0.008929231892461363
0 0.7228283674820609 0.9627231307651685 0.008139154185419497 0.009542838386867357
0 0.6195396858712902 0.9332304830136507 0.010639460190482761 0.008177467014478601
0 0.8249724014945652 0.257530108742092 0.00865861643915591 0.007354694864024286
0 0.86810360784116 0.04227258848107379 0.009496191273564878 0.008715899094291355
0 0.6135470867156981 0.7978412172068721 0.009229639302129332 0.010120267453400986
0 0.8724788790163788 0.41542914121047303 0.011487670566724695 0.008879008500472359
0 0.8035471128380817 0.07214166288790495 0.009070189102836277 0.008248961490133534
0 0.7470744589100713 0.7349039989969005 0.008170915686565897 0.008158227671747622
0 0.5770375832267429 0.4334717004195503 0.013436234515646229 0.009749661321225374
0 0.748149705969769 0.9601347342781401 0.008014347242272419 0.009761685910432236
0 0.6853420216104259 0.9665456647458285 0.007391680841860564 0.008365506711213486
0 0.6354825393013332 0.33513155903505243 0.009706911833389946 0.009857834681220676
0 0.7316856591597848 0.9879518177198328 0.006753133690875509 0.006522966467815897
0 0.8072532363559888 0.9039489289988641 0.009548477504564367 0.009163193080736242
0 0.6608976903169053 0.822226628013279 0.00854629019032354 0.009102157924486242
0 0.5369093832762345 0.7180333344832711 0.010853456414264183 0.009017778479534647
0 0.7030250093211298 0.9600107151529064 0.00879507479460343 0.009557848391325577
0 0.7831854612930961 0.6665994499040686 0.009526708851689878 0.008955810381018597
0 0.8711829600126848 0.6925053596496582 0.009335352026897928 0.009040293486221977
0 0.6300825865372367 0.3759878718334695 0.008694358493970789 0.01054301469222359
0 0.7855370148368503 0.023405934805455414 0.008222248243248981 0.008881311053815096
0 0.6401868695798127 0.9252347116884979 0.009087396704632303 0.008692451145337976
0 0.5025939008463984 0.8329477932142175 0.010570339534593664 0.009999441063922384
0 0.6005321274632993 0.6539341055828592 0.009757726088814114 0.011790317037831182
0 0.7113207734149435 0.8930290885593581 0.009166924849800442 0.009005339249320652
0 0.6277807795483134 0.4690847241360208 0.00938583456951639 0.011486747990483824
0 0.6968312056168265 0.9462188637774923 0.0071503183116083556 0.008076543393342392
0 0.9318443588588547 0.5312443505162778 0.006206802699876867 0.006652852763300357
0 0.7852989901667056 0.34997691797173536 0.008541480354640795 0.008660378663436226
0 0.5946016518966012 0.6731585834337317 0.008349086927331013 0.007954016975734545
0 0.6752540754235309 0.8342106238655422 0.008770901223887568 0.01117469953454059
0 0.6859590488931407 0.9876976635145104 0.007976656374724014 0.00697164950163468
0 0.7960456350575323 0.08065352232559868 0.008888659269913383 0.008823332579239555
0 0.625912738882977 0.651557445526123 0.00992063854051673 0.012444496154785156
0 0.8961387717205546 0.6842368582020636 0.00926382645316746 0.009222859921662704
0 0.7039320572562837 0.9815822269605553 0.008898859438688858 0.007792763088060461
0 0.795052714969801 0.7524535966956097 0.008124434429666271 0.008319854736328125
0 0.5945040557695471 0.7444642730381179 0.009246432262918224 0.009604122327721638
0 0.8204397947891898 0.2134844945824665 0.008534224137015965 0.008311893628991169
0 0.6216205617655879 0.9625407923822817 0.011367403942605724 0.013224643209706182
0 0.8125141185262929 0.47660895534183667 0.007418632507324219 0.007550249929013459
0 0.7002727674401324 0.9884847558063008 0.007175279700237772 0.006201868471891984
0 0.7816974391107975 0.12583329884902292 0.007363195004670516 0.007007609242978303
0 0.7557566891545835 0.9504795696424402 0.008272710053817085 0.009014171102772589
0 0.8756654158882473 0.9883374338564666 0.0071912848431131115 0.005640942117442255
0 0.7541640115820843 0.8155498711959176 0.00844636170760445 0.010498751764712126
0 0.7643327713012695 0.9517662214196246 0.008409665978473166 0.013631903606912365
0 0.7905320499254309 0.6555550824040952 0.00816946444304093 0.0086395844169285
0 0.8199191093444823 0.06163453796635503 0.01021588366964589 0.009592362072156824
0 0.8563482243081798 0.7669569927713146 0.011294862498407778 0.017510538515837296
0 0.8075788124747898 0.7075923629429028 0.00797159775443699 0.010134614032247791
0 0.8404133216194484 0.8742775295091713 0.009491837542989979 0.008890815403150476
0 0.49404927440311597 0.8259468700574791 0.008909816327302353 0.008676819179369055
0 0.6061185235562533 0.8213045078775157 0.011767739834992783 0.011579555013905401
0 0.6280944347381591 0.3614109197388525 0.009736123292342476 0.010331431160802427
0 0.8666057793990426 0.8396414259205693 0.010685174361519192 0.008181903673254925
0 0.7855640079664147 0.12630701583364737 0.007748811141304348 0.006837461305701215
0 0.8187961993010149 0.4811520161836044 0.008470784062924593 0.007672641588293988
0 0.629524687062139 0.47534286975860596 0.009791332742442255 0.009042584377786388
0 0.48745507261027465 0.8319300568622091 0.008968591690063477 0.009301185607910156
0 0.6296294979427172 0.36733619026515796 0.0076835673788319455 0.009320549342943274
0 0.7640324053557024 0.9171379338140072 0.010336005169412365 0.008815516596255095
0 0.6818257829417353 0.9464763973070227 0.008186298867930536 0.0069687055504840355
0 0.6689651945362921 0.46411989046179725 0.009456095488175102 0.009693104287852411
0 0.8985090463057809 0.9435726248699686 0.00897917540177055 0.008684655894403872
0 0.8181521788887356 0.7647456086200216 0.007822534312372622 0.007806736490000849
0 0.4882398688274881 0.8194432465926461 0.008316454680069633 0.009241021197775135
0 0.5994201328443445 0.6646191140879756 0.008843546328337296 0.009204532789147419
0 0.6165167870728866 0.4204398704611737 0.009108729984449304 0.009859136913133703
0 0.7897362501724906 0.1045919138452281 0.008121905119522758 0.008579243784365446
0 0.6927069581073263 0.9048075675964354 0.008387648540994396 0.007549576137376867
0 0.7994434107904849 0.43547567077305005 0.0065474302872367525 0.007264614105224609
0 0.7518968167512312 0.8097027903017792 0.008534472921620245 0.009278173032014267
0 0.9073580658954121 0.4678576096244481 0.008757342462954313 0.012591486391813858
0 0.6922587726427161 0.9518866746321969 0.008223699486773947 0.0065492547076681385
0 0.8098576172538425 0.9485665818919307 0.011154091876486073 0.008959604346233866
0 0.780890298926312 0.7677487497744353 0.008979299794072691 0.009765459143597147
0 0.9168327994968579 0.5609098517376444 0.007361536440641984 0.007474484650985054
0 0.8799250229545261 0.94097435992697 0.00914863918138587 0.011019084764563519
0 0.583769590958305 0.7809872212617295 0.00812605152959409 0.008350082065748133
0 0.6761188714400582 0.899362149445907 0.006457909293796705 0.007464201554008152
0 0.7499201608740765 0.762853021207063 0.009793613267981487 0.009044025255286175
0 0.7817849076312521 0.8359330633412236 0.010429589644722317 0.01012984566066576
0 0.7565519498742145 0.7851158846979556 0.008651899254840353 0.009332283683445143
0 0.713397565095321 0.877527091814124 0.007845256639563519 0.009092704109523607
0 0.6769354032433551 0.8580302570177161 0.008646425993546196 0.008917062178902004
0 0.7858063241709834 0.1423950091652248 0.0073743903118631115 0.008502400439718494
0 0.7199728385261867 0.8077572946963103 0.008898652118185291 0.00902731522269871
0 0.9169650907101838 0.5533783228501029 0.007010294043499491 0.009323265241539997
0 0.62747453606647 0.6744778052620265 0.00922368920367697 0.007933533709982166
0 0.5581564903259277 0.95925642096478 0.00866910685663638 0.008981124214504076
0 0.6406566371088444 0.9178796436475671 0.00701041843580163 0.007616291875424592
0 0.7688963309578274 0.9216649843298872 0.010635583297066067 0.010308224221934443
0 0.6073698168215543 0.8095866078915803 0.00792619456415591 0.01257224704908288
0 0.798600093178127 0.6424523125524105 0.00804175501284392 0.008807949397874914
0 0.7902425268422002 0.0938118022421132 0.008875971255095108 0.008426977240520975
0 0.665610810984736 0.47840024077374005 0.010547306226647419 0.009391805400019106
0 0.6194404933763586 0.8962310086125913 0.009531601615574049 0.009766412817913553
0 0.6389243084451427 0.6544890611068063 0.009464098059612772 0.010997025862984035
0 0.6546992115352464 0.8544398598048999 0.008279530898384426 0.008076128752335258
0 0.8678894872250764 0.8315496859343154 0.009355959684952446 0.010578653086786684
0 0.7852328134619672 0.03638942474904268 0.007689393084982166 0.008660593758458677
0 0.6787209303482719 0.9819537245708964 0.00887373219365659 0.00756848376730214
0 0.8856453688248344 0.9561654381130051 0.008491599041482677 0.008750335029933764
0 0.7787524306255839 0.662275853364364 0.009569790052331013 0.011544849561608356
0 0.8272973972818126 0.8194978962773862 0.009702060533606487 0.009521816087805706
0 0.8387237009794817 0.8155504516933274 0.008570671081542969 0.007927811664083729
0 0.7901785062706987 0.13472835395647131 0.007508651069972826 0.0074642741161844006
0 0.686977821847667 0.9429539597552755 0.007205838742463485 0.007252195607060971
0 0.9079561648161514 0.8728439704231594 0.008200935695482336 0.00960503453793733
0 0.6864497557930324 0.8595182999320653 0.00929061226222826 0.009144243986710258
0 0.6524349191914434 0.9318985939025879 0.01028647630111031 0.009082835653553839
0 0.8001861157624617 0.08538506342017133 0.009295670882515285 0.00779643266097359
0 0.703141979549242 0.9681845333265222 0.00885810022768767 0.008426376011060633
0 0.6432790963546091 0.6624125397723652 0.009403021439262058 0.009361557338548742
0 0.8972091260163682 0.688811613165814 0.008398304814877718 0.008876427360202955
0 0.829622807710067 0.8053763223731 0.00917028344195822 0.010546020839525305
0 0.7192130930588192 0.9405908980902363 0.008905410766601562 0.00851166766622792
0 0.7311272861808691 0.9615598779850442 0.008905410766601562 0.00851166766622792
0 0.739705505228745 0.9610833102601624 0.008905410766601562 0.00851166766622792
