0 0.40964699999999993 0.19565200000000002 0.009511 0.01087
0 0.415761 0.204484 0.008152 0.009511
0 0.41711999999999994 0.22146700000000002 0.01087 0.01087
0 0.42255400000000004 0.21467399999999998 0.008152 0.008152
0 0.429348 0.206522 0.01087 0.008152
0 0.43002700000000005 0.18070699999999998 0.012228 0.013587
0 0.429348 0.19633199999999998 0.008152 0.009511
0 0.43953799999999993 0.189538 0.009511 0.014946
0 0.46399500000000005 0.190897 0.012228 0.012228
0 0.47961999999999994 0.189538 0.01087 0.012228
0 0.4802989999999999 0.17798900000000004 0.009511 0.01087
0 0.490489 0.186141 0.01087 0.013587
0 0.67731 0.10597800000000002 0.009511 0.008152
0 0.6875 0.10394 0.008152 0.009511
0 0.691576 0.080163 0.008152 0.008152
0 0.695652 0.102582 0.008152 0.009511
0 0.69769 0.067255 0.009511 0.009511
0 0.7044840000000001 0.08288000000000001 0.012228 0.008152
0 0.705163 0.094429 0.01087 0.009511
0 0.7126359999999999 0.069293 0.009511 0.01087
0 0.716712 0.092391 0.006793 0.01087
0 0.71875 0.10462000000000002 0.01087 0.01087
0 0.720788 0.080842 0.012228 0.009511
0 0.721467 0.05570699999999999 0.01087 0.01087
0 0.7248639999999998 0.069293 0.014946 0.01087
0 0.726902 0.091712 0.008152 0.009511
0 0.7323370000000001 0.09850500000000001 0.008152 0.009511
0 0.733696 0.094429 0.008152 0.009511
0 0.734375 0.05978300000000001 0.009511 0.008152
0 0.7357340000000001 0.08220100000000001 0.012228 0.009511
0 0.7404889999999998 0.052309999999999995 0.01087 0.009511
0 0.741848 0.069293 0.01087 0.008152
0 0.746603 0.03125 0.012228 0.01087
0 0.7486409999999999 0.06114100000000001 0.01087 0.008152
0 0.7513589999999999 0.078804 0.01087 0.01087
0 0.7540759999999999 0.045515999999999994 0.01087 0.012228
0 0.76019 0.023777 0.009511 0.012228
0 0.761549 0.055027 0.009511 0.009511
0 0.762908 0.036684999999999995 0.009511 0.008152
0 0.768342 0.046875 0.006793 0.009511
0 0.77038 0.029891 0.01087 0.008152
0 0.7717390000000001 0.05638599999999999 0.008152 0.009511
0 0.779212 0.032609 0.006793 0.01087
0 0.7805709999999999 0.047554 0.009511 0.01087
0 0.7826089999999999 0.018342 0.01087 0.012228
0 0.786685 0.032609 0.01087 0.008152
0 0.793478 0.050950999999999996 0.008152 0.012228
0 0.7975540000000001 0.038042999999999993 0.008152 0.01087
0 0.7975540000000001 0.023098 0.008152 0.008152
0 0.80163 0.014946 0.008152 0.005435
0 0.8057070000000001 0.023098 0.008152 0.008152
0 0.814538 0.015625 0.009511 0.006793
0 0.8213319999999998 0.025815 0.009511 0.008152
0 0.824728 0.014266 0.008152 0.004076
0 0.827446 0.044836999999999995 0.01087 0.01087
0 0.8322009999999999 0.036684999999999995 0.009511 0.01087
0 0.8376359999999999 0.046196 0.009511 0.01087
0 0.8423910000000001 0.037363999999999994 0.008152 0.006793
0 0.8430709999999999 0.014266 0.009511 0.004076
0 0.84375 0.023098 0.008152 0.01087
0 0.848505 0.05163 0.009511 0.008152
0 0.855978 0.036684999999999995 0.008152 0.01087
0 0.8600540000000001 0.019701 0.008152 0.009511
0 0.8627720000000001 0.04347800000000001 0.008152 0.008152
0 0.871603 0.014266 0.012228 0.004076
0 0.8709240000000001 0.022418 0.008152 0.009511
0 0.8716029999999999 0.032609 0.009511 0.008152
0 0.872283 0.047554 0.008152 0.008152
0 0.882473 0.023098 0.006793 0.008152
0 0.88587 0.047554 0.01087 0.01087
0 0.887908 0.035326 0.012228 0.01087
0 0.892663 0.029891 0.008152 0.008152
0 0.89538 0.02038 0.008152 0.01087
0 0.9001360000000002 0.029891 0.006793 0.008152
0 0.901495 0.014266 0.009511 0.004076
0 0.922554 0.016304 0.01087 0.008152
0 0.933424 0.016304 0.005435 0.008152
