0 0.07079203801258653 0.17614564688309384 0.007267262220353727 0.008252458609678312
0 0.16018139279407 0.30817638272824494 0.011644415233446203 0.011304668758226477
0 0.07099972910155326 0.12842502397455072 0.0076023615525787356 0.008617458741530365
0 0.21638788347658905 0.14695026045260223 0.012018597644308338 0.011972437734189241
0 0.16810879500015918 0.29154225017713464 0.012084421904190727 0.011360769686491592
0 0.09462180243989897 0.14998174548356816 0.008145408667661653 0.009226798741694455
0 0.21668946224710214 0.29782860175423 0.011972924937372622 0.01209800139717434
0 0.2215992160465406 0.9451823856519617 0.009438452513321587 0.009281987729279892
0 0.16027741328529693 0.25797267582105554 0.011326717293780784 0.01155077892801036
0 0.08824279155524076 0.2181942286563946 0.006620855468217607 0.008508397925397091
0 0.3253404368524966 0.4910681506861811 0.010315604831861414 0.011001389959584112
0 0.1818705538044805 0.66486584621927 0.010666411855946417 0.010805834894594938
0 0.1301293528598288 0.7849903314009958 0.011183500289916992 0.010844313580056896
0 0.12522740898548126 0.23533008799965813 0.005342045319544514 0.005757306268890658
0 0.1858299547237014 0.1575319620930562 0.005182194614329205 0.009121367784135604
0 0.3292100385803243 0.35059185779612995 0.01074184380147768 0.01164607638898103
0 0.11353622830432394 0.6096739872642185 0.00969522932301397 0.009879298832105554
0 0.08170839597245726 0.15869851633362347 0.007936908456522684 0.008798746117278357
0 0.07388866984325906 0.348577530487724 0.011926775393278702 0.012152236440907354
0 0.261658647786016 0.05895456282988839 0.012751289035962976 0.012967031934986944
0 0.32988819868668273 0.5982842030732528 0.009993926338527514 0.009615898132324219
0 0.12066322824229364 0.2610985818116562 0.011931336444357166 0.010967938796333645
0 0.10401793666507887 0.3697813490162725 0.011017685351164444 0.011436006297235903
0 0.1582709499027418 0.12010661415431809 0.011266708374023438 0.01170150093410326
0 0.3221918130698411 0.4272564079450525 0.010809637930082239 0.010435975116232166
0 0.21837702004805856 0.039922243875005974 0.011902373770008917 0.011904102304707403
0 0.0723199637039848 0.3072810069374416 0.010396179945572563 0.010901637699293054
0 0.20132009879402496 0.19955317870430325 0.010286020196002464 0.012323338052500849
0 0.17368550404258395 0.35217715346294903 0.011678042619124702 0.011638330376666527
0 0.3481414110764214 0.334728033322355 0.012442080870918606 0.012778573062108911
0 0.25641751289367676 0.3582635107247726 0.00981270748635997 0.009790912918422533
0 0.1511204346366551 0.8338916820028554 0.010162436443826427 0.01020601521367612
0 0.10206726740339722 0.23201748383770235 0.007211369622241077 0.00818856243047919
0 0.12329891453618588 0.2785018008688222 0.010799594547437586 0.01101883597995924
0 0.18212127685546875 0.6491439238838527 0.010670952174974524 0.010766734247622282
0 0.21816003840902579 0.3669848390247511 0.011053520700205927 0.011941028677898903
0 0.22832263034322992 0.9187120976655381 0.00976773966913638 0.009124465610670008
0 0.18746956535007642 0.42004956369814667 0.010236781576405401 0.010436970254649286
0 0.23332280698029895 0.18340459077254587 0.01120393172554348 0.01150239032247792
0 0.24142017571822458 0.7692644285119097 0.009609657785166864 0.009055676667586617
0 0.2639717795900627 0.027485303694263122 0.0070330220242798645 0.007976473555330526
0 0.17111145931741464 0.37130758814189746 0.011551856994628906 0.011554370755734652
0 0.21053864644921344 0.024596739722334816 0.011406338733175526 0.011842272851778112
0 0.13588108705437701 0.2817152583080789 0.011545730673748512 0.011660223421843155
0 0.23820881221605383 0.10403976233109184 0.010813754537831182 0.011147001515264097
0 0.3435232017351233 0.3804067606511323 0.01098166341366975 0.011421550875124723
0 0.19114455969437308 0.5869549668353536 0.010081975356392239 0.009986338408096977
0 0.08745742729332412 0.10068794847674699 0.005824696808224033 0.009027229870895534
0 0.2515407437863557 0.3442154293474944 0.010531010835067085 0.012451534685881241
0 0.18366940125175144 0.6310019389442776 0.010430501854938011 0.009770040926725967
0 0.30143145785227765 0.04201321880194968 0.005512147888893275 0.005945176777603386
0 0.12041714398757271 0.03740523949913357 0.011737460675446884 0.01139950233957042
0 0.19250166934469473 0.10157910118932309 0.01018536609152089 0.010022588398145594
0 0.24431192356607187 0.9702408002770465 0.011746966320535412 0.010745504628057066
0 0.29176151234170666 0.9504627766816514 0.009420083916705587 0.008228011753248133
0 0.15370251303133758 0.3731983329938806 0.011378132778665295 0.011286175769308338
0 0.20233329482700513 0.35328298029692284 0.011555194854736328 0.01147442278654679
0 0.27596639550250507 0.2977069668147875 0.010106791620669157 0.01056374674258025
0 0.20680491820625638 0.46675398038781213 0.009403353152067764 0.009326395781143852
0 0.09115790284198264 0.7920369065326192 0.010414621104364809 0.010928071063497791
0 0.15930890000384787 0.1909977664118228 0.011648178100585938 0.011014150536578636
0 0.15610660159069562 0.5731880146524181 0.011614747669385828 0.010151033816130264
0 0.1714809821999591 0.7466512348340906 0.010743193004442297 0.010780500329059105
0 0.2170344124669614 0.6179301013117251 0.010091429171354874 0.01011869181757388
0 0.16547635327214777 0.6038003589795984 0.009407831274944803 0.00962265678074049
0 0.1568681053493334 0.7723614029262378 0.01195669174194336 0.011453255363132641
0 0.31265927397686505 0.22828278334244437 0.010840270830237347 0.010878479999044666
0 0.2404581463855246 0.06473910031111343 0.01167216508284859 0.013730489689370861
0 0.320012589569384 0.9558495415989641 0.00723448546468191 0.00910030182544022
0 0.24346270768538766 0.5285046307936959 0.00983428955078125 0.009760504183561905
0 0.3329601435805252 0.6499780795257927 0.005910664853941408 0.005508265503223384
0 0.11720369691434115 0.8909505139226499 0.010240565175595491 0.010714613873025646
0 0.19836284803307574 0.1272102283394855 0.010929439378821331 0.00974757775016453
0 0.22445364620374597 0.9297097869541335 0.010164654773214588 0.011512549027152683
0 0.21960646173228388 0.3382116297016973 0.0113226434458857 0.011806259984555452
0 0.2605788974422781 0.26055380552735713 0.005942120845007229 0.007676200870025822
0 0.18011772114297617 0.8154375864111859 0.010935638261877972 0.01071992127791695
0 0.17874189563419507 0.10849801872087561 0.011362687401149586 0.011385181675786558
0 0.3203925906503444 0.40612954185288375 0.0076414757277087735 0.008018942321228385
0 0.14435198514357858 0.2652569231779679 0.011672175448873768 0.012407427248747452
0 0.16506485835365628 0.5082055174786112 0.010182245917942211 0.01069504281748896
0 0.23199112518973972 0.38646913093069324 0.00990307849386464 0.009675907052081564
0 0.23493535622306488 0.03441080451011658 0.011104397151781164 0.011408844719762388
0 0.17172792569035283 0.04549177358668203 0.006511237646135913 0.006011832776238331
0 0.29470149330470874 0.8271953748620073 0.01003501726233441 0.01180831245754076
0 0.2051605038020922 0.9040842885556427 0.009546093318773352 0.00927460711935292
0 0.12312861629154372 0.4015226778776749 0.012103982593702234 0.011275747547978941
0 0.3010232033936874 0.4654624565787938 0.010900393776271656 0.011174533678137737
0 0.25409302504166315 0.10387382818304973 0.011346609696097996 0.010955779448799465
0 0.25582861900329584 0.9595828056335448 0.010512538578199304 0.010463838991911514
0 0.22311718567557956 0.1947871602099875 0.011043092478876528 0.010480320971945057
0 0.10440720164257547 0.5404824173968771 0.00881567208663277 0.008547202400539232
0 0.23352959881658142 0.33105676961333863 0.01069398548292077 0.010612926081470821
0 0.10460949980694315 0.20284702466881793 0.01110313249670941 0.010747370512589165
0 0.22792169322138245 0.09408533573150635 0.010972354723059612 0.011412382125854492
0 0.20052618565766708 0.744020068127176 0.009886555049730383 0.010058071302331013
0 0.11503204573755679 0.5616126993428106 0.011031327040299126 0.009421327839726988
0 0.20432855771935504 0.33628527301809064 0.010943744493567425 0.011209598054056582
0 0.32009710940948305 0.5237773780230242 0.006670203901756099 0.006979923058638721
0 0.19394837255063263 0.9546768561653469 0.009894371032714844 0.010529766912045687
0 0.11466270728939967 0.22528833726385752 0.008033142595682552 0.009120451670092174
0 0.13589780226997708 0.019330134858255802 0.011570971945057745 0.010695439317952032
0 0.2585102371547533 0.9478547262108844 0.009893251501995584 0.00970446545144786
0 0.2720555015232252 0.2275362429411515 0.010656315347422724 0.010387793831203296
0 0.25445154438848083 0.8256896889728048 0.010520064312478771 0.009872934092646059
0 0.11768014951996376 0.17743574946962987 0.007828206277907016 0.008610138443224499
0 0.09681469979493515 0.4837355406387993 0.008958619573841925 0.009425951086956522
0 0.13076448440551758 0.3174938222636347 0.010280588398809019 0.010748469311258068
0 0.13372155894403873 0.5896065546118695 0.010076274042544157 0.009833833445673403
0 0.14156488750291907 0.03253234598947608 0.010483492975649626 0.011115760906882908
0 0.2246013309644616 0.4946567701256794 0.00988317572552225 0.010186485622240149
0 0.18439361323481018 0.951687128647514 0.009029222571331522 0.008785869764245075
0 0.13412115171371164 0.06316177886049909 0.007112525129266134 0.0076020080980737734
0 0.1076591325842816 0.4932477163231891 0.009177456731381624 0.00914826600447945
0 0.1578507838041886 0.6349556342415188 0.009877661000127378 0.010009060735287874
0 0.29309936191724695 0.2224012354145879 0.01072066763172979 0.010738683783489723
0 0.1965893040532651 0.6511157077291737 0.01041511867357337 0.009970043016516644
0 0.1571962366933408 0.07391613462696904 0.011277271353680153 0.01147107456041419
0 0.096013432783493 0.42246944592159025 0.00598013333608999 0.006261487171697494
0 0.2420288894487464 0.23530230314835257 0.010672755863355554 0.010278370069420856
0 0.11994160258251688 0.3209741219230321 0.011671263238658075 0.010811183763586956
0 0.14337950685749884 0.5781628774560016 0.01013271704964016 0.010214888531228771
0 0.2847815325944242 0.1490327189828855 0.007051368004315839 0.008470853662426945
0 0.0909498929977417 0.3047466278076172 0.010403560555499534 0.010597643644913383
0 0.09231037678925888 0.49501670961794647 0.008626046388045601 0.009238429691480554
0 0.21203455717667288 0.32504412175520614 0.011348475580630095 0.01134840884934301
0 0.10741527702497403 0.6905107290848441 0.00951274581577467 0.010126487068507984
0 0.15963800575422205 0.8060068462205969 0.010384072428164274 0.010562067446501358
0 0.12880750842716382 0.6377034083656643 0.010548684907996136 0.011365455129872198
0 0.12984222641509607 0.17710825253983994 0.006803058083128202 0.0075114453191034965
0 0.10300030397332233 0.7365430127019468 0.011259172273718792 0.010647193245265796
0 0.2573968638544497 0.32952224884344183 0.009858214336892834 0.010268435530040577
0 0.11497492375581161 0.8566682442374851 0.009848636129628057 0.009509003680685291
0 0.08203415767006252 0.3636737284453019 0.010509812313577404 0.009939401046089504
0 0.09225162215854811 0.7250495993572733 0.010579627493153448 0.012063150820524796
0 0.263337923132855 0.08603600833726965 0.011575076891028362 0.011805472166641899
0 0.10653571978859279 0.43501808332360303 0.010812023411626402 0.009833957837975544
0 0.11681907281979359 0.08394256932528021 0.006707813024491942 0.007967537031977884
0 0.31408812688744586 0.37080596840899915 0.010757467021112856 0.010448994843856148
0 0.2330244209455407 0.46590292972067127 0.009624377540920092 0.009507428044858187
0 0.12063427075095799 0.5971395243769106 0.010156247926794964 0.011146379553753395
0 0.17433445349983548 0.5777666983397111 0.01065119453098463 0.010506318963092308
0 0.2828619791113812 0.3577436312385228 0.009591558705205503 0.010195701018623684
0 0.20762693363687262 0.5346826885057532 0.009847578795059868 0.009351979131283968
0 0.28220700181048847 0.09930515807607898 0.010469872018565302 0.010333838670150093
0 0.30996429401895276 0.324949658435324 0.010176389113716457 0.01004803698995839
0 0.0942757125570293 0.4365851642810146 0.007422284627305261 0.007449065458296047
0 0.17074268797169562 0.14039230346679688 0.011365703914476477 0.010629467342210852
0 0.11139067877893863 0.5877535239509915 0.009999679482501486 0.01137381014616593
0 0.2455721958224101 0.2643403209887717 0.00691254021575834 0.007324898281472642
0 0.14833156036155312 0.8812815271607954 0.00773954619254618 0.007054250545757258
0 0.16509433932926346 0.08479630169661148 0.011354394581006922 0.010177783344102942
0 0.2856799239562895 0.020633254875297827 0.00673671956058274 0.007498768393854935
0 0.23738444369772208 0.5380572028782056 0.009469322536302649 0.009275104688561481
0 0.2158889148546302 0.6058756061222241 0.009380589360776155 0.010737481324569038
0 0.0962106818738191 0.38348038300223974 0.009804487228393555 0.009700236113175102
0 0.10826941676761793 0.819499223128609 0.011110253956006922 0.011246059251868206
0 0.20155621440356575 0.5239424751785936 0.005467689276441407 0.005664309358022668
0 0.21997296291848886 0.7848183590432872 0.008998870849609375 0.008716334467348845
0 0.3045069756715194 0.12351414431696353 0.010434171427851137 0.010906675587529722
0 0.3088578866875691 0.2109693993691705 0.009649572905228514 0.009789380670767088
0 0.06934949366942696 0.8687876411106277 0.010332527367965035 0.011118847390879755
0 0.10548862167026687 0.7591443891110627 0.010714365088421364 0.01133591195811396
0 0.30852248357689893 0.6513808084570843 0.008838923081107761 0.010136438452679176
0 0.1923423850018045 0.1429592111836309 0.011603355407714844 0.011563694995382557
0 0.2560200396348245 0.27182310963121764 0.007363978196394028 0.008158427144889619
0 0.325841001842333 0.8473715989486031 0.009299216063126274 0.011543190997579823
0 0.25700602324112604 0.6599000744197681 0.009739295296047045 0.009883984275486158
0 0.11970318508044818 0.05901898558968984 0.007521392529910947 0.009203938627229546
0 0.08268837306810461 0.7549715456755264 0.010150847227677055 0.012086287788722828
0 0.12487648355960365 0.20392805072016845 0.007918421929801963 0.008790486549276945
0 0.27447235065957776 0.8191580357758896 0.00911092758178711 0.009238326031228771
0 0.1498051000678021 0.019634482653244682 0.010304513184920601 0.009610269380652386
0 0.32486491617949115 0.1972956657409668 0.009191492329473082 0.011803709942361584
0 0.14467885701552682 0.7511925904647164 0.011608548786329187 0.011203019515327785
0 0.317350285051866 0.923568078108347 0.006593652734417124 0.0055982459395180414
0 0.0935656557912412 0.7733722977016282 0.01021253544351329 0.010099535403044327
0 0.3259517829055371 0.9119600213092306 0.009621204241462376 0.01004426375679348
0 0.10711596841397494 0.6223723059115203 0.01030620284702467 0.009616374969482422
0 0.2602136549742326 0.16163420677185059 0.010821072951607082 0.010564887005349865
0 0.14492274885592255 0.32522205846465146 0.010722585346387781 0.01130867328332818
0 0.23076562259508218 0.4539899515069049 0.009027211562446926 0.010140294614045517
0 0.33834082147349487 0.3584695315879325 0.012785372526749321 0.011601357356361721
0 0.19946985659391983 0.09563485954118811 0.009656657343325407 0.009873960329138714
0 0.06826233345529306 0.7389193410458772 0.010346298632414444 0.011360500169836956
0 0.3262489360311757 0.7026251502659011 0.008329889048700747 0.007399351700492527
0 0.18034629199815833 0.8995554136193317 0.009380278380020805 0.009592968484629755
0 0.16485606069150177 0.8591171969538149 0.009731334188710089 0.01001503156579059
0 0.20730923569720722 0.6110493100207784 0.009915621384330418 0.010214867799178413
0 0.24977644630100418 0.5576765848242718 0.010290643443231997 0.009692440862241
0 0.30956644381854254 0.14016513498657657 0.00664584479120811 0.0073135764764334695
0 0.292447857234789 0.30785255846769916 0.010741855787194294 0.010823581529700237
0 0.16535724454651793 0.05288826116789456 0.006661590918221522 0.007085688904032293
0 0.2880646145862082 0.9795912659686543 0.010586966638979704 0.012028113655422046
0 0.11164638889768652 0.10771474105896664 0.007442138074761033 0.006949496901524858
0 0.06949026688285496 0.8521284849747367 0.01004797479380732 0.010966093643851902
0 0.14270902198293936 0.8663752597311268 0.010060362193895422 0.010078513103982677
0 0.1786014152609784 0.9132349387459133 0.01000208440034286 0.00968821152396824
0 0.18775732620902683 0.500934186189071 0.010766153750212296 0.010326385498046875
0 0.2261218871189345 0.06024389011860183 0.005134521668838198 0.006979795648704008
0 0.24075133904166843 0.08287962364113849 0.012705409008523693 0.011835497358570929
0 0.29886733967324963 0.08586814351703811 0.011443241782810375 0.012973303380219833
0 0.22939906949582306 0.2076392277427342 0.009994859280793564 0.010520043580428413
0 0.10868564377660336 0.8710857059644617 0.009562875913537067 0.009203371794327446
0 0.10464184698851213 0.8445937115213146 0.01072604759879734 0.010257720947265625
0 0.1801022032032842 0.7308665980463442 0.009443946506666101 0.008595425149668818
0 0.15853472896244214 0.4093189369077268 0.011441531388655952 0.010756591091985289
0 0.17571383973826535 0.4394308069477911 0.009909982266633408 0.010015674259351648
0 0.30212761008221173 0.11038823231406834 0.009859126547108526 0.009560201479041058
0 0.1857245694036069 0.35474391994269 0.010107703830884851 0.01146707068318906
0 0.18610637084297513 0.08576081110083537 0.014336046965225883 0.012387897657311481
0 0.260317325592041 0.9876084742338762 0.010049819946289062 0.010296489881432575
0 0.2995392239612082 0.8572812702344812 0.009555008100426716 0.009720760843028193
0 0.26600403371064557 0.8090776982514754 0.01039805619612984 0.012932113979173742
0 0.31572246551513666 0.4815336517665697 0.010210742121157438 0.013093243474545687
0 0.07873714747636215 0.9163735016532564 0.010245514952618141 0.011750345644743546
0 0.1719754986141039 0.5920485413592794 0.010681670645008917 0.010091657223908798
0 0.2523525072180707 0.5146849570067034 0.010280360346255095 0.01029000074967094
0 0.23374070291933804 0.42176454481871234 0.009839472563370415 0.009419638177622919
0 0.28674438926670404 0.4374574035866638 0.00514633377118703 0.007352299609701121
0 0.18686786941860034 0.33288024819415546 0.011217718539030655 0.011176192242166271
0 0.30229149694028107 0.4967500126880149 0.010728504346764606 0.010252807451331097
0 0.2239463121994682 0.8967056689055071 0.009423401044762653 0.009007163669752039
0 0.22765914253566574 0.6676072037738301 0.009094694386357847 0.010000353274138077
0 0.2876052649124809 0.234130455100018 0.009655040243397589 0.009579015814739725
0 0.16025951115981396 0.9366861218991487 0.008931564248126486 0.009103070134701937
0 0.29877707124896363 0.33435316952622346 0.00787049346797344 0.007733971620621527
0 0.14069152396658194 0.6253085758375085 0.012436814930128015 0.010287989740786345
0 0.3034778574238653 0.8820503069006879 0.009116152058476988 0.009057418159816576
0 0.12959122664514275 0.2231500614570486 0.006395074083457428 0.007246566451085285
0 0.23093111618705414 0.9074632810509723 0.009212784145189367 0.00880257979683254
0 0.1919396035349722 0.05733361040924196 0.006012569773674564 0.005272271738837185
0 0.21071094015370243 0.09080206570417984 0.010151324064835258 0.010525065919627314
0 0.2766789975373641 0.8460287425829017 0.009113104447074558 0.008979880291482677
0 0.14693575838337775 0.11986599797787875 0.01153391340504522 0.012030953946320908
0 0.08407546126324197 0.8255245996558148 0.010817527770996094 0.00975488579791525
0 0.1392147281895513 0.3655655073082965 0.010191036307293434 0.010676010795261547
0 0.18528256209000302 0.8818174030469812 0.009379552758258322 0.009986379872197691
0 0.22618323823680042 0.5878223025280497 0.01028187378593113 0.009943982829218325
0 0.3105879244597062 0.3912801535233207 0.011293038077976391 0.011336907096531079
0 0.29627066073210345 0.3770005132841028 0.009912159131920856 0.010367279467375382
0 0.23412689754014923 0.44309792633412415 0.006960212657475348 0.0068383903242872825
0 0.13809211876081384 0.34280241442763293 0.009614581647126572 0.009660293226656706
0 0.27585029602050787 0.36767776763957477 0.009579824364703634 0.009731963924739672
0 0.2290074099665103 0.9624901439832605 0.009070023246433424 0.009221989175547724
0 0.07216725660407025 0.8005109040633492 0.01007422156955885 0.009558304496433424
0 0.07983774983364615 0.42145177425476665 0.0056224269024691765 0.00667163348219133
0 0.11045509216681942 0.09659183637887846 0.005229630084616832 0.005029393749611325
0 0.19416468551365734 0.04566101082821678 0.006790154401079223 0.006906058947895795
0 0.33810579064099683 0.5657858330270519 0.008965060762737108 0.009059885273809019
0 0.1502859592437744 0.6268372328385062 0.010281459144924 0.010078513103982677
0 0.15568029880523682 0.6128280059151028 0.01127841161644977 0.014282807059909985
0 0.22471507735874344 0.3813209741011909 0.00926214715708857 0.00897768269414487
0 0.24985705251279083 0.16203716008559518 0.010069764178732166 0.011358395866725757
0 0.17387743618177331 0.8010308016901431 0.01169443130493164 0.013656408890433933
0 0.23141084546628204 0.23591406449027683 0.01301655562027641 0.012738227844238281
0 0.10806143802145254 0.5663523777671482 0.008969887443210768 0.00886579181836999
0 0.11475338624871295 0.6854172789532206 0.01068257248919943 0.009470939636230469
0 0.13063391294272242 0.09137985384567154 0.007029112148257907 0.006476820692781675
0 0.2037614635799242 0.4216412616812664 0.009120298468548319 0.009182650109995966
0 0.16637582364289658 0.9754187749779742 0.009740601415219515 0.010485649108886719
0 0.31455202724622644 0.15786276174628217 0.011043030282725458 0.011832537858382515
0 0.3280447637439462 0.2702608827117188 0.005697773704799836 0.006931458314493039
0 0.21456554661626404 0.7320176622141963 0.008632286735202955 0.00865136022153108
0 0.26587941778506363 0.45602885420870826 0.004984395725851512 0.005398132472914992
0 0.10415851167452188 0.5188836118449341 0.007587544943549379 0.006564519604671965
0 0.2651799139769181 0.8402087999426802 0.010685153629468836 0.010349937107252039
0 0.11478503372358238 0.8349789329197095 0.011247769646022632 0.01165696848993716
0 0.21390972966733185 0.23760481502698813 0.010560284490170687 0.00984185674916143
0 0.17713515136552893 0.4610173650409864 0.00952452162037725 0.010579969571984333
0 0.25748222807179333 0.8704108777253523 0.008989023125689962 0.008017083872919497
0 0.07194513082504271 0.7640784097754437 0.009985731995624044 0.01187660383141559
0 0.12036554709724756 0.6251721589461617 0.009958018427309782 0.010819642440132473
0 0.19482803344726562 0.8994743720344874 0.00930773693582286 0.009863024172575577
0 0.33301483936931775 0.8437085566313369 0.009299902812294338 0.0102838018666143
0 0.32604129418082856 0.5132592864658522 0.009329277536143427 0.011199909707774286
0 0.19062535659126614 0.6030898508818252 0.009446392888608187 0.00885246110999066
0 0.34587831381254075 0.5822333286433996 0.006719711689339353 0.006912127144453785
0 0.13769241001295007 0.4479893445968628 0.009931626527205757 0.010684044464774754
0 0.29688335178519487 0.0344040036066709 0.0064025272555607 0.007011610124393184
0 0.2727329834647801 0.3159703586412513 0.011240544526473335 0.010416279668393343
0 0.12845483551854672 0.8606496686520783 0.008968467297761337 0.009210710940153702
0 0.24411550812099292 0.5830589273701543 0.009208409682564114 0.010253761125647503
0 0.1178336301005549 0.29548767648261415 0.006115131226789408 0.005585622275357502
0 0.1155971858812415 0.4116600907367209 0.011085655378258747 0.010779546654742699
0 0.1661796231532492 0.5189603344533076 0.0062102602300342594 0.00839417256474251
0 0.23141702361728833 0.980396436608356 0.008968705716340439 0.00868026069972826
0 0.1964292422584865 0.8610013878863789 0.01026022952535878 0.010710840639860733
0 0.16551706065302307 0.47223898120548413 0.009561041127080503 0.008564316708108654
0 0.3438226745919389 0.25458988342359756 0.006546674475476937 0.006139373419462682
0 0.22440692652826727 0.9831395978512971 0.008678146030591883 0.008369238480277683
0 0.20335590321084726 0.382890100064485 0.010153542394223421 0.013361350349757984
0 0.21208865746207858 0.8026591176572053 0.008863635685132898 0.008694192637567934
0 0.17819815614949103 0.14706426081450089 0.010055821874867315 0.011244027510933254
0 0.09210747739543085 0.9651461062224016 0.009927905124166737 0.010032487952190895
0 0.22082449042278793 0.07792054570239523 0.011078710141389267 0.012370793715767239
0 0.1314235200052676 0.35545980152876483 0.009504598119984503 0.008844608845918076
0 0.20248503270356555 0.6719622093698253 0.009312774824059528 0.008801978567372198
0 0.32195285157017084 0.8966951784880264 0.009936271802238796 0.010341561358907948
0 0.2705140113830566 0.900858796161154 0.009452488111413044 0.008854658707328465
0 0.20431202390919562 0.6290377119313115 0.010485877161440641 0.00998725061831267
0 0.08390385430792105 0.377485876498015 0.009344033572984778 0.009724036506984545
0 0.15218352234881855 0.9412484790967858 0.00935394867606785 0.009480766628099524
0 0.24031349887018622 0.2146624067555303 0.009433476821235989 0.009014254030974014
0 0.23511513017173402 0.8448307537330954 0.006155220154477257 0.007258079621249984
0 0.218157146288001 0.9574100245600161 0.009191637453825577 0.009432170702063519
0 0.1382487804993339 0.6931398640508237 0.009888286175935165 0.009379594222359035
0 0.24090455925982934 0.5955482773158861 0.0077435866646144704 0.008374214172363281
0 0.22339048592940622 0.6537333053091298 0.009624336076819378 0.009126144906748896
0 0.1717859106779417 0.17789417549008324 0.006135143443741023 0.0073048463987035765
0 0.21749799147896146 0.6392459247423254 0.010220030079717222 0.009673284447711447
0 0.23247324780898265 0.04499101647189166 0.006902040699185912 0.00849721241202126
0 0.23618531227111816 0.6750688345535942 0.009732847628386124 0.00983416515847911
0 0.08211073668106743 0.4724275599355283 0.01052694735319718 0.00974409476570461
0 0.17368945868118948 0.9255540267280911 0.01008263878200365 0.009184464164402174
0 0.2599432629454268 0.6161395397425161 0.00586481827313286 0.006725069342575369
0 0.34824006786944317 0.9484225798049599 0.005210400139050692 0.006628097099244664
0 0.2952914237976074 0.06998928215192712 0.011155004086701767 0.01013890556667162
0 0.3021366285241168 0.4839329926863961 0.010174585425335426 0.010468773219896399
0 0.08733524706052696 0.6745705811873727 0.00917195755502452 0.010381698608398438
0 0.12792441119318423 0.7722722343776536 0.010633800340735394 0.010224466738493546
0 0.10665269519971765 0.6766239871149478 0.009372275808583136 0.011209114738132641
0 0.17842295377150827 0.6099850509477698 0.00952694727026898 0.009786668031112007
0 0.2737762928009033 0.34234052896499634 0.010427412779434868 0.009624501933222231
0 0.27792317970939306 0.8789730901303499 0.009134271870488707 0.008752574091372282
0 0.07726106954657513 0.5368387284486189 0.00958543238432511 0.00941162524016007
0 0.29977188676635025 0.9412955250117898 0.005248891463076976 0.006866405297447079
0 0.07263158456138942 0.5487068010413129 0.009928024333456287 0.010321243949558422
0 0.2520122284066891 0.49118399771469584 0.008204369878085926 0.00804557273837983
0 0.3332286143709203 0.20527370050077248 0.00743307641523489 0.008821313277089847
0 0.10163345025933307 0.6142048524773639 0.010512776996778406 0.01007712405660878
0 0.3004296344259511 0.6878272139507793 0.00860521067743716 0.008886047031568445
0 0.2467564396236254 0.7959037034407906 0.009531622347624405 0.010330117267111073
0 0.2350834452587625 0.8832840712174125 0.009012574734895126 0.00834581126337466
0 0.10883660420127539 0.46471437163974927 0.010135018307229748 0.010835253674051037
0 0.16044977955196216 0.5388611917910369 0.009978449862936268 0.01176892156186311
0 0.13810243813887887 0.6075693317081616 0.00872734318608823 0.008706155030623726
0 0.07839780009311179 0.45899198366248084 0.009970296984133513 0.009240233379861584
0 0.24527544560639755 0.3135464191436768 0.011056215866752293 0.01236979857735012
0 0.21119802931080692 0.5512123522551162 0.008885694586712381 0.012444952259893003
0 0.23249329691347867 0.40373550290646754 0.010031492813773777 0.009061398713485054
0 0.22857500159222144 0.7940092294112497 0.008706424547278362 0.00884557806927225
0 0.07582679002181343 0.48116157365881873 0.009408069693523905 0.00910775557808254
0 0.19160492523856784 0.5569787958393926 0.009574848672618036 0.010564410168191662
0 0.13036451132401175 0.8390805617622707 0.009059968202010445 0.009505064591117527
0 0.0701707757037619 0.6277132967244023 0.00902538714201554 0.009862464407215948
0 0.18587318710658862 0.48775268637615704 0.010447108227273693 0.010663944741953974
0 0.23822295147439707 0.8666958394257918 0.009324778681216032 0.009908883467964504
0 0.20707991848821228 0.9825989474420962 0.010215904401696247 0.008683121722677479
0 0.07324508998704993 0.6468201823856521 0.010783268057781716 0.010763728100320568
0 0.3143375384512633 0.7401622391727843 0.00498439565863613 0.006959498576069234
0 0.2936904223068901 0.16918010297028915 0.009637687517249065 0.010641139486561651
0 0.29437491168146546 0.5924835827039636 0.008916751198146654 0.00982554062553074
0 0.3390155460523523 0.2225816249847412 0.009622076283330503 0.009256425111190132
0 0.31915982909824536 0.28356546941010846 0.012133121490478516 0.011017695717189625
0 0.23508935389311414 0.1296732062878816 0.00984061282614003 0.01019145094830057
0 0.07520818192025888 0.558587074279785 0.00864404180775518 0.008391919343367867
0 0.2124032041300898 0.8620635530223016 0.011234221251114555 0.01102136529010275
0 0.26426574458246643 0.3534782671410104 0.010056868843410328 0.009702685086623482
0 0.16974760138470196 0.42409920174142585 0.009783288706903872 0.010381418725718622
0 0.22411625281624173 0.8879553131435227 0.00927665959233823 0.00954126275104025
0 0.33450409154529154 0.8993613823600438 0.010922420931899029 0.011511968529742699
0 0.30545802738355554 0.2005870549575142 0.01005064922830333 0.009859396063763163
0 0.30509665737981384 0.522106004797894 0.009545595749564793 0.009736600129500679
0 0.07100950375847194 0.5253841566002887 0.00931431417879851 0.010187397832455843
0 0.31654584926107654 0.5110957933508832 0.00946664810180664 0.009618178657863451
0 0.2669035662775454 0.6512679328089175 0.009579036546790081 0.009699178778606913
0 0.22685717328577337 0.6839958129925935 0.005367194920420318 0.006091624220035505
0 0.07111080314802087 0.7764928444572117 0.009801242662512737 0.009694679923679518
0 0.34031974751016364 0.2920269758804985 0.01018443314925484 0.010830008465310802
0 0.13986448619676672 0.5639400896818743 0.010877692181131115 0.010422333427097485
0 0.10151009974272356 0.7831008537955906 0.009735708651335342 0.009933430215586786
0 0.07295103435930998 0.3290036864902662 0.013190119162849758 0.011789280435313349
0 0.3128409074700397 0.707576378532078 0.008801149285357931 0.009648696235988451
0 0.238185861836309 0.320402829543404 0.009923769080120584 0.009026029835576597
0 0.1962151734725289 0.7816353880840797 0.009334730065387228 0.008966736171556555
0 0.09357141930124036 0.46392339208851696 0.009556801422782566 0.010000933771548063
0 0.18325326753699264 0.5994536980338718 0.009691404259723166 0.010280235953952954
0 0.20879036447276242 0.2640166593634564 0.010441945946734886 0.010321969571320908
0 0.12586876102115796 0.36384748894235364 0.009437488472980001 0.011277416478032652
0 0.25552732011546253 0.7589401991470999 0.008340151413627293 0.008706383083177649
0 0.10545079086137854 0.8017620418382727 0.010605283405469812 0.008488945339037024
0 0.10337380222652269 0.35429939886798034 0.010268698567929476 0.010503393152485723
0 0.2566590173171827 0.018528059680586798 0.007057763707082751 0.006697800907827253
0 0.19792355661806854 0.8844424537990405 0.009361184161642323 0.008647586988366169
0 0.22265159565469492 0.4810559490452642 0.008549752442733101 0.010066187900045643
0 0.2757951902306598 0.27046499044998834 0.010378920513650646 0.010721061540686565
0 0.316236744756284 0.3136396097100299 0.010300843612007473 0.009595684383226477
0 0.14274850098983102 0.5995661694070568 0.00913895731386931 0.010507998259171196
0 0.1770422562308933 0.6834502842115319 0.009001151375148607 0.008797852889351223
0 0.2791226221167523 0.9096517355545706 0.009463517562202785 0.009201754694399626
0 0.12800274206244425 0.0345671824786974 0.010223378305849821 0.010681945344676142
0 0.24526547335540808 0.13387716415548748 0.006452713356812431 0.007256828546475832
0 0.2814995827882186 0.3796585409537605 0.009285823158595873 0.008736636327660603
0 0.08798673360244087 0.8594285508860712 0.00911458678867506 0.009777193484099014
0 0.13378688045169995 0.5312204568282418 0.011016628016596254 0.013984224070673403
0 0.16521957127944287 0.4511424976846446 0.009791819945625637 0.010138926298721977
0 0.19862173951190448 0.5501797095589016 0.00994829509569251 0.011609409166418987
0 0.24614966945544045 0.015333191073449468 0.007152326896890997 0.007657404136626793
0 0.09974856480308203 0.5317503473033076 0.009996735531350841 0.010997274647588316
0 0.1185797712077265 0.47629603613977844 0.009144202522609545 0.009070593377818232
0 0.15509083478347116 0.8576554630113685 0.010120381479677946 0.010125409001889437
0 0.17905856733736786 0.07126744933750319 0.010761064031849737 0.011703750361566958
0 0.33496618540187795 0.3090705268465816 0.005873923513074995 0.0073912699699137455
0 0.2645766420069677 0.2895350732008207 0.006642607309529544 0.005887409169686181
0 0.08079672896343729 0.9556208278821863 0.010754865148793097 0.009534545566724695
0 0.24450292794600778 0.6441798002823539 0.013321689937425696 0.009243840756623642
0 0.25090345092441724 0.8638841172923213 0.008529061856477158 0.008285978566045347
0 0.08779343833094058 0.5462062151535697 0.008648488832556683 0.009174906689187756
0 0.29475145431496946 0.14723173021130231 0.0059782418064160325 0.007841375303247135
0 0.3142642249231753 0.7205451675083325 0.00976494084233823 0.00923044785209324
0 0.20581458962481952 0.580207347869873 0.010115084440811821 0.009610341942828634
0 0.08059451631877732 0.517845402593198 0.00859120099440865 0.008699748827063519
0 0.21585483136384384 0.49401608757350757 0.011534151823624321 0.01079721036164657
0 0.08315268288487973 0.3112746114316194 0.01020198282988175 0.010776188062584919
0 0.13198443491665923 0.1971466426859701 0.008451892722149957 0.00659333266172042
0 0.23084578540693648 0.576016423747274 0.007689383087772378 0.0076714291321656036
0 0.14573714525803275 0.6847499142522397 0.00912829067396081 0.00898779993471892
0 0.3171987466360627 0.8650208371590783 0.007292653405366862 0.006168525865305509
0 0.07919533356376317 0.6240640930507494 0.009474505548891813 0.010727716528851051
0 0.29561817127725354 0.2481495919434921 0.009282837743344515 0.009337155715278957
0 0.14054035103839377 0.3976320391115935 0.011957106382950493 0.009789466857910156
0 0.25828301388284436 0.6770298377327296 0.008795904076617697 0.00802624743917714
0 0.30311310083958665 0.1885062189573669 0.00826626860554899 0.009250908904458089
0 0.26372064714846405 0.7577539112256921 0.008660005486529806 0.008612342502759851
0 0.2702697981958804 0.10787435718204666 0.00974292340485946 0.010368689246799633
0 0.23640206585759704 0.6925302173780358 0.008503437042236328 0.00797072700832201
0 0.10732761673305344 0.6489245269609535 0.010788813881252125 0.010449015575906506
0 0.15174239412805682 0.052673101929995386 0.007069433966903865 0.005220295613712098
0 0.24863292698889583 0.4377008497393676 0.00693596018502347 0.007495731884214469
0 0.2723287292148756 0.783802841020667 0.009086028389308764 0.009011766184931215
0 0.19768389411594559 0.7597707665484884 0.008996548859969429 0.008628679358440897
0 0.3103178065756093 0.9830801175988237 0.010146721549656079 0.009397092072860054
0 0.28652772462206827 0.5054889440808283 0.007008955176220223 0.006907945967429343
0 0.31485001686574926 0.87111008457793 0.006724725769329279 0.005782256328176421
0 0.09817303263622781 0.6617139111394468 0.010375302770863409 0.0100701788197393
0 0.09200693731722626 0.6306770366171132 0.010521256405374279 0.009702060533606487
0 0.07919249586437059 0.3358640981757122 0.010168941124625828 0.011140305062998896
0 0.18432503600820171 0.5171474056857627 0.006523442100860972 0.00627094183150721
0 0.327969561452451 0.9867171619249426 0.01163526203321374 0.009329298268193785
0 0.32966652901276305 0.2577028170875881 0.009752807409866997 0.009808312291684359
0 0.11791209236227557 0.09567738292838344 0.00570294077496191 0.007119661532256475
0 0.1109018325805664 0.980381903441056 0.009517648945684019 0.009452280790909477
0 0.2017891925314198 0.7969975678817085 0.008876634680706522 0.009349159572435461
0 0.2785605658655581 0.2404178121815557 0.009478175121804943 0.009746178336765455
0 0.2644404432047968 0.3167000231535539 0.009092268736466118 0.009645710820737093
0 0.233015485431837 0.6306279534878939 0.010640869969907015 0.01103005201920219
0 0.15458633070406708 0.5215188627657683 0.010494470596313477 0.009747774704642918
0 0.2972367639126985 0.35392891842386 0.011223564977231234 0.010777556377908459
0 0.216860294342041 0.5417641556781271 0.008898527725883152 0.00873578113058339
0 0.07643732817276665 0.791159899338432 0.009650707244873047 0.00926735090172809
0 0.28602967054947565 0.13711282481317935 0.009324695753014606 0.010476298954175867
0 0.24399209559321833 0.6282304697985467 0.007636474896418391 0.007445629060829974
0 0.2738513842872951 0.6214366166487985 0.009221595266590948 0.009013217428456182
0 0.29378709038442236 0.5230564336006546 0.005211808980491319 0.0096386121429387
0 0.166725857893394 0.5520475636357838 0.007024305609478152 0.006753234051066219
0 0.09227779637212338 0.7627468316451363 0.009389587070630945 0.010785019916036854
0 0.19542695128399395 0.6955359707707944 0.008767812148384426 0.009066167085067085
0 0.11426258605459463 0.28647874749225116 0.010089573652847954 0.009892297827679178
0 0.11730803095776132 0.49958369751275583 0.009395381678705664 0.006536560860681325
0 0.1291282954423324 0.3758894075518069 0.009547700052675993 0.010833403338556704
0 0.35444912703140924 0.313186790632165 0.011076678400454313 0.013981321583623472
0 0.3392484388921572 0.9694692984871243 0.009504941494568535 0.00966756240181301
0 0.1961962140124777 0.6384450456370478 0.009912801825481913 0.010764702506687329
0 0.08055536902469138 0.8986555182415508 0.0086958356525587 0.008711109990658968
0 0.1785588100724796 0.55939082812261 0.0065361005905321505 0.0077248348938834645
0 0.17718110913815707 0.696094616599705 0.008515503095543903 0.009195949720299763
0 0.17270282558772876 0.5407871785371199 0.009239994961282482 0.009390084639839504
0 0.1376072531161101 0.6799800706946333 0.008557837942372198 0.008891064187754755
0 0.27621307580367377 0.7724770463031271 0.008587028669274372 0.008526884991189709
0 0.1826003427090852 0.34057304392690246 0.01039905133454696 0.010769009590148926
0 0.23844270084215244 0.5028796195983887 0.011280370795208473 0.010783112567404041
0 0.19266919162363091 0.7128273381022595 0.005562104237878595 0.006727359124225918
0 0.12077985639157504 0.4661688960116843 0.008219573808752972 0.009168614511904509
0 0.07637473292972731 0.9083673850349758 0.009867326073024584 0.011258291161578636
0 0.13453435379525888 0.5207383943640668 0.009191129518591839 0.012992693030315895
0 0.21156035298886505 0.2720743987871253 0.009264406950577446 0.008968913036844006
0 0.17860488269640049 0.08126144305519435 0.010145498358685036 0.011129887207694675
0 0.14384338648422904 0.431530035060385 0.008979641872903576 0.010304316230442211
0 0.17027316922726837 0.825068245763364 0.013407520625902258 0.01081611799157184
0 0.30399821115576703 0.5097302042919657 0.009609077287756878 0.01002371829489003
0 0.10317578004754109 0.2854173287101414 0.010840903157773226 0.010705533234969429
0 0.26528564743373706 0.9128528263257897 0.009949746339217476 0.009561124055281929
0 0.12378798878711203 0.21600316918414575 0.009906032811040464 0.010238274284031079
0 0.2548873839171037 0.8858966838781336 0.007415738449458663 0.006773660698479333
0 0.2911333415819251 0.3833747117415719 0.012760245281717052 0.011049602342688519
0 0.15979546668632968 0.0391935698229324 0.005657805082037723 0.008063592357203473
0 0.21797490119934082 0.26874803460162616 0.01059202525926673 0.012072314386782438
0 0.2988294965364952 0.2874033678533153 0.005106323329879403 0.006209197354477727
0 0.28238373217375445 0.5819947502533206 0.005918214038798355 0.007000579503821278
0 0.2532066780587913 0.5800266559730194 0.00826713313227118 0.00695396848662555
0 0.06997600129700215 0.413980795839021 0.005024659284645978 0.004445605006556828
0 0.28686231115589966 0.7489270749299421 0.008024920587954313 0.008526180101477581
0 0.28619326715884 0.6305449838223665 0.009256238522736923 0.009166240692138672
0 0.1654729117517886 0.822998855424964 0.010175518367601477 0.009642849797787874
0 0.07117265940187656 0.3796597911869935 0.005372918725876237 0.005096652764120464
0 0.09618755008863367 0.6457909293796706 0.009814552638841711 0.01056347722592561
0 0.2735230300737464 0.8715823836948562 0.008752802143926207 0.007934280063795008
0 0.07133329951244852 0.8166759532430897 0.010224611862846043 0.009835492009701937
0 0.10110793424689252 0.5573175057120945 0.009023427963256836 0.00955900938614555
0 0.33604168402601886 0.5863512655827164 0.006896926166838659 0.008459883042131374
0 0.08767974635829097 0.6103969242261804 0.009526320125745691 0.008424344270125679
0 0.12770779236503269 0.5792332110197648 0.010446361873460852 0.009263038635253906
0 0.25732998225999915 0.9165051087089207 0.008468586465586786 0.008557278177012568
0 0.1531660883043831 0.7086039121198813 0.006491007548021382 0.00686683167897097
0 0.12149263464886209 0.8680008390675421 0.008649100428042204 0.008939204008682915
0 0.23748007027999216 0.6579205886177397 0.009296686752982761 0.010512061741041101
0 0.2955302155536154 0.10287362596263058 0.011787373086680536 0.015369705531908117
0 0.08389362563257632 0.8529314994812013 0.00931952310645062 0.009816833164380945
0 0.2501582581063975 0.3327003072785295 0.010547409886899202 0.010922654167465542
0 0.29012347304302716 0.4562563533368318 0.009199536365011463 0.00875990287117336
0 0.14322946382605511 0.3346854500148608 0.009673056395157524 0.010177819625191067
0 0.07850045743195908 0.9722066962200663 0.01007632587267005 0.009860163149626358
0 0.08746630989986917 0.529393372328385 0.008991619814997133 0.009270979010540506
0 0.29686919502590015 0.8719148843184761 0.009140304897142492 0.008405809817106827
0 0.2753687734189241 0.6422981179278829 0.008890732474949049 0.00842260277789572
0 0.2104949018229609 0.8495922503264055 0.009650168211563774 0.008875307829483696
0 0.32962404223887815 0.6937796965889309 0.008490166586378346 0.0077316450036090355
0 0.08281010648478633 0.4982680859773055 0.008508982865706734 0.008819165437117867
0 0.2422327580659286 0.22391662390335745 0.010149872821310291 0.009976780932882557
0 0.32762904507284146 0.38820986747312597 0.006017290427841276 0.007807078320364249
0 0.24260894731231164 0.38215300109283157 0.006861943568338548 0.00805387060744378
0 0.2950489125230902 0.13183076808453487 0.00711115923754449 0.00771370531785325
0 0.23313006110813306 0.7442910152932872 0.010379293690557066 0.009387306545091711
0 0.06713156855624655 0.8827705383300781 0.0089219912238743 0.009244421254033628
0 0.10687547662983769 0.4730820293011873 0.009574009024578592 0.008330044539078423
0 0.1322284055792767 0.8972843418950621 0.009010294209355894 0.008400626804517664
0 0.21032138492750085 0.782986599466075 0.00845535941745924 0.008692948714546535
0 0.27169076256130054 0.8052236100901728 0.00916563946267833 0.009409987408181896
0 0.11490812508956245 0.6361601352691652 0.010197162628173828 0.010387607242750086
0 0.27837376002568137 0.4544887527132672 0.005059863610322373 0.00734681356650117
0 0.34905370957378373 0.9294168064025239 0.0052457400261796735 0.006720084067799671
0 0.115689842597298 0.9180710834005604 0.012243343436199684 0.010954151982846468
0 0.1720566179441369 0.7222633361816406 0.008700567743052607 0.008915362150772758
0 0.3376612358308853 0.6310017882198435 0.006880489472105285 0.004639178976091592
0 0.14274514239767325 0.5919384541718855 0.009372669717539911 0.008325867030931555
0 0.08893877267837524 0.6964031924372134 0.009763328925423 0.009404099505880604
0 0.16422286240950876 0.8747982564179795 0.009711991185727327 0.009459910185440727
0 0.28809572302776837 0.1666684565336808 0.01248193823772928 0.012153127919072691
0 0.165743843368862 0.987670649652896 0.009727260340815004 0.008858390476392664
0 0.11207266994144607 0.7825250625610352 0.009730183559915295 0.010299350904381794
0 0.18472552299499512 0.5436752153479535 0.010684075562850288 0.010232593702233356
0 0.22059708056242566 0.44034914348436444 0.0090325811634893 0.008618769438370415
0 0.2677885449450949 0.5460934224336044 0.00970440325529679 0.011700630187988281
0 0.1392820193093804 0.2163486200695441 0.0069304835920497194 0.007848480069090318
0 0.07026243209838867 0.4975702658943508 0.00969907511835513 0.013631198717200237
0 0.2538089625396742 0.775787868160857 0.007031208054254095 0.006817727447732389
0 0.22829853970071542 0.5437068317247473 0.00931748099949049 0.009099835934846298
0 0.19606561246125595 0.4733432272206182 0.013704341390858526 0.012392044067382812
0 0.14595196558081586 0.42400124280349066 0.010841887930165169 0.014923665834509808
0 0.12717163044473398 0.8457989692687988 0.009766412817913553 0.010316143865170687
0 0.28773335788560955 0.7861111060432766 0.00870694284853728 0.009233516195546026
0 0.14497402958247974 0.4527857925580895 0.009275156518687372 0.009670133176057236
0 0.16622613823932147 0.63613920626433 0.009587847668191662 0.00916978587274966
0 0.18389696220652088 0.8525116681494262 0.005870444710778941 0.006318171386279396
0 0.33453491837528937 0.5440553341426684 0.00622965569429091 0.007321888781995111
0 0.15283118641894797 0.6590593794117804 0.009388415709785793 0.010539884152619736
0 0.24416731751483423 0.9553079190461531 0.009436793949293054 0.00868324611497962
0 0.2605661412943964 0.6017727022585662 0.0093755929366402 0.009835326153299084
0 0.3034645474475363 0.17906680314437204 0.009132530378258747 0.009876126828400986
0 0.17818894075310748 0.32395296511442767 0.009804528692494268 0.010355534760848335
0 0.28817573487548476 0.33645738360879734 0.006623841354046554 0.006862354944000102
0 0.16016617028609567 0.668589395025502 0.00896292147429093 0.010212587273639183
0 0.17047070755164032 0.5614931961356767 0.00686792843193856 0.0074277171830740415
0 0.21960862823154614 0.8239492333453633 0.00798202597576639 0.008450798366380774
0 0.1754003193067468 0.7754442173501721 0.00913101693858271 0.009253750676694124
0 0.1760914533034615 0.448759965274645 0.009257130000902258 0.010307674822599991
0 0.09154872023422221 0.401611940437794 0.004764172052774438 0.004996459947765067
0 0.3170535176081462 0.5578240937297878 0.005425664605436718 0.0060047955956295754
0 0.2786426418988542 0.12524872961043923 0.005559240876045959 0.005064858075811991
0 0.26761112005814264 0.7068534726681917 0.007959469504978346 0.007291420646335768
0 0.20658577679145362 0.06936851112306171 0.006390555345542077 0.006860667334706017
0 0.09684065113896909 0.6699792613153872 0.009806985440461533 0.009225098983101223
0 0.31163087349122703 0.41986655266249895 0.006860927592808998 0.007891043713686742
0 0.16070458681687064 0.43919556555540656 0.009432429852692978 0.009439851926720661
0 0.24789038948390796 0.6694612192071002 0.009804808575174084 0.009895469831383747
0 0.15660939009293265 0.6546106856802235 0.00986648642498514 0.007685764976169752
0 0.22617870828379755 0.2322389042895773 0.009572858395783798 0.009658668352210003
0 0.1216579468353935 0.6622556188832158 0.010402150776075281 0.009250226228133492
0 0.3294044162916101 0.22264532420946204 0.009372835573942764 0.010113591733186142
0 0.26062480226090917 0.7876404742740131 0.00520646201800456 0.006931391283784569
0 0.30339907563250995 0.30767820192419965 0.010221792303997536 0.010000353274138077
0 0.2648002064746359 0.3410359776538352 0.00977493369061014 0.009352497432542883
0 0.2871603758438774 0.07409018537272578 0.009868538897970448 0.010541439056396484
0 0.22827153620512586 0.7594246864318848 0.008428221163542374 0.009045849675717562
0 0.2772375604380732 0.11330809800521187 0.009649940159009851 0.009461921194325323
0 0.16097612484641693 0.4156988600026007 0.009621195171190344 0.013489142708156421
0 0.22649598524242975 0.8247316806858467 0.005609957234043691 0.006522778675250022
0 0.26798735494199005 0.6361043349556301 0.010145270306131115 0.009884626969047215
0 0.07645422400676556 0.44351202971483206 0.0064489786839233365 0.005997976344461382
0 0.21022174359715598 0.3889184818972478 0.006084966363056259 0.004680952938677756
0 0.19186890643575918 0.5351226226143215 0.009998238605001698 0.01135278784710428
0 0.17715198060740595 0.47535967308542004 0.010210887245509937 0.010249832402104917
0 0.383830065312593 0.9881953156512715 0.009889695955359417 0.007011703822923742
0 0.31716950043388037 0.983159168906834 0.009337342303732166 0.009038386137589165
0 0.1040487341258837 0.7930132824441661 0.009971483894016432 0.010164177936056385
0 0.24433522639067273 0.3877977340117744 0.009428832841956097 0.00965900006501571
0 0.19532423202740734 0.44427999216489616 0.006668966603755221 0.0064445453798188754
0 0.27158751695052435 0.6864970041357953 0.00806414562722911 0.009484788645868715
0 0.274511720823205 0.3857040068377619 0.010191730830980383 0.009262763935586681
0 0.2689228679822839 0.24768521474755328 0.008360489555027174 0.008989769479502802
0 0.2386481200549796 0.0488215166589488 0.006398092750850235 0.00838628830286223
0 0.0805822543755126 0.43918006487672656 0.0062819294482307185 0.006480479924521752
0 0.24820144450974754 0.9044282674448523 0.00520128094215542 0.007197270254234011
0 0.29396641772726306 0.15797168275584345 0.009561289911684782 0.011587205140487007
0 0.131087064743042 0.5538996406223463 0.009834766387939453 0.00948922530464504
0 0.13829018240389618 0.979976923569389 0.008523495300956394 0.008022432741911514
0 0.2709655003885267 0.4738983154896601 0.004463813136102601 0.007074594600465342
0 0.2575566975966744 0.5630201567774233 0.009974873584249744 0.00991188961526622
0 0.2649137839161843 0.12099692593966978 0.006350278450066416 0.006995542515830766
0 0.164165444996046 0.8839958854343579 0.008844251218049423 0.008559351382048233
0 0.06768601096194723 0.9429117285686991 0.00948736460312553 0.011157989501953125
0 0.1454803580823152 0.667675899422687 0.01361742226973824 0.008891209312107252
0 0.1305685354315716 0.8758135878521464 0.009270585101583729 0.009164354075556215
0 0.2923255485037099 0.7873543449070142 0.009504836538563604 0.009519162385360054
0 0.11503473572109056 0.9726815223693848 0.009507987810217815 0.009086069853409477
0 0.2984530902619782 0.2689382826643706 0.0056244571218065555 0.0071383631661901155
0 0.14889980399090313 0.5304320480512537 0.009707595991051716 0.008990598761517069
0 0.2133697115856668 0.6692811717157778 0.009413491124692171 0.01043601658033288
0 0.17602874824513073 0.7096395853514751 0.005825254948941748 0.006795450025481574
0 0.28933469098634756 0.2625258662312628 0.007453051137658396 0.004674359992163818
0 0.30192658744365225 0.5679929440368198 0.0068627086335500175 0.005908106053180036
0 0.08399955604387367 0.6925915013188902 0.009562336880227795 0.010307975437330164
0 0.14259187553239905 0.39159524699916015 0.00982412048008131 0.0133104479831198
0 0.22927407596422278 0.48188337035801104 0.009755860204282015 0.009835761526356573
0 0.2795890932497771 0.3512404172316841 0.01008879620095958 0.010457225467847742
0 0.22124453212903894 0.8726430146590524 0.011559631513512653 0.01189422607421875
0 0.22221467805945355 0.13211617780768353 0.010615390280018682 0.009919467179671577
0 0.29895643734187866 0.5308580875277952 0.0061069981828415195 0.005415957480353332
0 0.21297474529432214 0.8859053072722061 0.008559040401292883 0.009225098983101223
0 0.2907696599545686 0.40816240466159315 0.009655123171599014 0.0090718528498774
0 0.21979015806446905 0.5722588041554326 0.009347729060960852 0.01004040759542714
0 0.19383581824924637 0.6286164159360139 0.008585142052691916 0.009219542793605639
0 0.24757791602093243 0.6840543539627738 0.008683702220087465 0.008171537648076597
0 0.2463337537756606 0.4103141839924828 0.006982915057908526 0.007948586086620277
0 0.15963427916817044 0.8915906781735627 0.008671345918074898 0.008551348810610563
0 0.3469306489695673 0.9587086801943573 0.008807099383810291 0.00905119854470958
0 0.2445563648058025 0.4836142537664933 0.004976288688869867 0.006353403157198792
0 0.19317353290060293 0.9764943330184275 0.009533882141113281 0.010983342709748642
0 0.2818401378134023 0.9474318131156589 0.007902352706245754 0.00896354343580163
0 0.33448171647994407 0.9789773692255436 0.008498769091523212 0.008447895879330843
0 0.2822855866473654 0.2774428181026293 0.009526833243992018 0.0099255313044009
0 0.2773314662601637 0.8378536390221637 0.009381190590236498 0.008976397307022758
0 0.2416611028754193 0.8070888519287109 0.00926977655161982 0.008636640465777853
0 0.2842800399803281 0.5231306669844481 0.0057974731353276744 0.0047585085419923345
0 0.35064843815305957 0.3085194255994713 0.010899059150529944 0.008623910986858866
0 0.20444119011718434 0.4577908296530269 0.005965781545947197 0.0053804193517658725
0 0.20072278200347501 0.5649020059977196 0.006978176797434336 0.00825032347712616
0 0.2231695444687553 0.5783432877582052 0.008396293805993122 0.009540599325428839
0 0.31352789092743233 0.24696555465748737 0.004110341341037352 0.008299503110515525
0 0.2302869713824728 0.11935347577799924 0.010233340056046196 0.009513699490091076
0 0.24670475462208624 0.8727296953615934 0.00845678992893385 0.009546570155931555
0 0.1617292891377988 0.5325844806173573 0.009236138799916143 0.00923082102899966
0 0.1611621276192043 0.4634229411249575 0.00982033688089122 0.010216671487559443
0 0.28701316792031994 0.8980791672416355 0.00915222582609757 0.010335424672002378
0 0.2072683520939039 0.12169173489446225 0.008899211883544922 0.008593579997187075
0 0.28329533079396124 0.7135308721791143 0.006880324819813604 0.0077840556269106655
0 0.32454502226217935 0.6206882310950238 0.007411050407782845 0.008984773055366848
0 0.27640431497836926 0.4189890156107586 0.004182173869060481 0.006813204207061727
0 0.16192592694770738 0.5663814738700956 0.004600102651788209 0.0056371930134139145
0 0.1164018382196841 0.6471946654112442 0.008456520412279211 0.008137391961139181
0 0.306998341164853 0.6339560578236246 0.0054423251869131365 0.005546309099502708
0 0.2901829843935756 0.3416882556148174 0.0045822263095347 0.007145549670490894
0 0.3454029088017343 0.2478502295919192 0.008547441939243448 0.005900959672119269
0 0.2138512238212254 0.9685456649116847 0.009172439575195312 0.009484415468962296
0 0.16249276244122046 0.6748413832291312 0.0097650030384893 0.00904008616571841
0 0.3469090486793745 0.9864027116268747 0.005732701715265635 0.006804814818732541
0 0.12714620776798413 0.6096342957538107 0.009817071582960047 0.010045963784922724
0 0.2915384665779445 0.7770769907080609 0.008561673371688179 0.00880295297373896
0 0.1874006416486657 0.4730212170144785 0.011175508084504501 0.010312619416610054
0 0.2690256826491138 0.41066546871041154 0.006751774233776827 0.0064530749051688865
0 0.06734120586644048 0.5073410946389904 0.008004131524459175 0.010078844816788383
0 0.2637007895131 0.5017149619026492 0.0050563063727700475 0.007040516054012016
0 0.26500195005665655 0.7692337036132812 0.009018545565397842 0.007901564888332201
0 0.07249535425849583 0.6886157160219939 0.011361054752183996 0.010335507600203804
0 0.15494438876276428 0.3417815540147865 0.011478735053020973 0.013239197109056555
0 0.28960814683333685 0.08149817715520445 0.010631063710088316 0.010535333467566448
0 0.07420724630355834 0.6667842554009478 0.007665919220965841 0.007922193278437075
0 0.29805348230444867 0.4159642198811407 0.008942044299581776 0.010427309119183083
0 0.23915406932001526 0.7058734893798828 0.008396480394446331 0.008741959281589674
0 0.08234767291856848 0.9406276371168054 0.012111062588899033 0.009402897046959919
0 0.31929813220352704 0.3979156578867991 0.005648240810032058 0.007465604291365257
0 0.22530189804408873 0.8360805204193573 0.007359500071652324 0.006332642357429705
0 0.0821854369524813 0.39090226215458945 0.0040140578321339005 0.006524933493871731
0 0.08597413094147394 0.48585848186327063 0.009050353713657545 0.00977926668913468
0 0.3698487540949945 0.9870564016038044 0.010047653447026832 0.004443792879398512
0 0.23084085920582648 0.7729243817536728 0.008593621461287788 0.008600898410962976
0 0.19680428504943848 0.96981666399085 0.009408183719800867 0.012335569962211277
0 0.3043787176472804 0.2539042171539102 0.006396635016460009 0.0066176714847074845
0 0.17523517413363227 0.5105968949770749 0.005777171216223365 0.0055471471734580705
0 0.12663117396106466 0.0640029574705149 0.006126737271161397 0.006770954637918927
0 0.3329388981463407 0.6709329346597667 0.005432350294199454 0.0061216135008478716
0 0.27480155941270734 0.92290604217005 0.005989096907993216 0.005023156373277116
0 0.21379355762315833 0.9811739299608313 0.009488831395688265 0.009776571522588316
0 0.21227194279841105 0.8355771560042239 0.006312823670594676 0.005968427405571883
0 0.3302481174468994 0.6242100155871847 0.009228478307309359 0.009524697842805283
0 0.3620749232561692 0.9727920449298361 0.008015521194623865 0.008195379505986753
0 0.2049750331676311 0.710219321043597 0.005413991786131753 0.00607008630371442
0 0.21975957829019296 0.06856580661690753 0.00974130630493164 0.011733526768891708
0 0.24757372397339683 0.022456676634495368 0.006947724445987121 0.006095983007650824
0 0.09133455027704654 0.9008884222611135 0.008346142976180367 0.009087147920028023
0 0.1162577193716298 0.5803218302519424 0.008127523505169413 0.00799597864565642
0 0.35110454011353975 0.9695726709964818 0.005339567932626435 0.006968024809448992
0 0.06917591976082843 0.672713808391405 0.008679167084071947 0.00974906009176503
0 0.314369305320408 0.1672741226528002 0.009771595830502718 0.008950316387674084
0 0.262542030085688 0.633255730504575 0.008882750635561735 0.008880822554878567
0 0.21997016409169073 0.9680762083634086 0.00939804574717646 0.009127160777216372
0 0.29614493121271546 0.9348308107127314 0.008462180262026579 0.008978511976159138
0 0.1322769185771113 0.9689416470734971 0.008281832155974014 0.008673128874405571
0 0.3385094145069952 0.30030458906422486 0.008702526921811312 0.01011199536530868
0 0.28505794563466025 0.5350132376571846 0.005482281114300832 0.007834566976965674
0 0.13476290385100673 0.08518638279643892 0.005573688961079113 0.005739678102961839
0 0.264380994453045 0.3681206075441779 0.007205845990102125 0.007710549893902928
0 0.0963117558023204 0.5140283004097317 0.00892477450163468 0.009144326914911684
0 0.27871071338226944 0.503839835886105 0.0061337008497112456 0.00576350468024289
0 0.18435193144756817 0.7725049309108567 0.008622563403585682 0.008734993312669836
0 0.33138385788821134 0.6786259334095409 0.00570359578318112 0.005933171843157541
0 0.22217403287472934 0.4674854019413824 0.008967130080513332 0.01146479274915612
0 0.2685786711336891 0.5035029250234831 0.006026942165822669 0.0062176495999073855
0 0.13839100236478058 0.9109708122585132 0.007201640502266262 0.007640506910241168
0 0.1870208471921837 0.8428142003670297 0.0065072564774748785 0.0074089026035936935
0 0.3284631779320607 0.5808311739353771 0.007175008111325643 0.00996939968234809
0 0.20103231720302417 0.6841905220695164 0.00870934776637865 0.009108709252398947
0 0.07262313365936279 0.6146526958631433 0.009151707524838655 0.008551846379819124
0 0.18368946927444119 0.7131635822029687 0.005796348362802663 0.006994743061674442
0 0.29138883058861625 0.47985949683352236 0.004945176323628092 0.006171740981827608
0 0.06758225482443105 0.45810647632764734 0.007805845011835513 0.009983518849248472
0 0.32889336827055976 0.5554422877196415 0.004289372331073777 0.005626935326786025
0 0.15837291012639587 0.023779584013897438 0.009789549786111584 0.009723829186480978
0 0.3038503190745478 0.16181028407552972 0.009760898092518682 0.010657497074293054
0 0.15366203888602878 0.44255736599797785 0.00913512188455333 0.010480113651441492
0 0.2944683924965236 0.7180773486261782 0.007747712342635445 0.008408048878545347
0 0.08407757361835114 0.5680155393128344 0.00708875022999094 0.007454561890533971
0 0.1550081139025481 0.458632987478505 0.009550022042315939 0.009492666825004246
0 0.2686957794687022 0.4423931370610776 0.010254051374352497 0.009200635163680367
0 0.14686035591623056 0.9775817083275835 0.008156081904535708 0.008688014486561651
0 0.31019501064134686 0.37931269148121716 0.00980315001114555 0.013628855995509937
0 0.2973524349638317 0.8976529558548738 0.004172940248123393 0.007012570777978115
0 0.0833939262058424 0.5079596146293308 0.008751413096552309 0.0073811904243800954
0 0.2870518228282099 0.46431651322737977 0.008901430212933084 0.009265692337699558
0 0.11617509178493332 0.49004262426625134 0.007431175397789996 0.007169184477432915
0 0.15661038004833722 0.9820308270661728 0.009939038235208263 0.009600349094556726
0 0.2023935317993164 0.489651083946228 0.010236242543096128 0.0111257615296737
0 0.21758694600989437 0.5605038961298824 0.006222678131541143 0.0051517500354662585
0 0.154127167618793 0.6881093978881836 0.007661850556083347 0.008645016214121943
0 0.29089959808017896 0.6795280705327573 0.008140709089196247 0.008002820222274117
0 0.10504238501839015 0.6367281208867612 0.01002259876417077 0.009934798530910326
0 0.29187820268713915 0.543602984884511 0.009265153304390285 0.008598991062330164
0 0.28205206003418304 0.8574031052041186 0.007782354002850416 0.008893691006716997
0 0.17194769175156302 0.6202457573102869 0.01044575027797533 0.0084314138992973
0 0.08698813552441803 0.9044705266537874 0.008727431297302246 0.0077517136283542796
0 0.21416393932659872 0.45700694771065387 0.006723690358473243 0.007000142792033526
0 0.21276186860126 0.6540710822395657 0.008342224618662958 0.01627536441968835
0 0.1534296118694803 0.9885123087012251 0.008496616197668987 0.00905845476233441
0 0.2934456370399122 0.6402417428867864 0.004510364407022181 0.00653230652324501
0 0.20941612816063643 0.1268645367466738 0.008948757175766204 0.006982077318660475
0 0.3225403246672257 0.6171734851339589 0.00755936166514521 0.007968031841775646
0 0.3417237705692698 0.23485633802636321 0.005583114192223155 0.005534640242609215
0 0.30095725474150287 0.6720094473465629 0.010693197665007217 0.00808603867240574
0 0.2786172887553339 0.7484556695689326 0.0153613919797151 0.009105931157651155
0 0.2474630584426589 0.14023184466673067 0.004626543086469021 0.005619448634812223
0 0.3316525969168414 0.5378710497980532 0.0082395912512489 0.007953270621921705
0 0.14914008845453675 0.43425025110659393 0.009589485500169836 0.009568504665208899
0 0.2255913915370452 0.42405061110118586 0.005424537960216766 0.004385474770738127
0 0.35288375486498297 0.9335364673448646 0.007410254167473834 0.008439644523288893
0 0.23737234654633896 0.9482151529063348 0.008540049843166185 0.007838788239852242
0 0.08420146548229715 0.6459849606389585 0.009916606156722359 0.0105011566825535
0 0.1650791738344276 0.6917139550913938 0.009151904479317043 0.008766837742017664
0 0.07671347649201103 0.3722925600798233 0.009751273238140604 0.008887912916100544
0 0.32662491678543715 0.668075354202934 0.00781577080488205 0.008039225702700407
0 0.3121732033742278 0.6956411966623521 0.008157652542335142 0.008464420063407564
0 0.3044900686844535 0.611332136651744 0.008602764295495075 0.008948927340300186
0 0.3238829044277598 0.6550953382020909 0.004234131454133893 0.00504496194358269
0 0.2813859815182893 0.2297689707382866 0.009562409442404041 0.010005681411079739
0 0.21209915824558423 0.6510226415551226 0.007956629214079483 0.010360054347826086
0 0.13965297263601553 0.554150332575259 0.008864827778028406 0.007991707843282948
0 0.0666194013927294 0.813369543656059 0.007413242174231488 0.009694638459578804
0 0.33248099036838696 0.2946478491244109 0.008226145868716032 0.010201723679252293
0 0.2737245983811041 0.9321198448156932 0.005546987829668012 0.004554952799053828
0 0.3264494373908509 0.2097905304120934 0.009273709648329279 0.009156496628471043
0 0.10072024490522302 0.8745305434517238 0.008417803308238153 0.008294229922087296
0 0.2768771855727486 0.67406413866126 0.010296220364777939 0.008720315021017323
0 0.2834545840387759 0.7220700927402661 0.006925209708835768 0.007687900377356488
0 0.21394143933835236 0.4234735291937124 0.008882875027863876 0.008962724519812542
0 0.11693983492643938 0.9885252040365466 0.008073101872983187 0.006813588349715523
0 0.3167123898215916 0.8843198859173319 0.009777172752048658 0.009775161743164062
0 0.19411162708116614 0.8757327950519064 0.010216277578602667 0.009628461754840353
0 0.3379791450241338 0.21198310022768768 0.00849377461101698 0.00902719083039657
0 0.3120882416956318 0.5302344256217384 0.007854275815923966 0.006822404731088747
0 0.2730858325958252 0.3974475238634192 0.009354238924772842 0.00792557260264521
0 0.3077930678492007 0.6815496112989343 0.009450435638427734 0.008597415426503057
0 0.1888834911844005 0.6835483468097188 0.008210721223250679 0.008563166079313858
0 0.2865873603909753 0.47461882368334246 0.005356120583453229 0.006735832897637729
0 0.3764899036158686 0.9841850114905317 0.008941484534222147 0.008585556693699049
0 0.311819017156475 0.18986651838188073 0.00826626860554899 0.009250908904458089
0 0.31780433462433566 0.18741797941775595 0.00826626860554899 0.009250908904458089
0 0.31726021485453026 0.1768076439065484 0.00826626860554899 0.009250908904458089
0 0.31100283750176705 0.1812966320074442 0.005545669756521167 0.006802369940333777
0 0.3312104853766491 0.2150956981676974 0.005736931144593487 0.006707957664345807
0 0.33583239042363167 0.2497585488102025 0.006546674475476937 0.006139373419462682
0 0.32356823332809026 0.24232572632805627 0.006546674475476937 0.006139373419462682
0 0.32022346321112444 0.2497585488102025 0.006546674475476937 0.006139373419462682
0 0.33044359412407553 0.2373085711526075 0.006546674475476937 0.006139373419462682
0 0.33583239042363117 0.23461417300282952 0.005803392227261966 0.004466988360979938
0 0.33583239042363117 0.23888804593006366 0.005803392227261966 0.004466988360979938
0 0.3384338782923823 0.24297609829524408 0.005803392227261966 0.004466988360979938
0 0.3360182109856848 0.22922537670327356 0.005803392227261966 0.004466988360979938
0 0.319497017889478 0.27490639676306017 0.005697773704799836 0.006931458314493039
0 0.3090242316986218 0.24814377973024687 0.006396635016460009 0.0066176714847074845
0 0.2698160931053003 0.25520496108828583 0.006396635016460009 0.0066176714847074845
0 0.2649482831310749 0.29603879287269863 0.006642607309529544 0.005887409169686181
0 0.30136911329359156 0.2977111779311816 0.006642607309529544 0.005887409169686181
0 0.2952370347458208 0.2934373050039475 0.006642607309529544 0.005887409169686181
0 0.29282136743912324 0.28526120027358653 0.006642607309529544 0.005887409169686181
0 0.30532845105796347 0.26838082097820964 0.0056244571218065555 0.0071383631661901155
0 0.3099739651093048 0.2646644097371365 0.0056244571218065555 0.0071383631661901155
0 0.3103456062334121 0.2589039723134732 0.0056244571218065555 0.0071383631661901155
0 0.2845165481079539 0.25147114983132696 0.0056244571218065555 0.0071383631661901155
0 0.28376007412473797 0.2571370699317068 0.007453051137658396 0.004674359992163818
0 0.19967273511607467 0.06607658651573836 0.006390555345542077 0.006860667334706017
0 0.1543542689882745 0.036720298141998245 0.005657805082037723 0.008063592357203473
0 0.15175733372329347 0.045253085441221134 0.00639978658631817 0.004353684835802243
0 0.14532682735286465 0.046984375617875045 0.00639978658631817 0.004353684835802243
0 0.2221646524294399 0.05999656295050843 0.005134521668838198 0.006979795648704008
0 0.19540218388827998 0.054860338728307784 0.006012569773674564 0.005272271738837185
0 0.19540218388827998 0.059064900585895884 0.006012569773674564 0.005272271738837185
0 0.16585005864369973 0.17838882982627008 0.006135143443741023 0.007304846398703577
0 0.12910024491081584 0.18700133926357662 0.006803058083128202 0.0075114453191034965
0 0.1321095314346713 0.21313336688432968 0.0069304835920497194 0.007848480069090318
0 0.12201215580026684 0.23953464985724623 0.005342045319544514 0.005757306268890658
0 0.2157616199306723 0.21140676470942643 0.006256621277811975 0.0066174397281533355
0 0.21971885462016694 0.21635330807129471 0.006256621277811975 0.0066174397281533355
0 0.26268783940334356 0.12816941381437885 0.006350278450066416 0.006995542515830766
0 0.2561643629809958 0.012592207646344802 0.007057763707082756 0.003729874890706243
0 0.2840838395969094 0.12413575735401883 0.005559240876045959 0.00481753090771857
0 0.2877937471183107 0.12042584983261757 0.005559240876045959 0.00481753090771857
0 0.2932349448163658 0.12339377584973858 0.005559240876045959 0.00481753090771857
0 0.28878305579068425 0.12438308452211227 0.005559240876045959 0.00481753090771857
0 0.3292776605357294 0.31055448985514206 0.005873923513074995 0.0073912699699137455
0 0.32334180850148747 0.31080181702323545 0.005873923513074995 0.0073912699699137455
0 0.22678000855433297 0.39822926701890365 0.006861943568338548 0.00805387060744378
0 0.21911286634343707 0.4029284832126786 0.006861943568338548 0.00805387060744378
0 0.22381208253721202 0.40861700807882717 0.006861943568338548 0.00805387060744378
0 0.2188655391753437 0.39563233175392265 0.0058726348959648265 0.004343963086042644
0 0.22010217501581078 0.39142776989633454 0.0058726348959648265 0.004343963086042644
0 0.21022174359715604 0.39435967959530294 0.006084966363056259 0.004680952938677756
0 0.26363771220483034 0.37759745620891444 0.007205845990102125 0.007710549893902928
0 0.26884068794233273 0.37481014777810956 0.007205845990102125 0.007710549893902928
0 0.25583324859857676 0.3807564057638265 0.007205845990102125 0.007710549893902928
0 0.2536034018539328 0.38856086937008 0.007205845990102125 0.007710549893902928
0 0.2660533795115278 0.38558774037722154 0.007205845990102125 0.007710549893902928
0 0.26605337951152774 0.39209146004909956 0.007205845990102125 0.007710549893902928
0 0.2660533795115277 0.3989668208450848 0.007205845990102125 0.007710549893902928
0 0.28426379459278595 0.4023115909620506 0.007205845990102125 0.007710549893902928
0 0.2530459401677716 0.4015683087138358 0.007205845990102125 0.007710549893902928
0 0.26140786546018613 0.4062138227651772 0.007205845990102125 0.007710549893902928
0 0.2539750429780398 0.4090011311959821 0.007205845990102125 0.007710549893902928
0 0.27738843379680045 0.4036123348964262 0.007205845990102125 0.007710549893902928
0 0.27584685329220826 0.4115561931286124 0.004182173869060481 0.006813204207061727
0 0.32320036400665375 0.3971723756385844 0.005648240810032058 0.007465604291365256
0 0.3263283011384658 0.3932270226485748 0.006017290427841276 0.007807078320364249
0 0.2220608008580257 0.42851030459047357 0.005424537960216766 0.004385474770738127
0 0.20886754095221613 0.4288819457145809 0.005424537960216766 0.004385474770738127
0 0.198089948353104 0.4311117924592247 0.005424537960216766 0.004385474770738127
0 0.2023638212803381 0.4372438710069953 0.005424537960216766 0.004385474770738127
0 0.19811154045821222 0.44855386509213013 0.006668966603755221 0.0064445453798188754
0 0.20647346575062675 0.4505978912747202 0.006668966603755221 0.0064445453798188754
0 0.207402568560895 0.44465163328900315 0.006668966603755221 0.0064445453798188754
0 0.2135346471086656 0.44483745385105683 0.006668966603755221 0.0064445453798188754
0 0.21464957048098757 0.44985460902650554 0.006668966603755221 0.0064445453798188754
0 0.2608970840844372 0.42515796180074567 0.005449395688594218 0.006938270198053332
0 0.2641489439203761 0.43184750203467664 0.004891934002433434 0.007309911322161999
0 0.2564373905951493 0.43547100299472213 0.004334472316272574 0.0037793206431439674
0 0.2579239550915785 0.4310113095054342 0.004334472316272574 0.0037793206431439674
0 0.25160605598175423 0.4319404123157024 0.004334472316272574 0.0037793206431439674
0 0.25123441485764686 0.4265516160161463 0.004334472316272574 0.0037793206431439674
0 0.24658890080630538 0.4220919225268585 0.004334472316272574 0.0037793206431439674
0 0.24584561855809073 0.41726058791346327 0.004334472316272574 0.0037793206431439674
0 0.2470534522114398 0.45721200875499995 0.005263575126540646 0.005265885139573213
0 0.24203629703599108 0.44401874884919046 0.005263575126540646 0.005265885139573213
0 0.23794824467081063 0.44847844233847817 0.005263575126540646 0.005265885139573213
0 0.2572735831243909 0.46668885741973654 0.005263575126540646 0.005265885139573213
0 0.2464959905252789 0.46408736955098534 0.005263575126540646 0.005265885139573213
0 0.24946911951813738 0.4681754219161657 0.005263575126540646 0.005265885139573213
0 0.28366010293601013 0.4430896460389221 0.005263575126540646 0.005265885139573213
0 0.2844033851842247 0.4497791862728537 0.005263575126540646 0.005265885139573213
0 0.27920040944672236 0.4482926217764244 0.005263575126540646 0.005265885139573213
0 0.2751123570815419 0.445319492783566 0.005263575126540646 0.005265885139573213
0 0.2722416814779108 0.45318800877889165 0.005059863610322373 0.00734681356650117
0 0.27721447207033667 0.47033703748683986 0.004984395725851512 0.005398132472914992
0 0.2871149576613821 0.487663960439776 0.004945176323628092 0.006171740981827608
0 0.2817261613618261 0.48227516414022 0.004945176323628092 0.006171740981827608
0 0.27429333887967994 0.4844121006038368 0.00494517632362792 0.00524263817155924
0 0.2771735575915118 0.49314566702035884 0.006245920258003221 0.004870997047451995
0 0.2505026227915195 0.48026948364952743 0.004976288688869867 0.006353403157198792
0 0.26155894623371223 0.4875164855696202 0.007763597119674963 0.0070966854054135
0 0.23942452433284941 0.4757943063791361 0.004976288688869867 0.006353403157198792
0 0.2553087924634186 0.4552669444873236 0.004976288688869867 0.006353403157198792
0 0.2711930605939878 0.49045670773043043 0.004976288688869867 0.006353403157198792
0 0.27241492737326223 0.4795820933948863 0.004487541977160105 0.005131536377923584
0 0.26435060663005017 0.4937557480344704 0.0054650354005800214 0.006109029801342506
0 0.25873001944538726 0.4940001213903253 0.0054650354005800214 0.006109029801342506
0 0.2846335951660077 0.49962070857498814 0.0054650354005800214 0.006109029801342506
0 0.2575914556167272 0.529084777758399 0.0050563063727700475 0.007040516054012016
0 0.25808020232843704 0.5369047251457562 0.0050563063727700475 0.007040516054012016
0 0.25343710856719376 0.5408146988394347 0.0050563063727700475 0.007040516054012016
0 0.2551477220581781 0.5466796593799524 0.0050563063727700475 0.007040516054012016
0 0.25197086843206423 0.5266410441998497 0.0050563063727700475 0.007040516054012016
0 0.2857462801154576 0.517998826511495 0.0057974731353276744 0.0047585085419923345
0 0.28281379984519867 0.5453686423672449 0.0057974731353276744 0.0047585085419923345
0 0.28379129326861824 0.5507448561960528 0.0057974731353276744 0.0047585085419923345
0 0.30871737556581896 0.5395036818267266 0.006774966558747482 0.00622474867712113
0 0.3057848952955601 0.551722349619472 0.006774966558747482 0.00622474867712113
0 0.30065305482260696 0.5473236292140836 0.006774966558747482 0.00622474867712113
0 0.29625433441721855 0.5475680025699385 0.006774966558747482 0.00622474867712113
0 0.31995854993514494 0.5417030420294204 0.006774966558747482 0.00622474867712113
0 0.3241128969846784 0.5439024022321146 0.006774966558747482 0.00622474867712113
0 0.3138492160387722 0.5468348825023734 0.006774966558747482 0.00622474867712113
0 0.3204472966468547 0.5500117361284872 0.006774966558747482 0.00622474867712113
0 0.3246016436963883 0.5485454959933578 0.006774966558747482 0.00622474867712113
0 0.33255896860838335 0.5522654340935277 0.004289372331073777 0.005626935326786025
0 0.29337351998873046 0.5714141710187884 0.0068627086335500175 0.005908106053180036
0 0.2997272272409582 0.5753241447124668 0.0068627086335500175 0.005908106053180036
0 0.2980166137499738 0.5814334786088398 0.0068627086335500175 0.005908106053180036
0 0.3143896285922527 0.5814334786088398 0.0068627086335500175 0.005908106053180036
0 0.32049896248862547 0.5719029177304982 0.0068627086335500175 0.005908106053180036
0 0.32636392302914335 0.5692148108160939 0.0068627086335500175 0.005908106053180036
0 0.3312513901462417 0.5672598239692547 0.0068627086335500175 0.005908106053180036
0 0.3393157108894538 0.576790384847596 0.0068627086335500175 0.005908106053180036
0 0.3344282437723555 0.5775235049151608 0.0068627086335500175 0.005908106053180036
0 0.31341213516883326 0.5701923042395134 0.0068627086335500175 0.005908106053180036
0 0.31390088188054316 0.5650604637665602 0.0068627086335500175 0.005908106053180036
0 0.2919072798536013 0.5613948634287366 0.0068627086335500175 0.005908106053180036
0 0.3085246680517352 0.5567517696674931 0.0068627086335500175 0.005908106053180036
0 0.2840873324662441 0.5584623831584774 0.0068627086335500175 0.005908106053180036
0 0.2857979459572285 0.564816090410705 0.0068627086335500175 0.005908106053180036
0 0.2774892518581616 0.5631054769197206 0.0068627086335500175 0.005908106053180036
0 0.2826210923311147 0.5706810509512226 0.0068627086335500175 0.005908106053180036
0 0.2716242913176437 0.5655492104782693 0.0068627086335500175 0.005908106053180036
0 0.27015805118251424 0.5706810509512223 0.0068627086335500175 0.005908106053180036
0 0.26649245084469053 0.5677485706809633 0.0068627086335500175 0.005908106053180036
0 0.2599033191200618 0.5782118805654551 0.0068627086335500175 0.005908106053180036
0 0.2308139408898736 0.5687260641043828 0.0068627086335500175 0.005908106053180036
0 0.2129438522486511 0.5639251231118511 0.006222678131541143 0.0051517500354662585
0 0.1955933439829525 0.5737000573460473 0.006222678131541143 0.0051517500354662585
0 0.19999206438834086 0.5715006971433532 0.006222678131541143 0.0051517500354662585
0 0.1787315824289637 0.5509733352515407 0.006222678131541143 0.0051517500354662585
0 0.16968976826233206 0.547307734913717 0.006222678131541143 0.0051517500354662585
0 0.1883781918371418 0.5227204949505553 0.006523442100860972 0.00627094183150721
0 0.19724973633531703 0.5186227081531098 0.005467689276441407 0.005664309358022668
0 0.17314598473424017 0.5160471287012585 0.0064635824693424875 0.0061142724109609185
0 0.11074488989654942 0.5133105225801418 0.007587544943549379 0.006564519604671965
0 0.11654806423983509 0.5066767202134009 0.009395381678705664 0.006536560860681325
0 0.11161529147737578 0.48320292380491514 0.007431175397789996 0.007169184477432915
0 0.08914401840452618 0.562442450048042 0.00708875022999094 0.007454561890533971
0 0.09345049647277495 0.5540828161508532 0.00708875022999094 0.007454561890533971
0 0.07622458419977987 0.5842281626285948 0.00708875022999094 0.007454561890533971
0 0.07749119539632363 0.592334474286475 0.00708875022999094 0.007454561890533971
0 0.07685788979805196 0.5706754228255781 0.005315494554830079 0.005174661736757643
0 0.06824493366155442 0.5754885453724444 0.005315494554830079 0.005174661736757643
0 0.06824493366155442 0.5848614682268685 0.005315494554830079 0.005174661736757643
0 0.08116436786630075 0.5754885453724448 0.005315494554830079 0.005174661736757643
0 0.07685788979805196 0.5759951898510624 0.005315494554830079 0.005174661736757643
0 0.08243097906284452 0.5881546573378826 0.005315494554830079 0.005174661736757643
0 0.07508463412289074 0.6010740915426289 0.005315494554830079 0.005174661736757643
0 0.077871178755287 0.6089270809612004 0.005315494554830079 0.005174661736757643
0 0.08395091249869706 0.6003141248247031 0.005315494554830079 0.005174661736757643
0 0.09788363566067844 0.5835948570303257 0.005315494554830079 0.005174661736757643
0 0.09383047983173844 0.5797950234406946 0.005315494554830079 0.005174661736757643
0 0.2469838849153155 0.6005042376246252 0.0068627086335500175 0.005908106053180036
0 0.24394401804361052 0.6060773268894178 0.0068627086335500175 0.005908106053180036
0 0.25255697418010814 0.6063306491287268 0.0068627086335500175 0.005908106053180036
0 0.25255697418010814 0.6106371271969757 0.0068627086335500175 0.005908106053180036
0 0.24850381835116814 0.6141836385472983 0.0068627086335500175 0.005908106053180036
0 0.26775630853863325 0.6075972603252708 0.0068627086335500175 0.005908106053180036
0 0.2672496640600157 0.6119037383935196 0.0068627086335500175 0.005908106053180036
0 0.2771292313930572 0.6121570606328285 0.0068627086335500175 0.005908106053180036
0 0.2766225869144398 0.6060773268894184 0.0068627086335500175 0.005908106053180036
0 0.27218944772653714 0.5955644539581063 0.0055960974370054695 0.0051481393352521675
0 0.27345605892308084 0.5892313979753875 0.0055960974370054695 0.0051481393352521675
0 0.27345605892308084 0.5841649531892125 0.0055960974370054695 0.0051481393352521675
0 0.26636303622243584 0.5834049864712864 0.0055960974370054695 0.0051481393352521675
0 0.26737632517967086 0.57656528600995 0.0055960974370054695 0.0051481393352521675
0 0.289668682238841 0.5768186082492587 0.0055960974370054695 0.0051481393352521675
0 0.2782691814699472 0.5869514978216088 0.0055960974370054695 0.0051481393352521675
0 0.319307384237965 0.5958177761974152 0.0055960974370054695 0.0051481393352521675
0 0.3144942616910987 0.6006308987442815 0.0055960974370054695 0.0051481393352521675
0 0.30005489405049984 0.599364287547738 0.0055960974370054695 0.0051481393352521675
0 0.30790788346907116 0.6046840545732218 0.0055960974370054695 0.0051481393352521675
0 0.29625506046086864 0.6031641211373694 0.0055960974370054695 0.0051481393352521675
0 0.311201072580085 0.5763119637706419 0.0055960974370054695 0.0051481393352521675
0 0.30816120570838 0.5725121301810108 0.0055960974370054695 0.0051481393352521675
0 0.30765456122976254 0.5953111317187987 0.0055960974370054695 0.0051481393352521675
0 0.29600173822156 0.6089905326414714 0.0055960974370054695 0.0051481393352521675
0 0.2927085491105463 0.6132970107097203 0.0055960974370054695 0.0051481393352521675
0 0.2856155264099013 0.616843522060043 0.0055960974370054695 0.0051481393352521675
0 0.2830823040168138 0.6094971771200893 0.0055960974370054695 0.0051481393352521675
0 0.2987882828539564 0.6148169441455732 0.0055960974370054695 0.0051481393352521675
0 0.30334808316151396 0.6176034887779696 0.0055960974370054695 0.0051481393352521675
0 0.3160141951269515 0.621403322367601 0.0055960974370054695 0.0051481393352521675
0 0.3066412722725278 0.6254564781965413 0.0055960974370054695 0.0051481393352521675
0 0.3150009061697165 0.6290029895468636 0.0055960974370054695 0.0051481393352521675
0 0.316520839605569 0.6439490016660799 0.0055960974370054695 0.0051481393352521675
0 0.3271603736565366 0.64800215749502 0.0055960974370054695 0.0051481393352521675
0 0.3213339621524353 0.6378692679226702 0.0055960974370054695 0.0051481393352521675
0 0.32741369589584535 0.6381225901619791 0.0055960974370054695 0.0051481393352521675
0 0.33273346292132927 0.635082723290274 0.0055960974370054695 0.0051481393352521675
0 0.29878828285395664 0.6229232558034541 0.0055960974370054695 0.0051481393352521675
0 0.2927085491105466 0.6267230893930853 0.0055960974370054695 0.0051481393352521675
0 0.2975216716574129 0.6322961786578779 0.0055960974370054695 0.0051481393352521675
0 0.29878828285395675 0.6472421907770942 0.0055960974370054695 0.0051481393352521675
0 0.28865539328160666 0.6512953466060344 0.0055960974370054695 0.0051481393352521675
0 0.291441937914003 0.6568684358708272 0.0055960974370054695 0.0051481393352521675
0 0.27636926467513256 0.6511686854863814 0.007875997590783704 0.0074280394890324465
0 0.2787758259485655 0.6594016582639148 0.0055960974370054695 0.0051481393352521675
0 0.2830823040168144 0.6601616249818412 0.0055960974370054695 0.0051481393352521675
0 0.27244276996584693 0.6647214252893987 0.0055960974370054695 0.0051481393352521675
0 0.2635764915900406 0.6700411923148826 0.0055960974370054695 0.0051481393352521675
0 0.26737632517967186 0.6735877036652052 0.0055960974370054695 0.0051481393352521675
0 0.2658563917438195 0.677894181733454 0.0055960974370054695 0.0051481393352521675
0 0.27928247042718396 0.6806807263658518 0.0055960974370042075 0.00818800620695964
0 0.30917449466561586 0.6672546476824863 0.0055960974370054695 0.0051481393352521675
0 0.3177874508021136 0.6776408594941452 0.0055960974370054695 0.0051481393352521675
0 0.3195607064772749 0.6705478367935004 0.0055960974370054695 0.0051481393352521675
0 0.32538711798137626 0.6766275705369104 0.0055960974370054695 0.0051481393352521675
0 0.3188007397593488 0.6895470047416569 0.0055960974370054695 0.0051481393352521675
0 0.32133396215243637 0.6989199275960809 0.0055960974370054695 0.0051481393352521675
0 0.2800424371451099 0.6941068050492146 0.0055960974370054695 0.0051481393352521675
0 0.21949842195031827 0.683467270998247 0.0055960974370054695 0.0051481393352521675
0 0.2258314779330371 0.6789074706906895 0.0055960974370054695 0.0051481393352521675
0 0.2119111611665571 0.6928620913683998 0.005367194920420318 0.006091624220035505
0 0.21317777236310093 0.7009684030262798 0.005367194920420318 0.006091624220035505
0 0.21748425043134978 0.7090747146841601 0.005367194920420318 0.006091624220035505
0 0.2233106619354511 0.708314747966234 0.005367194920420318 0.006091624220035505
0 0.2608023533531464 0.7014750475048976 0.005367194920420318 0.006091624220035505
0 0.25522926408835395 0.7007150807869715 0.005367194920420318 0.006091624220035505
0 0.27878823234406785 0.7055282033338378 0.005367194920420318 0.006091624220035505
0 0.28309471041231665 0.7052748810945291 0.005367194920420318 0.006091624220035505
0 0.21064454997001372 0.6817159128388154 0.005367194920420318 0.006091624220035505
0 0.21520435027757134 0.6791826904457278 0.005367194920420318 0.006091624220035505
0 0.21216448340586636 0.6860223909070642 0.005367194920420318 0.006091624220035505
0 0.20431149398729512 0.6928620913684004 0.005367194920420318 0.006091624220035505
0 0.21951082834582025 0.6898222244966954 0.005367194920420318 0.006091624220035505
0 0.22001747282443782 0.6938753803256356 0.005367194920420318 0.006091624220035505
0 0.16150003554411618 0.7037549476586769 0.005367194920420318 0.006091624220035505
0 0.1513928326292219 0.6992309892654576 0.006491007548021383 0.00686683167897097
0 0.15747256637263196 0.6949245111972089 0.006491007548021383 0.00686683167897097
0 0.1693787116201433 0.6999909559833837 0.006491007548021383 0.00686683167897097
0 0.1775486816809833 0.7030532071294475 0.005825254948941748 0.006795450025481574
0 0.20928151123587996 0.7147791213511545 0.005413991786131753 0.00607008630371442
0 0.2166278561758338 0.7203522106159471 0.005413991786131753 0.00607008630371442
0 0.22498749007302266 0.7185789549407859 0.005413991786131753 0.00607008630371442
0 0.22296091215855265 0.7233920774876523 0.005413991786131753 0.00607008630371442
0 0.24373333578187034 0.7228854330090351 0.005413991786131753 0.00607008630371442
0 0.24829313608942793 0.723392077487653 0.005413991786131753 0.00607008630371442
0 0.25411954759352934 0.7289651667524458 0.005413991786131753 0.00607008630371442
0 0.24120011338878303 0.735044900495856 0.005413991786131753 0.00607008630371442
0 0.27210542658445075 0.7350449004958562 0.005413991786131753 0.00607008630371442
0 0.2921178834898422 0.7282052000345199 0.005413991786131753 0.00607008630371442
0 0.30073083962633984 0.7325116781027687 0.005413991786131753 0.00607008630371442
0 0.30326406201942746 0.7160457325477 0.005413991786131753 0.00607008630371442
0 0.3080771845662938 0.7370714784103265 0.005413991786131753 0.00607008630371442
0 0.25311169620833346 0.6315236589095605 0.007636474896418391 0.007445629060829974
0 0.24753860694354096 0.635323492499192 0.007636474896418391 0.007445629060829974
0 0.26755106384893235 0.6289904365164734 0.007636474896418391 0.007445629060829974
0 0.29275662666015334 0.6179709191065434 0.004343285785404979 0.005672373385667792
0 0.28946343754913956 0.6213907693372115 0.0038366413067872397 0.005925695624976889
0 0.23942685771362154 0.7289651667524449 0.005413991786131753 0.00607008630371442
0 0.25994595909763046 0.7408713119999565 0.005413991786131753 0.00607008630371442
0 0.2847715385498881 0.7309917446669154 0.005413991786131753 0.00607008630371442
0 0.3057972844125145 0.7218721440518003 0.005413991786131753 0.00607008630371442
0 0.286038149746432 0.7365648339317081 0.005413991786131753 0.00607008630371442
0 0.280971704960257 0.7373248006496343 0.005413991786131753 0.00607008630371442
0 0.2677989485162019 0.7390980563247957 0.005413991786131753 0.00607008630371442
0 0.24499994697841426 0.7408713119999571 0.005413991786131753 0.00607008630371442
0 0.22017436752615666 0.7431512121537363 0.005413991786131753 0.00607008630371442
0 0.2206810120047742 0.7363115116924 0.005413991786131753 0.00607008630371442
0 0.22600077903025795 0.7487243014185289 0.005413991786131753 0.00607008630371442
0 0.2548795143114557 0.7487243014185289 0.005413991786131753 0.00607008630371442
0 0.22929396814127187 0.7071794541718937 0.005413991786131753 0.00607008630371442
0 0.2201743675261568 0.7023663316250276 0.005413991786131753 0.00607008630371442
0 0.22296091215855313 0.6988198202747051 0.005413991786131753 0.00607008630371442
0 0.22448084559440568 0.6932467310099126 0.005413991786131753 0.00607008630371442
0 0.25209296967905964 0.6922334420526777 0.005413991786131753 0.00607008630371442
0 0.21358798930412945 0.7563239685977919 0.005413991786131753 0.00607008630371442
0 0.21333466706482074 0.7763364255031834 0.005413991786131753 0.00607008630371442
0 0.19864197718491317 0.7689900805632298 0.005413991786131753 0.00607008630371442
0 0.20269513301385328 0.7732965586314787 0.005413991786131753 0.00607008630371442
0 0.19002902104841568 0.7745631698280226 0.005413991786131753 0.00607008630371442
0 0.19458882135597322 0.7750698143066401 0.005413991786131753 0.00607008630371442
0 0.20674828884279328 0.7588571909908802 0.005413991786131753 0.00607008630371442
0 0.2229609121585534 0.7611370911446591 0.005413991786131753 0.00607008630371442
0 0.22777403470541976 0.7644302802556731 0.005413991786131753 0.00607008630371442
0 0.2237208788764798 0.7715233029563183 0.005413991786131753 0.00607008630371442
0 0.21764114513306979 0.7586038687515722 0.005413991786131753 0.00607008630371442
0 0.21738782289376105 0.7624037023412034 0.005413991786131753 0.00607008630371442
0 0.2039617442103972 0.7558173241191759 0.005413991786131753 0.00607008630371442
0 0.2603953407617018 0.7778144460753268 0.007031208054254095 0.006817727447732389
0 0.22999667204465163 0.801120092091732 0.007031208054254095 0.006817727447732389
0 0.2416494950528542 0.7996001586558796 0.007031208054254095 0.006817727447732389
0 0.2563183241926604 0.7843472851629992 0.00520646201800456 0.006931391283784569
0 0.232075263300029 0.837991053271759 0.006155220154477257 0.007258079621249984
0 0.23004249659275228 0.8313180589078741 0.005609957234043691 0.006522778675250022
0 0.18980739182458004 0.8478806451532048 0.0065072564774748785 0.0074089026035936935
0 0.28909895275505004 0.8562904379324029 0.007782354002850416 0.008893691006716997
0 0.15166956217670063 0.8749764126210724 0.00773954619254618 0.007054250545757258
0 0.14239733491240206 0.9013095380516803 0.00773954619254618 0.007054250545757258
0 0.15797467671642368 0.9042766507762557 0.00773954619254618 0.007054250545757258
0 0.16650512579957838 0.9024222053233963 0.00773954619254618 0.007054250545757258
0 0.1446226694558337 0.9105817653159791 0.00773954619254618 0.007054250545757258
0 0.14239733491240206 0.9179995471274179 0.00773954619254618 0.007054250545757258
0 0.14870244945212507 0.9235628834859972 0.00773954619254618 0.007054250545757258
0 0.15241134035784454 0.919483103489706 0.00773954619254618 0.007054250545757258
0 0.15834556580699566 0.926159107120001 0.00773954619254618 0.007054250545757258
0 0.16539245852786263 0.9183704362179905 0.00773954619254618 0.007054250545757258
0 0.15352400762956045 0.9109526544065517 0.00773954619254618 0.007054250545757258
0 0.15797467671642373 0.9150324344028431 0.00773954619254618 0.007054250545757258
0 0.1512986730861288 0.929867998025721 0.00773954619254618 0.007054250545757258
0 0.13052888401409996 0.9769709125283579 0.00773954619254618 0.007054250545757258
0 0.12830354947066827 0.9847595834303688 0.00773954619254618 0.007054250545757258
0 0.12162754584037329 0.9851304725209407 0.00773954619254618 0.007054250545757258
0 0.34208749050193915 0.9838064879928713 0.005732701715265635 0.006804814818732541
0 0.3613737232116802 0.9812102643588676 0.005732701715265635 0.006804814818732541
0 0.3628572795739681 0.985660933445731 0.005732701715265635 0.006804814818732541
0 0.3570387655626909 0.968830892815338 0.005339567932626435 0.006968024809448992
0 0.3537007637475435 0.9643802237284749 0.005339567932626435 0.006968024809448992
0 0.32105917595758543 0.9194882981120556 0.006593652734417124 0.0055982459395180414
0 0.2511784930113843 0.8951689111424321 0.007415738449458663 0.006773660698479333
0 0.24190626574708576 0.8985069129575796 0.007415738449458663 0.006773660698479333
0 0.253774716645388 0.9014740256821551 0.007415738449458663 0.006773660698479333
0 0.21301372097955493 0.841511381453375 0.006312823670594676 0.005968427405571883
0 0.35157806968459065 0.9424883543558089 0.005210400139050692 0.006628097099244664
0 0.29112314792136396 0.883146099864298 0.005210400139050692 0.006628097099244664
0 0.285413405487658 0.8856203215855706 0.005210400139050692 0.006628097099244664
0 0.2903618489302031 0.8890461670457942 0.005210400139050692 0.006628097099244664
0 0.3135814681606071 0.8926623372538077 0.005210400139050692 0.006628097099244664
0 0.31148789593491494 0.902749548886688 0.005210400139050692 0.006628097099244664
0 0.3175782878642012 0.9033205231300587 0.005210400139050692 0.006628097099244664
0 0.3137717929083973 0.9094109150593452 0.005210400139050692 0.006628097099244664
0 0.3065394524923698 0.9092205903115549 0.005210400139050692 0.006628097099244664
0 0.3063491277445797 0.8998946776698352 0.005210400139050692 0.006628097099244664
0 0.2992556824417337 0.9178273791206347 0.004172940248123393 0.007012570777978115
0 0.3028718526497474 0.9235371215543405 0.004172940248123393 0.007012570777978115
0 0.2893587955566435 0.9166854306338934 0.004172940248123393 0.007012570777978115
0 0.2903104192955945 0.906788543748803 0.004172940248123393 0.007012570777978115
0 0.26690047531740035 0.882426976031658 0.004172940248123393 0.007012570777978115
0 0.26100040813590425 0.8835689245183991 0.004172940248123393 0.007012570777978115
0 0.28174580564503565 0.9252500442844521 0.004172940248123393 0.007012570777978115
0 0.28079418190608463 0.9296275134836267 0.004172940248123393 0.007012570777978115
0 0.28126999377556056 0.9356227430390183 0.003221316509171712 0.004918998552285258
0 0.2763241573950289 0.9276641608648047 0.005989096907993216 0.005023156373277116
0 0.29459272612087434 0.9251548819105574 0.003221316509171712 0.004918998552285258
0 0.3240955332763835 0.5585853927209485 0.005425664605436718 0.0060047955956295754
0 0.27708532057220503 0.5705758518317309 0.005425664605436718 0.0060047955956295754
0 0.27651434632883487 0.5749533210309061 0.003903066623114539 0.004101548117726666
0 0.27232720187745063 0.5766662437610178 0.003903066623114539 0.004101548117726666
0 0.32628266371266457 0.5231112414057586 0.004576631676063373 0.006028299319687223
0 0.30569664804207597 0.4232045544776465 0.006860927592808998 0.007891043713686742
0 0.08826721554843202 0.41535130035423706 0.00598013333608999 0.006261487171697494
0 0.08742978665815514 0.423934946479575 0.00598013333608999 0.006261487171697494
0 0.07353507408067884 0.40811879360708303 0.005024659284645978 0.004445605006556828
0 0.0858871502122626 0.40874686527479087 0.005024659284645978 0.004445605006556828
0 0.08715221856026868 0.39658736709613296 0.004764172052774438 0.004996459947765067
0 0.08547736077971496 0.4020306548829327 0.004764172052774438 0.004996459947765067
0 0.09071129134394537 0.40726458544716315 0.004764172052774438 0.004996459947765067
0 0.07647500020923867 0.39993708265724076 0.004764172052774438 0.004996459947765067
0 0.08511643806845033 0.3885993327063282 0.0040140578321339005 0.006524933493871731
0 0.29958007105959616 0.638826104266859 0.004510364407022326 0.00401561564337486
0 0.28416533942039013 0.6646221857855303 0.004510364407022326 0.00401561564337486
0 0.2846372189603658 0.6688691016453115 0.004510364407022326 0.00401561564337486
0 0.28888413482014696 0.6720149652451497 0.004510364407022326 0.00401561564337486
0 0.28558097804031707 0.6756327083849634 0.004510364407022326 0.00401561564337486
0 0.32026516128794613 0.6599714267818397 0.004234131454133893 0.00504496194358269
0 0.31806305676805957 0.6662631539815156 0.004234131454133893 0.00504496194358269
