1 0.5845924033987568 0.6485144272460507 0.010505964170031584 0.012518863965821237
1 0.5156122601550558 0.5306301324263863 0.012434731359067171 0.012820658476456352
1 0.5889504370482072 0.5760008666826331 0.01190726653389309 0.01335200019504713
1 0.35530691820642224 0.3356020369607469 0.012191228244615637 0.013515302020570507
1 0.5575327665909476 0.4745011744291886 0.012615701426630434 0.013539894767429516
1 0.08012673647507378 0.3693082850912343 0.02207271949104641 0.013838187507961109
1 0.5693424058997113 0.4696594684020333 0.011904343314792797 0.013114110283229664
1 0.5894191679747208 0.5071638045103654 0.011805347774339758 0.013255347376284391
1 0.5310843509176503 0.5321592351664668 0.011488126671832542 0.013933161030644957
1 0.5793213015017302 0.4375000414641007 0.01337221394414487 0.01282136336616848
1 0.4307871901470681 0.6881965968919836 0.012062611787215523 0.013061108796492867
1 0.4274332419685695 0.13856183964273203 0.012356841045877209 0.013238098310387653
1 0.5972934805828592 0.685539784638778 0.012803367946458899 0.013701729152513586
1 0.44166544209355896 0.24138297205385956 0.01245042552118716 0.013723580733589504
1 0.4849882436835247 0.6045168793719747 0.012146141218102497 0.012280464172363281
1 0.11220750083094058 0.36072598332944117 0.012857468231864597 0.013218174809994905
1 0.40284381742062775 0.24867578174756919 0.01218872484953507 0.012918264969535496
1 0.3617825521075207 0.28672946017721423 0.01200033011643783 0.010942085929538891
1 0.5604428001072096 0.4317618349324102 0.012340462726095448 0.012807452160379162
1 0.5545481598895529 0.5139501613119374 0.01241140780241593 0.025632402171259342
1 0.5483450889587402 0.4597032795781675 0.013328759566597317 0.013623279073963995
1 0.5887094476948613 0.6023027482240098 0.01147981311963952 0.012292799742325493
1 0.5134428791377855 0.4904186621956203 0.012685672096584156 0.012134178825046704
1 0.5132199163022247 0.5087551241335663 0.011851932691491169 0.01294471906579059
1 0.59369012583857 0.5640852554984714 0.012724005657693615 0.01316393976626189
1 0.3924722049547279 0.23609079485354217 0.012256746706755264 0.012928237085757048
1 0.5638003763945206 0.44823712887971295 0.012693280759065048 0.014558294545049253
1 0.5797961276510487 0.5526301238847815 0.012567437213400135 0.01370796949967094
1 0.42223285592120624 0.435828043066937 0.013204201408054516 0.012732961903447691
1 0.4355541519496752 0.3612206915150518 0.012921250384786854 0.025198231572690216
1 0.5957353737043298 0.5263247282608695 0.018400503241497536 0.018544487331224525
1 0.4344788426938265 0.27439505120982294 0.012137454489003057 0.013714665951936142
1 0.43345554496930994 0.18015074211618173 0.012266687724901281 0.013394221015598461
1 0.5006961096888003 0.24841925372248108 0.012292343637217646 0.013192943904710852
1 0.42104529297870136 0.3044638944708783 0.012129597041917883 0.012436887492304262
1 0.35534551869268005 0.3851038062054178 0.011825644451638927 0.013063845427139946
1 0.48606070228244946 0.28304276259049127 0.012612633083177649 0.012782677360202954
1 0.35708363937295007 0.32066236501154693 0.01276043705318285 0.015891969203948975
1 0.46021990154100506 0.35728559416273364 0.012372348619543987 0.014669395011404286
1 0.46321773529052734 0.1265844728635705 0.013017073921535328 0.012037038803100586
1 0.46473273505335266 0.6254508391670559 0.012556293736333433 0.012646467789359715
1 0.11290599470553192 0.3959386245064113 0.012910853261532991 0.01328766864279042
1 0.5452556610107421 0.557089494622272 0.011199536530867867 0.012931118840756624
1 0.5707860200301461 0.5199364475581956 0.012725332508916441 0.011936249940291695
1 0.4756896184838336 0.26689040142556897 0.012745442597762398 0.013267600018045177
1 0.5876578455385953 0.47612985839014466 0.012549939362899117 0.014036188954892366
1 0.36018032224281976 0.489438067311826 0.011544919532278309 0.01375876302304475
1 0.5803570021753726 0.4558090748994247 0.012477522311003311 0.012819414553434952
1 0.6133603842362113 0.509117261223171 0.012385202490765114 0.01393909039704696
1 0.11840634242348048 0.3254108117974323 0.011883082597152046 0.012269538381825323
1 0.34344135678332777 0.4251799427944681 0.013387877008189325 0.015051810637764309
1 0.49206428942473046 0.21583276209623917 0.011920389921768852 0.01277979560520338
1 0.4893110627713411 0.1443448429522307 0.012599509695301886 0.013125015341717262
1 0.49865916500920837 0.5269637522490127 0.012238025665283203 0.012384787849757984
1 0.5744894691135574 0.3234239142874013 0.012457225633704144 0.013608455657958984
1 0.3874324845231098 0.12830444004224695 0.012444262919218643 0.01362653400586999
1 0.41856639281563135 0.3406433178030926 0.012799843497898266 0.0134030528690504
1 0.35819520768911944 0.3642495404119077 0.012607354184855585 0.013426531916079313
1 0.5132151686626932 0.47799064802086866 0.012944138568380604 0.015787870987601902
1 0.11494793062624722 0.34122197524360987 0.012847319893215015 0.012174191682235054
1 0.5365303702976393 0.47598861611407733 0.012111912602963655 0.014193617779275646
1 0.527617475260859 0.581736647564432 0.0121301153431768 0.012297340061353601
1 0.4555398795915687 0.5802838180376135 0.011301724807075832 0.012398657591446587
1 0.43580229386039404 0.30466890335083013 0.013453525045643682 0.013728432033372961
1 0.3947259731914686 0.3397284901660422 0.011931694072225819 0.012564265209695568
1 0.5816169407056726 0.6332835943802543 0.011382393215013586 0.012785911560058594
1 0.10751734609189242 0.37688775684522546 0.013298615165378735 0.013336886530337126
1 0.42459633039391564 0.32521596291790833 0.012325618578040081 0.014053554638572361
1 0.4977698533431343 0.3233489974037461 0.012272378672724184 0.01334028334721275
1 0.565597617107889 0.2954876941183339 0.010917995287024456 0.011725798897121265
1 0.37555858363275946 0.3857603047205054 0.011560813240382984 0.01297146859376327
1 0.40928856445395434 0.2855523461880891 0.011446097622747007 0.012272772581680962
1 0.5188392556231954 0.4381772538890009 0.013417865919030231 0.016860008239746094
1 0.4631867823393448 0.15830596115278162 0.012072231458581013 0.012151230936465056
1 0.4390044056850931 0.638952058294545 0.012035774148028831 0.013749806777290676
1 0.5006417191546896 0.4399263703304788 0.013385565384574558 0.014504671096801758
1 0.4020727354547251 0.027733773640964344 0.012671667596568232 0.012580686289331188
1 0.20839477621990704 0.0810714752777763 0.01065038598102072 0.011653889780459196
1 0.4933119234831437 0.6202493646870488 0.01151275634765625 0.013344412264616592
1 0.494160735088846 0.5768362957498302 0.012110834536345108 0.013216599174167797
1 0.08648581867632657 0.309077553127123 0.011815656786379606 0.013695260752802309
1 0.5201556371605914 0.4027434483818385 0.012477999148161514 0.012733843015587849
1 0.24287923522617505 0.12473134890846584 0.013415813446044922 0.013144233952397886
1 0.6010585556859556 0.3683157226313715 0.011092289634372875 0.012048088985940685
1 0.6000020607658054 0.6566910951033883 0.01257875691289487 0.014631022577700407
1 0.47938409058944037 0.1042894176814867 0.01171311088230299 0.013351668482241423
1 0.3612583875656128 0.20051608914914337 0.011325877645741339 0.011593175970989723
1 0.4411325662032417 0.1253070416657821 0.012633987095045008 0.0130492293316385
1 0.5797881665437117 0.40574852798296057 0.012187460194463316 0.01177289174950641
1 0.43649247936580493 0.7030160530753758 0.011632805285246475 0.011859769406525986
1 0.5979583159736965 0.48566179690153705 0.012580788653829823 0.012752532958984375
1 0.5210400664288065 0.1845778796983802 0.011520758919093921 0.012046855428944464
1 0.44596250679181965 0.09035270628721817 0.012075144311656122 0.013180908949478813
1 0.5727675272070843 0.6245558676512345 0.011642829231593921 0.01161050796508789
1 0.6047654773878015 0.4034581391707711 0.011853093686311142 0.013333693794582203
1 0.5557385942210322 0.718463255011517 0.011122869408648949 0.01051343005636464
1 0.41797181834345276 0.05114426820174508 0.012341955433721128 0.014409915260646656
1 0.52224818519924 0.5518794578054677 0.012739347374957542 0.01236718633900518
1 0.3604385127191958 0.17186641174813974 0.013029927792756454 0.012962766315626062
1 0.5474179413007654 0.5400293184363324 0.012006158414094345 0.012564742046853771
1 0.3566833073678224 0.5446558516958485 0.011788339718528416 0.013017467830492102
1 0.3600036786950153 0.30356760646985925 0.012597374294115149 0.013668039570684019
1 0.5768331030140752 0.7242880074874216 0.014216630355171535 0.011683546978494396
1 0.47956773509149964 0.6433122676351796 0.01335981617803159 0.012827956158181896
1 0.5421461022418478 0.6175297757853633 0.014005246369735054 0.01906857283219047
1 0.6039108815400498 0.5524077726447064 0.012276981187903362 0.013301165207572605
1 0.47687090998110565 0.6930414490077805 0.011651826941448708 0.011846666750700577
1 0.1828886944314708 0.21102086357448413 0.012952182603918987 0.014951001042905062
1 0.37667439294898 0.4350046074908713 0.011092787203581436 0.013653713723887568
1 0.548469584921132 0.802980029064676 0.010407738063646399 0.012893469437308933
1 0.4191204775934634 0.2645455857981806 0.013253792472507641 0.013523889624554176
1 0.5366141277810802 0.4468263957811438 0.012537500132685122 0.012735283893087635
1 0.19925121639085852 0.16832711385644 0.01014182878577191 0.010290539782980213
1 0.6369283302970554 0.06317638314288596 0.01142746469248896 0.013325089993684189
1 0.5825110311093539 0.3439494624086049 0.011396905650263247 0.011742841938267584
1 0.38743392280910327 0.07273657943891443 0.012799055679984715 0.013348268425982933
1 0.5821725492892059 0.49409831088522194 0.013098654539688774 0.012354436128035835
1 0.5167419495789901 0.4555898852970289 0.014201599618662958 0.013790192811385445
1 0.5269169185472571 0.4993271309396495 0.012636433476987093 0.01419011406276537
1 0.477292802022851 0.6735721049101457 0.012248733769292417 0.01410811880360479
1 0.19886012699293054 0.03241683607516081 0.013066996698794157 0.013683744098829187
1 0.39544480779896607 0.2783118745555048 0.013139351554538891 0.012116598046344261
1 0.5580583447995394 0.08240815090096515 0.011707098587699558 0.011737341466157333
1 0.5721516505531643 0.5077167179273523 0.012055293373439625 0.01333983048148777
1 0.5410148475481116 0.48882052172785223 0.01158662464307702 0.01220696905384893
1 0.36596654549888946 0.1463111172551694 0.013217931208403214 0.014080980549687925
1 0.4576779500297878 0.5642343396725862 0.012082524921583094 0.012144461922023609
1 0.14537963141565738 0.3012126632358717 0.012435819791710895 0.014298439025878906
1 0.4998515015063079 0.5621417605358622 0.011821446211441704 0.012292094852613367
1 0.5240259999814241 0.4194204703621242 0.011195224264393682 0.01262353814166525
1 0.5756191585374915 0.6734862742216692 0.01150189275326936 0.011886389359183933
1 0.527821976205577 0.6222435495127803 0.01279237995976987 0.012296427851137907
1 0.22688662487527597 0.09741818904876709 0.011436545330545177 0.012207414792931599
1 0.5418850235317065 0.5136637791343357 0.012187833371369736 0.013474858325460682
1 0.0928986176200535 0.38555082549219544 0.011866030485733696 0.012910749601281208
1 0.6107408896736477 0.47814114197440766 0.013052194014839504 0.014020795407502548
1 0.43484744300013 0.10820313121961511 0.012970271317855171 0.013068447942319124
1 0.48210152854090155 0.6599512722181237 0.012442391851673956 0.012812199799910835
1 0.37763041776159534 0.17189533814139987 0.012010444765505583 0.011935399926227074
1 0.5068062077397886 0.6258213209069293 0.012412361476732336 0.012848480888034985
1 0.45071392473967187 0.3284543493519659 0.011787621871284817 0.013423546500827954
1 0.4471257303072059 0.04946213183195694 0.011100426964137867 0.011419534683227539
1 0.5887043994405995 0.6613662553870161 0.013330957163935122 0.012387151303498642
1 0.5397086558134659 0.28848928990571393 0.011704279028851051 0.012732319209886633
1 0.49809115347654925 0.5432422264762546 0.012317667836728304 0.012390178182850714
1 0.4548581579457159 0.18550165839817212 0.012254300324813179 0.012333372364873472
1 0.5789684005405592 0.4239363048387611 0.012333704077679176 0.012458220772121265
1 0.4624851268270742 0.6390098903490149 0.011917321578316067 0.011918772821841032
1 0.5483014168946638 0.06507402399311894 0.010350911513618801 0.011263308317764946
1 0.5196911148403002 0.5674683944038723 0.01195762468420941 0.014183873715608017
1 0.5883822441101074 0.3155282580334207 0.011467933654785156 0.011572568312935207
1 0.39389632059180213 0.14758177425550378 0.012409085812775986 0.012466948965321417
1 0.47271380735480273 0.14264079798822815 0.011829117070073667 0.013035629106604534
1 0.1613627931346064 0.25172627490499744 0.011845132578974184 0.011304938274881115
1 0.3292908331622248 0.23247539478799567 0.012281391931616741 0.024898508320684017
1 0.4994632783143417 0.637970198755679 0.011981611666472061 0.012520790100097656
1 0.09186330048934273 0.3411527301954187 0.01125843628593113 0.01154327392578125
1 0.4012674196906712 0.4226395254549773 0.012644404950349228 0.012678789055865745
1 0.10525735046552576 0.40806686100752465 0.011788129806518555 0.01203137377034063
1 0.33667733358300245 0.27829064493593964 0.013184319371762484 0.012998995573624321
1 0.40516525247822643 0.10118061044941777 0.011996963749761167 0.01261579472085704
1 0.3556541645008584 0.5059816008028777 0.012117225190867548 0.014430439990499744
1 0.5420994551285453 0.011668114882448446 0.010286579961362093 0.010664858895799389
1 0.11350447198619014 0.2783119056535803 0.012196250583814539 0.012875577677851137
1 0.49747045143790863 0.5122191387674083 0.012333185776420261 0.012298003486965015
1 0.5240088545757792 0.699666686680006 0.011184153349503227 0.012177757594896399
1 0.5120927561884341 0.6660814077957817 0.011563176694123642 0.012525434079377548
1 0.48914664724598755 0.7013596451800802 0.011118515678074047 0.011415274246879246
1 0.3688924675402434 0.5178236754044242 0.012071557666944422 0.012701697971509851
1 0.3424795192220937 0.19602231357408606 0.01224380990733271 0.01254979423854662
1 0.08798283079396123 0.47872398210608447 0.012634443200152855 0.013569873312245245
1 0.5415425818899403 0.43470665682917053 0.01194781842439071 0.011954660001008408
1 0.56479085010031 0.18354508151178778 0.010740943576978601 0.011089511539625086
1 0.5606834577477496 0.6310323839602262 0.012120122494904892 0.012657704560653023
1 0.37662490295327233 0.4945347982904185 0.011456546576126762 0.013709078664365023
1 0.5948801766271177 0.38531117594760395 0.012245074562404468 0.0120387543802676
1 0.4633284444394319 0.04361200721367546 0.013668806656547215 0.019533543483070705
1 0.483305371325949 0.18333184200784436 0.01113655256188434 0.012381719506305199
1 0.5303377068561056 0.5967526746832806 0.022153273872707203 0.01340627670288086
1 0.3769236647564432 0.1594010643337084 0.012570547020953636 0.012821467026420261
1 0.40904994632886804 0.4119355004766713 0.011575035426927649 0.011626171029132347
1 0.5496163160904594 0.6038621819537618 0.011817102846891983 0.012812655905018682
1 0.4987223044685695 0.3489553513734237 0.011804124583368715 0.012962113256039827
1 0.513837596644526 0.3723930638769399 0.01094563111014988 0.010747681493344515
1 0.4234427420989326 0.20775157472361688 0.011938043262647547 0.014279842376708984
1 0.35347706338633667 0.3998661378155584 0.01373979319696841 0.01255816480387812
1 0.5361268209374469 0.563887067463087 0.01242691537608271 0.012947352036185886
1 0.4358258247375488 0.2902740706568179 0.012775960175887398 0.012538930644159731
1 0.3330618609552798 0.2612662108048149 0.012461662292480469 0.012307664622431215
1 0.3563866109951682 0.47108053124469257 0.011948831703351892 0.013566722040591032
1 0.5645661146744437 0.5425468735072924 0.01278363103451936 0.012637055438497791
1 0.21693896210711933 0.11468368509541385 0.011210213536801546 0.011338679686836575
1 0.6540153130241062 0.1908048961473548 0.011966912642769192 0.011954349020253057
1 0.5096715844195822 0.3112696357395338 0.011651329372240149 0.011276618294093921
1 0.4591186409411223 0.7538423123567002 0.010789446208788 0.010303746099057405
1 0.4484169845995696 0.34177099103512965 0.011945589728977368 0.012463714765465778
1 0.3876272154890973 0.295018372328385 0.012516213499981423 0.01399925480718198
1 0.4012447025464929 0.3631222973699155 0.01199664240298064 0.011799065963081692
1 0.596112292745839 0.29909385805544647 0.012003857156504755 0.013344163480012314
1 0.38511650976927386 0.36259591061135993 0.01204271938489831 0.011374141858971638
1 0.5314122179280156 0.3551477556643279 0.011746012646219006 0.012283698372218921
1 0.5655494150908097 0.26344493161077087 0.011597633361816406 0.010579088459844175
1 0.5558025111322817 0.5280703979989757 0.02446547798488451 0.012676135353420093
1 0.43932524971340015 0.32067066657802334 0.01208639144897461 0.015740062231602875
1 0.6001622987830121 0.062336704005365784 0.011159896850585938 0.011268221813699474
1 0.6223087103470512 0.16043557291445526 0.011861676755158798 0.012481730917225714
1 0.5658545079438583 0.49416604249373725 0.013061564901600714 0.012505821559740149
1 0.409185616866402 0.14007651287576425 0.012080897455630095 0.011659497800080673
1 0.44777189648669696 0.6919844254203464 0.012063244114751402 0.012251397837763247
1 0.3918361456497855 0.3218530429446179 0.013109082761018173 0.014304505742114525
1 0.46490864131761633 0.22617536005766492 0.012875349625297215 0.012768392977507217
1 0.42830734667570697 0.6032015448031218 0.012648665386697521 0.012665188830831776
1 0.5109997106635052 0.26359013889146893 0.01150518914927607 0.012580767921779468
1 0.5209893972977347 0.38470185321310296 0.011328780132791271 0.011944812277088995
1 0.5033265404079272 0.27699986748073413 0.011038158250891644 0.01145483099895975
1 0.5487463888914688 0.3417696330858314 0.011118785194728687 0.012102541716202446
1 0.24665229216865875 0.10780949177949326 0.01363434998885445 0.013584447943645973
1 0.3570013473863187 0.23443024054817535 0.012925435667452604 0.012658139933710512
1 0.5088851866514787 0.573410987854004 0.013040729190992273 0.012239870817764946
1 0.11453263137651527 0.5101309962894605 0.011166417080423107 0.013608994691268257
1 0.5995331847149393 0.7160536517267642 0.012271839639414911 0.014317097871199898
1 0.5130659600962764 0.1347636243571406 0.011373851610266644 0.01155556803164275
1 0.6349398571511974 0.08941789295362389 0.01281249004861583 0.01306096367214037
1 0.4465259935544885 0.20069486161936884 0.012146089387976605 0.013232707977294922
1 0.5538003548331882 0.6765067681022312 0.011473489844280739 0.014000146285347317
1 0.3861300763876542 0.22037707204404086 0.012158751487731934 0.012774011363153872
1 0.08923713538957678 0.4033871474473373 0.011990661206452743 0.013464046561199684
1 0.5307009323783543 0.1579803280208422 0.011529839557150135 0.011814034503439198
1 0.5782475678817086 0.5304407451463782 0.012468089228091032 0.012343779854152515
1 0.5578192835268766 0.4031652056652566 0.011134437892747961 0.011460490848707117
1 0.21368388507677158 0.21067005655039914 0.014972002609916355 0.01735426032024881
1 0.23380684852600095 0.13563386771989905 0.010849268540092136 0.011881921602332073
1 0.4457520194675611 0.15501224476358164 0.012113239454186481 0.012375935264255688
1 0.08833061093869418 0.5986777388531229 0.011324820311173149 0.011552437492038891
1 0.46519271187160327 0.7057444738305132 0.010971566905146059 0.012741379115892492
1 0.6160267954287321 0.06637997990069182 0.011765936146611753 0.012012061865433403
1 0.5361926555633544 0.2705300579900327 0.011554531429124914 0.011207124461298403
1 0.6025273074274478 0.335912604694781 0.01158278921376104 0.01203018686045771
1 0.4818420513816502 0.5578810546709143 0.01542719550754713 0.020413046297819717
1 0.44648672705111303 0.13996188536934231 0.011421773744666058 0.011864247529403023
1 0.4025589901468028 0.3194010257720948 0.010941712752632473 0.01214668025141177
1 0.1755686169085295 0.22791883219843323 0.013258529746014137 0.014661249907120415
1 0.42513331641321594 0.09525770208109981 0.011818730312844982 0.0143026994622272
1 0.3875594527825065 0.4802559614181518 0.011828261872996454 0.012000861375228218
1 0.4784709629805191 0.563297696735548 0.012929823087609333 0.011520655258842136
1 0.49584237388942554 0.03373210715210956 0.011632546134617016 0.011872776176618494
1 0.577515581379766 0.5786926435387653 0.011903638425080673 0.01306591863217561
1 0.5935400050619374 0.6289249295773712 0.012138325235118036 0.013457754383916441
1 0.5060425012008004 0.3619135566379713 0.010845806287682575 0.011268532794454823
1 0.1985426778378694 0.1025500712187394 0.013193752454674763 0.013024620387865149
1 0.47726288049117377 0.7587077721305516 0.010976065760073454 0.011220807614533798
1 0.48662915437117865 0.7152642374453337 0.011110720427139946 0.012393039205799932
1 0.3818405477896981 0.33071987525276514 0.012479631797127102 0.012839628302532692
1 0.42964719689410663 0.1591866690179576 0.01320847221042799 0.013007174367490023
1 0.4544057016787322 0.11478853225708008 0.011445501576299253 0.011476558187733526
1 0.49855613708496094 0.6646874572919762 0.011651412300441578 0.011409821717635445
1 0.24276157047437585 0.04059513237165368 0.010570277338442595 0.009836103605187458
1 0.2576208321944527 0.04929645553879116 0.011257213094960089 0.011876948501752771
1 0.5485071824944537 0.527062405710635 0.012539594069771145 0.012435767961585003
1 0.5355180657428243 0.7064567234205162 0.011040231455927309 0.011609616486922554
1 0.46712532250777533 0.549852008404939 0.011685392130976137 0.013991335163945738
1 0.5891610021176547 0.33334996810425876 0.010700557542883831 0.011195278038149294
1 0.25282043996064557 0.09154555071955142 0.013868103856625765 0.01457170818163001
1 0.5648326666458793 0.590901167496391 0.01159456501836362 0.012601313383682915
1 0.5579045648160188 0.21747473011846125 0.01079254565031632 0.011719081712805706
1 0.5430424524390179 0.5759915787240734 0.01243429598600968 0.01328582349030868
1 0.324647056667701 0.4991205464238706 0.011354494353999262 0.012086785357931385
1 0.7111463132111924 0.11485339247662088 0.011710954749065895 0.011453441951585852
1 0.5058533419733462 0.6063075583914052 0.012763064840565557 0.013004572495170261
1 0.4827678825544275 0.16656072761701501 0.01142939277317213 0.012533177500185759
1 0.5442625025044316 0.6409285897793977 0.011865346328071926 0.02379100219063137
1 0.5463546566341235 0.6241437974183456 0.011394604392673657 0.011988245922586193
1 0.47645651257556415 0.8322939665421196 0.010653900063556175 0.021405095639436142
1 0.13500288776729416 0.23960631826649542 0.016444672708925995 0.01464068371316661
1 0.4680007747981859 0.2095393408899722 0.019354716591213062 0.014598286670187244
1 0.5488312140755032 0.4961907345315684 0.011461133542268173 0.012499975121539574
1 0.5442805082901664 0.36183135276255407 0.011473199595575747 0.012167684409929358
1 0.47077980767125666 0.5813000098518704 0.011084857194320015 0.012418249379033628
1 0.5579721823982571 0.6488601746766463 0.012015632961107336 0.012787507927936058
1 0.491313364194787 0.30397574797920557 0.011813225953475288 0.011744913847550102
1 0.4210555657096532 0.2885132665219514 0.011860412100087042 0.01303262295930282
1 0.7224056617073391 0.11034635357234789 0.010088920593261719 0.010870197544927183
1 0.3499651758567147 0.20817002006199048 0.011531285617662512 0.011671439461086109
1 0.09032134387804114 0.32708511145218566 0.010820388793945312 0.012870519057564114
1 0.19578992802163828 0.22141309406446374 0.011898849321448284 0.011815029641856318
1 0.37196933186572523 0.319168412167093 0.011475594147391941 0.013623009557309359
1 0.20942256761633832 0.2163169280342434 0.010822254678477411 0.011014813962190048
1 0.4798843964286473 0.20101120160973587 0.011423359746518343 0.011522085770316746
1 0.45450430849324097 0.6086389707482379 0.013792048329892366 0.014494937399159307
1 0.5201104205587636 0.7436270713806152 0.011588386867357336 0.010817610699197521
1 0.3882222434748774 0.20398841733517856 0.013319253921508789 0.012294790019159731
1 0.5906782357589059 0.52083711002184 0.011680271314538044 0.01228201907614003
1 0.5067288979240085 0.12169558587281601 0.011186889980150305 0.011869668960571289
1 0.5212510565052861 0.11705299045728601 0.011270523071289062 0.012450632841690727
1 0.40821352471476013 0.4998744156049646 0.01132419316664986 0.012163017107092815
1 0.6141437032948369 0.37231502066487854 0.012445698613705843 0.013445258140563965
1 0.5391063478281697 0.6688301030646302 0.011058682064076862 0.012986600670583482
1 0.4039120570473049 0.118052803951761 0.012075610782789148 0.011595456496528957
1 0.34072641510030494 0.5339261241581129 0.011522027461425118 0.012219905853271484
1 0.4446890976118004 0.6607351821401843 0.011841877647068188 0.011845650880233101
1 0.4030411580334539 0.04873448869456416 0.012596332508584728 0.012882927189702574
1 0.5374428085658861 0.544696216997893 0.011568110922108526 0.012550664984661598
1 0.23547122789465866 0.07725250461827152 0.011353658593219261 0.011712556299955948
1 0.20118188858032224 0.1180416190105936 0.012305093848186989 0.01303374249002208
1 0.3842092156410217 0.40712315103282093 0.010306062905684761 0.011661239292310633
1 0.5799283774002738 0.3046565055847168 0.011779826620350714 0.012483223624851391
1 0.473196444304093 0.6116658293682596 0.012593227884043818 0.01230484506358271
1 0.4624203806338103 0.17393927470497467 0.011142979497494905 0.012669055358223293
1 0.07092726748922598 0.5980044655177905 0.010831926179968792 0.011555381443189539
1 0.5730378731437351 0.10432768386343252 0.010559621064559273 0.01151964975439984
1 0.37413767368897155 0.41876156433768896 0.012379102084947668 0.012837244116741676
1 0.7174104192982549 0.14874919601108716 0.011572050011676292 0.011003597922947094
1 0.5565588266953178 0.5603103223054304 0.011692192243493122 0.012948409370754078
1 0.5078928366951321 0.15056573308032492 0.011752128601074219 0.0133535447327987
1 0.4850224619326385 0.08766756887021271 0.011730608732804008 0.012462678162947945
1 0.5562319444573444 0.5833024771317191 0.014084380605946417 0.020443667536196503
1 0.3774576238963915 0.2612446702044943 0.011449264443438988 0.012393909951914911
1 0.4842074021049168 0.6283533469490383 0.013020473977793818 0.013218879699707031
1 0.11753608351168426 0.5561113461204197 0.010698080062866211 0.01148528638093368
1 0.5747157594432002 0.21885196022365402 0.01038961825163468 0.011187387549358864
1 0.3456719854603643 0.2272627353668213 0.012491972550101902 0.01332334850145423
1 0.26065347505652386 0.11772752844769022 0.013543460680090862 0.013492604960565981
1 0.4098324983016304 0.37128489950428833 0.012334408967391304 0.024778034376061478
1 0.16826126368149463 0.26230086450991424 0.01210468748341436 0.010921602663786514
1 0.43478158764217206 0.7514221979224164 0.012443843095198921 0.012062445930812671
1 0.39306236350018053 0.37686126128486963 0.011602443197499151 0.012061782505201258
1 0.5148379699043606 0.7305543941000233 0.011301372362219769 0.011474236198093579
1 0.16755562761555548 0.21183487643366272 0.012419710988583773 0.013429579527481743
1 0.4603659018226292 0.7416293724723484 0.010302305221557617 0.010770424552585766
1 0.5665518719217052 0.309819335522859 0.01240440036939538 0.01090661339137865
1 0.11873526158540146 0.4445034524668818 0.011172377544900646 0.011379656584366508
1 0.45177247731581976 0.6765001545781675 0.011661539907040804 0.011954846589461617
1 0.08065899040388025 0.3867144195929817 0.013083882953809656 0.014857038207676098
1 0.3640652894973755 0.44328961165054986 0.011781930923461914 0.011977361596148949
1 0.6663614770640498 0.08483147880305417 0.011294572249702785 0.012345308842866318
1 0.09219362943068793 0.44145762402078376 0.013003256009972614 0.01338096286939538
1 0.6491666254789934 0.03971186280250549 0.011151977207349695 0.014032190260679825
1 0.5271942926489789 0.309225725091022 0.011370575946310291 0.01164909031080163
1 0.4512814749842105 0.6502020151718801 0.011535292086393936 0.011849465577498726
1 0.46790041094240936 0.6586118159086807 0.011568256046461023 0.011882160020911175
1 0.14780258095782736 0.20217991911846656 0.01349639892578125 0.012707565141760784
1 0.13081880237745203 0.31515502929687494 0.012058299520741339 0.01189397728961447
1 0.43588995933532715 0.7308279120403788 0.011107050854226818 0.01236799488896909
1 0.37257878676704737 0.1878210047016973 0.01345501775326936 0.01260431953098463
1 0.5692274052163829 0.24874984699746833 0.011278857355532438 0.012709596882695738
1 0.34570242853268335 0.5532227910083273 0.011275030996488489 0.013026672860850458
1 0.5713267740995988 0.6845810102379839 0.011007433352263077 0.010551950205927309
1 0.3959654699201169 0.5032394865284795 0.01100165429322616 0.011800019637398098
1 0.26669283535169525 0.0429940314396568 0.013094673986020296 0.013376746488654095
1 0.37914609909057617 0.3077363864235256 0.01166372713835343 0.011653755022131878
1 0.5516843173814856 0.758996922036876 0.010859240656313688 0.010402181874150816
1 0.421555000802745 0.6180744793104089 0.011512383170749829 0.012089978093686312
1 0.44296301966128143 0.595845129178918 0.014127316682235054 0.013048773226530655
1 0.6962772037671959 0.08966373101524683 0.012208855670431385 0.012856074001478113
1 0.709614546402641 0.1723395689674046 0.012138698412024456 0.010881330655968708
1 0.5726396726525348 0.032430659169736115 0.010811266691788383 0.012067001798878546
1 0.5821016871410868 0.6918010089708411 0.010657953179400902 0.012548653975777004
1 0.5745251075081204 0.4828595078509787 0.012475843014924423 0.011911267819611923
1 0.44763732993084454 0.6255010521930197 0.011654190395189367 0.011858898660411005
1 0.1016535758972168 0.5561763929284137 0.01114034652709961 0.010555889295495075
1 0.5572769745536472 0.3301270623569903 0.011150443035623302 0.011952378179716028
1 0.5580357883287512 0.37035293164460553 0.011606589607570484 0.012394905090332031
1 0.45546634819196613 0.3099663464919381 0.012203890344370966 0.01422950495844302
1 0.41133316703464673 0.2140636444091797 0.012234418288521145 0.01274307914402174
1 0.55316830717999 0.588599909906802 0.012019219605819038 0.012090765911599865
1 0.48264735677967907 0.5322085048841394 0.013072304103685461 0.013161161671514097
1 0.4146012430605681 0.6520980337391729 0.012751371964164402 0.013470442398734715
1 0.5173572975656261 0.6824367979298467 0.01133746686189071 0.01162582895030146
1 0.1302348582640938 0.4324239025945249 0.011799159257308296 0.012584147245987602
1 0.44190494910530426 0.7985251468160878 0.011025366575821587 0.011824400528617527
1 0.4543217213257499 0.403308163518491 0.011446030243583347 0.011938178020974865
1 0.5568183919657832 0.38804942628611694 0.01092187218044115 0.012164095173711363
1 0.5250688013823136 0.5173497407332711 0.012699997943380604 0.013220662656037704
1 0.13361262238543964 0.2592066059941831 0.012650323950726051 0.013368108998174253
1 0.40501118742901354 0.44191291021264123 0.012953011885933254 0.012584582619045093
1 0.5571702770564868 0.6635243996329929 0.012585121652354364 0.013443449269170347
1 0.5377767604330311 0.6880705874899158 0.011175114175547724 0.012124351833177649
1 0.5606635549794072 0.6037472538326097 0.011926319288170856 0.012112306511920433
1 0.5231222069781759 0.6054209418918776 0.01195252459982167 0.012303062107252039
1 0.3879490961199222 0.18643081706503165 0.01475760729416557 0.01918782358584197
1 0.3990300530972688 0.45586824417114263 0.011886285698932152 0.013238284898840862
1 0.5253971555958623 0.2361557690993599 0.013880895531695824 0.016226996546206268
1 0.5296142204948093 0.6758889115375021 0.010936115099036175 0.015897958174995754
1 0.36232898546301806 0.21522471179132874 0.014639315397843071 0.01170492172241211
1 0.4091755203578783 0.3527737881826317 0.011471665423849354 0.012843593307163403
1 0.5374452756798785 0.11933174340621283 0.011753082275390625 0.012852896814760954
1 0.3281883364138396 0.21375066301097034 0.012648499530294666 0.012573553168255348
1 0.5270093627597975 0.049331411071445626 0.010327422100564709 0.010440691657688305
1 0.39207842557326605 0.1786108224288277 0.012263059616088867 0.014011756233547046
1 0.5145112327907396 0.044778643742851586 0.010639273602029552 0.011089747366697891
1 0.10561836802441141 0.46743432335231616 0.012316672698311184 0.012078285217285156
1 0.4818326753118764 0.23046832499296768 0.012014254279758618 0.012549835702647333
1 0.35677802173987677 0.5283216704492983 0.01167009965233181 0.013016016586967136
1 0.35335570832957397 0.2508234563081161 0.024597852126411766 0.01260102313497792
1 0.37242463619812677 0.4556404611338739 0.01251580922499947 0.012648375137992527
1 0.5236989540343527 0.6576780528367692 0.012034254636939978 0.010312892713004443
1 0.5307422098906144 0.2583096027374267 0.01138318103292714 0.011391909226127293
1 0.6103027177893597 0.3527986588685409 0.012624243031377378 0.012591092482857082
1 0.5486745108728823 0.19869489255158798 0.011193835217019787 0.01206443620764691
1 0.27459437950797705 0.023058043873828392 0.011375530906345532 0.012046803598818571
1 0.569449984509012 0.27790482147880224 0.011875359908394192 0.011902435966159985
1 0.45644150609555445 0.787164895430855 0.010929605235224184 0.01045550470766814
1 0.4743081020272296 0.24642457132754117 0.012071951575901196 0.013195784195609715
1 0.48433194989743433 0.7871243020762567 0.010411407636559528 0.010505261628524117
1 0.4985863851464313 0.2940705962803053 0.0109221831611965 0.011540288510529892
1 0.5864740765613058 0.7178432630456012 0.01159574674523395 0.012827582981275476
1 0.08321262960848602 0.3521359692449155 0.01324016114939814 0.012877713079037874
1 0.7150761148203973 0.09947315506313158 0.011328987453294836 0.011257980180823284
1 0.4315577278966489 0.6623188931009045 0.011996207029923149 0.012150225432022758
1 0.22285376424374786 0.12655240038166876 0.010990059894064198 0.011686231779015583
1 0.43729929820350966 0.059954244157542344 0.011700060056603474 0.012265049892923107
1 0.45637519463248877 0.8203092865321948 0.012647359267525051 0.011733718540357508
1 0.39125199421592377 0.3539897747661756 0.011005598565806513 0.012180680813996689
1 0.5051244445469067 0.5491116461546525 0.01250445324441661 0.012768351513406506
1 0.4541627894277158 0.21074248396832007 0.01184591003086256 0.010778945425282354
1 0.5049695657647174 0.6745504710985266 0.010967026586117952 0.010589102040166441
1 0.6734294787697169 0.10132888607356857 0.010933938233748726 0.01104749803957732
1 0.07724246512288632 0.5282823210177214 0.011034369468688965 0.011208928149679432
1 0.4651853882748147 0.25388277095297107 0.011558563812919285 0.012267091999883238
1 0.2231574473173722 0.08326997186826623 0.011130332946777344 0.012095674224521801
1 0.3962522667387258 0.47168026281439746 0.011196618494780167 0.012829003126724907
1 0.49285711931145715 0.68696986074033 0.01185248209082562 0.012543595355489979
1 0.17628770289213758 0.17401725831239123 0.012784937153691832 0.012772197308747665
1 0.41161703026813007 0.16929951958034348 0.01383947289508322 0.01316008360489555
1 0.09440427759419316 0.3616591121839441 0.01473446514295495 0.014662659686544666
1 0.5620052296182384 0.0660145956536998 0.012203506801439367 0.012813889462014904
1 0.4647173933360888 0.3748199395511462 0.011572329894356106 0.012993817744047745
1 0.5554130906644076 0.10765011414237645 0.010063026262366253 0.010313531626825747
1 0.6520361278368079 0.07310336050779923 0.011602152948794157 0.011861894441687542
1 0.41694317174994433 0.13190253402875818 0.01162967474564262 0.012417264606641687
1 0.5364382992620054 0.6354360995085344 0.022779008616571842 0.01189099187436311
1 0.490229140157285 0.7513145363849142 0.01094898970230766 0.010710757711659307
1 0.5804137768952742 0.23440711394600247 0.010462968245796535 0.011152225991953974
1 0.5432092314181121 0.8254310566446057 0.010225731393565302 0.01041399914285411
1 0.5293313420337179 0.37681528278019116 0.010669811912204907 0.010796267053355341
1 0.4664207178613413 0.6796552616616954 0.011583234952843708 0.012205828791079313
1 0.3591270550437596 0.4320184873498004 0.012154599894648012 0.013603127521017323
1 0.47769923832105554 0.3807486399360325 0.012196333512015965 0.012725415437117867
1 0.4729348783907683 0.013221059804377346 0.01207225219063137 0.011531027762786202
1 0.12010513181271762 0.26580280842988385 0.011451990708060886 0.011700858240542204
1 0.5622686925141709 0.41564693658248236 0.011195680369501528 0.010708643042522926
1 0.3842355660770251 0.2717846372853155 0.010801849157913872 0.012373343757961109
1 0.3738248633301776 0.29502771211707074 0.011835435162419859 0.012483969978664234
1 0.07478147745132446 0.4162431903507398 0.013215080551479175 0.015184837838877802
1 0.5520036427871041 0.2581160275832466 0.011517545451288637 0.011823840763257898
1 0.5777208079462466 0.3890873219655908 0.011446662571119226 0.011655180350593899
1 0.21003753206004266 0.1954731837562893 0.012488344441289488 0.012511896050494652
1 0.4493582507838373 0.8519608870796536 0.01201983120130456 0.01166434909986413
1 0.5798107852106509 0.08383229763611505 0.01620819257653278 0.014970276666724163
1 0.4555300577827122 0.5925142661384915 0.011818398600039274 0.011256342348845108
1 0.4248658263165017 0.3613751763882845 0.019031483194102413 0.015915808470352837
1 0.10111643957055133 0.5922246808591096 0.010847796564516813 0.011443055194357166
1 0.5681905539139457 0.5685471555461055 0.012184682099715523 0.012348071388576343
1 0.5827749812084696 0.24892374743586 0.011065545289412788 0.011813101561173149
1 0.5961283497188401 0.5442449735558551 0.012475075929061226 0.012529621953549593
1 0.5332075409267261 0.19169906947923743 0.011041019273840862 0.011699344800866169
1 0.42946192492609436 0.03717153875724129 0.010997751484746519 0.012346887070199718
1 0.4587113598118658 0.020394703616266666 0.012459578721419624 0.011925707692685335
1 0.5746156029079271 0.14614231171815292 0.011077797931173573 0.012478175370589546
1 0.4451569629752118 0.6131857478100321 0.01130055344623068 0.01223897933959961
1 0.5190129383750584 0.07213429264400316 0.01051249711409859 0.010527994321740192
1 0.373521625995636 0.2786228034807288 0.011808949968089228 0.012435519176980724
1 0.4608437289362368 0.0979330695193747 0.010911734207816746 0.01344777190166971
1 0.48240363079568616 0.9006925665813945 0.010650137196416441 0.01094080054241678
1 0.581918996313344 0.054918335831683616 0.010903296263321587 0.011178244715151579
1 0.33311737102010974 0.5466073906939962 0.01063593574192213 0.012692741725755774
1 0.7003884108170219 0.13033395746479864 0.011937929236370583 0.01159295828446098
1 0.4481798565906027 0.17223634408867877 0.01209965996120287 0.013006573138029678
1 0.4780524191649063 0.8798559437627378 0.010489526002303413 0.010439499564792797
1 0.560507463372272 0.35027404453443445 0.010887850885805876 0.012173196543817934
1 0.08641172232835188 0.3681654100832732 0.011311556981957478 0.01212547136389691
1 0.6403334866399351 0.11582788695459781 0.01078195157258407 0.011712250502213188
1 0.5214641405188519 0.2429287226303764 0.011155584584111753 0.01091772577036982
1 0.530126716779626 0.13863225605176843 0.01124361286992612 0.012709285901940388
1 0.15119330261064612 0.28182725284410565 0.010544351909471594 0.011618303216021995
1 0.5941551664601201 0.26712808401688287 0.011800144029700237 0.011005961376687756
1 0.3919866473778435 0.39618827726529987 0.011333201242529827 0.012051048486129097
1 0.5857645117718241 0.21839318068131156 0.013476164444633152 0.011879257533861242
1 0.570453291353972 0.4122576920882516 0.011500109796938688 0.011895552925441578
1 0.5015300771464473 0.7034740862639055 0.011442246644393257 0.011643865834111753
1 0.4212073087692261 0.4037681610687919 0.011337518692016602 0.012165888496067211
1 0.42408978420755133 0.6318064979884934 0.011902394502059273 0.012017789094344429
1 0.5606180273968241 0.6157775339872941 0.012348257977029552 0.012912957564644192
1 0.4498183208963145 0.7074680328369141 0.011224995488705843 0.011555713155995245
1 0.5485838910807734 0.3934442867403445 0.011316154314124065 0.011511216992917269
1 0.5475422714067542 0.42336178344229 0.011484622955322266 0.012047467024429985
1 0.5412155441615893 0.3100168704986572 0.011283584263013758 0.012651795926301376
1 0.37072146198023925 0.5310161839360776 0.011269812998564346 0.01203155517578125
1 0.5910094302633534 0.23302697098773462 0.011048026706861414 0.011861946271813435
1 0.5976630501125171 0.2527059679446013 0.011746282162873642 0.012079529140306555
1 0.5676072576771611 0.6428081367326819 0.011331475299337635 0.012605521989905315
1 0.42566120624542236 0.39234812363334326 0.021648728329202404 0.011595352836277172
1 0.5224111494810686 0.803919792175293 0.010196001633353855 0.010234501050866169
1 0.4180791637171869 0.1168164118476536 0.012184485145237133 0.012322166691655699
1 0.12738894379657245 0.4140990765198417 0.014251107754914658 0.013412796932718029
1 0.33905069206071936 0.5806564351786738 0.011934622474338696 0.012139133785081946
1 0.12940365853516952 0.27766048389932385 0.012136407520460047 0.018015343209971554
1 0.07243215778599614 0.6405002759850543 0.011477320090584133 0.011736579563306726
1 0.5028738457223644 0.7535991876021676 0.010680758434793224 0.011760753134022589
1 0.5015914958456288 0.8122940270797067 0.010410350301991339 0.009202915689219599
1 0.6556928676107655 0.08937267894330231 0.011325048363727074 0.011775737223417862
1 0.47833509548850683 0.5917830778204877 0.011625694191974144 0.011484954668127972
1 0.5332189020903214 0.3396280433820642 0.01162558016569718 0.012589019277821417
1 0.4163046297819718 0.10517180484274158 0.011695198390794836 0.012199567711871605
1 0.5209424599357273 0.33881755497144617 0.01095444223155146 0.010806125143299932
1 0.49916742158972705 0.9039061380469282 0.011507905047872791 0.010714613873025646
1 0.5908273924951968 0.03666511566742607 0.010986183000647503 0.010433689407680347
1 0.08081725628479668 0.5031986236572267 0.012012528336566429 0.011270854784094769
1 0.37423019305519434 0.2039600247922151 0.012688149576601774 0.012412444404933765
1 0.5117314069167428 0.28617860959923785 0.011171817779541016 0.011096581168796704
1 0.10357972849970279 0.42726239950760553 0.011981259221616 0.012745338937510614
1 0.44573352129563043 0.7194150841754415 0.011930144351461659 0.012062487394913383
1 0.5903339385986327 0.12671977022419806 0.011605801789656929 0.014361495557038681
1 0.5284500122070312 0.10349962504013725 0.011750096860139267 0.012385295784991722
1 0.15298156634621 0.22255129399506943 0.012612933697907822 0.012480176013448963
1 0.5323239513065503 0.39888451669527136 0.011340120564336363 0.011548513951508896
1 0.5233736452849015 0.272971775220788 0.011257420415463655 0.011416559634001358
1 0.08600689535555633 0.5549732083859652 0.011338969935541567 0.011947092802628227
1 0.4915615268375563 0.7678065299987793 0.011180400848388672 0.011624004529870075
1 0.47331689751666517 0.190209782641867 0.011355939118758492 0.011510061181109886
1 0.5120077340499215 0.6407566796178403 0.011270398678986923 0.012308224387790844
1 0.5218401888142461 0.6456731091374935 0.010822026625923489 0.014879351076872452
1 0.22986406865327258 0.11163258034250012 0.012699272321618122 0.013150743816209875
1 0.45703370156495465 0.1416775247325068 0.011176244072292164 0.012124807938285496
1 0.5428477784861689 0.03766134899595509 0.010672237562096638 0.01062325550162274
1 0.45960958625959314 0.0509224508119666 0.010648198749708094 0.010646374329276707
1 0.3499498678290326 0.2879443997922151 0.012315604997717815 0.011601904164189878
1 0.5250013703885287 0.28513284351514734 0.011823840763257898 0.011944190315578296
1 0.587847958440366 0.20178819739300274 0.01061646834663723 0.010554852692977242
1 0.6365739469942839 0.04721379539240962 0.011174595874288807 0.010389343551967457
1 0.3326502947703651 0.4678325445755669 0.011753344017526379 0.01259569499803626
1 0.4786232243413512 0.05300723210625027 0.011146877122961956 0.011936078900876253
1 0.6680661284405254 0.11531892548436704 0.011775846066682236 0.011570401813672937
1 0.5668358180833899 0.19675829099572223 0.010379376618758492 0.011119966921599014
1 0.5420797596807065 0.37905668953190674 0.011033597199813179 0.01259984659112018
1 0.09150483297265094 0.5210576990376348 0.011389462844185207 0.012230935304061226
1 0.5528254094331161 0.17479810507401175 0.011621433755625849 0.02464114064755647
1 0.3896907516147779 0.4451347123021665 0.011294157608695652 0.011774187502653702
1 0.4428904937661212 0.3903850679812224 0.011102126992267113 0.011827759120775305
1 0.46815231572026794 0.5941939561263375 0.011608579884404722 0.011791270712147589
1 0.10408804209335992 0.29906237643697986 0.012241892192674719 0.012110419895337976
1 0.44833289022031036 0.7331148645152217 0.012803243554156761 0.010683225548785667
1 0.5738785163215969 0.3775342210479405 0.011885560077169666 0.010777312776316767
1 0.6097433048745861 0.09154698382253233 0.011705771736476734 0.01263130747753641
1 0.4520324002141538 0.07080126327017079 0.012206658073093579 0.01358248876488727
1 0.4921845560488493 0.9151291225267494 0.011123242585555367 0.010284838469132133
1 0.34604184523872694 0.2502477894658628 0.012673999952233356 0.012088900027067764
1 0.46067205201024597 0.8007701376210089 0.011033109996629797 0.010987157407014267
1 0.23289920972741168 0.030879119168157162 0.013316154479980469 0.012745649918265965
1 0.5513475459554921 0.30047969196153723 0.011219149050505264 0.012678706127664318
1 0.5023200408272122 0.7378457940143087 0.010836228080417797 0.010660752006199047
1 0.4482148004614789 0.013378944733868475 0.011345946270486584 0.011883462252824203
1 0.4977376409198928 0.8736425482708475 0.011254009993179985 0.009785030199133831
1 0.07523380932600601 0.5155896311220916 0.01149457952250605 0.011675046837848167
1 0.5913086559461511 0.1650219015453173 0.01107800525167714 0.012714645136957583
1 0.5435345069221829 0.14867309383724048 0.014250755310058594 0.012104521627011507
1 0.6474994991136634 0.1400462648142939 0.01044663139011549 0.011830848196278448
1 0.3942561149597168 0.9197715676349141 0.012707959050717562 0.013440837030825407
1 0.09783166387806769 0.6563708056574282 0.010775172192117443 0.01108024431311566
1 0.596721597339796 0.08198999840280283 0.010195586992346722 0.010757684707641602
1 0.3480500695498094 0.26560779239820403 0.011756163576374884 0.012654511824898098
1 0.13198808483455493 0.5441985544951065 0.011484674785448156 0.011978522590968921
1 0.5183896895873644 0.8598501915658394 0.010052829873331797 0.011436820058480224
1 0.658839868462604 0.057434965734896454 0.010851528333581013 0.011521665946297024
1 0.1986464210178541 0.13621948594632355 0.01278487495754076 0.01099400934965714
1 0.1923800966014033 0.1846705726955248 0.012318072111710258 0.012446818144425102
1 0.46654122290403954 0.40169149896372924 0.012206170869910198 0.01156089616858441
1 0.57716761464658 0.011329914564671726 0.011134893997855808 0.011175027360086855
1 0.5475867727528447 0.024274114681326828 0.010637780894403872 0.010544681030771007
1 0.5026921500330386 0.06326506707979285 0.01329121382340141 0.021134744519772736
1 0.5696661575980808 0.6987650290779445 0.01122847847316576 0.010934954104216202
1 0.4630072531492814 0.20608146294303561 0.010194135748821755 0.011010688284169073
1 0.36661651600962103 0.26397179520648456 0.01124875960142716 0.012197639631188435
1 0.14092613821444305 0.23344892004261847 0.01620571509651516 0.014421960581903872
1 0.5174282944720724 0.7604648341303286 0.011281096416970959 0.012010408484417458
1 0.41506892183552613 0.06722325864045517 0.012449026107788086 0.013492449470188305
1 0.5433953326681386 0.13431793710459833 0.012133142222528872 0.011834455573040505
1 0.5004968643188477 0.6528112577355426 0.012602515842603601 0.012766547825025476
1 0.3366705247241517 0.6086988345436428 0.011544286556865856 0.012780790743620499
1 0.6111854470294454 0.14971549614616061 0.010789373646611753 0.011191098586372707
1 0.07604548982951952 0.5702525429103686 0.011484825092813244 0.011238429857336956
1 0.4059483072032099 0.08430709527886432 0.013301185939622961 0.011907712272975757
1 0.4507862692293914 0.3770286311273989 0.011806902678116508 0.01197052001953125
1 0.46724889589392626 0.8707222938537598 0.01098869157874066 0.011003452798594599
1 0.07022281574166339 0.5564823565275774 0.011616307756175165 0.01141796941342561
1 0.5740895063980765 0.17198291550511902 0.010615058567212976 0.010947009791498598
1 0.5705320316812267 0.5544274786244268 0.015828298485797386 0.012524107228154722
1 0.5353741645812989 0.2064850537673287 0.011195763297702954 0.012111352837604027
1 0.2390745100767716 0.05573205325914466 0.010708290597666864 0.011706611384516176
1 0.5788620451222295 0.2666194231613822 0.010615182959515114 0.010398222052532692
1 0.5810767256695292 0.2915162729180377 0.011111342388650646 0.011581690415092136
1 0.07403001577957817 0.3996303392493207 0.013028435085130774 0.013092041015625
1 0.5672506353129512 0.15930529262708581 0.010482933210289997 0.011351295139478601
1 0.19791581319726032 0.20557859669560968 0.0115442068680473 0.011548498402471128
1 0.38943784910699597 0.25217850311942724 0.012121216110561207 0.012347138446310291
1 0.3987434869227202 0.12939459344615106 0.011356390040853748 0.011649857396664827
1 0.5814091226328975 0.592445186946703 0.011700422867484715 0.01326764148214589
1 0.42652225494384766 0.06856128702992978 0.011606382287066917 0.012258234231368355
1 0.448470141576684 0.36540851385697076 0.0129030994746996 0.012273767720098082
1 0.4733856605446857 0.7184177481609842 0.011113446691761847 0.011556127797002378
1 0.3465316153090934 0.5185325975003451 0.011187628559444263 0.012604982956596043
1 0.4901433820309846 0.06449810577475507 0.01065299821936566 0.01145252455835757
1 0.23250614041867462 0.14976590094359024 0.010284195775571077 0.01101244014242421
1 0.5101520807846732 0.21914320406706433 0.01246300987575365 0.012767169786536175
1 0.49187372041785205 0.01261122200800025 0.011641419452169666 0.011404721633247707
1 0.5349597930908203 0.1806281027586564 0.010744011920431385 0.011507096497908882
1 0.5621015921882961 0.7430596351623535 0.010359681170919666 0.010643544404403023
1 0.58394630058952 0.3618859208148459 0.01148528638093368 0.011980927508810291
1 0.46764651588771655 0.08623418082361636 0.0156950743302055 0.013952783916307531
1 0.6905077644016433 0.20390575865040655 0.011679524960725204 0.011423463406770126
1 0.09438729286193848 0.4976937874503758 0.011859002320662788 0.012072811955991
1 0.5470691763836405 0.09948667235996414 0.010655776314113453 0.011607439621635105
1 0.5001529196034307 0.7196113130320674 0.011701998503311821 0.013196074444314709
1 0.15347384369891626 0.2635741233825684 0.011320673901101818 0.011833356774371605
1 0.5928393654201343 0.3968316212944362 0.011767097141431726 0.01202522153439729
1 0.510187760643337 0.6922985989114513 0.01148893522179645 0.01147386302118716
1 0.568687573723171 0.6603402573129407 0.012857706650443699 0.012337954148002293
1 0.09190979729528012 0.5794877902321194 0.011156776677007261 0.011830889660379162
1 0.12011180234991986 0.2955295624940291 0.012210773385089378 0.012182339378025219
1 0.3960845392683278 0.26467735871024756 0.011447268983592157 0.011432564776876698
1 0.11522185802459717 0.4551090986832329 0.011409230854200281 0.010893199754797894
1 0.33133195065285853 0.5943062927411951 0.011647347846756811 0.01209501598192298
1 0.6187938503597094 0.028302252292633053 0.010568432185960852 0.012017815009407375
1 0.5199743975763735 0.29708970111349353 0.010927490566087805 0.010740487471870754
1 0.5107577780018682 0.3268555143605108 0.012507231339164402 0.012181199115255604
1 0.4258195991101473 0.6417836520982825 0.012024682501088018 0.011562886445418648
1 0.219372790792714 0.17611528479534644 0.01304900127908458 0.013267890266750171
1 0.36540513971577515 0.37448642824007117 0.011447274166604748 0.01175466309423032
1 0.4583886136179385 0.7696311370186184 0.010925697243731956 0.012701034545898438
1 0.44191136567488953 0.03465312330619148 0.012301403543223505 0.012066418709962265
1 0.5673036782637887 0.7539386749267578 0.010688740274180536 0.009776322737984035
1 0.41663045986838965 0.024194684365521305 0.01490312037260636 0.019043957409651383
1 0.6001105723173723 0.2119318298671557 0.012794287308402683 0.01112042302670686
1 0.15848312170609183 0.28530143654864765 0.01453399658203125 0.012955043626868206
1 0.1596251104189002 0.23555340974227246 0.011477584424226181 0.011312982310419497
1 0.2621702422266421 0.8013563570768936 0.008264479429825493 0.011235942011294157
1 0.6041941228120224 0.03695247484290082 0.011674424876337465 0.011389125948366911
1 0.47163262574569037 0.7819825255352518 0.011198209679645042 0.0109869500865107
1 0.24927543557208515 0.024420889823333077 0.010267382082731827 0.01082887597706007
1 0.32144715572180954 0.5494957177535348 0.014143759141797605 0.011938965838888416
1 0.5091481934423032 0.031482994556427 0.010704392972199814 0.010651536609815515
1 0.42964858594148053 0.462459165117015 0.012133598327636719 0.013705263967099398
1 0.14267429579859198 0.27010526864424994 0.011065348334934399 0.010800714078156845
1 0.3069845593493918 0.8336970702461574 0.009541988372802734 0.010377054629118546
1 0.3061647000520126 0.7723977254784624 0.009642020515773607 0.00958778547204059
1 0.16682465698408047 0.19287881643875784 0.010528056517891262 0.011282112287438435
1 0.5390105040177054 0.7852586248646611 0.010509408038595448 0.009990111641261889
1 0.588542014682978 0.7993004663672494 0.011833628237431702 0.011850404647713739
1 0.5814346852509871 0.07007006976915442 0.011467519013778023 0.011373198550680409
1 0.5306499315344769 0.16942080725794256 0.011192653490149456 0.010926360669343368
1 0.5209239876788595 0.8837086221446162 0.010211695795473845 0.010942873747452446
1 0.3866204178851584 0.454852933469026 0.011754699375318445 0.012704102889351223
1 0.07419730787691863 0.6148790380229121 0.010789632797241211 0.011457754218060036
1 0.4389967918395996 0.07704974257427712 0.012035660121751867 0.011604962141617485
1 0.23964407133019489 0.0893626549969549 0.011136303777280062 0.011970929477525793
1 0.565231758615245 0.23079862801924997 0.010926329571267834 0.011809908825418224
1 0.569915128790814 0.3973662542260212 0.012029523434846298 0.012731593588124151
1 0.5389148048732593 0.24371379354725714 0.013350279434867527 0.020229878632918648
1 0.4074546124624169 0.330963891485463 0.011260162229123323 0.011379221211309019
1 0.5692167696745499 0.34198525807131896 0.01168848120647928 0.012232845244200333
1 0.4996976852416992 0.09568240331566852 0.010997855144998302 0.011006562606148098
1 0.371239721775055 0.34954150604165124 0.014496062112891155 0.012180924415588379
1 0.6086387530617092 0.05025039289308632 0.012166417163351307 0.011723554652670155
1 0.47763960257820465 0.0694577227468076 0.01129106853319251 0.01233220100402832
1 0.5307082093280294 0.8168750016585641 0.00961515177851138 0.010255233101222828
1 0.5483754614125127 0.6939535970273226 0.01132227026897928 0.01149260479470958
1 0.43287231092867645 0.3472162796103436 0.01217494840207307 0.016065379847650944
1 0.263105817463087 0.028663105290869007 0.011243136032767918 0.011711600034133247
1 0.4123343125633571 0.3125631912894871 0.011406784472258194 0.013688211855681046
1 0.33771607603715814 0.24041125048761786 0.011798828840255737 0.012073620505954907
1 0.5386776716812797 0.056905370691548225 0.010095264600670856 0.01186066606770391
1 0.6332607269287108 0.0359344456506812 0.010945859162703804 0.011207430259041164
1 0.5305215379466182 0.02736263560212177 0.010708228401515796 0.012554518554521643
1 0.10070491355398428 0.3497318340384442 0.010704237481822138 0.011173051336537237
1 0.40420596495918604 0.07012048493260922 0.011706352233886719 0.01101689753325089
1 0.5083919193433679 0.10340585397637408 0.015001711638077446 0.016054391860961914
1 0.38278262511543604 0.4678417496059252 0.011982192163882048 0.011975288391113281
1 0.2964679676553477 0.8105195708896804 0.009506930475649626 0.009387596793796705
1 0.08928925317266712 0.6171939580336862 0.01110698347506316 0.011736475903054943
1 0.5110966848290485 0.893886483233908 0.010085769321607508 0.011442267376443615
1 0.20899454407069995 0.18172964842423145 0.011039008264956266 0.01128710871157439
1 0.2190861805625584 0.0360164577546327 0.010466928067414658 0.010312259197235107
1 0.4839907469956771 0.023062949595244034 0.010920804479847784 0.012086484743201214
1 0.5533753374348516 0.7340505848760189 0.010420239490011463 0.010077600893766983
1 0.5549642106761103 0.7723913400069528 0.010604485221531079 0.010262323462444801
1 0.32288320135811105 0.6187279431716256 0.012126279265984245 0.011861573094907015
1 0.4645034178443577 0.07179423777953438 0.011487266291742739 0.013250615285790485
1 0.51177484056224 0.873531776925792 0.011139558709186058 0.010663281316342562
1 0.42412024477253785 0.08388928745103919 0.012107610702514648 0.011674383412236753
1 0.4781698351321013 0.7362696398859438 0.010043807651685633 0.01124435922373896
1 0.34775923646014667 0.4530322655387547 0.011563694995382557 0.015690637671429176
1 0.43205432269884186 0.4117267650106679 0.011823799299157185 0.012921084528384
1 0.559204568033633 0.023143799408622413 0.009851393492325493 0.010374369828597359
1 0.4878064497657445 0.5913704063581384 0.012404141218765923 0.01190780556720236
1 0.33482268031524576 0.4848980696304984 0.01130632537862529 0.012863656748896059
1 0.4931364163108495 0.8362737323926843 0.01090483043504798 0.010601790054984715
1 0.7231626510620116 0.13658234347467837 0.011025719020677649 0.011591185694155485
1 0.13122441975966745 0.563662985096807 0.01092275329258131 0.011546176412831182
1 0.22826830200527026 0.01598089479881784 0.012685340383778448 0.011969865664191868
1 0.10025587807530942 0.6284017873846967 0.010865180388740871 0.01092361367267111
1 0.6160369126693063 0.12803245627361792 0.010933005291482677 0.01154314953347911
1 0.6269502225129502 0.14545001154360565 0.012016793955927309 0.012418829876443615
1 0.2694189755812936 0.852813202401866 0.00962135066156802 0.010210410408351734
1 0.6385320891504702 0.18000112409177033 0.011685723843781845 0.012168739152991253
1 0.3006462221560271 0.667173841725225 0.009540309076723845 0.009707658187202785
1 0.6889830050261123 0.07501114451366922 0.012429610542629078 0.012046223101408585
1 0.07945287486781245 0.5838466934535814 0.011176529137984566 0.011818388234014097
1 0.423071959744329 0.4539707847263502 0.015608797902646273 0.017077155735181725
1 0.5647982410762622 0.7945241306139076 0.009599706400995668 0.009244213933530062
1 0.37143998042396875 0.4748614093531733 0.011893033981323242 0.012568546378094216
1 0.5738395815310271 0.3591724465722623 0.012415637140688688 0.021927462971728783
1 0.21117146118827487 0.013412524824557095 0.01285353950832201 0.012805949086728304
1 0.3796250301858653 0.5085154616314432 0.011973007865574047 0.012418622555940048
1 0.08942709539247597 0.6815690786942191 0.011229499526645825 0.010740736256475035
1 0.5514103226039722 0.27322571173958154 0.011791021927543308 0.011961874754532524
1 0.38025259194166766 0.2397576726001242 0.01136083706565525 0.013292996779732082
1 0.40106687338455865 0.490754915320355 0.011704590009606403 0.012213002080502718
1 0.17799134358115817 0.1927769287772801 0.013284527737161388 0.01314606873885445
1 0.47419612822325335 0.028286558130513065 0.011101961135864258 0.011798521746759829
1 0.3782632454581883 0.3992072602976923 0.012050172557001528 0.012012771938158117
1 0.3330346501391867 0.5590378719827404 0.012757363526717476 0.016455028368079144
1 0.5877578984136167 0.7448954582214355 0.01132127513056216 0.012681587882663891
1 0.5132054142330004 0.09821811447972836 0.010733583699101988 0.010554572810297426
1 0.48922999527143396 0.8022178774294646 0.010554842326952063 0.010281977446182915
1 0.46030811123225995 0.7197482896887739 0.011044222375620966 0.011156662650730297
1 0.15735054016113284 0.189696394878885 0.013039692588474438 0.013122848842454992
1 0.4448869643004044 0.4214176250540692 0.0106383406597635 0.010046720504760742
1 0.10079872608184816 0.5067631680032482 0.011998021084329357 0.011825976164444633
1 0.25836069687553076 0.7697140652200452 0.009109538534413214 0.009878821994947351
1 0.5780368473218835 0.044437048227890685 0.010412547899329144 0.010758291120114534
1 0.19162822806316876 0.1460346501806508 0.012076543725055199 0.012031524077705715
1 0.0967989849007648 0.5431721314139988 0.011033275853032652 0.011048855988875679
1 0.3552094957102899 0.18644240628118103 0.0136572381724482 0.012355244677999744
1 0.6911532982535982 0.18586852239525836 0.01052694735319718 0.011101370272429092
1 0.565987897955853 0.7131945153941281 0.011553432630456013 0.011994071628736414
1 0.4038493944251019 0.9796482169109842 0.011694120324176292 0.013847268146017323
1 0.5761245022649351 0.7985500667406165 0.009838974994161854 0.010808281276537024
1 0.4044324341027633 0.3905792858289636 0.012007231297700302 0.013012886047363281
1 0.10845647169196088 0.5676368734110957 0.010568318159683891 0.011296500330385954
1 0.22311177461043652 0.06510372783826746 0.010996445365574047 0.009886171506798786
1 0.37055384594461194 0.362146038076152 0.011479056399801502 0.01263285201528798
1 0.5366028495456862 0.857304635255233 0.009568172952403193 0.010048285774562671
1 0.66601272251295 0.15987041203872018 0.011891655299974524 0.011599281559819761
1 0.6277609493421472 0.13011942739072052 0.011039277781610903 0.012475386909816578
1 0.2565584804700769 0.012472435184147045 0.012539241624915081 0.011980069720226784
1 0.5834405525870945 0.18855282534723694 0.010586655658224354 0.011280495187510614
1 0.11664606177288554 0.42851933189060376 0.011210213536801546 0.012530036594556726
1 0.4932139230811078 0.048424938450688904 0.011289803878120754 0.010918057483175526
1 0.3137498420217763 0.6396151521931523 0.009982544442881708 0.010128705397896145
1 0.5570846640545389 0.12375860110573146 0.011973090793775476 0.013672154882679815
1 0.5795713300290314 0.7049161662226138 0.010712126026982847 0.01054747208305027
1 0.3890031627986742 0.4310966730117798 0.011661011239756708 0.01295217223789381
1 0.5232373216877813 0.8268146722213082 0.009473199429719345 0.009456178416376528
1 0.13650943921959918 0.2911263548809549 0.011311116425887398 0.011806778285814367
1 0.5870898080908734 0.37509523267331324 0.011354322018830673 0.011999399765678074
1 0.6095815741497538 0.01763020650200222 0.01081085205078125 0.011810390845589016
1 0.27817234785660455 0.7515665137249492 0.00948259104853091 0.008673294730808424
1 0.41324209648629895 0.9878370865531589 0.010481844777646273 0.010570111482039742
1 0.6039910212807034 0.32426907348891965 0.011211747708527939 0.012466278413067694
1 0.5330051028210184 0.7485326684039572 0.010505779929783032 0.011082607766856318
1 0.10574834761412248 0.529344942258752 0.011385513388592262 0.012101235597029976
1 0.5095796999724016 0.7919773018878439 0.010101733000382133 0.009941681571628736
1 0.21352087933084235 0.10241790958072829 0.011069670967433765 0.011590263117914614
1 0.4580016913621322 0.4142369187396506 0.01214420277139415 0.011598462643830673
1 0.20682364961375363 0.09189367812612784 0.011702641196872875 0.01144775100376295
1 0.5183230275693148 0.16196485705997632 0.011843225230341372 0.011434192242829697
1 0.2768242877462636 0.7858524115189263 0.010799864064092222 0.010574050571607508
1 0.5421733856201173 0.07516774146453194 0.013225970060929008 0.011242975359377653
1 0.1728987693786621 0.24412266067836597 0.01176776056704314 0.010865024898363196
1 0.5533171322034753 0.013544213836607723 0.01104972673499066 0.009861857346866442
1 0.3049479567486307 0.6904083956842836 0.01028931659200917 0.009784822878630264
1 0.5193456152211064 0.3577275470547054 0.011837005615234375 0.011937289134315823
1 0.5049775787021803 0.8523289017055344 0.00954424816629161 0.011318579964015796
1 0.4880596554797629 0.8142052526059358 0.010130985923435375 0.009753600410793139
1 0.4896553081014883 0.12297367531320325 0.011751465175462805 0.01326516400212827
1 0.25586147930311115 0.7390188548875892 0.008897097214408543 0.008976729019828465
1 0.22965484080107312 0.16055505172066067 0.012088423189909561 0.01160331394361413
1 0.6745758678602136 0.17505883133929706 0.011453172434931215 0.011208347652269446
1 0.06883071298184602 0.6750960557357126 0.010709845501443615 0.011036582615064539
1 0.4903709266496742 0.735916925513226 0.010924235634181812 0.010432533595872961
1 0.5093516163204027 0.8352203369140625 0.010121946749479874 0.009659228117569633
1 0.5529222177422565 0.7055074028346848 0.011637418166450832 0.010751641314962635
1 0.6292868075163469 0.10570468073305875 0.010528896165930706 0.011383720066236414
1 0.5242824347122855 0.5941821077595586 0.011699800905974014 0.01341179142827573
1 0.1279844097469164 0.3020013829936152 0.01102204944776452 0.010377697322679602
1 0.58366466605145 0.6214369898257048 0.012733832649562671 0.013543999713400135
1 0.46885606516962464 0.11207891547161598 0.011514166127080503 0.011756793312404468
1 0.28504797686701233 0.8605901469355045 0.009304730788521145 0.008892142254373302
1 0.11243583326754361 0.5439865070840587 0.012055801308673363 0.012035079624341883
1 0.2585076145503832 0.0727134813433108 0.010712644328241762 0.011452379434005074
1 0.30088094006414 0.7975169057431429 0.009695073832636293 0.00982939678689708
1 0.6205647924672002 0.09207036184227985 0.01280701678732167 0.011926713197127632
1 0.43405165361321496 0.6210703435151473 0.01147864175879437 0.012011528015136719
1 0.5484430064325747 0.23074481798254926 0.02020313428795856 0.011474650839100714
1 0.49620912386023475 0.11286779590274978 0.010258757549783459 0.011288508124973461
1 0.4445162026778511 0.4120021488355553 0.011092683543329653 0.01123444930366848
1 0.32726571927575954 0.5190667173136836 0.01111275362579719 0.015442537224811058
1 0.11804720111515211 0.5921977499256963 0.010829085889069931 0.010667800903320312
1 0.6486724148625912 0.053507701210353684 0.010252123293669327 0.012484768162602964
1 0.46221234487450635 0.6662347213081692 0.010995346566905146 0.01099296238111413
1 0.6149612095045007 0.11193367709284244 0.010949508003566578 0.010352735934050186
1 0.5609101627183997 0.6896134459454082 0.011024765346361242 0.011972302975861923
1 0.06715290183606354 0.6316298401874044 0.008930750515149988 0.00939729939336362
1 0.5882588469463846 0.28059011956919794 0.011938053628672724 0.012267776157545008
1 0.5604551045790963 0.038486923860466996 0.010684697524360989 0.010651572890903637
1 0.08726141245468803 0.6544394078462019 0.02087768264438795 0.010457204735797386
1 0.2954681334288224 0.8761637107185696 0.009883030601169752 0.010701511217200237
1 0.29546753219936206 0.5770477937615436 0.010339094244915505 0.010336233221966286
1 0.34696938421415247 0.49141492014345917 0.011235631030538807 0.012925065082052479
1 0.33629073040640867 0.509660005569458 0.011733697160430576 0.011865180471669073
1 0.2692427738853123 0.7108337153559146 0.008763624274212381 0.009277841319208559
1 0.457969007284745 0.389602287955906 0.012047736541084621 0.011601157810377039
1 0.3727472916893337 0.24824191176373023 0.011999389399652895 0.01221708629442298
1 0.277026425237241 0.732360031293786 0.009417989979619566 0.009298448977263077
1 0.5299083046291186 0.0650381212649138 0.010055956633194633 0.010724534159121306
1 0.6925743973773458 0.17171479826388153 0.011407064354938011 0.011135940966398819
1 0.4656231921652089 0.8515427838201108 0.009692979895550272 0.010034105052118715
1 0.06764399487039317 0.4356554280156675 0.01101795486781908 0.01173840398373811
1 0.6548689759295919 0.1777860755505769 0.010787507762079653 0.010522521060446034
1 0.5945718910383142 0.35169063184572297 0.013497787973155146 0.02057189008463984
1 0.5546820578367814 0.16739699114923895 0.010813941126284391 0.010813256968622622
1 0.47507128508194635 0.8065793410591456 0.009905773660411005 0.010329370913298233
1 0.3286227868950885 0.24008530119191043 0.011492874311364216 0.012754419575566832
1 0.26419686234515644 0.7843162495156993 0.00862940498020338 0.009723953578783117
1 0.5971670876378599 0.01892224148563717 0.00980619762254798 0.010979174271873806
1 0.573361293129299 0.7678762933482295 0.011722357376762058 0.015659581059994904
1 0.5324700159033638 0.7190206644768913 0.013502570948839686 0.010831889468814108
1 0.6781319535296896 0.14382939753325089 0.011831490889839504 0.011563570603080418
1 0.3764793224956678 0.9598352598107379 0.012313443681468134 0.01333891827127208
1 0.5525535811548647 0.04782730081807013 0.011068240455959156 0.010597622912863026
1 0.39820248147715687 0.011833778542021047 0.011870176895805027 0.011303923700166784
1 0.49640391183936083 0.8254273870716924 0.010751620582912281 0.00935289134149966
1 0.3588177846825641 0.27219936122065 0.011342712070630945 0.013300605442212976
1 0.1020056683084239 0.3313476521035899 0.012853974881379501 0.012487452963124151
1 0.6022715050241222 0.5104613200477932 0.01419662392657736 0.014274908148724098
1 0.3966058466745459 0.4067331189694611 0.012498508328976839 0.010396148847497028
1 0.5738252038541047 0.6009900569915771 0.011696711830470875 0.011900383493174677
1 0.545459736948428 0.7460463772649352 0.011571117069410242 0.010524459507154383
1 0.18377154806385868 0.24178788972937543 0.011961397917374321 0.012778779734735903
1 0.3960556128750677 0.30670849136684253 0.01194849739903989 0.011861448702604874
1 0.13275708841240924 0.5808179585830026 0.010028828745302946 0.011591932047968325
1 0.3003651370172915 0.7487572172413701 0.009210918260657269 0.009061937746794327
1 0.5449971738068954 0.326138278712397 0.010774861211362093 0.01214618268220321
1 0.5436032129370648 0.41102929996407556 0.020078741985818615 0.011072174362514332
1 0.2548713684082031 0.7552310072857402 0.009082421012546705 0.010905348736306896
1 0.5887295163196066 0.0882835284523342 0.010363558064336363 0.010887000871741253
1 0.5403800632642664 0.7302597916644551 0.010863843171492867 0.010637822358504585
1 0.7027471998463507 0.21473235669343368 0.010726057964822521 0.011533571326214333
1 0.2809910877891209 0.8716925538104513 0.010201350502345875 0.010228986325471298
1 0.5198359282120414 0.845616340637207 0.010162851084833559 0.010040200274923573
1 0.5254025355629299 0.7835781677909519 0.009929138681162958 0.010324809862219769
1 0.27257854005564813 0.823691927868387 0.008969410606052565 0.008833138839058254
1 0.6658649444580078 0.19978595816570777 0.010750977889351223 0.010373571644658628
1 0.5292792320251464 0.7313917616139287 0.010294333748195484 0.010929895483929176
1 0.11850917339324951 0.606727413509203 0.010705978974052097 0.010320787844450577
1 0.30379423887833307 0.530132304067197 0.011572920757791271 0.01116638598234757
1 0.4803863349168197 0.85688244778177 0.01153434877810271 0.018770508144212807
1 0.46873239848924714 0.3901275940563368 0.01141220590342646 0.012720724810724672
1 0.3759090200714443 0.2146512321803881 0.011692290720732315 0.011839617853579313
1 0.5544591779294222 0.7876073795816174 0.009866258372431215 0.010497839554496433
1 0.6490423575691555 0.16422696217246677 0.011654107466987942 0.011584872784821884
1 0.4138378811919171 0.47150878802589746 0.014633525972780973 0.01584736160610033
1 0.5217691608097242 0.3297574092512545 0.011276887810748558 0.012337246666783873
1 0.4320916300234587 0.38103899230127747 0.011971432229746943 0.01257945143658182
1 0.4384204045585964 0.4024521371592646 0.011314360991768215 0.011216868524966032
1 0.2607475467350172 0.7234237712362538 0.009522831958273182 0.009160456450089165
1 0.5000888990319293 0.8874324715655781 0.010323234226392664 0.011357680610988453
1 0.6028467468593433 0.10617143693177597 0.010852191759192425 0.011047104130620542
1 0.5522432223610256 0.1558612170426742 0.010951892189357593 0.01139836725981339
1 0.47197048560432764 0.7710807219795559 0.010706424713134766 0.010324146436608356
1 0.5332643778427787 0.8357368759486985 0.010250443997590439 0.01032468546991763
1 0.5348249311032501 0.32495626159336255 0.0112005731333857 0.011847060659657354
1 0.4306960105895996 0.026037295875341995 0.010958588641622791 0.012301093858221302
1 0.24712341764698859 0.724332208218782 0.009462418763533882 0.009471851846446161
1 0.2880073111990224 0.8336337545643682 0.008723901665729025 0.009620998216711956
1 0.5549211294754691 0.23204996274865192 0.010854347892429516 0.010843276977539062
1 0.11356550195942754 0.6298406020454739 0.011182691739953083 0.011076636936353601
1 0.41874387989873474 0.47713628022567084 0.011228561401367188 0.012412672457487686
1 0.565786071445631 0.09372964630956235 0.010792193205460258 0.010057625563248344
1 0.5183646367943805 0.019296151140461796 0.011388737222422724 0.011873094931892727
1 0.5090309640635615 0.011722362559774649 0.01081922779912534 0.010541669700456701
1 0.5252405042233675 0.36550529754680133 0.01248869688614555 0.011700181857399319
1 0.30786592027415405 0.6258578922437585 0.010888866756273352 0.009997409322987432
1 0.15584836317145304 0.5828169325123662 0.010213903758836828 0.011061502539593239
1 0.31275002852730127 0.7031894974086597 0.010273228520932405 0.010543284208878227
1 0.2099010529725448 0.06858180139375769 0.011254455732262653 0.011484368987705395
1 0.6846757349760637 0.10305098865343176 0.013629374296768852 0.011211913564930792
1 0.08303400485411934 0.6360309331313424 0.010096036869546642 0.011499301246974781
1 0.3120278068210768 0.8960655668507451 0.010897636413574219 0.010798951853876528
1 0.5756693715634553 0.20476057218468707 0.01101609934931216 0.010584209276282269
1 0.40690323062565015 0.29893741400345514 0.0120339704596478 0.012762131898299507
1 0.47806743953538977 0.12282134657320767 0.013703719429347828 0.012196696322897205
1 0.5227248150369396 0.03682047517403313 0.010849413664444633 0.011177884495776634
1 0.10791258189989174 0.6132781505584718 0.012077912040378735 0.011410899784253992
1 0.32088978426611947 0.5840952914694081 0.012943890431652899 0.011656885561735733
1 0.5147383938664977 0.08477919516356094 0.011155460191809612 0.011348403018453846
1 0.5671520129494045 0.784217357635498 0.010574320088262144 0.010000602058742359
1 0.536866167317266 0.8004089023755945 0.009722958440366 0.009732204934825068
1 0.6019022983053456 0.1384989178698996 0.01138504691745924 0.0135498046875
1 0.26930579931839654 0.07147148381108823 0.010619889134946077 0.011004738185716711
1 0.2864749846251115 0.6444700697193975 0.010616032973579739 0.010492698006007984
1 0.47305242393327795 0.7951851720395295 0.010316817656807278 0.01036395197329314
1 0.32102252618650695 0.45362937544902493 0.009128296504849974 0.013758286185886547
1 0.09371429422627324 0.2884251138438349 0.012344578038091246 0.012796401977539062
1 0.4003493500792462 0.9410271022630775 0.012594269669574241 0.012381346329398777
1 0.06690322834512462 0.5865257097327191 0.010404244713161304 0.010666391123896059
1 0.07756662887075674 0.5427726455356763 0.010630887487660284 0.011003867439601734
1 0.087813561377318 0.5385778053947117 0.01041655436806057 0.01197802502176036
1 0.1251830121745234 0.529548458431078 0.012456873188848082 0.0115502813588018
1 0.316475888957148 0.6071797764819601 0.010515752046004585 0.01037504362023395
1 0.09557219173597256 0.644252341726552 0.011149012524148693 0.010895729064941406
1 0.5096194744110107 0.8246855943099313 0.010004437488058338 0.0096588134765625
1 0.43692008827043616 0.3541515352933303 0.011761634246162746 0.01361099792563397
1 0.11392448259436568 0.5850236830504045 0.012737833935281506 0.018395693405814793
1 0.304561355839605 0.555342902307925 0.01083355364592179 0.010586158089015796
1 0.3868602695672408 0.9469429928323498 0.011488701986229938 0.01256635914678159
1 0.6191322907157566 0.04004266598950261 0.011513834414274796 0.011558177678481392
1 0.4716285207997198 0.17241854771323825 0.011086173679517664 0.012438535690307617
1 0.6379279261050017 0.15485473301099695 0.010654200678286345 0.011512445366900902
1 0.26815571992293646 0.6942437006079633 0.00869950004245924 0.008865397909413214
1 0.2080894138502038 0.04642896937287372 0.01300247855808424 0.01508297350095666
1 0.11256894339685854 0.6467165532319443 0.011346495669821034 0.011299091836680536
1 0.4129448895869048 0.01899612014708312 0.01102845046831214 0.011151405780211739
1 0.18221853090369183 0.2505666691323985 0.012030269788659138 0.011326582535453465
1 0.5872736806454866 0.013675653740115788 0.009727643883746603 0.010651471174281578
1 0.19475261024806811 0.06763390613638837 0.013295132180918818 0.013803342114324156
1 0.1370388528575068 0.5198638957479725 0.013196281764818274 0.014002136562181555
1 0.571764790493509 0.36801549662714417 0.011687755584716797 0.01698012973951257
1 0.06714434986529143 0.691442987193232 0.008850382721942404 0.009460283362347147
1 0.6906300213025964 0.1552472788354625 0.009525340536366339 0.009231950925744099
1 0.47022904002148175 0.7475547790527344 0.010392323784206226 0.011117437611455503
1 0.31409138181935187 0.5953848983930505 0.010721061540686565 0.01020881404047427
1 0.49123782696931256 0.07705732273018878 0.010731945867123812 0.011504634566929028
1 0.3040761222010073 0.6382331122522769 0.010306254677150562 0.010327691617219345
1 0.14514666018278702 0.5663222437319547 0.01181594185207201 0.011823239533797554
1 0.4751166882722274 0.842095022616179 0.010329412377398949 0.01012283822764521
1 0.21140675959379776 0.13409735845482867 0.01118375944054645 0.011879920959472656
1 0.3809537343356921 0.3477175650389298 0.011758778406226116 0.012642010398533032
1 0.5334980798804242 0.22140088288680368 0.01125547160273013 0.010926205178965693
1 0.223680651706198 0.14366021881932797 0.01007223129272461 0.010905835939490276
1 0.26718467214833136 0.7445419767628546 0.008541563282842222 0.01004015881082286
1 0.5888602007990298 0.11483689494754958 0.011397444683572521 0.013089480607405952
1 0.5357620612434719 0.762430128843888 0.010721248129139776 0.010013455929963486
1 0.6556453290192976 0.11921505306078041 0.010563394297724184 0.011719475621762484
1 0.4869213985360187 0.8901795511660369 0.01094271825707477 0.010217417841372282
1 0.3069038287453029 0.6133379521577254 0.01063456742659859 0.01071768221647843
1 0.5591224794802458 0.14542582760686462 0.011066395303477411 0.011109497236168903
1 0.2998390094093654 0.8916711392609971 0.01061491344286048 0.010954151982846468
1 0.2990850365680197 0.7823361106540845 0.009930652120838995 0.010096591451893682
1 0.48296051440031634 0.5766292136648427 0.016265578891920006 0.012100696563720703
1 0.2649013270502505 0.7588185434756072 0.008904415628184443 0.008960309235945992
1 0.409171726392663 0.2675729108893353 0.015076927516771399 0.012860070104184359
1 0.30277454334756604 0.7174039508985436 0.009680851646091627 0.010854306428328804
1 0.10075476895207944 0.31453503733095917 0.011060776917830757 0.011524615080460258
1 0.6918528183646824 0.21973971698595132 0.010939639547596807 0.011548104493514351
1 0.31814938006193744 0.5693381039992623 0.009840011596679688 0.011599768763003141
1 0.2001227606897769 0.1529366399930871 0.009843515313189962 0.011481896690700367
1 0.2515943776006284 0.059520472650942596 0.010367642278256624 0.01095959414606509
1 0.4061791534009187 0.39849071917326556 0.011016047519186268 0.01709345112676206
1 0.5971584527388863 0.34781505750573205 0.011811836906101391 0.014810064564580503
1 0.27352875211964484 0.7703499172044838 0.009549908016038977 0.008736071379288383
1 0.680416086445684 0.16330728841864545 0.009807545205821161 0.009703377018804136
1 0.5006014886109725 0.8000769822493844 0.010077165520709495 0.010041941767153532
1 0.2861963355022928 0.8170586046965227 0.009266563083814539 0.009866216908330503
1 0.705290110214897 0.10021320114965024 0.00931860053020975 0.010863127915755562
1 0.5312432413515836 0.29794499148493225 0.010879101960555367 0.01152260407157566
1 0.2980554829473081 0.8438780411430028 0.010032819664996605 0.009726399960725204
1 0.27046148673347803 0.06171268743017446 0.01068797318831734 0.01073307058085566
1 0.3132230406222136 0.6618190019027047 0.01103079837301503 0.009185708087423573
1 0.5674149057139521 0.12323142134624979 0.011339768119480297 0.011470939802086872
1 0.5558529729428499 0.24752379500347638 0.011198209679645042 0.011170490928318188
1 0.6787988828576128 0.1921922434931216 0.013537945954695992 0.010664069134256115
1 0.5159870437953783 0.8134188859359078 0.010319875634234886 0.009858670442000679
1 0.2531112173329229 0.03602709200071252 0.010822254678477411 0.010614503984865934
1 0.21758671428846277 0.023767544523529388 0.010594596033510954 0.010658485733944435
1 0.30667321578316065 0.6777739110200303 0.010464875594429348 0.012085417042607847
1 0.07575585531151813 0.663844626882802 0.009882315345432447 0.010248806165612263
1 0.7032827916352646 0.15958200848620874 0.010077725286069124 0.009492241817971935
1 0.28677012609398883 0.764932922694994 0.00877510983010997 0.010505842125934105
1 0.32824038471216743 0.566286097402158 0.010476323897423952 0.011047881582508917
1 0.2648796205935271 0.8320694384367568 0.008789021035899286 0.009891261225161345
1 0.4655318312022997 0.8404168875321097 0.010098135989645252 0.01010683308476987
1 0.2944555593573529 0.6817667173302691 0.00891795365706734 0.010136645773182745
1 0.47913922434267797 0.04185493484787319 0.010666100875191067 0.010800861794015636
1 0.29969547105872113 0.5992152172586193 0.010998642962911854 0.010214266569718071
1 0.27265879382257874 0.799138815506645 0.009339726489523182 0.009204366932744566
1 0.19547070627627167 0.08431500455607539 0.010884492293648098 0.012048773143602453
1 0.2712245609449304 0.6733785712200663 0.00987479997717816 0.009648281594981318
1 0.28043745911639667 0.6914102720177691 0.009159150330916695 0.009000197700832201
1 0.13086098173390265 0.6358641541522482 0.010566048000169836 0.011475728905719261
1 0.27653042129848315 0.658832892127659 0.010180618451989216 0.010310566943624744
1 0.3469376369662907 0.4615927986476732 0.010943912941476574 0.011773482612941578
1 0.5096986812093983 0.7819254294685696 0.010037836821182915 0.009880522023076597
1 0.5084927600363026 0.2985681969186534 0.011291338049847145 0.010874893354332966
1 0.29529107135275134 0.7039384841918945 0.010056081025496773 0.008615493774414062
1 0.08691402362740556 0.6680701089941938 0.010714546493861988 0.010808405668839165
1 0.2986650466918945 0.7338416887366254 0.009927542313285496 0.010482622229534645
1 0.544825149619061 0.8137385948844578 0.01051237272179645 0.011837876361349354
1 0.27171671908834705 0.8102938195933466 0.009259887363599695 0.009089843086574389
1 0.24555277824401855 0.7075075066607931 0.01026910284291143 0.009720014489215353
1 0.5342955796614938 0.4226185549860415 0.012070614358653193 0.013962579810101051
1 0.30029211873593536 0.5127256642217222 0.012391297713569973 0.013395558232846468
1 0.2070308560910432 0.16142623839171036 0.01101522860319718 0.011432015377542248
1 0.700601868007494 0.14679545423258905 0.010372244793435802 0.009859551554140837
1 0.5954939489779265 0.051959291748378586 0.010832890220310375 0.010815775912740955
1 0.509167069974153 0.7714952800584877 0.011193275451660156 0.011375510174295177
1 0.493816878484643 0.8529979042384936 0.009199546731036642 0.010040117346722145
1 0.21749142978502356 0.16303444426992666 0.011285263559092646 0.010202791379845661
1 0.227188141449638 0.05040235104768173 0.011147312496019446 0.010898517525714378
1 0.2945095352504564 0.5641171102938445 0.010140501934549084 0.009775887364926546
1 0.6727420558100162 0.3290831731713337 0.01335417706033458 0.01330292743185292
1 0.3217774551847707 0.4852838619895603 0.013622962910196056 0.011467995850936226
1 0.28864337050396466 0.7993519409843113 0.008834444958230724 0.009427609650985054
1 0.3083761360334314 0.8504878956338635 0.010373965553615406 0.01103347280751104
1 0.5887568515280018 0.10061620111050812 0.010634878407353941 0.010954183080922003
1 0.3082174425539763 0.871403694152832 0.010860567507536514 0.011543108069378395
1 0.1350043960239576 0.5985966247061024 0.011139641637387484 0.01076588423355766
1 0.4830812423125558 0.8621143050815747 0.010842955630758534 0.009232272272524626
1 0.5279832404592762 0.7731004797894022 0.010377365609873896 0.011732433153235394
1 0.12607275921365488 0.6177006804424784 0.010522489962370499 0.009502452352772589
1 0.20893682604250702 0.05533873775730963 0.011254911837370499 0.011212634003680687
1 0.5169205665588379 0.06145667252333267 0.010703335637631624 0.01128970540088156
1 0.5075717386992081 0.07656285296315732 0.010252206221870754 0.010510843733082647
1 0.5359204748402471 0.6558149171912152 0.015358634617017664 0.012485835863196331
1 0.2836302881655486 0.6671402765356976 0.009204366932744566 0.009714250979216202
1 0.11883921208588974 0.5729161345440409 0.010220569113026495 0.009933430215586786
1 0.5850532884183138 0.024733679450076557 0.010080689969270126 0.01024339769197547
1 0.2317563347194506 0.6435673340507175 0.010290145874023438 0.009406131246815557
1 0.3076489179030709 0.49480081641155743 0.010912625685982082 0.011311531066894531
1 0.2665547184322191 0.013606401565282242 0.009596638057542883 0.010135806773019873
1 0.2956523480622665 0.8278439148612642 0.008497238159179688 0.008710197780443274
1 0.3087487013443657 0.6529160686161208 0.011143891707710598 0.012589392454727837
1 0.3032910512841266 0.5869633944138236 0.010146389836850374 0.010591776474662449
1 0.2508835066919741 0.6521690824757452 0.010616074437680452 0.009784325309421705
1 0.4711760541667109 0.72895101878954 0.011934135271155315 0.010448580202849014
1 0.5302631233049475 0.8474100983661154 0.00975979929384978 0.009530896725861923
1 0.16231097864068073 0.5929067445837933 0.010998508204584536 0.010252745255180027
1 0.14420483941617218 0.551305045252261 0.011154330295065174 0.011883818584939709
1 0.1949652899866519 0.19380241891612177 0.011214442875074304 0.01147697282874066
1 0.39957578026730084 0.05604023000468379 0.011990821879843006 0.013796028883560844
1 0.3168617124142854 0.5366035544353983 0.011001503985861073 0.01092603932256284
1 0.29789105705592944 0.7640895014223845 0.009313168733016304 0.01003630264945652
1 0.287609805231509 0.7904756587484608 0.009243052938710089 0.009615732275921366
1 0.2906604331472646 0.7232661661894426 0.009398937225341797 0.010314070660135021
1 0.5344309599503226 0.3890193260234336 0.011114866837211277 0.01368253645689591
1 0.23305266836415167 0.6281909113344938 0.010601872983186142 0.009524718574855639
1 0.28862561350283417 0.6072363231493079 0.010354995727539062 0.009745888088060461
1 0.5260599488797395 0.21088236311207648 0.010571085888406506 0.010484550310217815
1 0.568889680116073 0.8278501759404722 0.012788565262504246 0.01174263332201087
1 0.41531132096829615 0.4595106477322786 0.011670226636140243 0.013527807982071587
1 0.11936485249063244 0.3096297720204229 0.01061756714530613 0.010962652123492699
1 0.15002181219018024 0.6060851864192796 0.010974635248598845 0.010438027589217476
1 0.29626806922580884 0.8622287045354429 0.009656989056131115 0.010492946790612263
1 0.5028137746064559 0.08824481393979944 0.011910894642705503 0.016931653022766113
1 0.1796494411385578 0.6018317264059315 0.011551058810690174 0.01253410007642663
1 0.5142589030058488 0.542358688686205 0.012619723444399626 0.013610010561735733
1 0.4116403071776681 0.36699864138727606 0.011020359785660454 0.014424842336903448
1 0.29231696543486224 0.6568185972130817 0.009768962860107422 0.010351015173870583
1 0.281052651612655 0.7042230315830396 0.009619215260381285 0.009211457293966541
1 0.6479398685952892 0.12769175612408182 0.011128591454547386 0.011290612428084663
1 0.1626595051392265 0.6053844327511995 0.011155760806539784 0.010608714559803839
1 0.3153751933056375 0.5182831494704537 0.010190362515656845 0.011484415634818699
1 0.1670152311739714 0.6175509639408278 0.010545585466467815 0.0101360445437224
1 0.5416068719780963 0.239562231561412 0.010131442028543224 0.00937094895736031
1 0.2742121737936269 0.8432683944702148 0.008868466252866 0.009466502977454144
1 0.38950831734615826 0.4916992394820503 0.012641175933506176 0.01296221691629161
1 0.2376677057017451 0.6731261377749236 0.009681867516559103 0.009255782417629076
1 0.18799856434697693 0.16064038483992868 0.01170212289561396 0.012587547302246094
1 0.5751792244289233 0.6143635874209197 0.020405313243036686 0.017888110616932743
1 0.2448824281277864 0.6407093379808508 0.009654729262642239 0.010358146999193274
1 0.25706067292586615 0.6618918335956074 0.010167785312818445 0.009045020393703295
1 0.2433178010194198 0.6632775223773458 0.010103992793871008 0.010059978650963825
1 0.11567298744035803 0.6703286585600479 0.012073630871980087 0.012345231097677479
1 0.2712382751962413 0.607295388760774 0.011013300522514011 0.011406898498535156
1 0.2582069687221361 0.6810393126114554 0.008914367012355639 0.010138055552606997
1 0.28575232754582947 0.5912522855012313 0.010896744935408882 0.01118071182914402
1 0.07817599566086479 0.6236747036809507 0.010565861411716625 0.010567499243694801
1 0.06669984174811322 0.6567571888799253 0.008479906165081522 0.009688418844471807
1 0.25636619070301886 0.695433181265126 0.009331081224524456 0.009601136912470278
1 0.2626534544903299 0.08543911705846373 0.01277086009149966 0.012240751929905102
1 0.2575520432513693 0.7109606577002484 0.009069193964419157 0.008828660716181215
1 0.13605985952460248 0.6093189198037853 0.011236947515736456 0.010158165641452954
1 0.35286033801410505 0.2769465031831161 0.01531955211058907 0.011636070583177649
1 0.252498720003211 0.6265951239544413 0.00983008094455885 0.008889156839121943
1 0.57055111553358 0.7735946282096531 0.009881330573040506 0.010231722956118376
1 0.13850161303644593 0.6260214784870977 0.01050878607708475 0.010252392810323963
1 0.1821594549262005 0.6195672076681386 0.010506526283595875 0.010594575301460598
1 0.2644279314124066 0.6514072729193646 0.009799832883088486 0.009837959123694378
1 0.33702466928440594 0.4546427778575731 0.01387454893278039 0.01155765160270359
1 0.21504115021747094 0.6368987871252972 0.011074294214663298 0.010223720384680706
1 0.6198656869971234 0.34163610831550933 0.012696432030719261 0.011623237444006878
1 0.2614971243816873 0.6377304947894552 0.01073692155920941 0.010087179101031761
1 0.5756480590156887 0.6545819821565046 0.012260271155315895 0.013757456903872282
1 0.28113349624302075 0.679888393567956 0.00882615213808806 0.00956236797830333
1 0.15250372368356455 0.6178228751472805 0.011073620423026707 0.010531342547872791
1 0.10751169142515764 0.6855464396269424 0.012375365132870882 0.010792898095172386
1 0.15115463733673096 0.6352365120597507 0.01044017335642939 0.010074076445206352
1 0.30611090038133704 0.5707112187924592 0.010923012443210766 0.010760265847911005
1 0.4514903970386671 0.10294577349787173 0.011551058810690174 0.011889955271845278
1 0.25998715732408606 0.6160057627636454 0.010398014732029125 0.01120963303939156
1 0.28480091302291205 0.8472491347271464 0.009118474048116932 0.008879827416461447
1 0.22948139646778937 0.6570912651393725 0.009946636531663977 0.010275301725968071
1 0.6678107303121815 0.1408182952715003 0.016616987145465355 0.01187585747760275
1 0.3010595881420633 0.5433098025943922 0.01145991035129713 0.011382662731668224
1 0.2768186797266421 0.011514490065367325 0.009751506473707117 0.008819979170094366
1 0.19266741172127103 0.6309878515160602 0.010192850361699644 0.010121262591818104
1 0.19226041047469433 0.6087448700614597 0.01098844279413638 0.01192109481148098
1 0.27389571977698285 0.6262367289999257 0.010341975999915081 0.009517296500827955
1 0.24788301924000616 0.06955558320750362 0.01119101565817128 0.01170007042262865
1 0.1316905695459117 0.6485672826352327 0.011701946673185928 0.010088879129161005
1 0.27784119481625763 0.7199637164240298 0.010040200274923573 0.0100244024525518
1 0.21637797355651855 0.6217981939730438 0.01128945143326469 0.013165494670038637
1 0.4313549788101859 0.3932364816251008 0.022985126661217728 0.012265267579451851
1 0.24033374371735947 0.6186286159183668 0.010559994241465693 0.011699033820110817
1 0.27356315695721173 0.5861851443415103 0.010805669038192085 0.014078513435695484
1 0.28449187071427057 0.631731427234152 0.010028341542119566 0.010212234828783117
1 0.6753294778906782 0.16183130637459134 0.008036696392556896 0.009701397107995075
1 0.5483777626701023 0.4125510506007982 0.014135070469068445 0.012047477390455164
1 0.1898910480996837 0.644705461419147 0.011659373407778532 0.009848760521930197
1 0.24704229313394296 0.6793998635333517 0.008915299954621689 0.009120775305706522
1 0.3322752455006475 0.5783311387766963 0.014522635418435802 0.012676197549571161
1 0.21342835219010062 0.15169597708660626 0.010104220846424932 0.011915393497632898
1 0.24030736218328058 0.021823331713676453 0.013589796812637993 0.013537866913754006
1 0.1483074322990749 0.5953084696894106 0.011353129925935165 0.011034509410028872
1 0.2881048762280008 0.617206614950429 0.010614996371061905 0.009939608366593071
1 0.296178848847099 0.625857519066852 0.009775472723919413 0.00992609106976053
1 0.36311339036278106 0.4122620769169019 0.011768398077591606 0.014834549116051716
1 0.20530478850654935 0.6273032478664232 0.011370783266813858 0.011797946432362432
1 0.524300243543542 0.2389145415762196 0.011094466499660328 0.011561248613440472
1 0.16602025343024213 0.6315792643505594 0.010147851446400518 0.010586095892864723
1 0.23279017987458606 0.14345157146453857 0.010534949924634851 0.011839172114496645
1 0.14348921568497366 0.5842666107675304 0.011129462200662365 0.011182100876517918
1 0.28804356118907104 0.7413235332654871 0.009991936061693274 0.011842022771420687
1 0.17485128278317658 0.6582151495892069 0.009970644245976988 0.008649411408797554
1 0.17399331279422925 0.6275520324707032 0.01013188776762589 0.009531435759171196
1 0.3017747402191162 0.2564474085102911 0.012154641358748726 0.01216591959414275
1 0.3142076077206944 0.459395844920097 0.009128296504849974 0.013758286185886547
1 0.545921266293982 0.659918286609337 0.011058682064076862 0.012986600670583482
1 0.6529442663579001 0.25021793353810406 0.010939639547596807 0.011548104493514351
