0 0.2863136241463249 0.05574297197241192 0.008831521739130434 0.009375
0 0.2865911433529732 0.08904064891102839 0.008288043478260869 0.008288043478260869
0 0.3073734067550206 0.023609819798498886 0.008559782608695651 0.008967391304347826
0 0.3094978523264871 0.11548600669045467 0.012536934621194104 0.012013243349128986
0 0.26229307190784595 0.08050948714137877 0.010518678131737756 0.00972324772923809
0 0.27483264588545536 0.06423481979849888 0.00923913043478261 0.009510869565217392
0 0.3212802502009982 0.05890622627181351 0.011101730370216951 0.011897160772716336
0 0.30865427413018337 0.09321329148920483 0.008675865185108437 0.010946073816194586
0 0.21029460240719444 0.08162612414632499 0.010597826086956521 0.011141304347826087
0 0.30668416543453136 0.06509818498360719 0.010713908663369237 0.011237599935434064
0 0.3505119937115424 0.0890310154506728 0.009782608695652175 0.009918478260869565
0 0.29529257560309957 0.08224524395808774 0.007744565217391305 0.008016304347826088
0 0.3307330784780094 0.09864807409790051 0.009355213011195544 0.011217812946629404
0 0.09059351545067278 0.023745689363716283 0.009510869565217392 0.010054347826086957
0 0.09894949371154241 0.011931780612052157 0.011005434782608695 0.007866947938110833
0 0.23943862414632494 0.055471232841977136 0.01290760869565217 0.012364130434782607
0 0.2577130806680642 0.04432992849415105 0.014402173913043477 0.01589673913043478
0 0.2812416357555263 0.08191327681332876 0.008152173913043478 0.007880434782608695
0 0.386613724081759 0.02548231322833529 0.011605634653476804 0.010810204250977179
0 0.3201932936792592 0.10362710021714001 0.010286512978912317 0.010034560837282333
0 0.2836641676245859 0.10764514588545544 0.01141304347826087 0.011005434782608695
0 0.297251124146325 0.04283536327675977 0.010869565217391304 0.011005434782608695
0 0.2503081893637163 0.0719793850158902 0.009918478260869565 0.010597826086956521
0 0.3746288415376294 0.03149025458110759 0.009103260869565217 0.008967391304347826
0 0.19976471110284674 0.044126124146324976 0.01046195652173913 0.010869565217391304
0 0.29923279299440386 0.09373392898724178 0.007472826086956524 0.007336956521739131
0 0.17852948495132417 0.026073939283008832 0.011469765088259531 0.012265195490759061
0 0.17941131744702926 0.0712208892345843 0.015679082253583186 0.013700399741736362
0 0.24555275458110756 0.016612537189803225 0.012092391304347827 0.012635869565217393
0 0.21926199371154237 0.04623210240719452 0.010869565217391304 0.010733695652173914
0 0.33658536327675975 0.07673481979849887 0.010733695652173914 0.010326086956521738
0 0.26341960240719453 0.09670764588545543 0.00923913043478261 0.00923913043478261
0 0.22958808066806416 0.0750364502332815 0.013315217391304347 0.013722826086956519
0 0.3172424175438783 0.1758219871413787 0.013080412882063665 0.011761291207499166
0 0.18134317184328 0.05660633715752025 0.008831521739130434 0.00923913043478261
0 0.13155818936371624 0.05363699371154237 0.010733695652173914 0.010597826086956521
0 0.21769949371154237 0.10112340675502063 0.009918478260869565 0.009918478260869565
0 0.07551199371154237 0.04813427632023799 0.01141304347826087 0.01154891304347826
0 0.3374005806680641 0.054927754581107574 0.009375 0.009103260869565217
0 0.18984623284197713 0.10288971110284673 0.009646739130434782 0.009375
0 0.15404460240719456 0.08502286327675977 0.010597826086956521 0.012228260869565218
0 0.18036372408175855 0.014877223651036341 0.012420852044781484 0.00884340936339967
0 0.09738699371154234 0.07591960240719453 0.009782608695652175 0.008695652173913044
0 0.33841960240719454 0.11131362414632495 0.008967391304347826 0.009646739130434782
0 0.32150384153762934 0.03543047197241192 0.011277173913043479 0.01141304347826087
0 0.16647666762458577 0.10574297197241193 0.009918478260869565 0.011277173913043479
0 0.3812666632444766 0.03888525239105304 0.009063686891956014 0.009898691272064882
0 0.12197938501589022 0.04256362414632497 0.014130434782608696 0.013994565217391307
0 0.15214242849415097 0.014719996737115347 0.012499999999999994 0.008812254818419196
0 0.23775740221349664 0.08738079367925941 0.009782608695652175 0.009103260869565217
0 0.3767348197984986 0.013224371875563 0.01114130434782608 0.007183939324132589
0 0.1942329444223467 0.09694177827912422 0.01141304347826087 0.01154891304347826
0 0.17576524097844384 0.17674863959027612 0.01141304347826087 0.01154891304347826
0 0.2133602087035319 0.1187072859094383 0.01141304347826087 0.01154891304347826
0 0.19291382274778227 0.11672860339759156 0.01141304347826087 0.01154891304347826
0 0.1751056801411616 0.09562265660455971 0.01141304347826087 0.01154891304347826
0 0.13751071241607352 0.0995800216282532 0.01141304347826087 0.01154891304347826
0 0.1401489557652025 0.08770792655717279 0.01141304347826087 0.01154891304347826
0 0.11574520478575939 0.09166529158086624 0.01141304347826087 0.01154891304347826
0 0.10651135306380795 0.09364397409271298 0.01141304347826087 0.01154891304347826
0 0.09991574469098546 0.0666019797641409 0.01141304347826087 0.01154891304347826
0 0.07880979789795357 0.06396373641501191 0.01141304347826087 0.01154891304347826
0 0.1752734176452653 0.12198356901122466 0.01141304347826087 0.01154891304347826
0 0.2502956155913376 0.09034616990630172 0.01141304347826087 0.01154891304347826
0 0.2621677106624181 0.10815431251292233 0.01141304347826087 0.01154891304347826
0 0.293826630851966 0.12464333344497852 0.01141304347826087 0.01154891304347826
0 0.20676460033070942 0.10749475167564013 0.01141304347826087 0.01154891304347826
0 0.3172424175438783 0.1758219871413787 0.013080412882063665 0.011761291207499166
0 0.3502204594079907 0.049845867220469596 0.013080412882063665 0.011761291207499166
0 0.37198596703830467 0.05644147559329205 0.013080412882063665 0.011761291207499166
0 0.3845176229466674 0.10261073420304934 0.013080412882063665 0.011761291207499166
0 0.3700072845264579 0.1065680992267428 0.013080412882063665 0.011761291207499166
0 0.3700072845264579 0.08810039578283989 0.013080412882063665 0.011761291207499166
0 0.35088002024527276 0.11184458592500078 0.013080412882063665 0.011761291207499166
0 0.3442844118724504 0.19824705560897513 0.013080412882063665 0.011761291207499166
0 0.26106446574467607 0.07272831477463612 0.010518678131737756 0.00972324772923809
