0 0.6879308644076088 0.30882467441779893 0.011813122293478261 0.011958039324728262
0 0.6774272613247283 0.15610984135869566 0.0150581028125 0.01567566913043478
0 0.8429825293897703 0.2556789474097671 0.01153460443171355 0.010361532319533772
0 0.7229241604449728 0.33163579685869565 0.012214992357336956 0.012462201326086955
0 0.6589085646487771 0.1645358027941576 0.012498026308423914 0.013172066729619564
0 0.6663392633016304 0.13521344806385868 0.01664020703804348 0.016806851263586955
0 0.670160760597826 0.270369602669837 0.013617142391304349 0.01389557381793478
0 0.703758617060641 0.3626763392199334 0.013727755045193652 0.013178407244213663
0 0.7204141726168478 0.35016009126222825 0.012314340342391306 0.01216631350271739
0 0.6277313756453805 0.27696108857336954 0.0142732703125 0.014028963831521739
0 0.6795820676976905 0.2565648767282609 0.012332169906249999 0.012820907260869565
0 0.6660052285190216 0.28406988065557065 0.014077559755434782 0.012676736582880434
0 0.6152277932201087 0.28679266224184785 0.013894122581521739 0.014813837798913043
0 0.6747876567656249 0.18072160476630436 0.011418135270380434 0.01207733154347826
0 0.6821608030849184 0.1908471795991848 0.013035318126358695 0.012791011644021738
0 0.8295106056072492 0.23007058996928315 0.011903657410150415 0.012354992982044349
0 0.6638786176120921 0.18019654487771736 0.01099959663722826 0.01222038269021739
0 0.6416572597955162 0.17851368286684782 0.010858286982336955 0.011469136114130436
0 0.7697469986209238 0.18243987703804346 0.016873235285326086 0.016332419021739132
0 0.6566181952249432 0.17836007909375012 0.008491218253918251 0.011073195415761142
0 0.7035810745679347 0.3048495731868206 0.013488271961956521 0.013486779254076087
0 0.8241665778423325 0.24729818802162218 0.01278906166292657 0.011907658108461507
0 0.6591468173573369 0.2110368795095109 0.01094917629076087 0.012078326682065217
0 0.8267839802249813 0.2878615407341671 0.008102497590799123 0.008088285480035711
0 0.8919808455183421 0.24265887466508154 0.009353305982336958 0.010132914004076088
0 0.8037970895311912 0.26925179900995305 0.011909691018904706 0.011094329702920246
0 0.6489623635237771 0.20945025569293482 0.010727343351902174 0.011702661929347826
0 0.8234006037087646 0.29957696908172654 0.009297578230978262 0.008954670118206522
0 0.7784456694633151 0.16530102267663044 0.0145263671875 0.015653485842391304
0 0.8105834986888587 0.4203669407676631 0.014608963682065218 0.01579533452445652
0 0.7008425987649454 0.1985509607065217 0.013215396714673911 0.013624605923913043
0 0.6497027050516304 0.2236608323213315 0.01213587885326087 0.012447108392663043
0 0.6836275542316577 0.2932997479191576 0.012479782104619565 0.012839524642663046
0 0.828268706511045 0.3153792886094043 0.009678550388586957 0.009516176970108696
0 0.7750335931364313 0.34113227383843653 0.0098827239571761 0.011868343329046578
0 0.8680489876270845 0.28945262393338145 0.008144782063090888 0.008045351150048098
0 0.6092492453074132 0.18000575245776204 0.012805596864824565 0.013941649752479851
0 0.8245743985122286 0.4204424053192934 0.015534442404891304 0.016201102214673913
0 0.7055454778913043 0.33697259982404887 0.012512870456521741 0.01298531241983696
0 0.673450867416561 0.35937201800759344 0.012378221789641373 0.012987909928228855
0 0.8329394491908968 0.17721625042798914 0.013538858164402175 0.01452396226902174
0 0.726364135051247 0.3426438107533967 0.012915297819885572 0.012331174767663187
0 0.8458802290557066 0.17056540868206518 0.013740207839673913 0.014385140461956523
0 0.7735398612192215 0.3304667121790814 0.009000578624057334 0.010285179092924422
0 0.795427043066576 0.26874810761005435 0.0104841149375 0.011661197828804348
0 0.6472882183041757 0.18749793484509655 0.0073425227403108835 0.011378246804347836
0 0.7247098350421344 0.1133183843004793 0.013907373165794752 0.019315796063603764
0 0.653235452840252 0.18670497024028648 0.0073425227403108835 0.011378246804347836
0 0.8798734379745732 0.29555556604821404 0.005347600260459495 0.007536772640478742
0 0.8845777891880897 0.25080065720610806 0.008144782063090888 0.008045351150048098
0 0.8560973926522045 0.2954284214208218 0.006619046534382267 0.005756747856986034
0 0.8428743514034 0.3263245658771621 0.008144782063090888 0.008045351150048098
0 0.8802548718567499 0.31615299568577426 0.008144782063090888 0.008045351150048098
0 0.8738976404871326 0.310558632080511 0.008144782063090888 0.008045351150048098
0 0.8690661446462237 0.30674429325874064 0.008144782063090888 0.008045351150048098
0 0.8573688389261277 0.2828411033089794 0.008144782063090888 0.008045351150048098
0 0.8327027812120129 0.30712572714091757 0.006619046534382267 0.005756747856986034
0 0.8413486158746923 0.31780587584187475 0.006619046534382267 0.005756747856986034
0 0.8446543761868933 0.3055999916122095 0.006619046534382267 0.005756747856986034
0 0.8413486158746923 0.3012770742808697 0.006619046534382267 0.005756747856986034
0 0.8484687150086639 0.2814425124076636 0.006619046534382267 0.005756747856986034
0 0.8494858720278025 0.2766110165667544 0.006619046534382267 0.005756747856986034
0 0.8347370952502904 0.29517413216603716 0.006619046534382267 0.005756747856986034
0 0.8372799877981376 0.28296824793637176 0.006619046534382267 0.005756747856986034
0 0.8362628307789987 0.28703687601292693 0.006619046534382267 0.005756747856986034
0 0.8423657728938312 0.2824596694268024 0.006619046534382267 0.005756747856986034
0 0.8413486158746926 0.27686530582153923 0.006619046534382267 0.005756747856986034
0 0.8652518058244537 0.29873418173302285 0.006619046534382267 0.005756747856986034
0 0.8611831777478985 0.3055999916122096 0.006619046534382267 0.005756747856986034
0 0.8553345248878506 0.31195722298182693 0.006619046534382267 0.005756747856986034
0 0.8477058472443102 0.2890711900512045 0.008144782063089736 0.007791061895263757
0 0.8316856241928741 0.3007684957713004 0.006619046534382267 0.005756747856986034
0 0.8267839802249813 0.2878615407341671 0.008102497590799123 0.008088285480035711
0 0.8456013850790494 0.29561736300510044 0.008102497590798651 0.00783399622525114
0 0.8169938439157711 0.3103661397826126 0.008356786845584052 0.009359731753959126
0 0.8191553025814406 0.2868443837150283 0.008102497590799123 0.008088285480035711
0 0.8499944505373717 0.3209844915266835 0.008144782063090888 0.008045351150048098
0 0.8499944505373718 0.31259294611878863 0.008144782063090888 0.008045351150048098
0 0.8624546240218216 0.3128472353735733 0.008144782063090888 0.008045351150048098
0 0.8548259463782806 0.3209844915266835 0.008144782063090888 0.008045351150048098
0 0.8624546240218216 0.31971304525276 0.008144782063090888 0.008045351150048098
0 0.8736433512323483 0.3362418468137651 0.008144782063090888 0.008045351150048098
0 0.8586402852000511 0.3436162352025212 0.008144782063090888 0.008045351150048098
0 0.8510116075565105 0.34005618563553547 0.008144782063090888 0.008045351150048098
0 0.8649975165696685 0.3382761608520426 0.008144782063090888 0.008045351150048098
0 0.8599117314739746 0.33420753277548765 0.008144782063090888 0.008045351150048098
0 0.8522830538304338 0.3298846154441478 0.008144782063090888 0.008045351150048098
0 0.8442729423047166 0.33802187159725816 0.010433385356153712 0.010079665188326004
0 0.8422956247668489 0.28875155312591366 0.008102497590798651 0.00783399622525114
0 0.8407698892381406 0.2933287597120382 0.008102497590798651 0.00783399622525114
0 0.8751690867610563 0.3194587559979753 0.008144782063090888 0.008045351150048098
0 0.8538087893591424 0.3021670866726162 0.008144782063090888 0.008045351150048098
0 0.9194154170935934 0.29580985530299886 0.008144782063090888 0.008045351150048098
0 0.8876292602455064 0.31310152462835805 0.008144782063090888 0.008045351150048098
0 0.9110238716856982 0.3136101031379275 0.008144782063090888 0.008045351150048098
0 0.9036494832969422 0.3186958882336213 0.008144782063090888 0.008045351150048098
0 0.9061923758447894 0.3059814254943866 0.008144782063090888 0.008045351150048098
0 0.89754654118211 0.2622436736714194 0.008144782063090888 0.008045351150048098
0 0.9217040203866559 0.28716402064031926 0.008144782063090888 0.008045351150048098
0 0.8826706197772046 0.300641351143908 0.005347600260459495 0.007536772640478742
0 0.8798734379745732 0.29555556604821404 0.005347600260459495 0.007536772640478742
0 0.8836877767963435 0.28436683883768754 0.005347600260459495 0.007536772640478742
0 0.8798734379745732 0.2881811776594579 0.005347600260459495 0.007536772640478742
0 0.894113636242516 0.27699245044893145 0.005347600260459495 0.007536772640478742
0 0.8971651072999322 0.2871640206403192 0.005347600260459495 0.007536772640478742
0 0.900725156866918 0.28004392150634777 0.005347600260459495 0.007536772640478742
0 0.9053023634530426 0.2752124256654386 0.005347600260459495 0.007536772640478742
0 0.9070823882365353 0.2586836241044335 0.005347600260459495 0.007536772640478742
0 0.902505181650411 0.2558864423018019 0.005347600260459495 0.007536772640478742
0 0.8969108180451474 0.2530892604991703 0.005347600260459495 0.007536772640478742
0 0.8976736858095018 0.3069985825135253 0.005347600260459495 0.007536772640478742
0 0.8930964792233772 0.3128472353735733 0.005347600260459495 0.007536772640478742
0 0.8877564048728988 0.3064900040039559 0.005347600260459495 0.007536772640478742
0 0.9004708676121334 0.27343240088194576 0.005347600260459495 0.007536772640478742
0 0.8880106941276834 0.2871640206403192 0.005347600260459495 0.007536772640478742
0 0.8849592230702673 0.29046978095252024 0.005347600260459495 0.007536772640478742
0 0.9009794461217027 0.30089564039869265 0.005347600260459495 0.007536772640478742
0 0.9060652312173967 0.2996241941247692 0.005347600260459495 0.007536772640478742
0 0.8885192726372532 0.2935212520099365 0.005347600260459495 0.007536772640478742
0 0.887502115618114 0.2813153677802713 0.005347600260459495 0.007536772640478742
0 0.8836877767963435 0.28436683883768754 0.005347600260459495 0.007536772640478742
0 0.894113636242516 0.27699245044893145 0.005347600260459495 0.007536772640478742
0 0.9042852064339039 0.28385826032811823 0.005347600260459495 0.007536772640478742
0 0.900725156866918 0.28004392150634777 0.005347600260459495 0.007536772640478742
0 0.8938593469877313 0.28385826032811823 0.005347600260459495 0.007536772640478742
0 0.8887735618920377 0.2993699048699845 0.005347600260459495 0.007536772640478742
0 0.9019966031408417 0.29504698753864467 0.005347600260459495 0.007536772640478742
0 0.916491090663569 0.27928105374199375 0.005347600260459495 0.007536772640478742
0 0.9129310410965833 0.25944649186878765 0.005347600260459495 0.007536772640478742
0 0.887502115618114 0.2813153677802713 0.005347600260459495 0.007536772640478742
0 0.8930964792233772 0.28919833467859685 0.005347600260459495 0.007536772640478742
0 0.8930964792233772 0.2955555660482142 0.005347600260459495 0.007536772640478742
0 0.8943679254973007 0.3026756651821855 0.005347600260459495 0.007536772640478742
0 0.8969108180451474 0.299878483379554 0.005347600260459495 0.007536772640478742
0 0.9215768757592631 0.2589379133592183 0.005347600260459495 0.007536772640478742
0 0.9258997930906027 0.2602093596331417 0.005347600260459495 0.007536772640478742
0 0.9177625369374925 0.25842933484964886 0.005347600260459495 0.007536772640478742
0 0.9144567766252917 0.25486928528266317 0.005347600260459495 0.007536772640478742
0 0.9172539584279231 0.2711437975888836 0.005347600260459495 0.007536772640478742
0 0.9256455038358179 0.2708895083340988 0.005347600260459495 0.007536772640478742
0 0.9255183592084262 0.2778824628406779 0.007636203553522554 0.007791061895263378
0 0.909116702274813 0.2909783594620896 0.005347600260459495 0.007536772640478742
0 0.9246283468166792 0.2663123017479743 0.005347600260459495 0.007536772640478742
0 0.912422462587014 0.28640115287596507 0.005347600260459495 0.007536772640478742
0 0.9098795700391668 0.2810610785254866 0.005347600260459495 0.007536772640478742
0 0.9116595948226595 0.2668208802575437 0.005347600260459495 0.007536772640478742
0 0.9167453799183538 0.2675837480218978 0.005347600260459495 0.007536772640478742
0 0.9197968509757698 0.2668208802575437 0.005347600260459495 0.007536772640478742
0 0.9055566527078273 0.2688551942958213 0.005347600260459495 0.007536772640478742
