1 0.3572242817153101 0.686616628066353 0.013894653838613758 0.01835910133693529
1 0.33815244034580566 0.6673187380251677 0.013259326634199722 0.013455059217370075
1 0.36020978378212976 0.6710797496463943 0.01247840860615606 0.012607843979545261
1 0.3603679472985475 0.7049005549886951 0.012746507706849472 0.011456406634786854
1 0.33070314513600396 0.6990274346393086 0.011604496966237608 0.012215987495754078
1 0.34212433838326 0.6923472155695376 0.010390306296555893 0.011535188426142153
1 0.35058682120364637 0.6715680827265201 0.011731329171553902 0.012868964153787365
1 0.3282846471537714 0.684143294458804 0.010968892470650051 0.011143850243609886
1 0.35693848262662475 0.7197173989337423 0.013202094513437023 0.013313873954441235
1 0.32047130750573205 0.6971261604972508 0.01225119051725968 0.011161265165909477
1 0.3053911250570546 0.72186743694803 0.010391898777173914 0.009909256644870924
1 0.32212420248129264 0.7061030981757774 0.007346039880876956 0.009669303894042969
1 0.31902668787085486 0.7253043547920558 0.010461993839429773 0.009080223415208899
1 0.3533965491730233 0.6936798510344131 0.010457570138184921 0.011604640794836956
1 0.1496499828670336 0.8361275092415188 0.009019126062807829 0.007911226023798403
1 0.14166979686073636 0.8264156009839928 0.00970694293146548 0.008948865144149117
1 0.12605294455652652 0.8557266981705375 0.009155097215071968 0.009012636931046196
1 0.09739847805189049 0.8966190503991167 0.00814744700556216 0.009189356928286345
1 0.3042035310164742 0.7124462956967561 0.01004853455916695 0.009741244108780571
1 0.13325042309968368 0.8408462068308954 0.008784750233525816 0.008899978969408117
1 0.09135498689568561 0.8611021663831628 0.009229566739953083 0.009616727414338486
1 0.13869897178981616 0.8593326444211213 0.008326696312945822 0.009005878282629925
1 0.08379139848377395 0.9006875701572585 0.008472572202267855 0.008163908253545347
1 0.0890566110610962 0.8517279417618461 0.009445553240568741 0.008718822313391644
1 0.11575133904166844 0.8396871193595552 0.009016969929570738 0.009233764980150305
1 0.14639935804449994 0.8490132456240447 0.008838104165118673 0.00863846488620924
1 0.11413047106369684 0.8602236664813496 0.008699759193088697 0.00818646472433339
1 0.33728658748970836 0.6816476384847845 0.007346039880876956 0.009669303894042969
1 0.34657966217228575 0.6838486298569743 0.007346039880876956 0.009669303894042969
1 0.3135647915894449 0.7153961728583557 0.007346039880876956 0.009669303894042969
1 0.08737173957858328 0.8885487487010891 0.00814744700556216 0.009189356928286345
1 0.07269846376398736 0.8912388492670986 0.00814744700556216 0.009189356928286345
1 0.10889254410665726 0.8917279584609189 0.00814744700556216 0.009189356928286345
1 0.11402819064176584 0.8839022113598012 0.00814744700556216 0.009189356928286345
1 0.10204501539317917 0.874609136677224 0.00814744700556216 0.009189356928286345
1 0.10987076249429699 0.8716744815143049 0.00814744700556216 0.009189356928286345
1 0.12503314750271277 0.8702071539328454 0.00814744700556216 0.009189356928286345
1 0.11769650959541483 0.8501536769862312 0.00814744700556216 0.009189356928286345
1 0.17149852091559992 0.8440398120634833 0.00814744700556216 0.009189356928286345
1 0.10253412458699905 0.8574903148935294 0.00814744700556216 0.009189356928286345
