1 0.5184339299523076 0.7887865907578109 0.014130434782608694 0.014402173913043477
1 0.5401730603870901 0.9377675690186809 0.012228260869565218 0.011277173913043479
1 0.20000000000000004 0.9271739130434782 0.014945652173913044 0.015217391304347825
1 0.529914908213177 0.8613409385838982 0.012635869565217393 0.01141304347826087
1 0.09823369565217391 0.359375 0.012771739130434783 0.0125
1 0.46116490821317724 0.8861371342360722 0.012364130434782607 0.012635869565217393
1 0.10095108695652176 0.5776494565217392 0.011684782608695652 0.011820652173913043
1 0.44078447343056854 0.8926588733665067 0.011005434782608695 0.011005434782608695
1 0.5274013212566554 0.9499278951056376 0.011956521739130435 0.01141304347826087
1 0.5486649082131771 0.8727539820621593 0.013722826086956519 0.013315217391304347
1 0.48589316908274255 0.9569931124969417 0.012364130434782607 0.011141304347826087
1 0.14116847826086956 0.958695652173913 0.012771739130434783 0.012771739130434783
1 0.48616490821317676 0.7758789820621591 0.011277173913043479 0.01141304347826087
1 0.4297790386479597 0.8424550690186805 0.013994565217391307 0.014130434782608696
1 0.10964673913043478 0.8304347826086956 0.013315217391304347 0.014402173913043478
1 0.5850779516914382 0.9277811559752025 0.012907608695652172 0.012771739130434783
1 0.48337958212622056 0.9419115907578114 0.013858695652173913 0.013858695652173913
1 0.4847382777783944 0.7099822429317243 0.011956521739130435 0.011956521739130435
1 0.17466032608695653 0.9200407608695653 0.011277173913043479 0.009103260869565217
1 0.08688858695652175 0.5853940217391306 0.011005434782608695 0.009646739130434782
1 0.10095108695652173 0.7948369565217392 0.01548913043478261 0.014945652173913044
1 0.48344751690882914 0.8008110472795505 0.013451086956521741 0.01372282608695652
1 0.46109697343056844 0.8413251572308694 0.013043478260869563 0.013229306859159944
1 0.4986649082131771 0.8190175690186808 0.013451086956521741 0.012364130434782607
1 0.5051866473436117 0.9060420255404196 0.014266304347826086 0.013043478260869566
1 0.13933423913043477 0.8819293478260869 0.012092391304347827 0.0125
1 0.1987771739130435 0.9033288043478264 0.012228260869565218 0.012635869565217393
1 0.15536684782608692 0.923029891304348 0.01154891304347826 0.010733695652173914
1 0.4525371908218726 0.7427947429317243 0.013858695652173913 0.01372282608695652
1 0.45532251690882936 0.7897376777143329 0.012907608695652172 0.01358695652173913
1 0.5066132777783945 0.7467349603230286 0.01141304347826087 0.012092391304347827
1 0.5423469734305684 0.8968708298882463 0.01358695652173913 0.01372282608695652
1 0.5314094734305685 0.8862050690186808 0.012635869565217393 0.013315217391304347
1 0.4608634473649179 0.9366806124969409 0.013663382651308625 0.015081521739131586
1 0.46524099516969886 0.7614088733665068 0.01154891304347826 0.011277173913043479
1 0.2214673913043478 0.9546195652173911 0.014945652173913044 0.01548913043478261
1 0.23206521739130434 0.9802989130434783 0.014130434782608696 0.014130434782608696
1 0.19442934782608695 0.9826086956521739 0.010054347826086957 0.01141304347826087
1 0.53548556038709 0.8180664820621593 0.016168478260869566 0.016983695652173912
1 0.475295342995786 0.8256751777143329 0.012092391304347827 0.010190217391304348
1 0.5146295821262207 0.8345066994534638 0.015217391304347825 0.016168478260869566
1 0.10720108695652175 0.8879076086956522 0.012228260869565218 0.010597826086956521
1 0.07697010869565217 0.6400815217391305 0.015625 0.015217391304347825
1 0.5084475169088294 0.9599822429317239 0.011277173913043479 0.010869565217391304
1 0.5051187125610032 0.7090311559752024 0.011141304347826087 0.011141304347826087
1 0.12554347826086956 0.8077445652173914 0.016576086956521737 0.017663043478260868
1 0.4979855603870902 0.9703083298882454 0.011277173913043479 0.011141304347826087
1 0.16630434782608688 0.9368206521739131 0.011684782608695652 0.012228260869565218
1 0.5591268647349162 0.9535963733665066 0.012907608695652172 0.012771739130434783
1 0.09585597826086957 0.37751358695652165 0.011277173913043479 0.011277173913043479
1 0.08892663043478262 0.6012228260869565 0.011005434782608695 0.011684782608695652
1 0.07595108695652174 0.8293478260869566 0.01358695652173913 0.014402173913043478
1 0.21800271739130433 0.9324728260869563 0.01589673913043478 0.016304347826086956
1 0.4486649082131771 0.8603898516273766 0.013451086956521741 0.0125
1 0.4529447995175249 0.7686778951056371 0.012228260869565218 0.012771739130434783
1 0.5377274082131769 0.836816482062159 0.014673913043478261 0.013994565217391307
1 0.07737771739130435 0.6180706521739131 0.015625 0.015217391304347825
1 0.09673913043478263 0.6216032608695652 0.014130434782608696 0.013858695652173913
1 0.12873641304347827 0.9438179347826089 0.01372282608695652 0.012907608695652172
1 0.5752953429957857 0.9134469168447678 0.013722826086956519 0.01372282608695652
1 0.5210833864740466 0.9355257211925939 0.012364130434782607 0.013043478260869566
1 0.10862771739130435 0.9495923913043478 0.016168478260869566 0.016032608695652175
1 0.09205163043478264 0.5529891304347827 0.016168478260869566 0.017391304347826087
1 0.5656486038653509 0.9384399130777674 0.014538043478260865 0.0123501229007822
1 0.14932065217391308 0.9368885869565218 0.012228260869565218 0.012364130434782607
1 0.4989366473436118 0.8597105038012895 0.013451086956521741 0.014945652173913044
1 0.1529211956521739 0.8935461956521739 0.011820652173913043 0.012635869565217393
1 0.5102138212566554 0.8049550690186809 0.014538043478260869 0.014945652173913044
1 0.4276730603870902 0.8807023516273768 0.012771739130434783 0.012907608695652172
1 0.07629076086956521 0.4547554347826088 0.011277173913043479 0.010597826086956521
1 0.5677545821262204 0.9743844168447683 0.012771739130434783 0.013043478260869566
1 0.5153089299523075 0.7610012646708546 0.012771739130434783 0.012364130434782607
1 0.4665996908218728 0.8722784385838983 0.013451086956521741 0.012364130434782607
1 0.2015625 0.9587635869565218 0.01372282608695652 0.015081521739130434
1 0.5356893647349165 0.9218028951056374 0.014673913043478261 0.015489130434782611
1 0.12425271739130433 0.884375 0.012635869565217393 0.01358695652173913
1 0.43901816908274227 0.912699634236072 0.012907608695652172 0.011684782608695652
1 0.45505077777839437 0.904071916844768 0.01154891304347826 0.011005434782608695
1 0.4824284951696988 0.9832159385838982 0.011141304347826087 0.01141304347826087
1 0.4184339299523076 0.8583518081491159 0.012771739130434783 0.011684782608695652
1 0.09232336956521739 0.8195652173913044 0.01372282608695652 0.014945652173913044
1 0.07927989130434782 0.6621603260869565 0.015081521739130434 0.015353260869565219
1 0.18383152173913048 0.9740489130434782 0.01358695652173913 0.01358695652173913
1 0.4803904516914379 0.7512865907578111 0.012771739130434783 0.012771739130434783
1 0.4887464299523076 0.7273623953375099 0.013994565217391286 0.01193421785505099
1 0.5039638212566552 0.945783873366507 0.013451086956521741 0.012635869565217393
1 0.4274013212566553 0.9012186559752026 0.011956521739130435 0.01154891304347826
1 0.47271382125665545 0.8145338733665066 0.013179347826086955 0.010190217391304348
1 0.5538958864740465 0.9220066994534635 0.012771739130434783 0.013451086956521741
1 0.08614130434782608 0.5713994565217392 0.013858695652173913 0.01372282608695652
1 0.5109601802927175 0.8784155239857223 0.013856848506906057 0.013813715836606576
1 0.45124642995230757 0.8150094168447677 0.014538043478260869 0.013315217391304347
1 0.08763586956521738 0.9011548913043478 0.014673913043478261 0.014538043478260869
1 0.10360054347826088 0.8779211956521737 0.01372282608695652 0.014266304347826086
1 0.1061141304347826 0.9685461956521739 0.014945652173913044 0.015625
1 0.12635869565217392 0.8607336956521741 0.014673913043478261 0.016576086956521737
1 0.4274692560392641 0.7650094168447678 0.010190217391304348 0.010326086956521738
1 0.47305349516969886 0.7824007211925935 0.014402173913043478 0.014402173913043477
1 0.09164402173913044 0.4134510869565217 0.013451086956521741 0.014673913043478261
1 0.4295072995175248 0.7516941994534635 0.01046195652173913 0.010597826086956521
1 0.5457437125610032 0.9699686559752025 0.012771739130434783 0.012364130434782607
1 0.5191812125610032 0.9722784385838981 0.010733695652173914 0.011005434782608695
1 0.14300271739130432 0.9078125 0.012092391304347827 0.012364130434782607
1 0.12832880434782606 0.8597146739130435 0.014538043478260869 0.01589673913043478
1 0.10686141304347826 0.375679347826087 0.011277173913043479 0.013315217391304347
1 0.08104619565217394 0.3954483695652174 0.015353260869565219 0.01589673913043478
1 0.1788722826086957 0.9101902173913042 0.013994565217391307 0.01358695652173913
1 0.5582437125610031 0.9012186559752026 0.01358695652173913 0.015081521739130433
1 0.08552989130434781 0.43281249999999993 0.015081521739130434 0.014809782608695653
1 0.11487771739130434 0.35244565217391305 0.01372282608695652 0.01358695652173913
1 0.5088551256044815 0.9821289820621593 0.012092391304347827 0.011956521739130435
1 0.10285326086956521 0.33539402173913047 0.012771739130434783 0.01372282608695652
1 0.5030127343001337 0.7239768081491157 0.011277173913043479 0.01141304347826087
1 0.18165760869565217 0.9550951086956522 0.01576086956521739 0.01589673913043478
1 0.5494801256044813 0.9817893081491158 0.01154891304347826 0.011277173913043479
1 0.5307301256044816 0.8470066994534635 0.013722826086956519 0.014538043478260869
1 0.2033967391304348 0.9571331521739128 0.013315217391304347 0.013994565217391307
1 0.1042798913043478 0.8563858695652175 0.013994565217391307 0.0125
1 0.1311141304347826 0.9178668478260872 0.010597826086956521 0.011820652173913043
1 0.07466032608695654 0.8495244565217394 0.011820652173913043 0.011820652173913043
1 0.09490489130434783 0.7690896739130434 0.012635869565217393 0.011005434782608695
1 0.14307065217391304 0.9096467391304348 0.012771739130434783 0.012228260869565218
1 0.10618206521739129 0.858084239130435 0.015081521739130434 0.016168478260869566
1 0.10326086956521738 0.7210597826086956 0.01576086956521739 0.01684782608695652
1 0.15638586956521738 0.899116847826087 0.0125 0.012364130434782607
1 0.11141304347826086 0.920516304347826 0.016032608695652175 0.016304347826086956
1 0.09544836956521738 0.8213994565217392 0.017527173913043478 0.017255434782608693
1 0.4671431690827424 0.8061778951056371 0.012364130434782607 0.011956521739130435
1 0.49248284299578565 0.7480257211925938 0.01141304347826087 0.013315217391304347
1 0.5295072995175252 0.9826724603230287 0.012364130434782607 0.01141304347826087
1 0.07853260869565218 0.46630434782608693 0.011141304347826087 0.010054347826086957
1 0.5615045821262205 0.9812458298882462 0.010597826086956521 0.010733695652173914
1 0.0936820652173913 0.5304347826086957 0.01779891304347826 0.019293478260869565
1 0.4811377343001335 0.8594387646708549 0.013994565217391307 0.015217391304347825
1 0.11861413043478261 0.9277853260869565 0.010326086956521738 0.011005434782608695
1 0.14123641304347828 0.861820652173913 0.014266304347826086 0.016304347826086956
1 0.20652173913043484 0.9869565217391302 0.011141304347826087 0.011141304347826087
1 0.16766304347826086 0.7161684782608695 0.016032608695652175 0.017119565217391303
1 0.18383152173913042 0.9569293478260871 0.017119565217391303 0.01956521739130435
1 0.15754076086956523 0.9737092391304347 0.013451086956521741 0.013179347826086955
1 0.4447926256044812 0.8044115907578111 0.0125 0.012228260869565218
1 0.5012464299523077 0.7617485472795505 0.010733695652173914 0.01141304347826087
1 0.4165996908218728 0.869628982062159 0.012635869565217393 0.010869565217391304
1 0.4490725169088292 0.846191482062159 0.012907608695652172 0.014809782608695653
1 0.11698369565217392 0.3527853260869565 0.014402173913043478 0.015353260869565219
1 0.1565896739130435 0.9609375 0.011277173913043479 0.012364130434782607
1 0.1827445652173913 0.9113451086956522 0.017391304347826087 0.01671195652173913
1 0.4370862734518742 0.9484298280047452 0.013663382651309133 0.0149386484069134
1 0.08627717391304346 0.48247282608695646 0.011956521739130435 0.012771739130434783
1 0.47882795169143827 0.901286590757811 0.014266304347826086 0.014673913043478261
1 0.09870923913043478 0.7622282608695654 0.018070652173913043 0.020108695652173915
1 0.11698369565217391 0.9195652173913045 0.011684782608695652 0.013858695652173913
1 0.08091032608695654 0.413383152173913 0.013179347826086955 0.01372282608695652
1 0.10658967391304346 0.9508152173913044 0.016983695652173912 0.017934782608695653
1 0.10563858695652176 0.33607336956521744 0.015353260869565219 0.016168478260869566
1 0.4985290386479597 0.7811099603230285 0.012092391304347827 0.013994565217391307
1 0.5945880863465244 0.9778397834057613 0.014673913043478261 0.013315217391304347
1 0.08566576086956522 0.7382472826086957 0.01861413043478261 0.01861413043478261
1 0.07914402173913043 0.6436820652173914 0.01861413043478261 0.020244565217391305
1 0.1268342391304348 0.8851222826086957 0.013994565217391307 0.016168478260869566
1 0.11290760869565218 0.8336277173913044 0.017934782608695653 0.019157608695652174
1 0.08811141304347826 0.6983695652173912 0.01942934782608696 0.021467391304347827
1 0.09639945652173916 0.8449048913043478 0.014809782608695653 0.013451086956521741
1 0.09137228260869565 0.9060461956521739 0.020788043478260868 0.022146739130434787
1 0.13206521739130436 0.9205842391304349 0.013043478260869566 0.012907608695652172
1 0.09585597826086958 0.757540760869565 0.012907608695652172 0.012364130434782607
1 0.09422554347826084 0.7716032608695652 0.014538043478260869 0.01358695652173913
1 0.23315217391304352 0.9817934782608695 0.01847826086956522 0.021195652173913043
1 0.0938858695652174 0.8460597826086957 0.01548913043478261 0.016304347826086956
1 0.16752717391304348 0.6923913043478261 0.02092391304347826 0.022282608695652174
1 0.41765122049685177 0.7461270052031307 0.010474886538614002 0.014196602340037287
1 0.49753901035611264 0.8919687085760296 0.014138590835225671 0.016325534042287728
1 0.5843968034529813 0.9797783098142108 0.007634945276347551 0.01060809976959419
