0 0.11528600298840067 0.6766377946604853 0.012068800304246985 0.013445854187011719
0 0.15981289614801822 0.3760177078454391 0.011742115020751953 0.010955421820930813
0 0.7467857029127039 0.07761325006899626 0.012073765630307405 0.01231216347735861
0 0.1813549166140349 0.37451679810233734 0.011035172835640285 0.011182743570078974
0 0.700344355210014 0.10946931528008502 0.011551856994628906 0.011278390884399414
0 0.12427115958669913 0.3856184378914211 0.011728525161743164 0.012085665827212126
0 0.1763007226197616 0.3926380639490874 0.01146455433057702 0.01044998479926068
0 0.10818938587022865 0.698824281277864 0.012241653774095617 0.011754118877908459
0 0.11359599362248957 0.6081901218580164 0.01269854669985564 0.013350279434867527
0 0.17369237671727722 0.4908608768297279 0.011673087659089462 0.012211219124172046
0 0.17085867342741592 0.45181613383085834 0.012535302535347317 0.012728214263916016
0 0.14233893933503525 0.6469373495682424 0.01155983883401622 0.011181167934251867
0 0.16532542912856393 0.3545696437358856 0.01093925600466521 0.01094975937967715
0 0.46165159474248474 0.3159582925879437 0.011888918669327446 0.011119842529296875
0 0.726509073506231 0.11027044316996698 0.012210721554963486 0.01270307665285857
0 0.7136252859364385 0.07912167518035225 0.012094414752462635 0.012039956839188286
0 0.47157716751098633 0.43743182265240216 0.011648965918499489 0.01161448851875637
0 0.14469738628553308 0.5865865583005159 0.01171638654625934 0.012192726135253906
0 0.736573841260827 0.21574778142182727 0.011334958283797554 0.011074708855670433
0 0.672551901444145 0.08111676444178043 0.01298597584600034 0.01291303012682044
0 0.1466399172078008 0.2616249478381613 0.012024133101753567 0.011727561121401579
0 0.1999005960381549 0.33769826267076575 0.012048037155814793 0.011758410412332287
0 0.17578697204589844 0.27873605230580206 0.012831190358037535 0.012031928352687671
0 0.13554189516150433 0.32554316261540295 0.011445563772450323 0.011780381202697754
0 0.4296366183654122 0.26106212450110394 0.009606413219286047 0.009609222412109375
0 0.6689904461736265 0.09662918940834375 0.012367621712062671 0.012499757435010828
0 0.6906985407290253 0.06527105621669603 0.012528129245923914 0.01261381481004798
0 0.1671786463778952 0.3399577996005182 0.011596980302230171 0.011205263759778894
0 0.14861575935197913 0.6893725602523141 0.011896993802941364 0.011731852655825407
0 0.1965824210125467 0.4973316399947457 0.01164233166238536 0.011902311573857847
0 0.17958470012830652 0.42680579164753785 0.011170532392418903 0.011510693508645763
0 0.09669191422669784 0.2389441676761793 0.012045414551444675 0.012814749842104704
0 0.7724435225777004 0.26507994403009827 0.01200468643851902 0.01225622840549635
0 0.0796551885812179 0.21312152821084726 0.013587998307269554 0.012533996416174847
0 0.1493635903234067 0.6662962333015774 0.012097192847210426 0.01212547136389691
0 0.41790943042091705 0.2677338330642037 0.009012750957323156 0.008926495261814283
0 0.16814472882643994 0.2610315239947775 0.012468244718468708 0.011611440907353941
0 0.4857019341510275 0.3384290493052939 0.010700308758279552 0.011130141175311546
0 0.5129124496294104 0.16962117734162704 0.009858442389446756 0.008956992107888927
0 0.16391001058661417 0.24709225737530255 0.012043071829754372 0.011814345484194548
0 0.7920697046362837 0.16487164601035736 0.011369663736094599 0.011590698490972105
0 0.7218096359916355 0.152774251025656 0.019779702891474186 0.011949083079462465
0 0.7147730744403341 0.0452019831408625 0.0118414422740107 0.011923764062964397
0 0.14439818133478582 0.3803919035455455 0.01186047429623811 0.0119363432345183
0 0.15391362231710684 0.36051043479338934 0.011109600896420687 0.011344624602276344
0 0.6465105699456256 0.03645593964535257 0.013180338818094006 0.01275126830391262
0 0.07507224704908289 0.18874516694442087 0.013818087785140327 0.01326063404912534
0 0.6261737346649171 0.3331509673077127 0.011539397032364555 0.011330065519913383
0 0.6049867194631825 0.17001698328101114 0.009602028390635614 0.009326250656791355
0 0.18231755754222043 0.4693561014921769 0.011630161948826 0.011366263679836109
0 0.7155816451362942 0.17316436767578125 0.012468006299889606 0.012399673461914062
0 0.09612684664518936 0.6849058607350225 0.012529331704844599 0.013022174005923063
0 0.07442189817843231 0.168138835741126 0.01277600163998811 0.013009693311608356
0 0.12058238879494045 0.2755294571752134 0.011767086775406548 0.012301299882971722
0 0.7005905483079993 0.04032758396604787 0.01183683975883152 0.011904377004374628
0 0.1342316969581272 0.6358946717303732 0.011281583620154339 0.01213600324547809
0 0.5062735599020253 0.3861599953278251 0.011748023655103601 0.011675461478855297
0 0.15547607774319855 0.28042303997537366 0.012271559756735096 0.0117950439453125
0 0.12658942264059317 0.29539785177811334 0.011771927709164827 0.013055407482644787
0 0.7538309926572053 0.22619644455287768 0.012241778166397758 0.011196571847666864
0 0.7425717063572095 0.1739969253540039 0.011658792910368546 0.011949083079462465
0 0.5911588668823242 0.3539955305016559 0.010645161504330843 0.010969327843707542
0 0.7396957977958347 0.14257014834362525 0.010834652444590693 0.010915849519812542
0 0.7530146059782608 0.14641485525214154 0.011602567589801292 0.011344152948130732
0 0.15140068531036377 0.32356577398984326 0.01164599086927331 0.012515691311463066
0 0.6234251519908076 0.10959431399469789 0.010850574659264606 0.012884803440259851
0 0.5786032987677533 0.25573061860125995 0.011695136194643766 0.011086526124373726
0 0.5568869839543882 0.34263188942618994 0.012111124785050102 0.01203410521797512
0 0.19098230030225669 0.28582110612288764 0.011571345121964165 0.011710084002950916
0 0.21078095228775687 0.28539633750915533 0.011874696482782778 0.012296448583188265
0 0.6637043952941895 0.2391478497049083 0.01133939494257388 0.011460428652556046
0 0.434057152789572 0.4735090991725092 0.012457557346509851 0.011822192565254543
0 0.40551533906356146 0.20619162269260574 0.009838601817255434 0.01068803538446841
0 0.5166157846865447 0.33346399017002276 0.010472007419752039 0.010291908098303753
0 0.4433644699013752 0.17252480983734128 0.007988815722258194 0.0077210198278012485
0 0.42111766856649646 0.4906293412913446 0.011695550835650902 0.011823612710703974
0 0.10024112203846805 0.669901184413744 0.011742488197658375 0.011489370594853941
0 0.5996919092924698 0.34258965823961346 0.010497341985287874 0.011198562124501104
0 0.6908757790275242 0.02979566221651824 0.012134095896845278 0.010760136272596277
0 0.7361280399820079 0.20139122009277344 0.011187387549358864 0.010338534479555876
0 0.10902193318242612 0.23313219650931977 0.012056329975957457 0.011781485184379246
0 0.3861230974612029 0.20429348945617676 0.009769149448560633 0.009875318278437075
0 0.09821237688479215 0.6492603550786556 0.011405032614003057 0.01309179223102072
0 0.11898489102073338 0.3133835999862008 0.01282674333323603 0.011437789253566578
0 0.7595718425253163 0.09226631859074469 0.011585028275199558 0.011684402175571606
0 0.21083993497102158 0.30930621727653174 0.011493599933126698 0.011281739110532015
0 0.5403198366579801 0.31299915521041205 0.010326675746751867 0.010951436084249744
0 0.4836396860039752 0.426127552986145 0.011578331822934359 0.011713950530342434
0 0.19463804493779718 0.42463599080624786 0.01083925495976987 0.011255388674528702
0 0.7308274559352708 0.1307951004608818 0.012002115664274796 0.011803015418674633
0 0.12055147212484607 0.20278594804846722 0.011491195015285328 0.012007837710173233
0 0.9166190727897312 0.20167222230330759 0.009589361107867697 0.010160819343898609
0 0.20691949388255243 0.42071377712747327 0.01102905688078507 0.01156089616858441
0 0.1914305894271187 0.3120642019354779 0.011329360630201258 0.011484249778415844
0 0.1094918147377346 0.6523544477379839 0.012112721152927563 0.011917031329611073
0 0.6365648663562277 0.08120998610620914 0.012017809826394787 0.011326406313025433
0 0.8668495883112368 0.13008812199468198 0.010075486224630604 0.010024112203846807
0 0.2213309329489003 0.2718743863313094 0.010945237201193104 0.01211224431576936
0 0.6615064869756284 0.028452598530313244 0.012577554453974184 0.012755891551142153
0 0.6337680091028628 0.1632153469583263 0.011372586955194887 0.010619826938795008
0 0.7642460905987284 0.08467642898144931 0.01285789323889691 0.016606315322544262
0 0.45722123332645576 0.3004047248674475 0.011794473813927692 0.011138936747675356
0 0.4781875247540681 0.3007207746091096 0.0108755464139192 0.010595985080884851
0 0.6638994009598441 0.25807655375936756 0.011469260506007984 0.01170417536859927
0 0.643585028855697 0.19652172793512762 0.01025910999463952 0.010316579238228176
0 0.7891133557195249 0.14713699921317722 0.011847164319909138 0.011772819187330164
0 0.36598432717877183 0.01450734901438271 0.008662993612171722 0.007971440159957165
0 0.7002198592476222 0.25336574471515155 0.011174906855044157 0.011419503585152004
0 0.6769533157348632 0.039489374212596726 0.011771326479704483 0.011649263941723366
0 0.6815728933914847 0.017398000411365345 0.011908945829971977 0.011448998814043791
0 0.7186754682789679 0.02329747184463169 0.012578259343686312 0.011776315129321556
0 0.8757148618283479 0.10154553081678307 0.01024839152460513 0.009469218876050867
0 0.6437325062959092 0.1037633522697117 0.012990910073985224 0.012218682662300442
0 0.6760883331298828 0.17106759029885993 0.011372607687245245 0.010657103165336277
0 0.4756847101709117 0.013609719989092453 0.01124770744987156 0.010835541979126308
0 0.7760456126669179 0.20329895226851757 0.010610290195630945 0.010331838027290676
0 0.7025775287462317 0.09730198590651801 0.011639097462529722 0.011507894681847614
0 0.5708842692167863 0.026043591292008107 0.010970198589822521 0.01107583356940228
0 0.6121092257292375 0.21186307202214777 0.009394272514011549 0.008980398592741592
0 0.7576846039813496 0.25425354294154956 0.010931885760763416 0.0109058255734651
0 0.9263688170391581 0.09321007521256157 0.010410350301991339 0.01058823129405146
0 0.7024089771768321 0.15105924399002738 0.01189186262047809 0.011319015337073284
0 0.5053813975790272 0.05349130993304046 0.009421970533288044 0.009097809376923935
0 0.7043105622996455 0.20164035714190942 0.01103737043297809 0.01077481974726138
0 0.71133742125138 0.13259725985319717 0.012699956479279892 0.012297754702360733
0 0.4678901278454324 0.23614536161008087 0.009752460148023523 0.009590376978335173
0 0.8716318710990574 0.14038667471512503 0.009912490844726562 0.009694472603175951
0 0.6215061830437701 0.3184978858284328 0.01143577824468198 0.010884450829547386
0 0.7268945859826128 0.24396389463673468 0.010860940684442934 0.01084379527879798
0 0.9149100262185802 0.09878440006919527 0.009374286817467731 0.009376204532125721
0 0.6647964767787768 0.0575798283452573 0.011867481729258661 0.012432015460470448
0 0.2791411773018215 0.07365402190581612 0.00901342474895975 0.009624444920083752
0 0.7661407304846722 0.28909476943638013 0.010621858679729958 0.010009371716043224
0 0.5968191105386486 0.09776961285135019 0.01153112494427225 0.010871576226275902
0 0.7246452829112177 0.27512238336646033 0.010926619819972828 0.011069401450779125
0 0.23288822174072266 0.4223311569379723 0.010884824006453804 0.011520157689633577
0 0.6096778123275094 0.3400560980257781 0.00975799560546875 0.009751962578814962
0 0.7769662400950557 0.04198007220807283 0.012641118920367699 0.013905551122582478
0 0.7736116906870967 0.3033036771027939 0.011205507361370583 0.009735314742378567
0 0.624622687049534 0.29892820897309674 0.009687859079112177 0.009585401286249575
0 0.6844427481941555 0.2385163410850193 0.010577948197074558 0.010750335195790167
0 0.7995328281236732 0.186390088952106 0.010951622672702954 0.011057231737219769
0 0.3375400667605193 0.2199133686397387 0.00934575951617697 0.009795292564060377
0 0.568031186642854 0.16923219224681024 0.009490386299465014 0.01001870113870372
0 0.6772061638210132 0.05277885561404019 0.012243519658627718 0.011916108753370203
0 0.8792054756827976 0.4271813216416732 0.008517099463421366 0.008659352426943571
0 0.36906365208003833 0.08304781758266948 0.008811732997065004 0.009054158044897991
0 0.5062307274859884 0.3207688746245011 0.010677669359290081 0.010580809220023777
0 0.8998995656552522 0.14383096280305283 0.008586551832116169 0.008666909259298573
0 0.7561209305472996 0.3164792475493058 0.010001721589461617 0.009686138318932575
0 0.4293965878693954 0.24226349333058234 0.00853140457816746 0.008119686790134596
0 0.5491325336953868 0.3204431222832721 0.01090004133141559 0.010322301284126614
0 0.3567183536031972 0.14945464548857315 0.009792244952657948 0.00974837593410326
0 0.17928586835446564 0.33240050628133444 0.011842167895773182 0.01119973283746968
0 0.9126208346822986 0.36413456046062975 0.009185376374617867 0.009284434111221977
0 0.5039360419563625 0.013159567247266355 0.009910376175590183 0.010562504115311996
0 0.7584694572117019 0.49221509954203724 0.007897335550059443 0.007489111112511676
0 0.6198170910710874 0.024653776184372277 0.01323936296545941 0.012656705534976463
0 0.7433122137318487 0.31232052264006244 0.008579337078592052 0.009291068367336107
0 0.7676268660503885 0.18822224243827487 0.009388426075810972 0.009984099346658459
0 0.468854282213294 0.117361042810523 0.008651650470236073 0.00795330171999724
0 0.6365515045497729 0.06512416704841283 0.011798319609268852 0.011594704959703528
0 0.6727835821068804 0.209030120269112 0.010976832845936651 0.011428231778352158
0 0.7157528711401898 0.19586474999137546 0.010649100593898609 0.011326561803403109
0 0.19491497330043633 0.46172283006751014 0.009533571160357931 0.008775876915973166
0 0.5531596204508906 0.06050594474958336 0.010730142178742783 0.010155781455661938
0 0.6916447307752527 0.2122812271118164 0.011046658391537874 0.011204802471658459
0 0.1709099645199983 0.38156662039134814 0.010046419890030571 0.010719449623771336
0 0.1736925633057304 0.31884283604829206 0.010593652725219727 0.010501757912013843
0 0.6365220857703168 0.2835313651872718 0.00981115258258322 0.009283998738164488
0 0.3485398512819539 0.020731720587481624 0.010248067586318306 0.010742121416589489
0 0.8763017654418945 0.12732027406277863 0.010200915129288383 0.009719776070636251
0 0.6493071162182353 0.2781946348107379 0.009315594382908033 0.008768828018851902
0 0.581962191540262 0.30990617171577783 0.011591082033903702 0.011479958243992016
0 0.1899908625561258 0.45319230660148285 0.010970468106477158 0.01165815021680749
0 0.06695042485776156 0.15431539908699368 0.010243944499803625 0.011982005575428839
0 0.612495930298515 0.23859025084454083 0.011212079421333645 0.010127751723579739
0 0.49506757570349647 0.2519882761913797 0.010375520457392153 0.00962786052538001
0 0.6905765533447266 0.1351685783137446 0.010708104009213655 0.01184238558230193
0 0.7515257959780486 0.41230853225873865 0.009763468866762907 0.009196229602979578
0 0.45905213770659076 0.2434231820313827 0.0081872732742973 0.008098830347475798
0 0.6510494895603347 0.06725979628770248 0.012041838272758152 0.01231936268184496
0 0.1457836213319198 0.09622243176335875 0.011193213255509087 0.012475594230320141
0 0.5565715458082117 0.16194326462952988 0.010148670362389606 0.010539687198141346
0 0.4010454390359962 0.05852230217145837 0.009005396262459133 0.009503602981567383
0 0.17284785664599878 0.3080737383469292 0.009705035582832668 0.009679524794868801
0 0.5121542785478674 0.03313166680543319 0.011767781299093494 0.011200593865436058
0 0.7950204766314961 0.04071820818859598 0.012649121491805367 0.012045735898225204
0 0.5385428822558859 0.2052545651145603 0.008463838826055113 0.007998238439145296
0 0.9000592853712 0.169678402983624 0.009430097497027853 0.008962786715963612
0 0.543820101281871 0.1528558471928472 0.00973753307176673 0.009733521420022716
0 0.7520370068757429 0.18735073960345722 0.01092628810716712 0.011054598766824474
0 0.08786941870399145 0.25844055673350463 0.011950923048931618 0.013219335804814878
0 0.5224523647971775 0.32502085229624866 0.01046672074691109 0.010413708894149117
0 0.7579452887825344 0.17025519453960913 0.010957676431407099 0.011362842891527258
0 0.6391398388406505 0.2607930743176004 0.010061512822690218 0.010372224061385445
0 0.8196542159370754 0.3243042561023131 0.010109113610309105 0.009567233531371407
0 0.827661472818126 0.08597332757452261 0.009765707928201427 0.00929471202518629
0 0.2094067283298658 0.1907836561617644 0.010311873062797215 0.009812417237654976
0 0.4155546478603197 0.16152622388756793 0.008601354516070822 0.008895542310631794
0 0.8019278153129246 0.0955292971237846 0.009737512339716372 0.00935890363610309
0 0.7825385176617167 0.13305756320124087 0.011894433394722317 0.011725840361221977
0 0.8353064785832944 0.10210255436275315 0.009188817894977072 0.009559538053429645
0 0.9231637042501698 0.39188318667204486 0.009619173796280571 0.01025788680366848
0 0.6791515557662302 0.1840743707573932 0.014573180157205334 0.012054712876029636
0 0.18768369633218515 0.19472579334093176 0.011396014172097912 0.012662866841191832
0 0.6206599007482114 0.19350380482880966 0.011294634445853855 0.009859810704770296
0 0.45375944220501446 0.060590497825456696 0.009727975596552309 0.009361158246579378
0 0.16159559332806134 0.29767019852348 0.011021655538807745 0.011577233024265454
0 0.6986855631289275 0.33906373316827026 0.008703563524329144 0.008694968793703161
0 0.6448604645936387 0.019914538963981297 0.011801657469376274 0.012015757353409477
0 0.5311967186305833 0.10983753722646963 0.009515347688094429 0.009585473848425823
0 0.580206757006438 0.23461932721345324 0.010034416032874065 0.01015911931576936
0 0.5915422335914944 0.04334908982981807 0.010688885398533032 0.010460573693980341
0 0.6743895696557086 0.27335076746733294 0.010085105895996094 0.010012979092805283
0 0.8191159082495649 0.37529713174571155 0.008870373601498812 0.009946491407311481
0 0.8090883959894595 0.10542803225309952 0.011441645414932915 0.010568349257759426
0 0.6408413596775222 0.12736635104469632 0.01067377173382303 0.010720138964445694
0 0.8447549446769382 0.0934479754904042 0.009246784707774286 0.009192694788393766
0 0.6455070350481116 0.3155402204264765 0.008733770121698793 0.00868529858796493
0 0.7524765056112538 0.046140778323878404 0.010280318882154383 0.010666901650636093
0 0.6168959866399352 0.28986465412637463 0.009419772935950237 0.010098146355670433
0 0.770007154215937 0.1096494664316592 0.01189435046652089 0.011137993439384129
0 0.48418309895888617 0.037264607522798615 0.011727467827174976 0.012416386086007824
0 0.5088806877965513 0.15905123689900275 0.008473956066629162 0.008693954218988833
0 0.4320115317469058 0.01621628455493761 0.009969835696013077 0.009552525437396505
0 0.7716178064760955 0.23828090792116913 0.010474246481190557 0.010875722636347231
0 0.7094298238339632 0.23246706050375235 0.010360800701638927 0.01128630016161048
0 0.4798562889513762 0.23815124967823856 0.010053873062133789 0.009603438170059868
0 0.6685297696486764 0.32976795959731803 0.009690305461054262 0.010137627306191818
0 0.416122291399085 0.19915491601695187 0.007982046707816746 0.00869614145030146
0 0.6878256590470022 0.1508645700371784 0.011046699855638586 0.010910117107888927
0 0.44967236207879113 0.13047190852787183 0.008225492809129797 0.007693301076474397
0 0.8179111066071885 0.3984977369723113 0.009229908818783968 0.007926090903904127
0 0.4934309306352035 0.0848629319149515 0.009799324947854748 0.009391007216080376
0 0.3272891251937202 0.21573503121085788 0.008420819821565048 0.009910687156345533
0 0.5945379215738048 0.2320779510166334 0.010043351546577785 0.009593051412831182
0 0.8134903700455374 0.33941229659578076 0.00949834740680197 0.00960785668829213
0 0.5629218039305313 0.2064743249312691 0.008969369141951851 0.00956124844758407
0 0.6702429522638734 0.3192751200302787 0.009033493373704992 0.008899916773257048
0 0.7761998176574707 0.016319339042124542 0.012705637061077614 0.012052096750425257
0 0.8005043527354364 0.06928325995155003 0.009738673334536345 0.00973876144575036
0 0.49209818632706354 0.012794246492178543 0.010964352151621943 0.010853543229725048
0 0.6171932842420496 0.07865165886671646 0.011859064516813858 0.011638812396837317
0 0.6032803887906283 0.047257092983826354 0.01078790167103643 0.01028613163077313
0 0.67898008097773 0.12067655376766039 0.014571231344471807 0.012174326440562372
0 0.829650526461394 0.26464445694633154 0.01041474549666695 0.011189999787703804
0 0.7430290761201277 0.04726768317429915 0.010348320007324219 0.010566633680592413
0 0.5545644034510073 0.24477510866911514 0.00960671383401622 0.008349128391431726
0 0.8058609962463379 0.35492166617642273 0.00967195759648862 0.009460213391677193
0 0.8854921589726987 0.0921893067981886 0.010022536568019703 0.008843639622563902
0 0.8918241210605786 0.16829852435899817 0.009227296580439028 0.009699199510657269
0 0.610241807025412 0.14350348451863165 0.010773119719132133 0.010886119759601097
0 0.6615954482037089 0.1798489923062532 0.011263266853664234 0.010832848756209663
0 0.6737061583477518 0.35091498494148254 0.00963065935217816 0.00910599594530852
0 0.7861303661180579 0.31321350387904956 0.009595207546068274 0.009653485339620838
0 0.5812374716219695 0.017567334615665932 0.010092134061067001 0.0110752258611762
0 0.4517361651296201 0.09480712724768597 0.00986697362816852 0.011317066524339758
0 0.6612199700396993 0.14685028013975723 0.010759353637695312 0.010371757590252419
0 0.8439497118410857 0.11347532272338867 0.01129676984704059 0.010283283565355383
0 0.8722158722255542 0.4722291904947032 0.014161939206330673 0.008886544600777004
0 0.6006958070008651 0.15720241484434708 0.009763074957806131 0.009524252103722614
0 0.3993389943371649 0.07187213068423065 0.007771414259205694 0.008461288783861242
0 0.7278099889340608 0.15109260704206387 0.010596814362899117 0.011064373928567638
0 0.7857935532279636 0.24107076810753864 0.009775161743164062 0.010123294332753057
0 0.4267367331877998 0.02460874098798503 0.009892245997553286 0.010421267022257265
0 0.46466852789339813 0.06609630325566167 0.009479595267254374 0.009619220443393873
0 0.37952361158702685 0.05441591532334037 0.010100732678952425 0.008958059808482294
0 0.8056286728900411 0.1479584548784339 0.010334636854088825 0.010150308194367783
0 0.7946872503861137 0.36668497064839234 0.009360479271930197 0.00842000090557596
0 0.28797063620194147 0.061618600202643356 0.009179757988971212 0.009546637535095215
0 0.5937329167905061 0.014912252840788467 0.013101826543393343 0.01231782332710598
0 0.6348524611929188 0.15118731104809305 0.009568483933158543 0.010207684143729832
0 0.6254186941229779 0.21159609504367993 0.010325411091680113 0.009433995122494905
0 0.4066990199296371 0.026364203380501793 0.01020724877067234 0.009897504163824993
0 0.8256626958432405 0.3411216509083043 0.008586137191109035 0.008911924517672995
0 0.43958180365355126 0.24268547348354172 0.00804317515829335 0.007801905922267748
0 0.45684499325959577 0.041033659292304 0.011255513066830843 0.009971717129582945
0 0.6986575333968453 0.2346262620842975 0.010106045266856318 0.011760566545569378
0 0.7224999303403108 0.3636680634125419 0.00894140160602072 0.00900690451912258
0 0.8923823315164319 0.12250911152881125 0.010204563970151155 0.009843546411265497
0 0.8506153770115066 0.3235194683074951 0.008555122043775476 0.007989240729290506
0 0.7802818547124448 0.3618922142878823 0.007834475973378057 0.009323096793630848
0 0.6151941340902577 0.12526375832765 0.009922939798106318 0.010199743768443232
0 0.7552822983783224 0.3034262864486031 0.009933430215586786 0.010022702424422554
0 0.8538459694903832 0.3071113151052724 0.008238502170728601 0.008993874425473421
0 0.5421049283898395 0.24589716869851816 0.01075346573539402 0.008704226949940557
0 0.6455129747805388 0.1394354208655979 0.009038137352984884 0.009677026582800823
0 0.8150443616120713 0.48863342533940857 0.009374286817467731 0.008204460144042969
0 0.7474045960799508 0.3287954149038895 0.009598939315132473 0.009417860404304836
0 0.7488123022991678 0.3396332263946533 0.009157927139945652 0.01185589251310929
0 0.9304228658261505 0.20240418807319974 0.008513740871263586 0.008642943009086277
0 0.6345970008684241 0.018657058477401733 0.011809162471605383 0.012063210425169571
0 0.9242398427880328 0.12413504331008247 0.011490904766580334 0.010687859162040379
0 0.4287047697150189 0.1425147471220597 0.008740736090618631 0.007900030716605808
0 0.8021999027418053 0.27805333552153216 0.009917383608610733 0.010250361069389011
0 0.511660223421843 0.2545830270518427 0.008469166962996773 0.008475345114003057
0 0.5332627503768258 0.2693110237950864 0.009185251982315727 0.008592958035676376
0 0.8079372281613557 0.012468123241611149 0.009709192358929178 0.009609309875446817
0 0.593873117281043 0.22149984732918118 0.010172657344652258 0.010141227556311565
0 0.8105601227801777 0.2581920831099801 0.009515886721403702 0.009845982427182405
0 0.6154391454613727 0.08882463755814925 0.011564296224842901 0.01318819108216659
0 0.7830874816231106 0.39294036315835046 0.009212328040081522 0.008770336275515348
0 0.3425872500823892 0.11126038820847223 0.00929922254189201 0.008509667023368504
0 0.6811457716900371 0.3092277257338814 0.00881331899891729 0.008617338926895805
0 0.6440096834431523 0.17664314871248993 0.010840312294338062 0.010770206866057022
0 0.7440031093099843 0.03502730571705362 0.010566172392471977 0.009984780912813932
0 0.5585517468659774 0.02479450015918068 0.011395247086234715 0.011610633653143177
0 0.6959915575773818 0.30095787670301355 0.009623071421747622 0.01041281741598378
0 0.705630406089451 0.01266406184953192 0.009983104208241339 0.009459235745927563
0 0.4881868777067765 0.10148550634798797 0.010333766107973845 0.010109455689139988
0 0.8170511618904445 0.3577100517957107 0.008936467378035835 0.009874672993369724
0 0.931832044020943 0.07151423589042995 0.009646498638650646 0.009935104328653088
0 0.5434593117755392 0.016010779725468674 0.016585225644318954 0.010864249390104542
0 0.801672645237135 0.2908899473107379 0.009342857029127039 0.009661715963612432
0 0.8221253934113875 0.28396501748458197 0.009304046630859375 0.010039184404456097
0 0.7791996002197266 0.17207290296969205 0.009535830953846807 0.009517721507860266
0 0.4119395484095034 0.07752401673275493 0.010484011276908543 0.007686298826466436
0 0.5916579598965853 0.20068748100944184 0.009192570396091627 0.009588137916896654
0 0.7249437207761018 0.34334861713906994 0.009906561478324558 0.009999834972879162
0 0.7667462722114897 0.06076245722563371 0.010515876438306726 0.010547130004219387
0 0.6410652865534243 0.21863158889438794 0.009839389635168987 0.00929191838140073
0 0.3650385154330212 0.03353246916895327 0.009016200252201246 0.008599198382833729
0 0.38335682775663293 0.015421731316525005 0.010411112204841946 0.011054334433182426
0 0.7967901644499404 0.3138305726258651 0.009304544200067934 0.008916668269945227
0 0.4332037956818291 0.040306932252386345 0.009132665136586065 0.008867883163949718
0 0.9134939027869183 0.3270399442509465 0.009057418159816576 0.008833839517572651
0 0.656969526539678 0.5962379600690759 0.012015881745711617 0.011551670406175696
0 0.8097656706105107 0.38480337806369946 0.008294437242590862 0.009930610656738281
0 0.3683607228424238 0.10104235358860182 0.00901140078254368 0.007757829583209494
0 0.859557048134182 0.3281343446477599 0.008861251499341883 0.008505814101385034
0 0.8686599938765817 0.4294311326483022 0.008928257486094599 0.007993356041286303
0 0.3130510371664296 0.1122847847316576 0.008442215297533117 0.008014720419178839
0 0.49912289951158606 0.12978141722471817 0.008381532586139181 0.007890359215114428
0 0.932854590208634 0.2382747505022132 0.008320808410644531 0.008394096208655315
0 0.6222916064055071 0.15032248393349026 0.011034592338230297 0.010616706765216331
0 0.9328350191530974 0.02858837531960529 0.008230914240298063 0.008071318916652514
0 0.8615568409795347 0.1171334981918335 0.010871970135232677 0.010570038919863493
0 0.5092264158323553 0.2662199324813482 0.008148710932521428 0.007068147592621862
0 0.6495383096777875 0.2701209213422692 0.009321254232655401 0.00902978233669115
0 0.3428957261469053 0.05058390938717386 0.009309041759242182 0.00927858249000881
0 0.5158857055332349 0.14124455659285837 0.00786652772322945 0.008802828581436821
0 0.6206430352252462 0.26502412298451294 0.011171009229577106 0.009928288667098335
0 0.4185427479121995 0.13738220152647598 0.00799002854720406 0.007300034813258959
0 0.7545854734337848 0.2687964335731838 0.009878241497537365 0.009791685187298319
0 0.44419538456460705 0.23252818895422894 0.007737180461054263 0.007549576137376867
0 0.6962344542793606 0.02110890007537344 0.01074616805366848 0.009939669266990993
0 0.8405788877735968 0.4335215920987337 0.00971209484597911 0.00928292067154594
0 0.7987065107926078 0.3825456344563028 0.008091470469599184 0.008947947750920835
0 0.7765075227488643 0.18186752692512848 0.009181934854258661 0.0084606875544009
0 0.43545616191366443 0.029616508794867477 0.010688180508820908 0.009431947832522184
0 0.4754035680190376 0.1346619647482167 0.008640932000201681 0.007808477982230808
0 0.39599141608113825 0.014393246044283327 0.011990459068961765 0.010930516149686731
0 0.8891510756119436 0.4099221592364104 0.010390820710555367 0.009474743967470915
0 0.42849717969479767 0.1536722701528798 0.008059397987697435 0.009087832077689793
0 0.8140538257101307 0.08634849475777667 0.010451109512992527 0.01078051587809687
0 0.6840204155963399 0.35052865354911134 0.007685785708220109 0.009245875089064888
0 0.6240615222765051 0.283081344936205 0.009244628574537195 0.009246370066767153
0 0.39038759729136596 0.14546464318814484 0.012294976607612942 0.0077832159788712215
0 0.38625710943470837 0.13734821132991626 0.00863535507865574 0.007739968921827234
0 0.43533066044683044 0.16414004823435907 0.009284019470214844 0.009076595306396484
0 0.7731306863867718 0.3799918008887249 0.009586624477220617 0.009174139603324558
0 0.6564764665520709 0.20480678392493207 0.010962589927341625 0.011396988578464672
0 0.8114492374917737 0.29788716979648755 0.008681546086850374 0.011752356653628141
0 0.3407946358556333 0.1373839585677437 0.008195566094439962 0.008186630580736242
0 0.8840429057245668 0.11533381109652313 0.008654718813688858 0.008869222972704016
0 0.7401237902433975 0.39095867716747784 0.008794204048488451 0.009347034537273905
0 0.8136098903158436 0.2752326778743578 0.010258177052373472 0.009636319201925526
0 0.7543734467547872 0.05804334775261257 0.01162707287332286 0.010281910067019255
0 0.7458191332609758 0.27182567637899646 0.01039911353069803 0.009931377742601477
0 0.8493183592091437 0.36324780920277466 0.008147903110670008 0.008168137591818104
0 0.5848152637481688 0.028335773426553478 0.01097565111906632 0.010228068932243015
0 0.5167121679886527 0.02974250005639118 0.010084857111391813 0.011101105938787046
0 0.7691501327182935 0.3445055121960847 0.011667293051014776 0.010162509006002674
0 0.4464005335517552 0.04832199345464293 0.010040894798610523 0.009703511777131454
0 0.8275316487187925 0.4869317438291467 0.009374203889266304 0.008920638457588528
0 0.46613236613895576 0.18127542993296747 0.007932009904280952 0.008989085321841032
0 0.5339252637780231 0.05606573560963507 0.010725436003311821 0.01010337083236031
0 0.9292842823526135 0.17761725964753527 0.00903282994809358 0.009091584578804348
0 0.8154164154930268 0.11506303021274601 0.00669144682080337 0.008782491930796738
0 0.5986802681632664 0.03555058525956195 0.011558242466138758 0.014079008413397747
0 0.753271828527036 0.34950504095658014 0.008835875469705334 0.008861645408298658
0 0.4705674337304157 0.10500751370969025 0.00941678752069888 0.008604920428732166
0 0.6537485640981923 0.33380112991384836 0.010347552921461023 0.009874498714571413
0 0.7958852933800737 0.22273018049157184 0.009200469307277514 0.008135090703549593
0 0.49222627930019214 0.17186954228774362 0.008185365925664488 0.007497010023697563
0 0.3364400662805723 0.06744934683260712 0.00797180377918741 0.007034602372542671
0 0.8291009612705398 0.03274461108705272 0.009210545083750849 0.009405325288357943
0 0.833323686019234 0.2988213767176089 0.008940157682999321 0.009014938188635784
0 0.365562968927881 0.05125290414561397 0.009044250716333803 0.009483866069627844
0 0.3766810194305752 0.09263351170913033 0.008511040521704632 0.00754844624063243
0 0.9087145224861479 0.017382224616797073 0.009738631870435633 0.009863092847492384
0 0.4863485616186391 0.07467344532842221 0.009678560754527216 0.009357379830401876
0 0.4346178303594175 0.09034960943719617 0.010757280432659645 0.009001094362010126
0 0.894538506217625 0.13565338176229727 0.009327349455460258 0.008890566618546196
0 0.4806927027909652 0.2117686375327732 0.008584074352098547 0.009006355119788128
0 0.7415942109149435 0.3621360789174619 0.009845692178477411 0.009839897570402725
0 0.7946891370026963 0.4392799139022827 0.008272585661514946 0.008114306823067043
0 0.8451695234879204 0.46896535935609246 0.007620521213697351 0.009119127107703167
0 0.5195425178693689 0.2642058082248854 0.00851483966993249 0.008750044781228771
0 0.8872658480768617 0.18827910008637805 0.01337271151335343 0.010829946269159731
0 0.41279824402021326 0.03897761002830837 0.009337000224901281 0.008875002031740934
0 0.6737195097881816 0.15705705725628397 0.010303207065748133 0.009770393371582031
0 0.8438682970793352 0.01428973059291425 0.009618759155273438 0.009040759309478428
0 0.5743524406267249 0.14546054342518683 0.00866618363753609 0.008567333221435547
0 0.8122421969538149 0.3080572770989459 0.008625818335491678 0.007651349772577701
0 0.4193793120591537 0.06602036175520523 0.009169526722120203 0.009202215982520062
0 0.4480937719345093 0.11267060300578242 0.008072967114655868 0.007598659266596255
0 0.5070748951124109 0.09665838531825853 0.009722004766049593 0.009714416835619055
0 0.4715735808662746 0.166448219962742 0.008518882419752039 0.008465248605479364
0 0.38168745455534564 0.0731138509252797 0.007907701575237772 0.007688999176025391
0 0.45407929627791693 0.22228097915649414 0.008910966956097147 0.01138906893522843
0 0.8697522619496221 0.08144085303596828 0.010210783585258152 0.010010470514712126
0 0.8291346093882686 0.11347334799559221 0.009615856668223505 0.009863739428312882
0 0.8770338348720383 0.4408236120058142 0.010654822639797046 0.0118466563846754
0 0.685152012368907 0.3245899158975352 0.008590117744777514 0.00885971732761549
0 0.5084078933881677 0.22087745044542398 0.007803191309389861 0.008272813714068869
0 0.7985159417857295 0.41541839164236316 0.008801667586616848 0.009680675423663595
0 0.7963718746019446 0.25612439279970917 0.009002187977666441 0.00908971869427225
0 0.40218554372372833 0.03836546125619308 0.008703200713447903 0.008413374423980713
0 0.8559522836104684 0.4432956861413043 0.00893953572148862 0.008415491684623386
0 0.5474089954210364 0.016361241755278214 0.011557827825131624 0.01009148359298706
0 0.8352901209955629 0.38344191986581555 0.010285501894743546 0.009304969207100246
0 0.6000638630079187 0.2075821316760519 0.009968384452488111 0.008746126423711363
0 0.5485218296880308 0.1433236028837121 0.010223554528277855 0.009306897287783415
0 0.6624765292457915 0.15895343863445782 0.010512538578199304 0.010629322217858356
0 0.8921120270438816 0.3081932067871094 0.008759457132090693 0.008538163226583729
0 0.5502524894216786 0.23474246522654657 0.009990712870722231 0.009397942086924677
0 0.8577202506687329 0.08357523835223654 0.009172771288001019 0.009761685910432236
0 0.7514993418817936 0.29106577582981275 0.009706745976987093 0.008727488310440727
0 0.38116523493891175 0.10892341966214386 0.010912480561629585 0.008484021477077318
0 0.4573619521182517 0.19504790720732312 0.008397672487341839 0.008457038713538128
0 0.6958668750265369 0.37415027618408203 0.008351533309273098 0.00918504466181216
0 0.5448700345080831 0.07414786971133687 0.009325877479884935 0.009025827698085619
0 0.43896843557772436 0.08105963986852896 0.008642725322557531 0.009301325549250063
0 0.5971927435501762 0.1868427836376688 0.010532669399095617 0.009024350539497707
0 0.30897055501523224 0.08206805457239566 0.005904487941576086 0.006729654643846594
0 0.9109970590342645 0.07682142827821814 0.009364418361497961 0.009715313496796982
0 0.48201566157133674 0.17248640889706818 0.008182670759118122 0.008015052131984545
0 0.39066036887790845 0.06226011203682941 0.0077659772789996605 0.008324120355689007
0 0.9180055908534839 0.1728251602338708 0.008563622184421705 0.00908617351366126
0 0.7900732496510381 0.24915496162746265 0.008870290673297384 0.010233049807341202
0 0.7046687084695568 0.361262813858364 0.008907815684442934 0.008973256401393724
0 0.8982490456622582 0.07074501462604689 0.009237952854322351 0.00900032727614693
0 0.5579044507897418 0.04511918581050375 0.011293411254882812 0.011624110781628151
0 0.8344028514364491 0.044717064370279724 0.010104842807935633 0.009684249110843824
0 0.5201158938200576 0.046602299679880554 0.008472110914147419 0.009677661501842997
0 0.7853180221889329 0.29962053506270697 0.008968643520189367 0.009531290634818699
0 0.42085494165835174 0.1103025415669317 0.010059854258661684 0.009591040403946587
0 0.5970548132191533 0.11295542509659477 0.010826525480850883 0.01392068033633025
0 0.7634410236192786 0.3356726584227189 0.008600359377653702 0.008680779000987177
0 0.6458541621332583 0.2087119558583135 0.010704206383746605 0.010497217592985733
0 0.5381139879641326 0.09129710041958353 0.01072240912395975 0.013560435046320376
0 0.8545820194741955 0.4204044186550638 0.009226881939431896 0.009403529374495796
0 0.5969585957734481 0.055725082107212234 0.010572474935780401 0.01014367393825365
0 0.3731540052787118 0.06920723552289215 0.008862262186796768 0.007874991582787556
0 0.7494534824205482 0.4714301824569702 0.00889135443645975 0.008834393128104832
0 0.756176409514054 0.35918322723844776 0.00869726098102072 0.010374403518179188
0 0.6051097745480745 0.13006920399873154 0.00937826737113621 0.009220579396123472
0 0.5184416563614554 0.19001405135444974 0.008156320323114809 0.007540702819824219
0 0.6719269752502441 0.13527224374854044 0.013624398604683254 0.012326074683147926
0 0.577377060185308 0.11649246837781824 0.010496533435323963 0.009791809579600458
0 0.5628519783849302 0.243476909139882 0.009320487146792204 0.008612798607867697
0 0.7758420239324155 0.2271038345668627 0.00978714486827021 0.008754191191300102
0 0.3933088261148203 0.11598332031913426 0.007587225540824558 0.0075387540070906926
0 0.6755712965260381 0.3374439264121263 0.007553059121836786 0.010862745668577112
0 0.47949015575906506 0.08483682508053988 0.010154226551885191 0.01020050048828125
0 0.5528515421825907 0.07816136401632558 0.009798485299815302 0.009231308232183042
0 0.896989573603091 0.08869261326997176 0.008211052936056385 0.008392499840777853
0 0.8458134195078975 0.12593321178270422 0.009638081426205843 0.009197359499724014
0 0.6803052736365277 0.36215477404387103 0.0073354140571925954 0.008490645367166271
0 0.469800907632579 0.07849162298700085 0.008703314739724865 0.008400435033051865
0 0.6754601727361265 0.29036497033160663 0.007775306701660156 0.008215323738429857
0 0.5023086589315663 0.2326513787974482 0.009517379429029383 0.008485586746879246
0 0.82057581777158 0.10259915953097135 0.009381460106891134 0.010480766711027725
0 0.8268818440644639 0.04100854630055635 0.013221699258555536 0.011033273261526356
0 0.4957173181616742 0.1452091776806375 0.008344981981360394 0.007484954336415167
0 0.5431815742358538 0.13208281436633312 0.006224861569902604 0.006205578730277805
0 0.634433362794959 0.2959000235018523 0.01587824199510657 0.009720864503279976
0 0.5800735017527705 0.10474475570347 0.010370213052500849 0.010636619899583899
0 0.49477891300035554 0.22684876815132474 0.009141113447106403 0.008633074553116508
0 0.7574596197708794 0.031803619602452156 0.011020370151685633 0.009228009244670038
0 0.8789316260296367 0.01654605049154033 0.009540640789529552 0.008581294961597609
0 0.8966605559639309 0.05665483941202578 0.008875390757685122 0.008836305659750233
0 0.8314195301221765 0.1306429738583772 0.009085199107294497 0.009631882543149202
0 0.7855872278628142 0.4928321320077647 0.008826794831649117 0.00809310830157736
0 0.7541178620379904 0.36957415290500806 0.008637428283691406 0.008146161618440048
0 0.8623869108117145 0.10207140445709227 0.009584095167077106 0.011264438214509384
0 0.7934445920197861 0.07699428433957306 0.010783651600713316 0.010417886402295984
0 0.4637344816456671 0.21079430372818653 0.00755378474359927 0.008291617683742357
0 0.853465577830439 0.013106901360594708 0.009497766909391983 0.008153768985167793
0 0.8419997795768406 0.38016111436097516 0.010739906974460766 0.009149655051853346
0 0.8284221110136611 0.18925736261450726 0.00882484601891559 0.00786422646563986
0 0.8002995822740637 0.4048467537631159 0.008753776550292969 0.007857815079067064
0 0.4294729025467582 0.055296135985332985 0.00975799560546875 0.00936362017755923
0 0.7000810374384342 0.3253576237222422 0.007978522259256115 0.0073518338410750676
0 0.6732496800629988 0.22691510034644086 0.01022940096647843 0.009732184202774712
0 0.4718619429546853 0.08854215818902719 0.009115094723908798 0.008484368738920792
0 0.8792435710292317 0.32108978804907795 0.006668194888371508 0.007188917355161374
0 0.833301710045856 0.31394971971926483 0.009553660517153532 0.009297101393989895
0 0.42098303463148035 0.049097957818404495 0.010373509448507557 0.009084701538085938
0 0.6544239313706107 0.3161339967147163 0.008483741594397503 0.008851797684379246
0 0.8458571434020996 0.028482876394105995 0.00982802847157354 0.00951883844707323
0 0.5795422429623811 0.2107922823532768 0.008455276489257812 0.008013580156409222
0 0.8934836387634277 0.39936086405878485 0.009906561478324558 0.009556977645210598
0 0.5183033424875011 0.11376283998074738 0.009272679038669752 0.008838083433068317
0 0.8172217244687286 0.24065216727878735 0.008685236391813858 0.008898652118185291
0 0.8420158883799677 0.053636817828468644 0.011160974917204483 0.008726332498633343
0 0.45173447546751605 0.15242404523103134 0.00896000862121582 0.009502597477125086
0 0.6626865034518035 0.2787085305089536 0.008533954620361328 0.008729872496231743
0 0.7998018472091012 0.24876608019289762 0.008791757666546366 0.008956888447637144
0 0.8548922746077827 0.43411736384682037 0.009171610293181046 0.011383626772009808
0 0.4797979074975718 0.06268939764603325 0.010458500488944675 0.009241943774016007
0 0.7215998898381771 0.2993352724158246 0.008343033168626867 0.008971670399541441
0 0.5638664183409319 0.08388092206872028 0.01021569708119268 0.009507573169210682
0 0.24866432728974716 0.15859720499619193 0.008245074230691662 0.007969099542369013
0 0.5337647769762122 0.17519299880318023 0.00805552109428074 0.008480237877887228
0 0.7937429884205693 0.3943224963934525 0.008670931277067764 0.008237377456996752
0 0.7574620661528215 0.021146253399226978 0.011204221974248472 0.010483378949372665
0 0.4738009079642918 0.15118808849998142 0.007473821225373641 0.00887156569439432
0 0.5125257657921832 0.10568658165309738 0.009370223335597826 0.009913154270337976
0 0.3610561490058899 0.025066864879234974 0.010417383650074835 0.009149138046347576
0 0.5954218843708867 0.085170012453328 0.010865605395773182 0.013486255770144255
0 0.5156529986340067 0.07177195600841356 0.009768506754999575 0.00940865537394648
0 0.8077537702477496 0.19999455369037128 0.010174212248429008 0.010329184324845024
0 0.7455412615900454 0.45769519391267205 0.01142058165177055 0.008522987365722656
0 0.48137109175972315 0.12396838872329048 0.008597083713697351 0.008811567140662151
0 0.795085865518321 0.3016958754995595 0.00934426680855129 0.008872094361678413
0 0.9080629970716394 0.3842488786448603 0.00792092862336532 0.008503250453783117
0 0.8582833124243696 0.46241516652314557 0.008134717526643173 0.007840052894923998
0 0.5298988922782566 0.02465928248737169 0.010153563126273777 0.009672976058462391
0 0.768200625544009 0.39910318540490186 0.008429900459621264 0.00992696181587551
0 0.6645387359287427 0.22538339573404062 0.01178952921991763 0.010326447694197945
0 0.8014097628386123 0.4296120664347773 0.008762525475543478 0.00825295240982719
0 0.4647409553113191 0.14744948304217792 0.008409842200901197 0.008167619290559189
0 0.3551720536273459 0.03324412262958029 0.008582612742548403 0.008726337681645933
0 0.4600800794103872 0.162188110144242 0.007880304170691448 0.012380444485208263
0 0.606851049091505 0.22426805288895313 0.009992288506549337 0.01096565827079441
0 0.5748439353445302 0.09058472643727841 0.01058754713638969 0.00989444877790368
0 0.6530829719875171 0.14745320962822958 0.009876085364300272 0.010330521542093029
0 0.49794093422267754 0.06291970481043277 0.010733065397843071 0.010920742283696714
0 0.8230414390563965 0.24262179499087125 0.010380993718686312 0.010077766750169836
0 0.906074855638587 0.3082855266073476 0.009870777959408968 0.009735770847486414
0 0.5336292515630308 0.06632902829543404 0.009575802346934443 0.008893044098563816
0 0.8402115780374279 0.4002907094748124 0.009772922681725544 0.012801185898158863
0 0.48485192008640454 0.22136379324871558 0.008498875991157864 0.008362272511357847
0 0.7300534041031547 0.31170259351315704 0.008551639059315557 0.00875786076421323
0 0.6464988148730733 0.15798786412114682 0.010707917420760445 0.010514549587083899
0 0.44328487437704334 0.06935788496680882 0.008099473041036854 0.010676534279533054
0 0.7776022579358971 0.0650176950122999 0.010280899379564367 0.009182173272837763
0 0.404888339664625 0.09644558118737262 0.008035452469535496 0.008898776510487432
0 0.8344707489013672 0.46347809874493145 0.010073039842688519 0.008409728174624235
0 0.46257644114287005 0.1733594718186752 0.008717723514722742 0.008798568145088528
0 0.7105681999869968 0.35072869969450904 0.009397962818975035 0.010705198930657429
0 0.9197386451389478 0.25073272248973016 0.009965233180833899 0.009528595468272333
0 0.5609646361807118 0.12534511089324948 0.00972741583119268 0.008916015210358993
0 0.8203843572865361 0.29929747788802435 0.010587360547936481 0.00913350478462551
0 0.5450246852377186 0.1819822684578274 0.008259109828783117 0.008090682651685633
0 0.4851126048875892 0.18146873557049292 0.00799286883810292 0.008752242378566576
0 0.652212381362915 0.22086768564970596 0.009774850762408712 0.009500855984895126
0 0.7518422499946926 0.28310402579929517 0.009553328804347826 0.009395640829335089
0 0.690988416257112 0.32589883616437076 0.00890549369480299 0.009431884988494541
0 0.8223075659378715 0.18273827304010803 0.008275197899859884 0.008873255356498386
0 0.869962215423584 0.41168582180271984 0.009697416554326597 0.008849200995072075
0 0.7908023751300313 0.2820838016012441 0.009904778521993885 0.008461661960767664
0 0.5337587024854578 0.045607254556987595 0.010260001472804859 0.012119710445404053
0 0.4781967038693635 0.2010787362637727 0.006686210632324219 0.006866931915283203
0 0.9157264750936756 0.0527380057003187 0.008789601533309273 0.009131187977998154
0 0.889056516730267 0.2688853015070376 0.007702744525411854 0.0085290411244268
0 0.5453972090845522 0.16942505214525305 0.009875276814336363 0.009166717529296875
0 0.48585571413454803 0.11696064472198486 0.008763375489608101 0.008167650388634724
0 0.5234391792960789 0.08279367115186609 0.009766329889712126 0.009607335795526918
0 0.853233461794646 0.03219795097475466 0.008716085682744566 0.00907013468120409
0 0.5316988281581714 0.23590339785036835 0.00996386486551036 0.008208378501560377
0 0.46313926447992737 0.08474038217378699 0.008874001710311226 0.008899020112079123
0 0.8677581496860671 0.4519934239594833 0.008980999822201937 0.011512466098951258
0 0.7579333471215289 0.43513366450434143 0.008878666421641474 0.007430076599121094
0 0.566827452701071 0.23454169605089273 0.008709430694580078 0.009503385295038637
0 0.37734744341477106 0.03829134676767433 0.008734329887058424 0.009134290011032768
0 0.9294684036918308 0.040280449649562004 0.008447647094726562 0.008029774479244066
0 0.6037003164706022 0.12054106463556705 0.00979031687197478 0.010944221330725628
0 0.5773399187170941 0.18960117257159687 0.009576134059740149 0.008997004965077276
0 0.8171579526818317 0.4238781307054603 0.009170366370159647 0.008663011633831522
0 0.6897594203119692 0.36601763186247455 0.008835999862007473 0.008887747059697691
0 0.9314719905023989 0.31280847217725666 0.009340617967688519 0.010462512140688688
0 0.765817219847364 0.4863039028490382 0.0076300425097754546 0.007361716529336865
0 0.844100931416387 0.3000314753988515 0.010004914325216541 0.008406722027322521
0 0.7487782395404317 0.3999605412068574 0.00986343881358271 0.009822467099065367
0 0.9274216942165208 0.011546722572782765 0.008771315864894701 0.00813292031702788
0 0.5477423253266708 0.04192650188570436 0.010971940082052479 0.013048775818036951
0 0.580757003543533 0.07094196844469146 0.005904414499741616 0.006488769901826675
0 0.5078152780947477 0.20145330221756644 0.0073654340661090355 0.007427609485128651
0 0.7896197567815366 0.35749046569285187 0.007754574651303498 0.008012421753095545
0 0.9191382656926694 0.018575924246207524 0.009745597839355469 0.009901960258898527
0 0.8463172912597656 0.04205330428869829 0.00927170463230299 0.009783965090046759
0 0.8563813541246497 0.06401775453401648 0.009800496308699898 0.009753895842510721
0 0.7866059386211891 0.42656409222146735 0.008644394252611242 0.0074452109958814535
0 0.6608083144478176 0.2874500440514606 0.008143798164699389 0.009176834769870924
0 0.9223363917806873 0.22092527928559677 0.008694234101668648 0.008050524670144787
0 0.7827867839647376 0.443870150524637 0.007211436396059783 0.00724041980245839
0 0.9316440457883088 0.049497765043507454 0.008084711821182915 0.008899709452753481
0 0.5362066496973452 0.16230184617249863 0.009007391722305962 0.009428387102873428
0 0.595507404078608 0.16478291283483087 0.008844313414200493 0.009559662445731785
0 0.7710664790609608 0.0301865948283154 0.012099680693253227 0.009958591150200886
0 0.4788457621698794 0.19216291800789215 0.006939100182574728 0.007626637168552565
0 0.9317851895871371 0.22725684746452 0.00753182950227157 0.00848295377648395
0 0.3982631071754124 0.1442818382511968 0.008186133011527683 0.008001109828119692
0 0.8008380558179773 0.4879810861919237 0.008257658585258152 0.007315397262573242
0 0.7312944246375044 0.3259078711271286 0.007940955784009851 0.007713740286619767
0 0.4974496468253758 0.12034127504929254 0.008838363315748133 0.007692181545755138
0 0.8359908228335173 0.28103279030841327 0.009741161180579144 0.009956567183784817
0 0.5454628571220066 0.10624228353085727 0.009911827419115149 0.008852751358695652
0 0.5238149062446926 0.061899084111918565 0.009113145911175272 0.010241275248320206
0 0.8612747879386867 0.4046853756090987 0.0072310830640614525 0.007058234108511424
0 0.5293496380681577 0.15439709891443665 0.008033213408096977 0.01301146590191385
0 0.43891150018443226 0.15216983401257062 0.007616665052331012 0.007769470629484757
0 0.7681114777274753 0.4137455276820971 0.00882795582646909 0.009342317995817764
0 0.5378331930741019 0.18362749141195547 0.00781237560769786 0.007097430851148523
0 0.3668156914089037 0.1115734525348829 0.008020566857379416 0.009277623632679815
0 0.6705947544263757 0.30682518171227496 0.010702796604322351 0.008248826731806215
0 0.4045457632645316 0.14301267914150073 0.010005826535432236 0.00823800460152004
0 0.4932965092037035 0.18834943356721298 0.00828458951867145 0.007201319155485734
0 0.9325975749803626 0.2992531216662863 0.009143082991890285 0.009375758793043054
0 0.8116176194952276 0.4156252116125365 0.007044053240564107 0.006979849062040368
0 0.7651172513547151 0.03250896153242692 0.00835456018862517 0.010876785153928011
0 0.8352360932723335 0.08618109122566554 0.01070130389669667 0.007802486419677734
0 0.6033330585645593 0.029185396173725956 0.01303465470023777 0.0114938383517058
0 0.8707756374193275 0.0708481358445209 0.009685765142026155 0.009293126023334005
0 0.8154472682787024 0.2505788906760838 0.009384321129840353 0.010468711023745329
0 0.5764904229537301 0.21414765067722485 0.008947330972422724 0.009540516397227411
0 0.41576620288517163 0.14674362410669742 0.007952659026436184 0.0075910091400146484
0 0.4082284129184226 0.12867313882578973 0.007537644842396612 0.013514145560886547
0 0.4564058625179788 0.13982583128887674 0.007118380588033924 0.00854467309039572
0 0.46101881628451147 0.10952367989913277 0.009423950444097105 0.012229380400284477
0 0.3207312641768242 0.09510532957682766 0.008442215297533117 0.008014720419178839
0 0.3134552596406609 0.08964832617470522 0.008442215297533117 0.008014720419178839
0 0.3322516046924161 0.07731954071065082 0.008442215297533117 0.008014720419178839
0 0.3403360541770419 0.07489420586526309 0.008442215297533117 0.008014720419178839
0 0.3474099474760895 0.07994698679315426 0.008442215297533117 0.008014720419178839
0 0.35488806324936845 0.07448998339103183 0.008442215297533117 0.008014720419178839
0 0.3643872913938038 0.07610687328795698 0.008442215297533117 0.008014720419178839
0 0.35913239922879703 0.08035120926738556 0.008442215297533117 0.008014720419178839
0 0.3558986194349468 0.09086099359739917 0.008442215297533117 0.008014720419178839
0 0.3443782789193549 0.10217922287587536 0.008442215297533117 0.008014720419178839
0 0.3393254979914639 0.09449899586548083 0.008442215297533117 0.008014720419178839
0 0.3443782789193551 0.08803143627778015 0.008442215297533117 0.008014720419178839
0 0.33427271706357276 0.09025465988605226 0.008442215297533117 0.008014720419178839
0 0.3316452709810694 0.09692433071086862 0.008442215297533117 0.008014720419178839
0 0.31547637201181766 0.07893643060757612 0.008442215297533117 0.008014720419178839
0 0.31891226304278353 0.08459554524681423 0.008442215297533117 0.008014720419178839
0 0.29748847190852507 0.0660013114321748 0.008442215297533117 0.008014720419178839
0 0.34862261489878366 0.056502083287739424 0.008442215297533117 0.008014720419178839
0 0.35832395428033464 0.05245985854542651 0.008442215297533117 0.008014720419178839
0 0.354685952012253 0.04154585174118162 0.008442215297533117 0.008014720419178839
0 0.39268286458999446 0.051045079885617 0.008442215297533117 0.008014720419178839
0 0.38944908479614404 0.041545851741181625 0.008442215297533117 0.008014720419178839
0 0.40986231974482445 0.04841763380311361 0.008442215297533117 0.008014720419178839
0 0.41309609953867477 0.05468308215369865 0.008442215297533117 0.008014720419178839
0 0.35488806324936867 0.06296964287544018 0.008442215297533117 0.008014720419178839
0 0.3860131937651781 0.09328632844278704 0.008442215297533117 0.008014720419178839
0 0.358728176754566 0.06862875751467822 0.008442215297533117 0.008014720419178839
0 0.38318363644555914 0.09975388803048768 0.008442215297533117 0.008014720419178839
0 0.3894490847961442 0.10440244648414752 0.008442215297533117 0.008014720419178839
0 0.40137364778596735 0.11410378586569857 0.008442215297533117 0.008014720419178839
0 0.41087287593040256 0.11572067576262376 0.008442215297533117 0.008014720419178839
0 0.4042032051055864 0.08782932504066464 0.008442215297533117 0.008014720419178839
0 0.39652297809519177 0.08985043741182107 0.008442215297533117 0.008014720419178839
0 0.3940976432498038 0.1351233545257258 0.008442215297533117 0.008014720419178839
0 0.4007673140746203 0.13310224215456937 0.008442215297533117 0.008014720419178839
0 0.42360588386868825 0.08944621493758975 0.008442215297533117 0.008014720419178839
0 0.41471298943559987 0.08944621493758975 0.008442215297533117 0.008014720419178839
0 0.41855310294079723 0.09934966555625645 0.008442215297533117 0.008014720419178839
0 0.4102665422190557 0.09652010823663741 0.008442215297533117 0.008014720419178839
0 0.4126918770644433 0.10278555658722242 0.008442215297533117 0.008014720419178839
0 0.4046074275798175 0.07792587442199796 0.008442215297533117 0.008014720419178839
0 0.4583690166525793 0.12299668029878702 0.008442215297533117 0.008014720419178839
0 0.4585711278896951 0.09874333184490951 0.008442215297533117 0.008014720419178839
0 0.48383503252915083 0.15290914339190273 0.008442215297533117 0.008014720419178839
0 0.4795906965497224 0.16240837153633808 0.008442215297533117 0.008014720419178839
0 0.44058322778640274 0.16119570411364426 0.008442215297533117 0.008014720419178839
0 0.3750793328489759 0.021581242313430327 0.008662993612171722 0.007971440159957165
0 0.3760898890345542 0.029463580560940526 0.008662993612171722 0.007971440159957165
0 0.38639756212745213 0.027038245715552765 0.008662993612171722 0.007971440159957165
0 0.39246089924092153 0.030878359220750048 0.008662993612171722 0.007971440159957165
0 0.44278659728271746 0.05553593014885888 0.008662993612171722 0.007971440159957165
0 0.4381380388290576 0.05553593014885888 0.008662993612171722 0.007971440159957165
0 0.5823738934404582 0.07842008421797039 0.005904414499741617 0.006488769901826675
0 0.5310376392130841 0.07417574823854182 0.005904414499741617 0.006488769901826675
0 0.5237616346769207 0.05315617957851462 0.005904414499741617 0.006488769901826675
0 0.5005188424086213 0.07478208194988878 0.005904414499741617 0.006488769901826675
0 0.5102201817901723 0.08124964153758946 0.005904414499741617 0.006488769901826675
0 0.5069864019963221 0.0709419684446915 0.005904414499741617 0.006488769901826675
0 0.5187088537490294 0.08953620225933097 0.005904414499741617 0.006488769901826675
0 0.5241658571511519 0.10024809782646024 0.005904414499741617 0.006488769901826675
0 0.5318460841615464 0.1004502090635759 0.005904414499741617 0.006488769901826675
0 0.5494297617906078 0.08933409102221536 0.005904414499741617 0.006488769901826675
0 0.5666092169454374 0.10833254731108609 0.005904414499741617 0.006488769901826675
0 0.5512487629246485 0.11965077658956226 0.005904414499741617 0.006488769901826675
0 0.5435685359142538 0.11661910803282759 0.005904414499741617 0.006488769901826675
0 0.5550888764298457 0.11156632710493641 0.005904414499741617 0.006488769901826675
0 0.5623648809660091 0.09721642926972551 0.005904414499741617 0.006488769901826675
0 0.5684282180794784 0.0927699820531813 0.005904414499741617 0.006488769901826675
0 0.5969259025127847 0.12106555524937178 0.005904414499741617 0.006488769901826675
0 0.5947026789045124 0.1329901182391949 0.005904414499741617 0.006488769901826675
0 0.5868203406570022 0.12813944854841938 0.005904414499741617 0.006488769901826675
0 0.5951069013787437 0.14127667896093637 0.005904414499741617 0.006488769901826675
0 0.5876287856054649 0.13965978906401122 0.005904414499741617 0.006488769901826675
0 0.5793422248837232 0.1356175643216983 0.005904414499741617 0.006488769901826675
0 0.5856076732343083 0.148350572259984 0.005904414499741617 0.006488769901826675
0 0.590256231687968 0.15542446555903164 0.005904414499741617 0.006488769901826675
0 0.5110286267386348 0.12146977772360311 0.005904414499741617 0.006488769901826675
0 0.518910964986145 0.12530989122880037 0.005904414499741617 0.006488769901826675
0 0.5282080818934647 0.1384471216413174 0.005904414499741617 0.006488769901826675
0 0.5340693077698184 0.14309568009497725 0.005904414499741617 0.006488769901826675
0 0.5383309045450781 0.13471026044883655 0.006224861569902604 0.006205578730277805
0 0.5320654561944932 0.1284448120982515 0.006224861569902604 0.006205578730277805
0 0.5213535606273638 0.1480496020984692 0.006224861569902604 0.006205578730277805
0 0.49346220990540457 0.1514854931294352 0.006224861569902604 0.006205578730277805
0 0.5195345594933231 0.16078261003675492 0.006224861569902604 0.006205578730277805
0 0.45216014452094727 0.23408564287663977 0.0081872732742973 0.008098830347475798
0 0.4890656564182644 0.20051496639173094 0.0081872732742973 0.008098830347475798
0 0.5006264191812795 0.18272917752555412 0.0081872732742973 0.008098830347475798
0 0.4901772682224007 0.16316480977275957 0.0081872732742973 0.008098830347475798
0 0.5175229186041475 0.18095059863893642 0.0081872732742973 0.008098830347475798
0 0.5268604577588902 0.1662773228243405 0.0081872732742973 0.008098830347475798
0 0.5239702670681367 0.20251586763917578 0.0081872732742973 0.008098830347475798
0 0.5299729708104715 0.20629534777323832 0.0081872732742973 0.008098830347475798
0 0.5257488459547544 0.20896321610316484 0.0081872732742973 0.008098830347475798
0 0.49706926140804425 0.20162657819586688 0.0081872732742973 0.008098830347475798
0 0.49262281419150006 0.21541056456715396 0.0081872732742973 0.008098830347475798
0 0.5015157086245887 0.21874539997956213 0.0081872732742973 0.008098830347475798
0 0.5117425372226403 0.20985250554647372 0.0081872732742973 0.008098830347475798
0 0.5170782738824935 0.21296501859805464 0.0081872732742973 0.008098830347475798
0 0.5253042012331004 0.2191900447012166 0.0081872732742973 0.008098830347475798
0 0.5341970956661887 0.22030165650535263 0.0081872732742973 0.008098830347475798
0 0.5495373385632663 0.22030165650535263 0.0081872732742973 0.008098830347475798
0 0.5590972000788365 0.22074630122700709 0.0081872732742973 0.008098830347475798
0 0.5542061081406379 0.21185340679391856 0.0081872732742973 0.008098830347475798
0 0.5424230230167957 0.21652217637128998 0.0081872732742973 0.008098830347475798
0 0.5413114112126594 0.22608203788686004 0.0081872732742973 0.008098830347475798
0 0.5713249299243328 0.22385881427858795 0.0081872732742973 0.008098830347475798
0 0.522858655264001 0.23897673481483828 0.0081872732742973 0.008098830347475798
0 0.5188568527691113 0.24364550439220975 0.0081872732742973 0.008098830347475798
0 0.5157443397175304 0.2698795429698205 0.0081872732742973 0.008098830347475798
0 0.7154212803355118 0.32024420942321635 0.007978522259256115 0.0073518338410750676
0 0.7225355958819826 0.3171316963716353 0.007978522259256115 0.0073518338410750676
0 0.7252034642119091 0.33002639329961353 0.007978522259256115 0.0073518338410750676
0 0.7105301883973131 0.32735852496968704 0.007978522259256115 0.0073518338410750676
0 0.6640648149844262 0.3002351969487674 0.007978522259256115 0.0073518338410750676
0 0.6685112622009703 0.29111998015485174 0.007978522259256115 0.0073518338410750676
0 0.6625085584586355 0.311351314990128 0.007978522259256115 0.0073518338410750676
0 0.7038605175724968 0.3329165839903674 0.007978522259256115 0.0073518338410750676
0 0.716755214500475 0.335584452320294 0.007978522259256115 0.0073518338410750676
0 0.7349856480883064 0.372489964217611 0.007978522259256115 0.0073518338410750676
0 0.7492142791812476 0.3769364114341552 0.007978522259256115 0.0073518338410750676
0 0.762108976109226 0.38293911517648993 0.007978522259256115 0.0073518338410750676
0 0.7396544176656776 0.3809382139290451 0.007978522259256115 0.0073518338410750676
0 0.7556616276452368 0.38538466114558934 0.007978522259256115 0.0073518338410750676
0 0.7798947649754027 0.4042820618159023 0.007978522259256115 0.0073518338410750676
0 0.7898992712126269 0.4087285090324466 0.007978522259256115 0.0073518338410750676
0 0.7901215935734542 0.4189553376304984 0.007978522259256115 0.0073518338410750676
0 0.8156886650685834 0.4069499301458289 0.007978522259256115 0.0073518338410750676
0 0.8099082836870758 0.4087285090324467 0.007978522259256115 0.0073518338410750676
0 0.9294507073271581 0.21892437803815187 0.008694234101668648 0.008050524670144787
0 0.9276721284405405 0.25738614646125935 0.008694234101668648 0.008050524670144787
0 0.9166671715795937 0.2650562679097982 0.006693332854223945 0.006049623422699982
0 0.9224475529611013 0.27506077414702274 0.006693332854223945 0.006049623422699982
0 0.9244484542085465 0.2655009126314527 0.006693332854223945 0.006049623422699982
0 0.858641035403692 0.26750181387889765 0.006693332854223945 0.006049623422699982
0 0.8670892851151261 0.27772864247694934 0.006693332854223945 0.006049623422699982
0 0.8722026994141521 0.27906257664191264 0.006693332854223945 0.006049623422699982
0 0.8879875870328843 0.27639470831198615 0.006693332854223945 0.006049623422699982
0 0.8971028038268 0.27461612942536845 0.006693332854223945 0.006049623422699982
0 0.9193350399095214 0.2895117276007916 0.006693332854223945 0.006049623422699982
0 0.9255600660126833 0.28840011579665553 0.006693332854223945 0.006049623422699982
0 0.9286725790642641 0.29840462203388 0.006693332854223945 0.006049623422699982
0 0.9282279343426098 0.27995186608522155 0.006693332854223945 0.006049623422699982
0 0.927338644899301 0.27172593873461476 0.006693332854223945 0.006049623422699982
0 0.9300065132292277 0.26616787971393446 0.006693332854223945 0.006049623422699982
0 0.9168894939404221 0.27016968220882426 0.006693332854223945 0.006049623422699982
0 0.9111091125589147 0.26727949151807057 0.006693332854223945 0.006049623422699982
0 0.902883185208308 0.26950271512634266 0.006693332854223945 0.006049623422699982
0 0.8508597527747408 0.26972503748716986 0.006693332854223945 0.006049623422699982
0 0.8441900819499244 0.2732821952604053 0.006693332854223945 0.006049623422699982
0 0.8535276211046674 0.29418049717816314 0.006693332854223945 0.006049623422699982
0 0.8608642590119654 0.3019617798071156 0.006693332854223945 0.006049623422699982
0 0.8670892851151273 0.3064082270236598 0.006693332854223945 0.006049623422699982
0 0.8748705677440795 0.3081868059102775 0.006693332854223945 0.006049623422699982
0 0.8808732714864143 0.3088537729927591 0.006693332854223945 0.006049623422699982
0 0.8833188174555135 0.3050742928586966 0.006693332854223945 0.006049623422699982
0 0.8962135143834916 0.32041453575577405 0.006693332854223945 0.006049623422699982
0 0.9022162181258264 0.32552795005479995 0.006693332854223945 0.006049623422699982
0 0.8971028038268005 0.33019671963217134 0.006693332854223945 0.006049623422699982
0 0.9079965995073338 0.3359771010136787 0.006693332854223945 0.006049623422699982
0 0.8999929945175543 0.33775567990029637 0.006693332854223945 0.006049623422699982
0 0.893323323692738 0.34464767308593985 0.006693332854223945 0.006049623422699982
0 0.8430784701457884 0.3370887128178148 0.006693332854223945 0.006049623422699982
0 0.8802063044039327 0.3339761997662338 0.006693332854223945 0.006049623422699982
0 0.840632924176689 0.3297520749105168 0.006693332854223945 0.006049623422699982
0 0.8935456460535651 0.3390896140652596 0.006693332854223945 0.006049623422699982
0 0.8192666544824532 0.11753817173334348 0.00669144682080337 0.008782491930796738
0 0.8775565406762703 0.02727166374746255 0.009540640789529552 0.008581294961597609
0 0.917571524459237 0.044597654391644516 0.005415384729428968 0.006381169165510945
0 0.864493229819289 0.03909733990142802 0.005415384729428968 0.006381169165510945
0 0.8985953465827788 0.04404762294262289 0.005415384729428968 0.006381169165510945
0 0.9051957562789383 0.04377260721811207 0.005415384729428968 0.006381169165510945
0 0.8939200563813329 0.03249696251316818 0.005415384729428968 0.006381169165510945
0 0.8996954148654721 0.02919677381903826 0.005415384729428968 0.006381169165510945
0 0.9139963025404841 0.03772226127887387 0.005415384729428968 0.006381169165510945
0 0.9304973267808826 0.020396270634691807 0.005415384729428968 0.006381169165510945
0 0.8592679054764966 0.05009796888186105 0.005415384729428968 0.006381169165510945
0 0.8625681103245764 0.04404762294262286 0.005415384729428968 0.006381169165510945
0 0.8743938443635285 0.037997277003384684 0.005415384729428968 0.006381169165510945
0 0.8829193735544011 0.046247748738709474 0.005415384729428968 0.006381169165510945
0 0.8903448344625806 0.05119803177990434 0.005415384729428968 0.006381169165510945
0 0.8848444930491145 0.05642333054561002 0.005415384729428968 0.006381169165510945
0 0.8286035020964237 0.06728645166378763 0.0056904018001022565 0.005556121991978438
0 0.8280534679550772 0.07306178187851499 0.0056904018001022565 0.005556121991978438
0 0.8901141468362586 0.08374233022877689 0.008211052936056385 0.008392499840777853
0 0.8386859546203504 0.07769198428953873 0.008211052936056385 0.008392499840777853
0 0.8458363984578564 0.07054157545225723 0.008211052936056385 0.008392499840777853
0 0.8716880031011471 0.04689022314432616 0.008211052936056385 0.008392499840777853
0 0.9063401540059839 0.02956423250014409 0.008211052936056385 0.008392499840777853
0 0.9123905295607968 0.027089090979546652 0.008211052936056385 0.008392499840777853
0 0.8637125080516216 0.057890852124759196 0.008211052936056385 0.008392499840777853
0 0.8543619276487293 0.07274170124834381 0.008211052936056385 0.008392499840777853
0 0.8463864325992034 0.07741696856502787 0.008211052936056385 0.008392499840777853
0 0.8634374909809485 0.09364289631116658 0.008211052936056385 0.008392499840777853
0 0.8887390614828926 0.07356674842187626 0.008211052936056385 0.008392499840777853
0 0.885438856634813 0.06339116661497568 0.008211052936056385 0.008392499840777853
0 0.871963020171821 0.06174107226791072 0.008211052936056385 0.008392499840777853
0 0.8381359204790044 0.13021998767110643 0.008211052936056385 0.008392499840777853
0 0.8744932761721472 0.314589416378822 0.006668194888371508 0.007188917355161374
0 0.8907442848937518 0.28358764379760165 0.006668194888371508 0.007188917355161374
0 0.8894942072997821 0.2898380011728477 0.006668194888371508 0.007188917355161374
0 0.9077453401717379 0.28933797258282806 0.006668194888371508 0.007188917355161374
0 0.910245495359677 0.29558832995807416 0.006668194888371508 0.007188917355161374
0 0.9052451849837988 0.29908853008821196 0.006668194888371508 0.007188917355161374
0 0.9159958522919369 0.29433825848302503 0.006668194888371508 0.007188917355161374
0 0.9209961626678154 0.29758844431815296 0.006668194888371508 0.007188917355161374
0 0.9284966282316326 0.29283817271296597 0.006668194888371508 0.007188917355161374
0 0.9172459298859065 0.3068389732335171 0.006668194888371508 0.007188917355161374
0 0.9149957902167613 0.3148394306738321 0.006668194888371508 0.007188917355161374
0 0.91874602299867 0.3195897022790191 0.006668194888371508 0.007188917355161374
0 0.9119956039912346 0.3210897880490781 0.006668194888371508 0.007188917355161374
0 0.9037450918710352 0.34709127473010176 0.006668194888371508 0.007188917355161374
0 0.9079953556905319 0.3515915320402789 0.006668194888371508 0.007188917355161374
0 0.8977447194199815 0.3505914748602396 0.006668194888371508 0.007188917355161374
0 0.8989947970139509 0.364342261085781 0.006668194888371508 0.007188917355161374
0 0.8919943624877215 0.3605920466606334 0.006668194888371508 0.007188917355161374
0 0.8997448435703329 0.3715926756410665 0.006668194888371508 0.007188917355161374
0 0.899744843570333 0.38234329032648967 0.006668194888371508 0.007188917355161374
0 0.8862440055554616 0.37309276141112546 0.006668194888371508 0.007188917355161374
0 0.8783685167134537 0.3763429472462535 0.006418179369577606 0.00668888876514182
0 0.872118128743606 0.3765929615412633 0.006418179369577606 0.00668888876514182
0 0.8681178804429034 0.38009316167140106 0.006418179369577606 0.00668888876514182
0 0.8738682373751635 0.38184326173647 0.006418179369577606 0.00668888876514182
0 0.8778684856758662 0.3855934761616176 0.006418179369577606 0.00668888876514182
0 0.881368702938981 0.39009373347179477 0.006418179369577606 0.00668888876514182
0 0.8873690753900351 0.39234386212688344 0.006418179369577606 0.00668888876514182
0 0.8833688270893326 0.39734414802708007 0.006418179369577606 0.00668888876514182
0 0.8906192771343564 0.38559347616161754 0.006418179369577606 0.00668888876514182
0 0.8886191529840051 0.3790931044913616 0.006418179369577606 0.00668888876514182
0 0.8936194633598835 0.3763429472462534 0.006418179369577606 0.00668888876514182
0 0.8911193081719445 0.36734243262589905 0.006418179369577606 0.00668888876514182
0 0.8861189977960662 0.35434168928538723 0.006418179369577606 0.00668888876514182
0 0.884118873645715 0.3478413176151314 0.006418179369577606 0.00668888876514182
0 0.8733682063375767 0.33984086017481646 0.006418179369577606 0.00668888876514182
0 0.8673678338865227 0.3380907601097476 0.006418179369577606 0.00668888876514182
0 0.8626175390294384 0.343841088894974 0.006418179369577606 0.00668888876514182
0 0.8523669027588877 0.34434111748499363 0.006418179369577606 0.00668888876514182
0 0.8461165147890399 0.34559118896004287 0.006418179369577606 0.00668888876514182
0 0.8398661268191921 0.34534117466503306 0.006418179369577606 0.00668888876514182
0 0.84036615785678 0.35234157492530854 0.006418179369577606 0.00668888876514182
0 0.8316156146989931 0.3510915034502593 0.006418179369577606 0.00668888876514182
0 0.8313655991801993 0.32333991670416684 0.006418179369577606 0.00668888876514182
0 0.829365475029848 0.3585919323005546 0.006418179369577606 0.00668888876514182
0 0.8311155836614057 0.3743428328861747 0.006418179369577606 0.00668888876514182
0 0.8666177873301416 0.3708426327560369 0.006418179369577606 0.00668888876514182
0 0.8721181287436078 0.364342261085781 0.006418179369577606 0.00668888876514182
0 0.8681178804429054 0.358091903710535 0.006418179369577606 0.00668888876514182
0 0.8616174769542639 0.3540916749903776 0.006418179369577606 0.00668888876514182
0 0.8606174148790886 0.35934197518558425 0.006418179369577606 0.00668888876514182
0 0.8501167630897442 0.35559176076043664 0.006418179369577606 0.00668888876514182
0 0.8711180666684329 0.3515915320402791 0.006418179369577606 0.00668888876514182
0 0.8778684856758687 0.35584177505544645 0.006418179369577606 0.00668888876514182
0 0.8771184391194872 0.34659124614008235 0.006418179369577606 0.00668888876514182
0 0.8366159250748731 0.35684183223548593 0.006418179369577606 0.00668888876514182
0 0.8396161113004003 0.36134208954566316 0.006418179369577606 0.00668888876514182
0 0.8383660337064307 0.3748428614761947 0.006418179369577606 0.00668888876514182
0 0.8266153043231168 0.4113449485476317 0.006418179369577606 0.00668888876514182
0 0.8963696340666191 0.39084377635682466 0.006418179369577606 0.00668888876514182
0 0.8526169182776845 0.3930939050119132 0.006418179369577606 0.00668888876514182
0 0.8620248344950684 0.39943507541389195 0.0072310830640614525 0.007058234108511424
0 0.8819533046471149 0.286563005492208 0.006693332854223945 0.006049623422699982
0 0.8764529632336489 0.2930633771624639 0.006693332854223945 0.006049623422699982
0 0.8717026683765648 0.2895631770323261 0.006693332854223945 0.006049623422699982
0 0.8694525287074194 0.2965635772926017 0.006693332854223945 0.006049623422699982
0 0.8737027925269162 0.302563920372838 0.006693332854223945 0.006049623422699982
0 0.8824533356847032 0.2965635772926018 0.006693332854223945 0.006049623422699982
0 0.8539515665421971 0.28856311985228694 0.006693332854223945 0.006049623422699982
0 0.8432008992340587 0.2883131055572772 0.006693332854223945 0.006049623422699982
0 0.8422008371588828 0.28081267670698196 0.006693332854223945 0.006049623422699982
0 0.8647022338503351 0.31006434922313353 0.006693332854223945 0.006049623422699982
0 0.7780679802682657 0.47780341681870353 0.0076300425097754546 0.007361716529336865
0 0.7745677630051508 0.4825536884238906 0.0076300425097754546 0.007361716529336865
0 0.7745677630051508 0.472553116623497 0.0076300425097754546 0.007361716529336865
0 0.7618169715466613 0.4635526020031429 0.0076300425097754546 0.007361716529336865
0 0.7683173750353032 0.469552945083379 0.0076300425097754546 0.007361716529336865
0 0.7670672974413335 0.4640526305931626 0.0076300425097754546 0.007361716529336865
0 0.754566521501638 0.46530270206821184 0.0076300425097754546 0.007361716529336865
0 0.7618169715466615 0.44380147269736553 0.0076300425097754546 0.007361716529336865
0 0.7740677319675633 0.444801529877405 0.0076300425097754546 0.007361716529336865
0 0.7785680113058536 0.45280198731772003 0.0076300425097754546 0.007361716529336865
0 0.7858184613508773 0.45630218744785794 0.0076300425097754546 0.007361716529336865
0 0.7940689734710763 0.45380204449775957 0.0076300425097754546 0.007361716529336865
0 0.7940689734710763 0.45880233039795665 0.0076300425097754546 0.007361716529336865
0 0.7815681975313806 0.46230253052809445 0.0076300425097754546 0.007361716529336865
0 0.7848183992757015 0.4688029021983505 0.0076300425097754546 0.007361716529336865
0 0.7848183992757015 0.47555328816361614 0.0076300425097754546 0.007361716529336865
0 0.794819020027458 0.4738031880985474 0.0076300425097754546 0.007361716529336865
0 0.7998193304033363 0.4738031880985475 0.0076300425097754546 0.007361716529336865
0 0.8370716427036295 0.44980181577760264 0.0076300425097754546 0.007361716529336865
0 0.8368216271848355 0.45605217315284885 0.0076300425097754546 0.007361716529336865
0 0.8463222168990044 0.4485517443025537 0.0076300425097754546 0.007361716529336865
0 0.8300712081774002 0.45005183007261274 0.0076300425097754546 0.007361716529336865
0 0.8238208202075523 0.4550521159728097 0.0076300425097754546 0.007361716529336865
0 0.8178204477564985 0.45030184436762277 0.0076300425097754546 0.007361716529336865
0 0.7998193304033369 0.46530270206821334 0.0076300425097754546 0.007361716529336865
0 0.8090699045987116 0.4643026448881739 0.0076300425097754546 0.007361716529336865
0 0.8058197028543909 0.45380204449776057 0.0076300425097754546 0.007361716529336865
0 0.8090699045987116 0.4703029879684102 0.0076300425097754546 0.007361716529336865
0 0.8000693459221307 0.48230367412888275 0.0076300425097754546 0.007361716529336865
0 0.8080698425235359 0.4828037027189025 0.0076300425097754546 0.007361716529336865
0 0.8125701218618263 0.4770533739336762 0.0076300425097754546 0.007361716529336865
0 0.819570556388056 0.47505325957359756 0.0076300425097754546 0.007361716529336865
0 0.81982057190685 0.4640526305931646 0.0076300425097754546 0.007361716529336865
0 0.8280710840270493 0.460302416168017 0.0076300425097754546 0.007361716529336865
0 0.8545727290192042 0.45280198731772175 0.0076300425097754546 0.007361716529336865
0 0.866823489440106 0.46305257341312533 0.0076300425097754546 0.007361716529336865
0 0.8480723255305627 0.4820536598338734 0.0076300425097754546 0.007361716529336865
0 0.8398218134103637 0.47580330245862734 0.0076300425097754546 0.007361716529336865
0 0.7680673595165104 0.42605045775166883 0.0076300425097754546 0.007361716529336865
0 0.7675673284789224 0.43305085801194454 0.0076300425097754546 0.007361716529336865
0 0.7810681664937937 0.41204965723111786 0.0076300425097754546 0.007361716529336865
0 0.7680673595165102 0.4390512010921809 0.0076300425097754546 0.007361716529336865
0 0.8308212547337827 0.42080015755646244 0.0076300425097754546 0.007361716529336865
0 0.8318213168089585 0.42530041486663966 0.0076300425097754546 0.007361716529336865
0 0.8298211926586073 0.4315507722418858 0.0076300425097754546 0.007361716529336865
0 0.8335714254405162 0.43680107243709254 0.0076300425097754546 0.007361716529336865
0 0.8263209753954925 0.4445515155823977 0.0076300425097754546 0.007361716529336865
0 0.8205706184632325 0.4200501146714332 0.0076300425097754546 0.007361716529336865
0 0.8695736601468397 0.4208001575564628 0.0076300425097754546 0.007361716529336865
0 0.8430720151546847 0.4157998716562659 0.0076300425097754546 0.007361716529336865
0 0.8576172286535627 0.3925938764218936 0.006418179369577606 0.00668888876514182
0 0.9096204565626972 0.39409396219195264 0.006418179369577606 0.00668888876514182
0 0.9111205496754609 0.40034431956719874 0.006418179369577606 0.00668888876514182
0 0.8716180977060223 0.39434397648696246 0.006418179369577606 0.00668888876514182
0 0.8428663130447223 0.3693425469859782 0.006418179369577606 0.00668888876514182
