0 0.9120382640672766 0.41711185807767115 0.013445895651112432 0.013275053190148395
0 0.8972356837728748 0.3942292488139609 0.012171662372091541 0.01183994438337243
0 0.918338796366816 0.6329789472662884 0.011877764826235563 0.011781796165134594
0 0.8216474781865659 0.5104448277017345 0.01160331394361413 0.012159223141877548
0 0.8025040211884873 0.08298199073128078 0.01233146501624066 0.011868725652280062
0 0.7938009759654172 0.6083933063175367 0.010971732761548914 0.011443324711011804
0 0.9192255890887716 0.6514201267905857 0.01227507383927055 0.011995543604311735
0 0.8647337374479875 0.10700382357058319 0.012661809506623642 0.011855540068253227
0 0.8823946662571118 0.21497384361598804 0.012804363084876019 0.012747681659200916
0 0.7549365914386251 0.05527934561605039 0.012312101281207542 0.012193353279777195
0 0.9205202227053434 0.428863649782927 0.013333237689474354 0.012889530347741169
0 0.7980728771375573 0.2931600860927416 0.011155045550802479 0.010598970496136208
0 0.7360850417095682 0.14097821712493896 0.01127835978632388 0.011644643286000128
0 0.7586363709491232 0.44099721182947577 0.011783060820206352 0.0120638660762621
0 0.8522557797639265 0.6848176043966542 0.010333766107973845 0.010748241258704144
0 0.8628297888714335 0.34311931029610016 0.012436991152556046 0.011777338774307915
0 0.8783366369164508 0.610113123188848 0.010347241940705673 0.011549866717794666
0 0.7393648313439409 0.25398322810297425 0.011048441347868546 0.011263557102369226
0 0.7255288414333179 0.1048174578210582 0.011756731116253395 0.011366170385609503
0 0.7939367708952532 0.5772317492443583 0.011324841043223505 0.011020598204239555
0 0.8773976616237473 0.4330147038335385 0.013922732809315557 0.014183873715608017
0 0.832060129746147 0.46279896860537323 0.01262063565461532 0.011580467224121094
0 0.8985143329786218 0.2568316252335258 0.012770694235096807 0.011975744496221128
0 0.7432101498479428 0.12453136755072552 0.01236563143522843 0.0126516404359237
0 0.8773914834727412 0.12468898296356201 0.012398927108101223 0.012984576432601265
0 0.8856390870135763 0.10648579182832137 0.011300916257111923 0.011911081231158714
0 0.8260169651197351 0.6555551549662715 0.012194592019786005 0.01212267253709876
0 0.7100400510041609 0.47641237404035486 0.010781578395677649 0.01054140795832095
0 0.8670584429865298 0.28550210206404975 0.012240326922872791 0.01228697403617527
0 0.886867087820302 0.5786170544831649 0.012615079465119736 0.012321555096170177
0 0.926064076186567 0.5791735324807216 0.009220813075534547 0.01083251970758971
0 0.9027873536814813 0.20489754884139355 0.01110852282980214 0.011285035506538723
0 0.7734971046447755 0.179011054660963 0.012088485386060633 0.011767967887546704
0 0.7677956664043925 0.02804170743278835 0.011456406634786854 0.011331304259922192
0 0.8284408942512844 0.8849891786989958 0.008092838784922724 0.008213831030804178
0 0.7346155125161876 0.4997716571973717 0.011321565379267153 0.011213883109714672
0 0.8317281474237856 0.27628073485001275 0.010510403177012568 0.010045466215714165
0 0.8647075528683869 0.533626825913139 0.011165743288786514 0.011481368023416271
0 0.7323207855224608 0.19257653277853262 0.011319450710130774 0.011236895685610563
0 0.8978381364241891 0.5371227368064548 0.011657631915548573 0.011701148489247198
0 0.8803977137026581 0.4534956579623015 0.013333030368970789 0.012090206146240234
0 0.816633473271909 0.6172749166903289 0.01174362846042799 0.011322747106137484
0 0.8855721432229747 0.5962414637855862 0.011243322621221128 0.01061254998911982
0 0.8053046102109163 0.1666782990745876 0.010942624962848167 0.010412226552548616
0 0.7816795888154402 0.4540422999340554 0.011574164680812671 0.01098075120345406
0 0.7623613399008046 0.15765766993812894 0.01180254894754161 0.01179615311000658
0 0.7354937221692956 0.45442655293837836 0.010662700818932575 0.010683194450710132
0 0.9145798683166504 0.5614265566286833 0.011710332787555199 0.011655102605405062
0 0.9266800673111626 0.7194463066432788 0.010309882785962976 0.010476900183636208
0 0.816983181497325 0.020660481375196705 0.012376121852708899 0.011844980975855951
0 0.7383440681125808 0.4783656804457954 0.009798298711362093 0.011945828147556469
0 0.8522143363952637 0.20029104274252188 0.012649494668711786 0.012441282686979874
0 0.8765236813089123 0.7964352732119352 0.009071433025857677 0.008603386257005774
0 0.8474209826925526 0.4097453018893366 0.01103235327679178 0.010830832564312477
0 0.7695578077565068 0.32762651858122455 0.011047736458156421 0.010919819707455843
0 0.8921636913133704 0.5555116404657778 0.01198553002398947 0.012249490489130434
0 0.7249624003534731 0.14067401056704315 0.011050929193911345 0.011795500050420347
0 0.8494291720183 0.5632276224053424 0.00950697193975034 0.010328728219737177
0 0.8220779584801714 0.87017938365107 0.009213986604110054 0.009926505710767664
0 0.7629136624543562 0.1260432419569596 0.012362521627674932 0.011765987976737644
0 0.8555807238039763 0.6069462403007175 0.010775897813879925 0.010827852332073708
0 0.7825078964233398 0.19501914148745328 0.011570889016856318 0.011360002600628395
0 0.8733166819033416 0.4804675060769785 0.011218610017195992 0.01107099781865659
0 0.9290588835011359 0.13493479334789776 0.012250195378842562 0.012182639992755394
0 0.8825405991595723 0.6637508558190387 0.011099732440450916 0.010584623917289402
0 0.7771857095801312 0.5424538695293925 0.010886026465374489 0.010452809541121773
0 0.8412591892740001 0.013845982111018635 0.010840581810992699 0.011845157198283985
0 0.8504639708477519 0.3370355860046718 0.011268076689346977 0.011798843093540356
0 0.8850858522498091 0.5420889750770901 0.011216122171153193 0.010715754135795261
0 0.83606073130732 0.41399630774622376 0.011074397874915081 0.0114865199379299
0 0.9262529456097147 0.6758003856824791 0.011960402778957203 0.013366906539253567
0 0.7691424618596616 0.4905275365580683 0.010618168374766474 0.009999793508778448
0 0.7294525063556173 0.02076268066530642 0.011503965958305027 0.011088239110034447
0 0.8563725637352985 0.06307971995809804 0.011309789574664574 0.011095544566278872
0 0.8192863464355469 0.07147566131923509 0.013058206309442934 0.016553101332291313
0 0.7554813675258469 0.3288272256436555 0.010584250740382984 0.010761945143989895
0 0.9268868902455205 0.7011269486468771 0.010923717332922894 0.010647939599078636
0 0.7490253770422304 0.08539532905785235 0.009557042032408128 0.009698596829708797
0 0.9237516651982847 0.6171286831731382 0.012445035188094429 0.011943858602772589
0 0.8438490162725033 0.5452671362006146 0.011468223903490149 0.011138687963071077
0 0.8550235292185908 0.5125609895457393 0.011470753213633661 0.011486509571904722
0 0.8701799641484799 0.5907913809237273 0.01132177269977072 0.011587536853292713
0 0.8278517515762991 0.12164387495621391 0.010429299396017323 0.010615473208220108
0 0.8187173760455587 0.6426223879275114 0.013029347295346468 0.012237839076829992
0 0.8391329516535221 0.72677699379299 0.009797345037045687 0.009259182473887568
0 0.8981766286103623 0.12491200799527374 0.017091046208920685 0.011991158775661304
0 0.8281331062316893 0.8327903332917586 0.009349947390349014 0.009242099264393682
0 0.9285934489706288 0.083030729190163 0.011270149894382641 0.012654164563054624
0 0.9040193143098252 0.46272062737008796 0.012358292289402172 0.012746054193247919
0 0.8022040491518767 0.013262514834818632 0.011483150979746943 0.010980216057404228
0 0.8604100683461066 0.3665952475174614 0.01150023418924083 0.011618033699367359
0 0.8597500842550526 0.5450560839279838 0.01113916480022928 0.010920462401016899
0 0.7785051484582016 0.11626454412570437 0.008129571801672807 0.008683435072460787
0 0.9193080197209897 0.8318433554276176 0.010407613671344261 0.010122755299443785
0 0.7974187187526536 0.33563803589862323 0.011188092439070992 0.011139144068178923
0 0.8842857609624449 0.623999720034392 0.010934663855511208 0.01092255633810292
0 0.8451170092043668 0.6078298402869183 0.010594285052755604 0.01094420059867527
0 0.7358821371327277 0.040096457885659256 0.012092673260232677 0.011649922184322193
0 0.7905567832615066 0.3584966724333556 0.01115317966627038 0.011174510354581087
0 0.8533947778784712 0.025872856378555298 0.012734661931576937 0.01103275496026744
0 0.836405899213708 0.4438644906748896 0.01157690131145975 0.010893033898395042
0 0.8373895106108291 0.6782865938932998 0.011185977769934612 0.010586780050526495
0 0.906190416087275 0.6664469138435696 0.011491941369098167 0.011124030403468921
0 0.849141784336256 0.07221026783404144 0.011915704478388247 0.011123164840366528
0 0.7867644351461659 0.20963721689970596 0.011854005896526833 0.011291980743408203
0 0.7071668998054836 0.5066213504127834 0.011564213296641474 0.01128443427707838
0 0.8585433959960938 0.4935747074044269 0.010707523511803669 0.01154836364414381
0 0.8869655857915464 0.36458871675574256 0.01091666843580163 0.01154190561045771
0 0.880078771839971 0.03695579844972362 0.01304427437160326 0.010766436224398405
0 0.8869242875472358 0.7433648316756539 0.010277872500212296 0.010427309119183083
0 0.769063597140105 0.19922149699667227 0.010403467261272926 0.010162249855373218
0 0.7720008725705354 0.44010394034178363 0.011377707771632984 0.012327266776043434
0 0.914871879245924 0.17573979108229928 0.011151521102241848 0.011260644249294117
0 0.8413821925287661 0.4842404800912608 0.011173662932022758 0.010999617369278618
0 0.8798313348189646 0.48996624739273736 0.01082772793977157 0.010061885999596638
0 0.8270026289898417 0.5330824022707731 0.011273301166036854 0.011418010877526325
0 0.8762938457986584 0.5525884524635647 0.010374317998471468 0.010709866233493969
0 0.8417270909184995 0.26954000929127564 0.010679825492527172 0.010981580485468325
0 0.8500522323276687 0.14221195034358813 0.011186558267344599 0.011133307996003525
0 0.8037468039471171 0.05399971163791159 0.013111860855765965 0.011289093805396038
0 0.7994007027667503 0.5975617222163989 0.010641761448072351 0.011138397714366083
0 0.8604888501374619 0.1416398805120717 0.01167322241741678 0.01218960596167523
0 0.8994713244230852 0.36559293969817797 0.012056350708007812 0.011554751707159954
0 0.8961425242216692 0.9462489045184591 0.009244048077127209 0.007958909739618715
0 0.7374402751093325 0.10562983284825864 0.011880791705587635 0.011609626852947731
0 0.8596291127412217 0.8112071493397588 0.010286206784455673 0.00960441257642663
0 0.8410959865735925 0.43288772002510406 0.010738248410432236 0.010613773180090862
0 0.7269597053527832 0.26566289818805194 0.011672019958496094 0.01114331121030061
0 0.8970708017763884 0.11322152096292246 0.011059139085852581 0.010938084643820057
0 0.7362982708474864 0.3064861815908681 0.010833906090777855 0.011843702067499575
0 0.9146741369496221 0.7826989837314771 0.010187314904254417 0.010088671808657438
0 0.8972349996152131 0.7744292176288106 0.00849989186162534 0.008434834687606148
0 0.8738003191740618 0.5634343520454739 0.011296147885529892 0.011329153309697691
0 0.9160097370976987 0.5191987079122792 0.010287077530570652 0.010927532030188519
0 0.8753655060477878 0.37769938551861315 0.010557340539020042 0.010673170504362686
0 0.8954813169396442 0.6296647735263989 0.011117935180664062 0.011000052742336109
0 0.8218207981275475 0.4543142577876215 0.010243789009425953 0.011969244998434315
0 0.9001540515733801 0.14989011184028958 0.014208461927331013 0.012557382168977158
0 0.8511626616768215 0.4000507023023522 0.010856296705163044 0.01102347995923913
0 0.7395168387371561 0.16360103565713632 0.011603728584621265 0.012044968812362007
0 0.8112293326336405 0.30084174612294073 0.011015684708305027 0.011150650356126867
0 0.871737998464833 0.8157663967298425 0.010368388632069464 0.009251677471658459
0 0.8278143509574556 0.8170430349267047 0.010077766750169836 0.010032114775284477
0 0.8984638297039531 0.38363021353016724 0.011997637541397758 0.011810883231784985
0 0.8668689313142197 0.38497710746267566 0.011071827100670856 0.01503864578578783
0 0.8502170106639033 0.581115950708804 0.013485908508300781 0.012313884237538214
0 0.8336575134940769 0.1458806784256645 0.01000653142514436 0.010233340056046196
0 0.8264662286509638 0.5519662732663362 0.010695830635402515 0.009729675624681555
0 0.8390324841374937 0.832417571026346 0.008395526720129925 0.009447429491126019
0 0.9001527661862581 0.7324376520903215 0.010684759720512058 0.010760390240213146
0 0.8301166866136633 0.3689685658268306 0.01070967964504076 0.011437506779380466
0 0.7721016717993695 0.06583901591922926 0.012777452883513077 0.011682976847109587
0 0.8891124932662302 0.6068207388338835 0.010554396587869396 0.0104552351910135
0 0.759244504182235 0.26855802536010737 0.009600929591966711 0.011007018711255945
0 0.8090675602788511 0.27726069740627124 0.015344951463782269 0.011974832286005434
0 0.8533452075460681 0.6598883504452913 0.009604993073836617 0.009784283845320992
0 0.8018328832543414 0.27681962303493335 0.00939290419868801 0.011319699494735054
0 0.7702392287876296 0.30039801804915717 0.01090402188508407 0.01107688572095788
0 0.9122737386952277 0.19917769017426867 0.011280308599057405 0.011756627456001614
0 0.9273841070092242 0.34941494400086603 0.012551556462826937 0.015739950148955635
0 0.7749342711075492 0.36231032143468445 0.009952876878821331 0.01093882063160772
0 0.7414752711420473 0.48867359368697455 0.011203102443529211 0.011163151782491932
0 0.8470770172450852 0.6661253390104873 0.011673263881517492 0.011498990266219429
0 0.752897843070652 0.25659720794014307 0.010690025661302649 0.01040160137674083
0 0.8454804213150686 0.7523204347361688 0.011470711749532948 0.009981694428817085
0 0.7499139412589695 0.22389311375825305 0.009837316430133322 0.011660679526951
0 0.8212680402009385 0.8840921236121136 0.009581275608228601 0.00835244551948879
0 0.8686985347581947 0.934689252272896 0.009531269902768343 0.008060994355574898
0 0.9217637932818868 0.7929822672968325 0.008891312972359035 0.00933738376783288
0 0.8332778267238452 0.8534133952596913 0.008814272673233696 0.009018898010253906
0 0.8083304114963699 0.5312204360961914 0.00989731498386549 0.011403125265370245
0 0.7685364018315854 0.2718047266421111 0.009512942770253057 0.010523588761039402
0 0.7536600361699644 0.027375602203866714 0.010808778845745583 0.011014549628548
0 0.900726898856785 0.6855609727942427 0.01053718898607337 0.010887809421705164
0 0.8463678774626358 0.29836264900539233 0.010663073995838995 0.010572682256283968
0 0.9124890410381815 0.9641825427179751 0.008417502693507982 0.008702278137207031
0 0.9090637331423551 0.34576606102611707 0.012669480365255604 0.012379876945329748
0 0.9298476550890051 0.5671503854834515 0.012050006700598675 0.012573449508003567
0 0.8413807620172916 0.12474849431411078 0.010741316753885021 0.00981754842011825
0 0.7834843967271887 0.0379106298736904 0.011542486107867699 0.01315804668094801
0 0.7790678273076597 0.25816703879314923 0.010420260222061821 0.010568867559018343
0 0.9265667044598124 0.042988477841667504 0.011014938354492188 0.010616092578224514
0 0.853127210036568 0.6392752813256305 0.011248837346616 0.010769263557765796
0 0.7578853524249535 0.3053957586703093 0.011336036350416101 0.01009536826092264
0 0.7901610291522482 0.5536813321320906 0.01035619818645975 0.012015964673913044
0 0.7995941949927289 0.5364572379900061 0.0100561639536982 0.011237248130466625
0 0.9107843481976053 0.6935345400934635 0.009444858716881794 0.00893563809602157
0 0.8614950387374215 0.7941359022389287 0.009214359781016474 0.009138231692106827
0 0.8959027165951936 0.18569196825442108 0.011396159296450407 0.010691041531770126
0 0.7388647328252378 0.056724001532015594 0.011399808137313179 0.011745364769645359
0 0.7975558612657629 0.03387289332306903 0.014578570490298063 0.011234918366307798
0 0.8146011103754458 0.32926601948945416 0.010941132255222485 0.01110709231832753
0 0.9080432601596997 0.04642339763434036 0.010942003001337465 0.010543286800384521
0 0.7785827180613643 0.5206469245578932 0.010420052901558254 0.009755093118418818
0 0.9311755014502485 0.8193564622298531 0.010095223136570141 0.01026717476222826
0 0.7865410265715227 0.28260511937348737 0.010175704956054688 0.009808063507080078
0 0.8637956950975502 0.6953372333360754 0.010595570439877718 0.010366481283436651
0 0.8526532131692638 0.1634909432867299 0.010585701983907948 0.009978719379590906
0 0.9045673245969026 0.03582688518192457 0.010488883308742359 0.010769346485967222
0 0.8591559451559314 0.6747634307197903 0.010125450465990149 0.009806591531504755
0 0.8738439394080121 0.5019221305847168 0.011904757955799932 0.01147299227507218
0 0.7484549854112708 0.231814954591834 0.010311665742293648 0.010446444801662281
0 0.9301344000774882 0.7886492687722911 0.007975370987601902 0.008208730946416441
0 0.8401881715525752 0.5928740397743557 0.009666650191597317 0.009999834972879162
0 0.8388397797294285 0.23161696351092792 0.010389659715735394 0.011442951534105383
0 0.7861465163852857 0.2668504507645317 0.009773461715034817 0.009829894356105639
0 0.8155588067096212 0.5894129379935886 0.009262250817340353 0.010119147922681726
0 0.7043369334676991 0.492522384809411 0.011283086693805199 0.011211187943168308
0 0.8443030896394148 0.5014311438021453 0.011484311974566917 0.012302916982899542
0 0.7337829755700153 0.2359009203703507 0.010904892631199047 0.010903109674868376
0 0.880038137021272 0.24422373978987988 0.01282227557638417 0.012553712596064028
0 0.9228986242543097 0.7646359982697861 0.008890815403150476 0.011595186979874321
0 0.8297680564548657 0.09630985881971277 0.010713411414104958 0.010791343191395636
0 0.8875026495560355 0.17690995465154236 0.011174036108929176 0.0107616548952849
0 0.7745846872744353 0.09438627699147098 0.010659922724184782 0.010335362475851307
0 0.887027118517005 0.0767104314721149 0.010206637175186821 0.010632660077965778
0 0.8526365860648778 0.8739020928092625 0.007809348728345789 0.008251978003460428
0 0.9168710293977158 0.0729273039361705 0.01126372295877208 0.011010501695715862
0 0.7693696643995203 0.5079024770985479 0.010035556295643682 0.010316434113875679
0 0.809729534646739 0.38302584575570153 0.010556925898012907 0.010832605154617973
0 0.8480057283952589 0.4438059313697426 0.00530470616954783 0.006511116323433433
0 0.9244986824367358 0.05318003115446672 0.012186299199643343 0.01269426553145699
0 0.8727437309596848 0.730797933495563 0.010669293610945992 0.010985415914784307
0 0.9128163586492124 0.8038227869116742 0.009520530700683594 0.010027056154997452
0 0.8635955686154573 0.8617871118628462 0.007415978804878567 0.007444008536960768
0 0.7623730327772057 0.502346598583719 0.010479180709175442 0.010872592096743376
0 0.9112890492314878 0.7466435847075088 0.009053271749745245 0.009307405223017153
0 0.8796373657558276 0.9069713302280591 0.006973722706670346 0.007623050523840863
0 0.8568495667499044 0.5623005162114684 0.010234293730362602 0.010852191759192425
0 0.813454296277917 0.04475254727446515 0.012263339498768682 0.011039710563162098
0 0.747143206389054 0.27379494128019916 0.010342805281929348 0.01008116680642833
0 0.8721638347791589 0.8521497975225034 0.008780728215756624 0.008694192637567934
0 0.8293033961184172 0.5662569309614036 0.00977225925611413 0.011160684668499489
0 0.8392894786337147 0.10345510296199632 0.010869689609693445 0.010841110478276792
0 0.7610441498134446 0.3612828669340714 0.010584748309591541 0.009778934976328974
0 0.8667232264643131 0.377859960431638 0.009987540867017664 0.010231816250344982
0 0.8817419176516326 0.09110579542491745 0.01170585466467816 0.010365750478661579
0 0.8489715120066766 0.28702113939368207 0.010802020197329313 0.010895604672639267
0 0.8157933069312056 0.03656596204508906 0.012143798496412195 0.012827287549557894
0 0.8936047554016112 0.019729915520419247 0.01223593172819718 0.011394064063611238
0 0.8560080942900283 0.7121528957201088 0.00990158578623896 0.009874924369480299
0 0.8636280764704164 0.6646738363348921 0.009247116420579992 0.00914045002149499
0 0.7948020437489386 0.10124318496040678 0.011460014011548914 0.010759913403054943
0 0.7494694668313733 0.03724419293196305 0.012241446453592052 0.011077336643053137
0 0.7462595442067023 0.3720700300258139 0.009600888127866 0.009923504746478537
0 0.8766648873038914 0.0734117523483608 0.010247064673382301 0.011484648870385212
0 0.8796387548032014 0.5058205335036569 0.009567758311396059 0.01009225845336914
0 0.9130833459937054 0.6849931426670242 0.010766029357910156 0.01043000428572945
0 0.8796574551126232 0.8578030544778575 0.0076024428657863454 0.007028496783712635
0 0.7584756975588591 0.46638589838276734 0.009874965833581013 0.010088267533675484
0 0.8702930989472764 0.7463334125021229 0.010219449582307236 0.009093077286430027
0 0.9122718106145444 0.06383116608080656 0.011480787526006285 0.010752579440241274
0 0.7824170693107273 0.2303303220997686 0.009702309318210768 0.009565436321756115
0 0.7536844792573347 0.34274193514948303 0.00931238091510275 0.01061080849688986
0 0.8859507311945376 0.18650732869687286 0.01038596941077191 0.010330034338909645
0 0.8632352455802585 0.9249054038006325 0.007899616075598675 0.007342628810716711
0 0.8390492563662322 0.11608724490455961 0.0107574462890625 0.01036437698032545
0 0.8317747530729875 0.018331850352494614 0.012210845947265625 0.012554948744566544
0 0.9269202275306292 0.4546156821041377 0.006140360920272153 0.00688274809956713
0 0.9127412049666696 0.8526168698849885 0.010582550712253735 0.010859655297320824
0 0.8412075457365618 0.37256764328998065 0.010677005933678669 0.010940323705258577
0 0.9021230158598528 0.6511052380437437 0.011023770207944124 0.011035048443338146
0 0.8030628950699514 0.31061399501302966 0.01081060326617697 0.010580207990563435
0 0.7762579710587211 0.2784541067869767 0.01028881902280061 0.010228343631910242
0 0.9238590986832328 0.2264003028040347 0.012216236280358356 0.011136407437531845
0 0.7528361859528916 0.3595205014166625 0.009176503057065218 0.010344041430431862
0 0.8918410384136698 0.9130720677583113 0.008037691530974014 0.008209518764329992
0 0.9318863412608271 0.46739101928213367 0.011381481004797894 0.01011911682460619
0 0.9124177642490552 0.7587703414585281 0.010100281756857166 0.009654128033181896
0 0.7460914694744609 0.38513889779215277 0.009993428769318954 0.009377163389454718
0 0.7335262713224993 0.37726758873980976 0.009093160214631454 0.010237403537916101
0 0.8533097350079081 0.8900611711585004 0.00860458871592646 0.007630555526069973
0 0.7871107018512228 0.04412797870843306 0.011052587757939878 0.010679304599761963
0 0.7987485761227815 0.48129440390545397 0.010322114695673403 0.010107164797575577
0 0.8215006952700408 0.07788090083910071 0.010146928870159645 0.010026164676832117
0 0.8986349727796472 0.2725492042043935 0.012708124907120415 0.011777608290962551
0 0.7420027981633726 0.466285430866739 0.010153272877568785 0.00992174770521081
0 0.8135418062624724 0.5456257384756337 0.01022475698719854 0.010613710983939793
0 0.9221727951713231 0.021865037472351738 0.014509615690811821 0.01578356131263401
0 0.8153610436812693 0.15890335000079614 0.015338773312775986 0.011078482088835342
0 0.8649742914282758 0.0804602607436802 0.01114103068476138 0.010967332383860712
0 0.7867576350336489 0.3737814478252245 0.010169402412746265 0.009643710177877674
0 0.8863934848619544 0.651741535767265 0.011631882709005604 0.011623403300409731
0 0.8119146098261294 0.3403703596280969 0.013612166694972828 0.00998334262682044
0 0.8717881907587465 0.7114182140516199 0.00971711200216542 0.0104528924693232
0 0.8293533947156824 0.3179372082585874 0.010036924610967222 0.0091216460518215
0 0.7643032488615615 0.34862280928570294 0.01009169868800951 0.009213924407958984
0 0.9239295047262439 0.7320857048034668 0.00946782982867697 0.009614073711892834
0 0.9249592034713083 0.5121194383372432 0.011365351469620415 0.011220144188922386
0 0.855206655419391 0.5775421598683232 0.009829645571501358 0.010868113973866339
0 0.8058939809384552 0.3633992412815924 0.010995035586149796 0.011413377264271612
0 0.8874354984449303 0.8309765898663066 0.011155335799507473 0.010022826816724695
0 0.7947409671285877 0.5599044716876486 0.010541169539741848 0.010454924210258152
0 0.8634477490964143 0.76821696239969 0.008467840111773947 0.00901620284370754
0 0.744608858357305 0.01708077477372211 0.010117447894552479 0.0109753738278928
0 0.849254670350448 0.7228869355243185 0.010751516922660496 0.00990822004235309
0 0.8843895456065302 0.9394578104433806 0.0074649479078209915 0.0072393831999405574
0 0.8511665593022886 0.8472351405931556 0.008975070455799932 0.008787901505180027
0 0.9015492563662322 0.7652821955473528 0.008402202440344769 0.008124351501464844
0 0.9221479996390965 0.8836981731912366 0.01111038871433424 0.009577212126358696
0 0.7940838647925337 0.3115965283435324 0.009355171867038893 0.009671771008035412
0 0.8168101932691492 0.0978095997934756 0.010534286499023438 0.011006842488827913
0 0.9143922432609226 0.037903091181879456 0.010310338891070824 0.010966891827790634
0 0.7634871524313221 0.25017586998317554 0.010128684665845789 0.009902746781058933
0 0.8037871070530103 0.552829763163691 0.011357348898182745 0.01118332406748896
0 0.8380046512769617 0.031033055937808494 0.011219439299210258 0.011056373948636263
0 0.734876010728919 0.1738567093144293 0.009838270104449728 0.009834216988605001
0 0.8284260915673297 0.3303527211689431 0.010228157043457031 0.011751174602819525
0 0.8698072018830674 0.22837545560753864 0.012649619061013927 0.014333061549974524
0 0.8763903804445118 0.636902743392818 0.010984847856159505 0.010160148810091535
0 0.7510510942210322 0.48667151513306983 0.010219117869501528 0.010566058366195015
0 0.8979560810586682 0.8786878378494926 0.007975992949112602 0.007574869238811991
0 0.7405379958774734 0.2414702436198359 0.010571894438370415 0.00999792762424635
0 0.9258448973945949 0.7570727804432744 0.010301507037618885 0.00999251655910326
0 0.8136603521264116 0.6012472588083019 0.010074905727220617 0.01067047533781632
0 0.8711049038430919 0.18158637959024182 0.010402430658755095 0.01030036677484927
0 0.7651501323865808 0.3808697617572287 0.010680198669433594 0.011323223943295687
0 0.7782031764154849 0.31208780537480896 0.009839845740276834 0.008943226026452106
0 0.9209712899249533 0.7431930873704994 0.009519908739172894 0.008719071097995924
0 0.9228309475856186 0.9145694266195996 0.006624344712726422 0.007922489746534842
0 0.8710054314654806 0.760870415231456 0.009459122367527174 0.008702526921811312
0 0.7278246050295624 0.08763909599055415 0.012929791989533798 0.009476760159368101
0 0.8877377095429793 0.7211058036140773 0.010437301967454992 0.011031067889669666
0 0.9325905260832412 0.7396341821421747 0.008435622505519701 0.009393028590990149
0 0.8199270704518193 0.5570506427599036 0.010323109834090523 0.010000850843346638
0 0.8329717594644298 0.16668163693469507 0.010870850604513416 0.011260291804438051
0 0.8880004053530486 0.04068299609681834 0.009850045909052309 0.010095842506574549
0 0.8970391232034436 0.9252191626507303 0.007868476535962976 0.007509148639181385
0 0.9055873414744502 0.9484667985335641 0.007212804711383322 0.008703065955120584
0 0.7508830194887908 0.31045675277709966 0.009809245233950407 0.010147426439368206
0 0.9295347462529722 0.9689897661623748 0.008271839307702106 0.00911161173944888
0 0.8750950979149859 0.868157386779785 0.008953135946522589 0.008023552272630774
0 0.7398116692252782 0.0654160561768905 0.01107336127239725 0.00926549538322117
0 0.8852714870287025 0.8956956241441809 0.008726534636124321 0.008250568224036175
0 0.9076566074205481 0.7082581727401069 0.009471437205439028 0.009312919948412024
0 0.8961555439492931 0.08467321551364401 0.010952866595724354 0.011216313942618992
0 0.9266860796057661 0.9058343016582988 0.007164084393045177 0.006623516912045686
0 0.8999829499617867 0.7532700455707052 0.009608641914699389 0.009794193765391474
0 0.7332030379253887 0.09280786825262982 0.011409469272779383 0.010298925897349482
0 0.818911075592041 0.5803407171498174 0.009625683660092562 0.010224466738493546
0 0.7267721010291058 0.17655039870220685 0.010480300239894703 0.01022170937579611
0 0.9154639658720596 0.7160151937733527 0.009924308113429857 0.010017975516941235
0 0.9000664793926738 0.7017273280931555 0.009476744610330334 0.009059906005859375
0 0.9053188614223315 0.8886237351790719 0.007581171782120415 0.0075354368790336275
0 0.7675367852915889 0.08583885431289673 0.010267423546832542 0.010643902032271675
0 0.9170830560767133 0.2327409205229386 0.00968821152396824 0.00963567650836447
0 0.8603915338930876 0.9119359513987665 0.00763652635657269 0.007454457490340523
0 0.7399948783542798 0.09345947141232697 0.011471292246942934 0.010594077732252039
0 0.9245200157165528 0.5218795071477476 0.010841079380201258 0.011095586030379585
0 0.7698981450951617 0.37594486060349835 0.008516270181407099 0.008675694465637207
0 0.837628820668096 0.08491273029990819 0.010549296503481657 0.010900798051253609
0 0.8971802462702212 0.6579507848490839 0.010795551797618036 0.010051955347475798
0 0.8406728661578634 0.866447117017663 0.007435342539911685 0.007514870685079823
0 0.856694595794329 0.7433437813602467 0.006016940824384626 0.007866625220025581
0 0.7497083829796832 0.46950381735096813 0.009881475697393003 0.008981041286302649
0 0.836847740670909 0.28605292154395057 0.011073278344195824 0.009928972824760105
0 0.920382955799932 0.09017330667246944 0.011381398076596468 0.010917331861413044
0 0.9041316405586575 0.1226408688918404 0.010156631469726562 0.01028280672819718
0 0.8632410505543582 0.899771151335343 0.007526687953783117 0.0069360318391219426
0 0.8369518155636995 0.3182819407919179 0.010327753813370415 0.009610341942828634
0 0.8084874982419221 0.5781601200933042 0.010138262873110563 0.011515036873195484
0 0.7711077773052714 0.2181900584179422 0.009733573250148607 0.01006298479826554
0 0.8567005033078401 0.22047847250233527 0.009760524915612263 0.01114380877950917
0 0.8073529575182044 0.5642142295837402 0.010339280833368715 0.009728182917055876
0 0.7340159416198729 0.01149510462646899 0.009548477504564367 0.009377129051996313
0 0.8892020349917205 0.7549629004105277 0.009071681810461956 0.00942756818688434
0 0.8185917398203973 0.11605952097022015 0.009748044221297554 0.00944344893745754
0 0.9131078927413279 0.911967194598654 0.007808560910432235 0.0069959060005519704
0 0.8584648215252422 0.17462424609972085 0.009690160336701767 0.010919633119002632
0 0.8423580916031547 0.09269837711168372 0.011052090188731318 0.010688636613928753
0 0.8449729007223378 0.22594246656998343 0.010769139165463655 0.010414828424868376
0 0.9141634236211362 0.32257887040791305 0.011722813481869905 0.013443749236023945
0 0.8711023745329483 0.0917609126671501 0.011541532433551292 0.011381113010904064
0 0.9075657803079357 0.18199102774910306 0.011909401935079823 0.011509418487548828
0 0.9279928000076956 0.887486520020858 0.007576279018236242 0.007538049117378567
0 0.8829232091489045 0.6882872581481934 0.009271124134893003 0.00927597543467646
0 0.9326759835948114 0.983496209849482 0.00995436958644701 0.010302170463230297
0 0.7666236006695292 0.2087480399919593 0.011131493941597317 0.013490904932436735
0 0.8576006060061248 0.22661660028540573 0.009833584661069124 0.011285470879596214
0 0.8592646640280018 0.027710940526879356 0.012274617734162704 0.009792773619942043
0 0.7799046012331362 0.1021769433284608 0.006939776343239726 0.007640511826279938
0 0.8281800021295962 0.15522497114927872 0.010321782982867699 0.010799584181412407
0 0.8114928369936736 0.5712123850117559 0.008922411047894022 0.009491941203241762
0 0.9021907267363174 0.09367563931838324 0.011215500209642492 0.010035649589870289
0 0.736753111300261 0.38437849542369007 0.008697551229725714 0.008791508881942085
0 0.8421204193778657 0.15185119276461395 0.009972862575365149 0.01004338264465332
0 0.8490633342577064 0.4936208310334579 0.01004467839780061 0.010361795840056046
0 0.8922167860943339 0.8343183683312456 0.00881721662438434 0.009803689044454823
0 0.7321747904238493 0.2746310234069825 0.009721092555833899 0.009756295577339504
0 0.8424514687579613 0.8749958328578784 0.008795447971509851 0.008124351501464844
0 0.8069984187250552 0.11642342028410539 0.008796277253524117 0.008367310399594515
0 0.7668956259022589 0.06879539852556975 0.010895604672639267 0.011915958446005116
0 0.7612271393456597 0.0809205834612776 0.00955832904899918 0.008854754459574432
0 0.8627900105824599 0.6540901976343975 0.007355371320955264 0.008388476934210022
0 0.9316643839297087 0.047255557516346816 0.008470203565514606 0.009576206621916397
0 0.8751928495324176 0.6842125809710957 0.009758824887483017 0.008690419404403023
0 0.7623629570007325 0.2378876727560292 0.008703107419221298 0.010209705518639606
0 0.8281385172968325 0.3489576746588168 0.010514715443486753 0.010326170403024425
0 0.9067423173360278 0.905560978155261 0.006372340717516343 0.005691997160475026
0 0.8224688675090399 0.5978314254594885 0.005922868976976906 0.008976003398065978
0 0.8206549727398417 0.08861467112665591 0.012072231458581013 0.012208005656366762
0 0.8313338032420874 0.5958701073011002 0.009232106119858247 0.006738426670173487
0 0.8800597190856934 0.7663482375766919 0.008509221284285835 0.009538194407587465
0 0.8481965154654199 0.7375492024227525 0.006171800275386764 0.007473296760654612
0 0.9145238295845364 0.9469868618509044 0.0069993889850118885 0.007243778394616168
0 0.8727130133173848 0.6446014762664862 0.007251199579841717 0.008176167410966788
0 0.8650597489398458 0.16171582367109216 0.009496730306874151 0.009009247240812882
0 0.9036130697830862 0.35247054825658386 0.010763292727263077 0.012329671693884808
0 0.8664329256484068 0.7941359022389287 0.009214359781016474 0.009138231692106827
0 0.8703832351771955 0.7859060907206203 0.009214359781016474 0.009138231692106827
0 0.8868428582138125 0.7753719319771855 0.009214359781016474 0.009138231692106827
0 0.865774540726943 0.7753719319771855 0.009214359781016474 0.009138231692106827
0 0.874991929627449 0.7773470867415795 0.009214359781016474 0.009138231692106827
0 0.872029197480858 0.7678005053803415 0.009214359781016474 0.009138231692106827
0 0.8637993859625503 0.7335644894641785 0.009214359781016474 0.009138231692106827
0 0.8544511722193344 0.7349156627368939 0.006171800275386764 0.007473296760654612
0 0.8597182515910521 0.7395243571871468 0.006171800275386764 0.007473296760654612
0 0.8900162030472331 0.7126424835336839 0.006452393383335305 0.0058278744259792955
0 0.8780455681115119 0.6960468305546157 0.006452393383335305 0.0058278744259792955
0 0.8853911850038866 0.7001277288281572 0.006452393383335305 0.0058278744259792955
0 0.8900162030472335 0.7012159683677681 0.006452393383335305 0.0058278744259792955
0 0.8908323827019419 0.6960468305546159 0.006452393383335305 0.0058278744259792955
0 0.893280921666067 0.7039365672167959 0.006452393383335305 0.0058278744259792955
0 0.8674352326003052 0.6797232374604504 0.006452393383335305 0.0058278744259792955
0 0.869176234813649 0.6492264943098334 0.007251199579841717 0.008176167410966788
0 0.8529028063235086 0.44298975171503435 0.00530470616954783 0.006511116323433433
0 0.9247437484514072 0.4592407001474846 0.006140360920272153 0.00688274809956713
0 0.8338820919493396 0.8743788431877885 0.008092838784922724 0.008213831030804178
0 0.8632645595188376 0.8741067833028856 0.008092838784922724 0.008213831030804178
0 0.8733307752602402 0.8779156216915244 0.008092838784922724 0.008213831030804178
0 0.861360140324519 0.8879818374329266 0.008092838784922724 0.008213831030804178
0 0.8975441050165857 0.8928789153611761 0.008092838784922724 0.008213831030804178
0 0.8719704758357263 0.8866215380084127 0.008092838784922724 0.008213831030804178
0 0.859455721130201 0.8810443103679069 0.006460479475503954 0.007397651376097396
0 0.8899264282393101 0.8848531487565456 0.006460479475503954 0.007397651376097396
0 0.8692498769867006 0.9090664785128912 0.006460479475503954 0.007397651376097396
0 0.8760513741092697 0.9185885744844878 0.006460479475503954 0.007397651376097396
0 0.8760513741092698 0.9256621314919593 0.006460479475503954 0.007397651376097396
0 0.8831249311167417 0.9308312693051115 0.006460479475503954 0.007397651376097396
0 0.9182206562691978 0.9591254973349986 0.006460479475503954 0.007397651376097396
0 0.9051099580266113 0.8998477205723031 0.006372340717516343 0.005691997160475026
0 0.8886052667714581 0.9249471027658277 0.007868476535962976 0.007509148639181385
0 0.7649017806083477 0.339644833083912 0.01009169868800951 0.009213924407958984
0 0.7539785762295023 0.35116656920954376 0.00859536932104366 0.007119063294207737
0 0.7635633192869659 0.2270383974924452 0.009702309318210768 0.009565436321756115
0 0.7737383589823291 0.22973179035298247 0.007308182331066487 0.007171309334611761
0 0.7701471685016127 0.23601637369423617 0.007308182331066487 0.007171309334611761
0 0.865647202486674 0.17103305561900414 0.00609896985598699 0.009124037878643904
0 0.8792462058087861 0.060250808435497995 0.010206637175186821 0.010632660077965778
0 0.8889723466940598 0.059801909625408385 0.006914712567863424 0.007939267217428391
0 0.8919650054279903 0.06863025289050287 0.006914712567863405 0.007640001344035308
0 0.7996561488770765 0.11354904651739611 0.006939776343239726 0.007640511826279938
0 0.7840943234606387 0.11025712191007271 0.006939776343239726 0.007640511826279938
0 0.8153148508855448 0.10728656792391333 0.008129571801672807 0.008683435072460787
0 0.8063368746837537 0.10668803617712726 0.008129571801672807 0.008683435072460787
