1 0.8885164099924006 0.7922544454337743 0.011034716744289312 0.008276037558216843
1 0.8777882131576749 0.7947066047102831 0.011034716744289312 0.008276037558216843
1 0.8606209209069992 0.7944972474877141 0.011034716744289312 0.008276037558216843
1 0.8616677070198455 0.8037089652807596 0.011034716744289312 0.008276037558216843
1 0.8728683184272996 0.8040230011146137 0.007894358405753001 0.013091253677309133
1 0.8979374850080153 0.8039784498976507 0.011034716744289312 0.008276037558216843
1 0.8874696238795547 0.8029316637848046 0.011034716744289312 0.008276037558216843
1 0.8832824794281704 0.807118808236189 0.011034716744289312 0.008276037558216843
1 0.8874696238795547 0.8138182393584039 0.011034716744289312 0.008276037558216843
1 0.9052649877979383 0.8129808104681271 0.011034716744289312 0.008276037558216843
1 0.9044275589076617 0.8213550993708958 0.011034716744289312 0.008276037558216843
1 0.8931222688889242 0.8247048149320032 0.011034716744289312 0.008276037558216843
1 0.9138486339232768 0.827426458825403 0.011034716744289312 0.008276037558216843
1 0.9274568533902761 0.8332884610573411 0.011034716744289312 0.008276037558216843
1 0.9140579911458463 0.8420814644052483 0.011034716744289312 0.008276037558216843
1 0.8937503405566324 0.8393598205118485 0.011034716744289312 0.008276037558216843
1 0.8809795499799101 0.8332884610573411 0.011034716744289312 0.008276037558216843
1 0.8694649027386037 0.8267983871576955 0.011034716744289312 0.008276037558216843
1 0.8647543652307966 0.8182147410323579 0.007056929515474789 0.0061824653325243985
1 0.867685366346766 0.8150743826938195 0.007056929515474789 0.0061824653325243985
1 0.8488432163155365 0.8198895988129116 0.007056929515474789 0.0061824653325243985
1 0.8433999285287377 0.8088983446280278 0.009150501741165717 0.008485394780785496
1 0.833455460456701 0.8162258474179513 0.008941144518600994 0.007229251445371734
1 0.8787812991429349 0.8194708843677734 0.007056929515474789 0.0061824653325243985
1 0.8789906563655042 0.8240767432642961 0.007056929515474789 0.0061824653325243985
1 0.84177877087577 0.8302973325470501 0.011034716744289312 0.008276037558216843
1 0.8524559892268002 0.8309254042147576 0.011034716744289312 0.008276037558216843
1 0.8614583497972765 0.8315534758824653 0.011034716744289312 0.008276037558216843
1 0.8775788559351063 0.8455804097946029 0.011034716744289312 0.008276037558216843
1 0.8899309320666903 0.8535359842522331 0.011034716744289312 0.008276037558216843
1 0.8631332075778307 0.8422306942334954 0.011034716744289312 0.008276037558216843
1 0.8511998458913855 0.841602622565788 0.011034716744289312 0.008276037558216843
1 0.8394758414275096 0.8413932653432188 0.011034716744289312 0.008276037558216843
1 0.8239834069573877 0.8378341925595423 0.011034716744289312 0.008276037558216843
1 0.8057693285938657 0.8380435497821115 0.011034716744289312 0.008276037558216843
1 0.8080722580421272 0.851023697581403 0.011034716744289312 0.008276037558216843
1 0.8191681908382955 0.8520704836942491 0.011034716744289312 0.008276037558216843
1 0.8336138391955715 0.8487207681331417 0.011034716744289312 0.008276037558216843
1 0.827961194186203 0.8552108420327873 0.011034716744289312 0.008276037558216843
1 0.8430349142111864 0.852907912584526 0.011034716744289312 0.008276037558216843
1 0.857061848123324 0.8556295564779259 0.011034716744289312 0.008276037558216843
1 0.8742291403739998 0.8577231287036181 0.011034716744289312 0.008276037558216843
1 0.8675297092517849 0.8633757737129869 0.011034716744289312 0.008276037558216843
1 0.8817660003864914 0.8652599887161102 0.011034716744289312 0.008276037558216843
1 0.8951648626309213 0.8654693459386793 0.011034716744289312 0.008276037558216843
1 0.9035391515336901 0.8589792720390335 0.011034716744289312 0.008276037558216843
1 0.9112853687687513 0.8522798409168187 0.011034716744289312 0.008276037558216843
1 0.9225906587874891 0.8602354153744491 0.011034716744289312 0.008276037558216843
1 0.9328491626933819 0.853326627029665 0.004754000067215518 0.00827603755821684
1 0.9262007100548607 0.8707634038972308 0.011034716744289312 0.008276037558216843
1 0.9278755678354145 0.8801844789128458 0.011034716744289312 0.008276037558216843
1 0.9178264211520925 0.8772534777968768 0.011034716744289312 0.008276037558216843
1 0.9113363472524466 0.870344689452093 0.011034716744289312 0.008276037558216843
1 0.8995076641772868 0.8728569761229236 0.007894358405749546 0.008694752003355274
1 0.905788380854363 0.8784049425210075 0.007475643960611677 0.006391822555093908
1 0.9157328489264015 0.8858371239222147 0.008103715628319519 0.0070198942228013594
1 0.9285036395031238 0.892955269489568 0.008103715628319519 0.0070198942228013594
1 0.8975187705628798 0.890861697263876 0.008103715628319519 0.0070198942228013594
1 0.9050556305753718 0.897561128386091 0.008103715628319519 0.0070198942228013594
1 0.9184544928198016 0.8952581989378295 0.008103715628319519 0.0070198942228013594
1 0.805192235409856 0.863121865273455 0.008522430073458244 0.007647965890509392
1 0.8194285265445626 0.8618657219380395 0.008522430073458244 0.007647965890509392
1 0.8183817404317166 0.8691932247279622 0.008522430073458244 0.007647965890509392
1 0.8298963876730235 0.8696119391731006 0.008522430073458244 0.007647965890509392
1 0.8357583899049617 0.8629125080508859 0.008522430073458244 0.007647965890509392
1 0.8458075365882842 0.8712867969536546 0.008522430073458244 0.007647965890509392
1 0.8558566832716068 0.8681464386151165 0.008522430073458244 0.007647965890509392
1 0.8584736485537224 0.8789283355774318 0.00998793063144209 0.008276037558217427
1 0.8375379262968018 0.8818593366934008 0.012500217302274241 0.009113466448494097
1 0.8739660830238455 0.8776721922420164 0.012500217302274241 0.009113466448494097
1 0.887993016935983 0.8824874083611087 0.012500217302274241 0.009113466448494097
1 0.8706163674627383 0.8883494105930465 0.012500217302274241 0.009113466448494097
1 0.8828637649830384 0.8959909492168232 0.011034716744288978 0.008485394780786644
1 0.8200565982122705 0.8800798003015621 0.008522430073458244 0.007647965890509392
1 0.8087513081935329 0.8748458697373316 0.008522430073458244 0.007647965890509392
1 0.8020518770713181 0.8804985147467004 0.008522430073458244 0.007647965890509392
1 0.7917933731654268 0.8802891575241314 0.008522430073458244 0.007647965890509392
1 0.8085419509709643 0.8863605169786386 0.008522430073458244 0.007647965890509392
1 0.8284308871150404 0.8916991261541534 0.009359858963735684 0.0078573231130788
1 0.8520882532653618 0.8910710544864459 0.009359858963735684 0.0078573231130788
1 0.8418297493594702 0.8975611283860917 0.009359858963735684 0.0078573231130788
1 0.8315712454535786 0.9013295583923376 0.009359858963735684 0.0078573231130788
1 0.8144039532029029 0.8975611283860917 0.009359858963735684 0.0078573231130788
1 0.8039360920744422 0.8986079144989378 0.009359858963735684 0.0078573231130788
1 0.7940963026136891 0.8940020556024149 0.009359858963735684 0.0078573231130788
1 0.7936775881685507 0.9032137733954606 0.009359858963735684 0.0078573231130788
1 0.7949337315039662 0.9145190634141984 0.009359858963735684 0.0078573231130788
1 0.8060296643001346 0.9088664184048296 0.009359858963735684 0.0078573231130788
1 0.821940813215395 0.9078196322919837 0.009359858963735684 0.0078573231130788
1 0.8309431737858715 0.9120067767433677 0.009359858963735684 0.0078573231130788
1 0.8386893910209325 0.9187062078655823 0.009359858963735684 0.0078573231130788
1 0.8504133954848087 0.9134722773013522 0.009359858963735684 0.0078573231130788
1 0.858578327165008 0.9053073456211529 0.009359858963735684 0.0078573231130788
1 0.8690461882934689 0.8996547006117841 0.009359858963735684 0.0078573231130788
1 0.8818169788701912 0.9042605595083069 0.009359858963735684 0.0078573231130788
1 0.8920754827760827 0.9097038472951064 0.009359858963735684 0.0078573231130788
1 0.9071492028010661 0.9115880622982295 0.009359858963735684 0.0078573231130788
1 0.9134299194781427 0.9048886311760148 0.009359858963735684 0.0078573231130788
1 0.9211761367132038 0.9040512022857379 0.009359858963735684 0.0078573231130788
1 0.9326907839545113 0.9002827722794923 0.0047540000672138885 0.007857323113078796
1 0.9209667794906348 0.9143097061916297 0.009359858963735684 0.0078573231130788
1 0.9301784972836803 0.9170313500850296 0.009359858963735684 0.0078573231130788
1 0.9092427750267585 0.9197529939784294 0.009359858963735684 0.0078573231130788
1 0.8998217000111439 0.9251962817652292 0.009359858963735684 0.0078573231130788
1 0.9209667794906347 0.9258243534329368 0.009359858963735684 0.0078573231130788
1 0.9303878545062496 0.9254056389877985 0.009359858963735684 0.0078573231130788
1 0.931643997841666 0.9341986423357059 0.007685001183183683 0.007857323113078796
1 0.9176170639295286 0.933361213445429 0.007685001183183683 0.007857323113078796
1 0.911336347252453 0.9378623937306676 0.01187214563456685 0.005973108109955285
1 0.8924941972212214 0.9306395695520289 0.009359858963735684 0.0078573231130788
1 0.8924941972212214 0.9400606445676436 0.009359858963735684 0.0078573231130788
1 0.9046369161302364 0.9475975045801356 0.01312828896998101 0.007857323113078797
1 0.9200246719890751 0.9449805392980207 0.010406645076582928 0.0063918225550941
1 0.9271428175564286 0.9410027520692056 0.010406645076582928 0.0063918225550941
1 0.9288176753369822 0.9502144698622513 0.010406645076582928 0.0063918225550941
1 0.92944574700469 0.9585887587650201 0.010406645076582928 0.0063918225550941
1 0.9137439553119987 0.9556577576490511 0.010406645076582928 0.0063918225550941
1 0.9185591714310907 0.9629852604389734 0.010406645076582928 0.0063918225550941
1 0.9099755253057531 0.9672770835016427 0.010406645076582923 0.00827603755821646
1 0.9016012364029845 0.9585887587650199 0.010406645076582928 0.0063918225550941
1 0.8856900874877242 0.950842541529959 0.010406645076582928 0.0063918225550941
1 0.8698836171837451 0.9170313500850288 0.009359858963735684 0.0078573231130788
1 0.8811889072024828 0.9166126356398905 0.009359858963735684 0.0078573231130788
1 0.8619280427261148 0.914937777859337 0.009359858963735684 0.0078573231130788
1 0.8780485488639446 0.925614996210367 0.009359858963735684 0.0078573231130788
1 0.8811889072024828 0.9333612134454282 0.009359858963735684 0.0078573231130788
1 0.8673713305129149 0.9318957128874439 0.009359858963735684 0.0078573231130788
1 0.8518788960427928 0.9241494956523831 0.009359858963735684 0.0078573231130788
1 0.8483198232591163 0.9369202862291054 0.009359858963735684 0.0078573231130788
1 0.8347116037921173 0.9314769984423057 0.009359858963735684 0.0078573231130788
1 0.8204753126574107 0.932733141777721 0.009359858963735684 0.0078573231130788
1 0.8093793798612423 0.9312676412197365 0.009359858963735684 0.0078573231130788
1 0.7960851962280974 0.9320003914987289 0.012081502857135017 0.009741538116201936
1 0.8117869879207887 0.9232073881508218 0.012081502857135017 0.009741538116201936
1 0.8151367034818964 0.9167173142511761 0.012081502857135017 0.009741538116201936
1 0.8229875993282421 0.9197529939784305 0.009778573408873252 0.00785732311307841
1 0.8259186004442111 0.9233120667621071 0.009778573408873252 0.00785732311307841
1 0.827802815447334 0.9446665034641673 0.009778573408873252 0.00785732311307841
1 0.8407829632466256 0.9450852179093058 0.009778573408873252 0.00785732311307841
1 0.8179630259865811 0.9463413612447209 0.009778573408873252 0.00785732311307841
1 0.8095887370838125 0.9432010029061826 0.009778573408873252 0.00785732311307841
1 0.8005863765133363 0.9450852179093054 0.009778573408873252 0.00785732311307841
1 0.8006910551246216 0.9572279368183202 0.010825359521719046 0.008694752003355469
1 0.8134618457013437 0.9565998651506127 0.010825359521719046 0.008694752003355469
1 0.8264419935006352 0.9586934373763049 0.010825359521719046 0.008694752003355469
1 0.8038314134631599 0.9702080846176118 0.010825359521719046 0.008694752003355469
1 0.8134618457013439 0.9731390857335812 0.010825359521719046 0.008694752003355469
1 0.8251858501652203 0.9821414463040576 0.010825359521719046 0.008694752003355469
1 0.8272794223909127 0.9683238696144894 0.010825359521719046 0.008694752003355469
1 0.8440280001964499 0.9572279368183212 0.010825359521719046 0.008694752003355469
1 0.8446560718641577 0.9725110140658739 0.010825359521719046 0.008694752003355469
1 0.8526116463217879 0.9733484429561511 0.010825359521719046 0.008694752003355469
1 0.8622420785599718 0.9679051551693516 0.010825359521719046 0.008694752003355469
1 0.8580549341085876 0.959530866266583 0.010825359521719046 0.008694752003355469
1 0.8624514357825412 0.9432010029061844 0.010825359521719046 0.008694752003355469
1 0.8787812991429402 0.9432010029061844 0.010825359521719046 0.008694752003355469
1 0.8750128691366943 0.9555530790377682 0.010825359521719046 0.008694752003355469
1 0.8729192969110022 0.967695797946783 0.010825359521719046 0.008694752003355469
1 0.8825497291491864 0.9777449446301053 0.010825359521719046 0.008694752003355469
1 0.8835965152620324 0.9616244384922759 0.010825359521719046 0.008694752003355469
1 0.8905053036068167 0.9676957979467835 0.010825359521719046 0.008694752003355469
1 0.8969953775064623 0.9752326579592753 0.010825359521719046 0.008694752003355469
1 0.9093474536380458 0.9808853029686441 0.010825359521719046 0.008694752003355469
1 0.9286083181144151 0.9855958404764532 0.010406645076583317 0.007229251445373464
1 0.9179310997633854 0.987375376868292 0.010406645076583308 0.003670178661698312
1 0.9064164525220787 0.9882128057585695 0.010406645076583308 0.0028327497714220164
1 0.9323006182215431 0.9672398836645723 0.005735037630824205 0.006391822555094096
1 0.9275424995267882 0.9754584523191484 0.009714555084619698 0.007602980041031716
