1 0.20693329106206482 0.5766465560249661 0.013165432473887568 0.01338295314622962
1 0.39079624673594604 0.5830926998801853 0.013564980548361073 0.013248257015062414
1 0.22889860816623855 0.5734368407207987 0.012838031934655231 0.012434710627016813
1 0.22443775508714758 0.5333409516707711 0.01238690251889436 0.012802953305451767
1 0.3602421387382176 0.48224627453347924 0.011863542639690895 0.011866030485733696
1 0.2660037019978399 0.5215646702310314 0.01325783522232719 0.02487344327180282
1 0.24155211448669434 0.5667585911958115 0.012536069621210512 0.013406380363132641
1 0.20130419731140137 0.6065091050189474 0.013444050498630688 0.014380372088888416
1 0.3448820114135743 0.5332345962524414 0.012979922087296196 0.013878034508746605
1 0.3595506574796594 0.5998354372770889 0.013643233672432278 0.014356032661769703
1 0.3759898517442771 0.5147802575653216 0.012737730275029674 0.014858049907416827
1 0.2915432245835014 0.5345705073812733 0.013771409573762314 0.014351347218389097
1 0.2787192904430887 0.5493010852647864 0.016764246899148693 0.020072978475819462
1 0.18370510184246558 0.6862456280252209 0.01253534399944803 0.013103899748429008
1 0.3610477343849513 0.5259711431420367 0.013033182724662449 0.01404633729354195
1 0.30182433128356934 0.5849588746609895 0.012601375579833984 0.01298218188078507
1 0.21741291751032293 0.5445918414903723 0.011164810346520466 0.014461475869883661
1 0.41686118685680884 0.5283442994822627 0.012789073197737984 0.015739150669263756
1 0.4087677416594132 0.6042183378468389 0.013488106105638586 0.0142853363700535
1 0.39512516072261655 0.5157730319213297 0.013095305665655898 0.013541833416592876
1 0.3678898189378822 0.5492297566455343 0.012644809225331182 0.01312950383061948
1 0.4199961786684787 0.5736925902183664 0.013942884362262244 0.012658117050397549
1 0.25400337965592096 0.5062394971432893 0.012545917345129925 0.013360189354938011
1 0.19869599135025692 0.6427442716515582 0.011401342309039574 0.012648209281589672
1 0.37206624901813 0.6573459376459536 0.016285771908967392 0.015704113504161007
1 0.15344334685284156 0.5072784320167874 0.012364304584005604 0.012653330098027769
1 0.18473690489064093 0.6226925953574802 0.012916088104248047 0.013863874518353005
1 0.316711135532545 0.5833231055218241 0.0132757684458857 0.01357368800951087
1 0.365927094998567 0.5894368420476499 0.013641564742378567 0.013922525488811989
1 0.24168083978735885 0.6436595916748047 0.01240317717842434 0.0129547119140625
1 0.25198985182720685 0.6748386051343834 0.01327495989592179 0.013541594795558765
1 0.3608292496722678 0.6172788454138715 0.01445144155751104 0.01428960717242697
1 0.4319824394972428 0.5474816094274106 0.013088340344636337 0.012724606887153957
1 0.3444114670805309 0.5640071785968283 0.0123820291913074 0.024579835974651833
1 0.4213291665782099 0.5137849165045697 0.012344277423361073 0.01292724194733993
1 0.31628546507462213 0.6595660188923711 0.018729126971700916 0.017915456191353176
1 0.3892282403033713 0.6121881941090459 0.01511383056640625 0.014973225800887398
1 0.3916986714238706 0.553823180820631 0.013530648272970448 0.014972272126570992
1 0.16925309015356976 0.5971508129783298 0.013018214184304943 0.013092932493790337
1 0.3822420576344366 0.5672160749850066 0.013781464618185291 0.014152754908022673
1 0.17366421222686768 0.2731228600377622 0.011744219323863153 0.013050224470055622
1 0.4053509753683339 0.5897163515505585 0.013162032417629078 0.012719486070715862
1 0.41247861281685205 0.5582603786302649 0.012219221695609715 0.012539241624915081
1 0.4167045043862384 0.5445982684259829 0.012858940207439919 0.013142917467200237
1 0.24265160767928418 0.5824331200641134 0.012933274973993715 0.012768786886463995
1 0.3989111444224482 0.5357722303141719 0.01343461741571841 0.01431732592375382
1 0.2658334607663362 0.5923807310021442 0.01347189364225968 0.01367676776388417
1 0.26490572224492615 0.5146389422209366 0.012534763502038044 0.013025200885275135
1 0.3416783809661865 0.5900333238684613 0.013489909794019617 0.013922566952912704
1 0.34749977808931604 0.38499425805133314 0.013404404339583023 0.013471904008284859
1 0.22188139998394507 0.6045671338620393 0.012352300726849098 0.014215842537257984
1 0.21659434360006583 0.6390308089878249 0.012237590292225714 0.013011393339737602
1 0.17010085479072906 0.6322861754375956 0.012710281040357508 0.012808965600055199
1 0.43708298885654395 0.5625847940859587 0.012169726924521111 0.01300911281419837
1 0.253107039824776 0.487408969713294 0.013200075730033543 0.013665074887483017
1 0.36448218511498487 0.46141184931216034 0.013052629387896995 0.013879361359969429
1 0.19141073848890225 0.5111219571984332 0.01143901244453762 0.013045932935631794
1 0.22293281555175784 0.4744125449139138 0.013685392296832542 0.012824597566024117
1 0.22049393861190128 0.5154491611149001 0.013478113257366676 0.013724181963049847
1 0.18839906609576684 0.5633985063304072 0.01254898568858271 0.012682500092879585
1 0.24952906111012335 0.5274182506229567 0.012616717297097912 0.013201029404349949
1 0.17834422899329144 0.5816619499869968 0.012380185334578804 0.013230821360712465
1 0.07110391233278358 0.11421251815298328 0.012086158213408096 0.013848273650459621
1 0.3206150062058283 0.44023431902346405 0.015120723325273266 0.01382203724073327
1 0.4394435571587604 0.5340903738270635 0.013160726298456606 0.013816335926885191
1 0.31970378754077333 0.5972930207290865 0.011501641426074672 0.01177704102827477
1 0.38047369666721514 0.6273095193116562 0.015647929647694462 0.014665707297947094
1 0.17911296305449112 0.5266528958859652 0.012134904446809189 0.01347877668297809
1 0.4269089439640875 0.014097988929437557 0.011892971785172173 0.012314259358074352
1 0.3531172120052835 0.4397930684296981 0.011871804361758024 0.012285356936247452
1 0.2092322162959887 0.4328295576595653 0.01282022310339888 0.01318921493912322
1 0.3805873990058899 0.47620682094408123 0.012540210848269255 0.013927791429602581
1 0.26990212564883026 0.49482473083164374 0.01345837634542714 0.013247552125350288
1 0.21672812752101733 0.5631975091021993 0.013950969861901325 0.014383316040039062
1 0.21459368000859802 0.6206226452537205 0.013298946878184443 0.013127181840979534
1 0.24144237974415655 0.4698579000390094 0.01256857747616975 0.012361402096955673
1 0.26744069223818573 0.6595223675603451 0.012410868769106657 0.012823809748110563
1 0.3825550079345703 0.492889051852019 0.013223813927691917 0.013466088668159817
1 0.3610597408336142 0.5716581759245499 0.013441360515096912 0.013770891272503395
1 0.16400396305581796 0.5421269250952679 0.011513253916864809 0.012941484865934952
1 0.1730352121850719 0.5150478819142217 0.011097690333490786 0.012135381283967392
1 0.16236428592516028 0.5202977760978367 0.0123052804366402 0.012866434843643852
1 0.2007377458655316 0.527550863183063 0.012639004251231318 0.012418083522630774
1 0.3334018568629804 0.371849352898805 0.012727259293846462 0.014040858849235203
1 0.234847296839175 0.5033782254094663 0.012996963832689367 0.013096228889797046
1 0.28611000724460767 0.5904239778933319 0.01454850901728091 0.014264438463293987
1 0.11563414076100224 0.08414228066154149 0.011411687602167543 0.012562793234120245
1 0.23783461943916656 0.48969625390094257 0.016504951145337975 0.012283822764521059
1 0.39466830958490784 0.448021904281948 0.013437976007876188 0.013296407202015753
1 0.11472607695538065 0.21745011080866278 0.010940759078316067 0.012208088584568188
1 0.2805163445680038 0.6069483757019043 0.013315967891527258 0.013203537982443104
1 0.20248044055441156 0.6256783941517705 0.012941940971042797 0.013230779896611753
1 0.2773193483767302 0.43722177070120105 0.013273861097252888 0.012969151787135914
1 0.1949606667394223 0.11562967300415039 0.011457754218060036 0.011873183043106743
1 0.14830354503963306 0.5763730795487113 0.011620552643485691 0.013687589894170347
1 0.2602593380471934 0.6339459004609481 0.013604288515837296 0.014687289362368376
1 0.2063471130702807 0.6515812044558318 0.012780687083368715 0.012703149215034817
1 0.1960084231003471 0.45312232038249134 0.013801097869873047 0.015912480976270592
1 0.2564058303833008 0.6485134622325068 0.013981819152832031 0.015114328135614809
1 0.40606073711229407 0.5126490800277047 0.015700257342794666 0.013136075890582542
1 0.16827468768410062 0.6464925434278406 0.01293071456577467 0.012974448826002039
1 0.22477457834326703 0.0755952415258988 0.010973826698634937 0.011813925660174827
1 0.3031285638394563 0.5538682730301566 0.014076087785803753 0.013869866080906079
1 0.16050288469895072 0.6082029342651366 0.011493921279907227 0.011853508327318274
1 0.35255081627679913 0.4993731871895168 0.01257693508396978 0.01581486411716627
1 0.1955185558484948 0.7239522726639456 0.012159762175186821 0.012440266816512398
1 0.14743906518687372 0.12611976395482602 0.01202790633491848 0.013287948525470238
1 0.1978744423907736 0.6840471599413 0.011380610258682915 0.012269476185674253
1 0.2792225609654966 0.5122478526571522 0.013116318246592646 0.013913569243057915
1 0.2530088632003121 0.547847146573274 0.018582924552585766 0.015399808469025986
1 0.18366564356762427 0.3452445761017177 0.023133288259091583 0.011736833530923595
1 0.21906334420909046 0.5879233609075132 0.01355531941289487 0.014127358146335766
1 0.35248370792554773 0.5106328052023182 0.013777525528617527 0.016049592391304348
1 0.20260424199311633 0.5136570826820706 0.01231303422347359 0.013106947359831436
1 0.4167547381442526 0.42569049026655115 0.014040231704711914 0.0137594575467317
1 0.15454093269679858 0.47283477368562116 0.011170449464217476 0.013382911682128906
1 0.33983578889266297 0.40332064162129944 0.013350279434867527 0.014351165812948475
1 0.32103517424801126 0.5669816784236742 0.014213347564572874 0.014205704564633577
1 0.15873687163643216 0.0755544434423032 0.012320829474407692 0.01247027645940366
1 0.12472417043602985 0.07349555388740871 0.009939898615298063 0.010864890140035877
1 0.20801334795744522 0.28675360264985456 0.011680561563243036 0.011524221171503481
1 0.19028077954831332 0.5500913288282312 0.012867658034614895 0.01519111965013587
1 0.3111469745635987 0.4823582587034806 0.01324531306391177 0.013208741727082626
1 0.24276457662167758 0.6591691556184187 0.013697831527046535 0.012608735457710598
1 0.12744706091673477 0.30910338526186737 0.011714696884155273 0.01245129626730214
1 0.35116320718889654 0.47120293845301087 0.012105291304380997 0.013220652290012524
1 0.19843951515529465 0.30521015498949133 0.010884658150050953 0.011461838431980297
1 0.36488427286562714 0.6794422398442808 0.014533125835916271 0.01704058439835258
1 0.233185280924258 0.615425503772238 0.01394734175308891 0.013999234075131624
1 0.15444349206012228 0.5544914991959281 0.01200823161913001 0.013097265492314878
1 0.160814238631207 0.6220378461091416 0.01144105455149775 0.013214525969132133
1 0.1584412844284721 0.015410725189291912 0.01135508910469387 0.011551916599273682
1 0.16467958429585333 0.11880036540653396 0.011726762937462849 0.01234325118686842
1 0.39173189712607337 0.38013538329497626 0.014184376467829165 0.015887161959772526
1 0.30183769309002423 0.4657496784044348 0.01374717380689538 0.013734776040782099
1 0.1560619654862777 0.160189442012621 0.011366025261257007 0.011677389559538467
1 0.08831985100455908 0.059517577938411545 0.011957002722698708 0.012980373009391453
1 0.15873296882795251 0.49257701376210095 0.011696245359337849 0.012257866237474524
1 0.23339720394300378 0.5470696946848994 0.013038490129553753 0.013003763945206352
1 0.40717512628306507 0.4956958190254543 0.012727032537045687 0.014071920643682066
1 0.37788686804149463 0.4492890990298728 0.012923121452331543 0.013120620147041653
1 0.24816317143647568 0.5944639807162079 0.012241342793340269 0.012232635332190472
1 0.3719808200131292 0.498945775239364 0.013249993324279785 0.01318724259086277
1 0.3363209532006928 0.06620011899782263 0.009909850747688957 0.010752372119737707
1 0.41533841788855447 0.4456334114074707 0.014094757258034918 0.0142326769621476
1 0.30318252936653467 0.5150238016377324 0.01423423186592434 0.014112824979035751
1 0.17594727744226868 0.5545039384261422 0.013891251190848972 0.012378360914147419
1 0.12251058350438657 0.15021200283713962 0.01172533242598824 0.01354689183442489
1 0.23855630211208176 0.625213156575742 0.012292281441066578 0.01213830450306768
1 0.1552375140397445 0.5858858149984608 0.011876676393591839 0.012218848518703296
1 0.1780909144360086 0.477317099985869 0.012193120044210682 0.012694493584010914
1 0.22312670168669327 0.6692367429318636 0.011631882709005604 0.013006085934846298
1 0.34248740452787146 0.3543086842350338 0.013124430957047836 0.014003310514533001
1 0.2713069708450981 0.5590230071026346 0.013150671254033628 0.01265778748885445
1 0.15124705563420837 0.3983341714610224 0.012311189070991848 0.012842344201129417
1 0.39570042620534485 0.47847833840743353 0.0129277343335359 0.01383804238360861
1 0.1024208690809167 0.1809188697649085 0.010857540628184443 0.012153231579324474
1 0.35996191397957167 0.3856650746386985 0.011506702588952106 0.012573760488758917
1 0.1924361871636432 0.32126292100419174 0.010534556015678074 0.013970875869626585
1 0.3185717333918032 0.08490657288095227 0.010162021802819294 0.010643803555032482
1 0.3502187521561333 0.5451889867367952 0.012884264406950577 0.012593103491741676
1 0.19255398667376972 0.13278558979863705 0.010966819265614386 0.011504608651866083
1 0.3515513707762179 0.41660850981007447 0.012883090454599132 0.013693975365680199
1 0.4224217041679051 0.5868462479632833 0.012893842614215355 0.013045062189516813
1 0.153461622155231 0.4425225672514542 0.011157056559687075 0.011976946955141813
1 0.31775990776393725 0.4201184355694314 0.012777287027110224 0.01409211366072945
1 0.08915902220684548 0.11875935741092848 0.010775462440822437 0.01194919710573943
1 0.21515577772389288 0.3450191953907843 0.010967607083527939 0.012443583944569464
1 0.19190004597539484 0.023611162019812545 0.010822586391283117 0.011346837748651918
1 0.15028326407722806 0.20507494263027026 0.012591216875159222 0.012608756189760954
1 0.39872490841409436 0.5680990426436715 0.012133349543032438 0.01366524074388587
1 0.11836133832516876 0.045697282189908234 0.010889716770337976 0.01082208363906197
1 0.12919200503307843 0.1283919966739157 0.011764889178068741 0.013042937154355257
1 0.30047213512918225 0.7109163118445355 0.013754637345023777 0.01364873803180197
1 0.3333813107532004 0.5731923269188922 0.013409220654031506 0.013495942820673403
1 0.3296973083330237 0.5307504197825557 0.014296013375987177 0.014868404554284138
1 0.16840787555860434 0.5036978306977644 0.011665800343389097 0.011986317841903023
1 0.2930154904075291 0.45372210378232203 0.01363540732342264 0.013277592866317085
1 0.4184891970261284 0.40879102375196374 0.013519701750382133 0.014247521110202954
1 0.3226619589587916 0.5451692498248556 0.014955809582834658 0.014179229736328125
1 0.12930081201636273 0.1098847181900688 0.011029658110245415 0.01165783923605214
1 0.19194238082222317 0.7409177448438561 0.010948264080545177 0.012583939925484035
1 0.34566897931306256 0.5710539610489554 0.012739969336468239 0.013219501661217731
1 0.435228617294975 0.44899849269701086 0.013204698977263077 0.014010139133619226
1 0.23640998550083328 0.5990013868912406 0.012775441874628481 0.013124714726987093
1 0.2599242044531781 0.5457206290701161 0.012434752091117527 0.013455453126326851
1 0.2801689168681269 0.37605095168818603 0.01161125431890073 0.011517478072124977
1 0.376610165056975 0.3810229171877322 0.012405716854593029 0.013197541236877441
1 0.20964257613472317 0.4999673262886378 0.012245219686756964 0.013729841812797215
1 0.21424821148747986 0.04810806331427202 0.013388986172883408 0.011584616225698719
1 0.15023577731588614 0.09483190723087478 0.012019986691682236 0.012224249217821203
1 0.347821453343267 0.4869741978852645 0.014317035675048828 0.018239187157672386
1 0.38105985392694885 0.5365357398986818 0.013204657513162365 0.013602671415909477
1 0.4582986002383025 0.4911386137423308 0.013621122940726902 0.013234905574632727
1 0.06882103888884834 0.2430313255475915 0.010724414949831755 0.013337902400804602
1 0.3607396250185759 0.5601562313411547 0.011981300685716711 0.013006770092508068
1 0.0785854510639025 0.08618730047474736 0.01176613828410273 0.01271125544672427
1 0.22945599970610242 0.16536860362343167 0.011895117552384087 0.013079653615536898
1 0.14641491226528003 0.35762401119522425 0.011883445408033289 0.013546241366344948
1 0.32079200867725455 0.3381979112391887 0.01653102623379749 0.014368195248686749
1 0.45853634502576746 0.4726832586786021 0.01319427075593368 0.014117002487182617
1 0.2513125564741052 0.4273153232491535 0.012458822001581606 0.014723103979359503
1 0.333200858986896 0.5549100378285283 0.014731884002685547 0.013419026913850204
1 0.2564411163330078 0.5763134334398352 0.012660026550292969 0.013056796530018682
1 0.07895732444265616 0.024368238837822624 0.01181874067887016 0.012295522119687952
1 0.20533236213352368 0.33081656953562866 0.011391722637674084 0.011765376381252125
1 0.1875358871791674 0.2933617882106615 0.01132438493811566 0.012188621189283289
1 0.44429822590040124 0.4735011847122855 0.013581027155337126 0.013814635898755945
1 0.11677140774934189 0.2600113827249278 0.011537199435026749 0.012380807296089504
1 0.12290164180423903 0.3268942858861841 0.012112503466398819 0.012745779493580694
1 0.40043901878854504 0.02200381716956263 0.011153003443842348 0.011613523182661636
1 0.07165168938429459 0.058774683786475136 0.011387063109356423 0.012003991914832073
1 0.16661415411078412 0.5751967430114747 0.01171268587527068 0.01180404165516729
1 0.2470701155455216 0.6085699019224748 0.012071796085523523 0.012608548869257387
1 0.17700589221456778 0.34379765261774475 0.010568950487219769 0.010796733524488367
1 0.21078212364860202 0.030252210471941078 0.01142126580943232 0.01097038517827573
1 0.17449600281922717 0.32137531819550885 0.01094371339549189 0.012091076892355213
1 0.19127391732257343 0.4101839480192765 0.011126767034116 0.011660202689792797
1 0.17044451962346613 0.6128217241038447 0.012026434359343155 0.012043123659880264
1 0.09029181366381436 0.07653372443240622 0.010611798452294392 0.0107886324758115
1 0.2152682698291281 0.30316516627436096 0.01240595527317213 0.012097026990807575
1 0.32857106690821447 0.3547428651996281 0.012892176275667936 0.013322926085928211
1 0.20708785886349884 0.31674309398816985 0.014114649399467136 0.01313850154047427
1 0.2848591493523639 0.39291630102240527 0.01217993446018385 0.013962631640226944
1 0.23726399048514984 0.343824345132579 0.011739564978558083 0.011250205661939539
1 0.41708793847457115 0.4880230552111838 0.013365310171376038 0.014340280636156714
1 0.26741136675295624 0.3798563247141631 0.010773306307585342 0.011175305947013523
1 0.33805153680884314 0.471415084341298 0.012752553691034731 0.014384933139966883
1 0.15368516548820163 0.17686033248901367 0.012037028437075407 0.012941319009532099
1 0.21018408692401386 0.47367564491603686 0.012529020724089249 0.012971131697944973
1 0.20549177086871606 0.23773220311040466 0.012689466061799423 0.013880439426587976
1 0.3263034924216893 0.4797030272691147 0.012278287307075832 0.013239083082779594
1 0.17844127572101093 0.028039560369823288 0.011287979457689367 0.011597558208133862
1 0.3053699472676153 0.22458505630493164 0.010305591251539148 0.01003588800844939
1 0.18422211771425995 0.30927389601002564 0.010744592417841372 0.010845205058222231
1 0.2998711648194686 0.04875543843144957 0.010990122090215269 0.010156983914582626
1 0.10426104587057364 0.32219713926315313 0.010473665983780571 0.01267025263413139
1 0.2919327590776526 0.6066955276157545 0.013590833415155825 0.013904447140900986
1 0.0852813694788062 0.24114379675491995 0.011084064193393871 0.01188101975814156
1 0.2489703219869862 0.06588978871055272 0.011622263037640114 0.010523536930913511
1 0.2744977474212646 0.57362757558408 0.014359619306481403 0.01628191574760105
1 0.1298107271609099 0.200534260791281 0.012239580569059952 0.01156591332477072
1 0.26873955519303033 0.6750324912693189 0.013333652330481487 0.013501457546068274
1 0.23812763587288235 0.6980149642280913 0.013293121172034222 0.013762349667756454
1 0.23310439482979153 0.7562464216481084 0.012523609658946161 0.013165391009786854
1 0.21327163862145465 0.2736323294432267 0.01125024712604025 0.011474091073741083
1 0.36939319061196363 0.41125477656074194 0.012456463730853538 0.013292442197385042
1 0.3144138895947 0.6161320935124937 0.014665458513342815 0.013922525488811989
1 0.4095322152842646 0.013136454898378124 0.011186516803243885 0.011479990637820701
1 0.3580577075481415 0.36144586749698804 0.012882188610408619 0.014708778132563051
1 0.1611581211504729 0.3438924913821013 0.010865325513093368 0.012595425481381624
1 0.18584312563357144 0.07956976994224217 0.010904125545335852 0.010885134987209156
1 0.1619196145430855 0.5660372091376263 0.011477781378704567 0.012104635653288467
1 0.2948295137156611 0.10071777779123056 0.01069777944813604 0.01122799126998238
1 0.07913841371950896 0.04112212683843529 0.012078057164731234 0.012790501117706299
1 0.20179407492927884 0.7463793754577637 0.012827686641527258 0.012411905371624489
1 0.17545595894689142 0.36635421670001483 0.010741285655809485 0.011276452437691067
1 0.2317429210828698 0.141584821369337 0.0116119384765625 0.010501529859459919
1 0.1368566855140354 0.2900650915892228 0.012168023897253948 0.01887244763581649
1 0.3334979819862739 0.05219477933386098 0.010984500465185745 0.015777323556982952
1 0.47040647009144665 0.465464825215547 0.013176171675972317 0.014582416285639223
1 0.16373028444207233 0.1887572848278543 0.011215987412825874 0.011381128559941832
1 0.08007815868958185 0.18184394421784775 0.00972481914188551 0.01092728324558424
1 0.328858961229739 0.4021570371544879 0.01231941969498344 0.013189564580502718
1 0.16668487504626753 0.40737743885561656 0.011254390993521247 0.012412504319380362
1 0.39061791741329693 0.42063171967216156 0.013681924861410389 0.013743670090385105
1 0.24271118122598398 0.27209109845368756 0.01061006214307702 0.011265837627908459
1 0.3205823004245758 0.46634767366492225 0.014851183994956638 0.014585204746412195
1 0.29217675457830017 0.033176365106002144 0.010451420493747875 0.011741596719493036
1 0.20262080690135126 0.10376208243162736 0.01127004623413086 0.010799936626268469
1 0.2330005168914795 0.6749305725097655 0.01105505487193232 0.012641077456266983
1 0.25334331263666565 0.4079294412032418 0.011892152869183083 0.012256663778553839
1 0.08649762298749841 0.2542717353157375 0.0115438233251157 0.012201931165612263
1 0.3110648134480352 0.09913652876149051 0.01032325495844302 0.011391390924868376
1 0.41026105051455297 0.035054928582647575 0.012132686117421026 0.011905905993088432
1 0.25180824943210767 0.3605949153070864 0.011659041694972828 0.013175798499065895
1 0.15160416520160178 0.5425071301667586 0.011387617691703465 0.012586013130519703
1 0.20892491547957714 0.4081415300783903 0.011921467988387398 0.013200718423594599
1 0.3439836813055951 0.08202825681022975 0.01120503052421238 0.01058872368024743
1 0.07754858162092126 0.15152764320373538 0.011890214422474737 0.013520842013151749
1 0.12018528710240903 0.0156967607529267 0.01153490854346234 0.011475898649381555
1 0.10619381199712338 0.02215480610080387 0.011179156925367273 0.011664508477501247
1 0.30464696884155273 0.5674485123675802 0.01378308171811311 0.014465788136357847
1 0.17565459790437118 0.18122498885444976 0.009735895239788553 0.010661664216414742
1 0.25670905735181726 0.38902738819951593 0.011208990345830503 0.012031140534774117
1 0.17529100438822873 0.07103364882261856 0.011501136033431343 0.012272948804108993
1 0.15851881193078082 0.42775376983310864 0.010569904161536175 0.011828318886134937
1 0.24369062548098358 0.7133538204690686 0.012892121854035751 0.012624989385190218
1 0.17352549407793125 0.08909089409786723 0.010596824728924294 0.012857442316801651
1 0.1656958123911982 0.44268005827198853 0.010496802951978601 0.021745743958846382
1 0.3192026615142822 0.3790586098380711 0.01220709344615107 0.014266511668329653
1 0.38816478978032654 0.4344377258549566 0.01296545111614725 0.012332470520682957
1 0.17658874781235404 0.053164254064145294 0.011508806892063305 0.011972023093182106
1 0.268399539201156 0.3517123538514842 0.011241643325142239 0.011542937029962954
1 0.23175755791042163 0.3126927355061407 0.01239789050558339 0.011301766271176546
1 0.25128731520279596 0.26172495924908185 0.012186630912449047 0.011684065279753311
1 0.43069934844970703 0.5174721842226776 0.01356182927670686 0.013281366099481997
1 0.21940677062324856 0.10606855413188107 0.011227027229640796 0.010861925456834875
1 0.28464828366818634 0.6961015411045239 0.014638631240181301 0.016322301781695824
1 0.2501922172048818 0.3296651010927947 0.010971960814102837 0.011515534442404041
1 0.20382136883942978 0.35103821754455566 0.011080202849014946 0.011398916659147842
1 0.08728579334590746 0.30293449111606763 0.010775265486344048 0.010790970014489216
1 0.2521982192993164 0.16630923748016357 0.00957625845204229 0.010015394376671833
1 0.4205682070358939 0.5023627695829972 0.012083696282428245 0.012824307317319124
1 0.37436686391415797 0.5285736996194591 0.012557693149732508 0.013157388438349184
1 0.1006264582924221 0.22448666199393894 0.011698328930398693 0.011890121128248133
1 0.25155469645624573 0.08332600800887396 0.011624336242675781 0.011338462000307829
1 0.2523254829904307 0.3134425515713899 0.011181437450906506 0.010316786558731743
1 0.12956547737121582 0.09668634767117706 0.011522147966467815 0.011185449102650518
1 0.20261672268743097 0.14813140682552173 0.011102655659551207 0.010833170102990192
1 0.26867566937985626 0.6959009377852731 0.012080586474874744 0.01244142781133237
1 0.34196951078331994 0.4320955172829006 0.012604050014329992 0.012674020684283714
1 0.1757657009622325 0.106394710748092 0.01130464802617612 0.012047570684681768
1 0.12254002301589301 0.17075769279314124 0.01250328188357146 0.012199723202249279
1 0.1979081527046535 0.3915441191714743 0.010875079942786175 0.011540319608605427
1 0.07023680469264156 0.1340307100959446 0.011341462964596956 0.013208358184151028
1 0.33197455885617627 0.08853847565858261 0.011107630055883656 0.01123120473778766
1 0.3774540009705917 0.4384446351424508 0.011477200881294582 0.012837617293648098
1 0.14110463080198868 0.14902913052102792 0.01186823844909668 0.013234553129776665
1 0.18223535496255625 0.42458565338798193 0.010202884674072266 0.011382683463718579
1 0.18066504727239197 0.38352172271065094 0.010845661163330078 0.011234573695970617
1 0.10840069211047629 0.3061876089676567 0.01200494558914848 0.012124434761379078
1 0.08948178913282312 0.3363347468168839 0.012279365373694378 0.011334792427394703
1 0.26691397376682446 0.11820254636847455 0.01049966397492782 0.010682966398156208
1 0.23512453618256943 0.06213205275328264 0.011548892311427906 0.013128156247346298
1 0.19285390688025433 0.05045603928358658 0.011046782783840015 0.021385612695113472
1 0.3652745666711227 0.4750499829002049 0.015915637430937393 0.01602668347566024
1 0.22503537717072863 0.22280546893244202 0.010768144027046535 0.012286953304124914
1 0.09964558870896051 0.293457497721133 0.011238751204117485 0.011465881181799847
1 0.2118939731432044 0.08989442949709686 0.010395962259043818 0.011207062265147333
1 0.18744828390038532 0.7080857650093413 0.011541801950205927 0.012268729831861414
1 0.17751085758209229 0.1312106122141299 0.01118059780286706 0.012432150218797766
1 0.17066283847974692 0.49112400801285455 0.012355597122855808 0.011798402537470278
1 0.2122910230056099 0.20679677051046622 0.01099903687186863 0.011283294014308765
1 0.2244656500609025 0.3795067512470743 0.010829987733260445 0.010780298191568127
1 0.26792894239011017 0.4670914774355681 0.01090545239655868 0.012081063312032948
1 0.23803723376730215 0.3908253208450649 0.011832237243652344 0.012474542078764542
1 0.06823104360829228 0.3347864876622739 0.010298863701198414 0.010665043540622875
1 0.2060709310614544 0.015213430251764215 0.01101678350697393 0.011011436581611633
1 0.4052581787109375 0.39581316191217175 0.013925034066905146 0.014238642609637718
1 0.2233523078586744 0.09300196170806885 0.010192456452742867 0.011219781378041143
1 0.1267113219136777 0.028768368389295494 0.009753133939660114 0.009730344233305557
1 0.30956728562064795 0.24637556076049802 0.01157391589620839 0.01249296768851902
1 0.2305044920548149 0.43575678700986115 0.01153775920038638 0.011642829231593921
1 0.26198267936706543 0.4499206335648246 0.013621931490690811 0.012776540673297386
1 0.4337842205296392 0.042307737080947205 0.014653879663218622 0.01487360311591107
1 0.2600879669189453 0.4637041869370834 0.014727011970851734 0.0127053571783978
1 0.1353879389555558 0.020643927480863487 0.010872032331383747 0.011871091697527014
1 0.3640063210673954 0.43469408802364184 0.012971486734307331 0.014663955439691958
1 0.2517429123754087 0.6151506797127102 0.015331496363100798 0.01643209872038468
1 0.13365295140639596 0.06421497075454048 0.010318082311879034 0.010804197062616762
1 0.1784969827403193 0.015299921450407608 0.010554313659667969 0.010718231615812882
1 0.08209081836368727 0.13604559587395712 0.01142411646635636 0.01212056823398756
1 0.27998996817547345 0.4643752471260402 0.012222497359566067 0.012776582137398098
1 0.2640298449474832 0.25908168502475903 0.011269590129023012 0.011347169461457626
1 0.3185263612995977 0.13053030553071396 0.010286808013916016 0.01067551322605299
1 0.2746481584466022 0.1942467378533405 0.009789736374564793 0.01096640462460725
1 0.29476942186770233 0.346292749695156 0.012055500693943188 0.013543408849964972
1 0.29822979802670685 0.40393924713134766 0.012567064036493715 0.01399993896484375
1 0.3796673728072125 0.3535823446253072 0.015202164649963379 0.014855288940927257
1 0.11320382097493047 0.2308453476947287 0.010964673498402472 0.012457474418308422
1 0.17803200431492017 0.43510682168214215 0.01145408464514691 0.01246036653933318
1 0.2718495182369066 0.2748385719631029 0.01200723648071289 0.012576849564262058
1 0.3310859294041344 0.034505643274473106 0.011607794657997463 0.01196700852850209
1 0.15861565133799677 0.14543731316276218 0.011896465135657269 0.012331008911132812
1 0.3027991730233897 0.06484519398730733 0.009982793227485989 0.0099508347718612
1 0.08915180227030879 0.011982883124247841 0.010986981184586235 0.010868960748548094
1 0.11700975894927979 0.06359006010967752 0.011016317035840906 0.017689445744390072
1 0.23555137800133746 0.3718720000723134 0.011473697164784307 0.012512186299199644
1 0.3036796010058859 0.3836845392766206 0.01296791823013969 0.01255332387011984
1 0.19679522514343264 0.7050483330436375 0.01210563079170559 0.013621330261230469
1 0.4461275546447091 0.46038227495939843 0.012753372607023819 0.012059626371964165
1 0.34682195082954737 0.3693233806154002 0.012795406839121943 0.01268067048943561
1 0.08059847095738286 0.16419856962950333 0.009920301644698433 0.010772860568502674
1 0.22135576994522754 0.39063376965730084 0.010940385901409645 0.011012077331542969
1 0.08659226998038916 0.17117687411930252 0.01133404607358186 0.013310836709063988
1 0.18448804765896354 0.6633724363116901 0.016131173009457794 0.01982110479603643
1 0.10213209753451138 0.33402190001114557 0.010539189628932789 0.010836269544518513
1 0.27923045987668244 0.25866736536440643 0.010496823684028957 0.011141901430876358
1 0.25050499128258746 0.01925769901793936 0.011072034421174423 0.014573603868484497
1 0.10110489700151526 0.24015516820161242 0.011038044224614683 0.011716987775719685
1 0.26906695573226264 0.36809607174085535 0.010815164317255434 0.011213862377664318
1 0.39331784455672547 0.4086716900701108 0.013300688370414402 0.013064052747643513
1 0.25855445861816406 0.689915408258853 0.013823011647100035 0.013022132541822351
1 0.31302892643472424 0.39499592781066895 0.012443397356116253 0.013056734333867613
1 0.20989900049955948 0.7703663162563157 0.012903317161228344 0.013415253680685291
1 0.12408679464588994 0.2818168764529021 0.01199322161467179 0.01189111626666525
1 0.22616212264351226 0.33144839950229815 0.011344121850055199 0.01114134166551673
1 0.2241753391597582 0.04967578079389489 0.010259151458740234 0.010913983635280445
1 0.2564822072568147 0.24463145629219388 0.010826027911642323 0.010948471401048742
1 0.16918678387351657 0.33302255233992695 0.010347729143889053 0.011204720839210178
1 0.2962831103283426 0.33168958581012226 0.013115779213283375 0.012965699900751528
1 0.20662972201471747 0.13394682822020157 0.010894796122675356 0.01057843540025794
1 0.34736972269804584 0.03229814508686894 0.011980326279349949 0.012149178463479748
1 0.40498377447542944 0.46457262661146076 0.017433778099391773 0.014255420021388843
1 0.3040569657864778 0.43681700333305024 0.014692990676216457 0.01354880954908288
1 0.09198814112207165 0.26919945426609204 0.010840016862620478 0.010869606681492016
1 0.2800829721533734 0.20819910712864087 0.010298770406971807 0.009525713713272758
1 0.1499845255976138 0.02719261464865312 0.010893365611200747 0.01086410491362862
1 0.2666979147040326 0.41570161736529804 0.01126154609348463 0.011312318884808083
1 0.2068554214809252 0.6709826925526495 0.012839358785878057 0.013694846111795177
1 0.22742263130519702 0.7116738609645676 0.012797023939049763 0.013254663218622622
1 0.14663247958473538 0.04280960171119026 0.01060039064158564 0.011562199696250584
1 0.35878178606862604 0.023336762319440423 0.011158927627231762 0.012790556835091633
1 0.19828599432240362 0.078070562818776 0.011114452196204144 0.0110513334688933
1 0.31110845441403595 0.156602636627529 0.010079072869342308 0.009751931480739428
1 0.21138644218444824 0.06594193500021231 0.010985975680143936 0.011192850444627844
1 0.14286712459895923 0.058554335780765694 0.016569458920022716 0.015227322993071182
1 0.18617936839228094 0.3333294909933339 0.011038324107294497 0.010833657306173573
1 0.18815092418504795 0.36980164569357166 0.010727716528851051 0.010438338569972828
1 0.48120851102082624 0.16416379161503003 0.014498917952827785 0.01458492486373238
1 0.23130394064861792 0.6888754886129628 0.010744509489639946 0.011422115823496943
1 0.42589836016945215 0.4438671391943227 0.011632701624994692 0.013250589370727539
1 0.2506772825097073 0.7354544077801224 0.01360159869535676 0.011224360683800845
1 0.1601842590000318 0.06181089256120765 0.011368585669476051 0.011690699535867443
1 0.22614833583002503 0.4239698907603388 0.012595425481381624 0.013613742330799932
1 0.3285971908708629 0.42119673542354413 0.013379863503834476 0.014034095017806343
1 0.16220411010410474 0.35672648056693695 0.01103216668833857 0.012083717014478601
1 0.24142768072045367 0.5299852827320928 0.018167309139085853 0.013722585595172386
1 0.2062640915746274 0.38175288490627124 0.010946999425473421 0.010963357013204823
1 0.24535406154135 0.1748912178951761 0.011047881582508917 0.01230726034744926
1 0.43143220569776447 0.4887235268302586 0.012542683145274286 0.012533975684124489
1 0.2920697253683339 0.25845795092375384 0.011310577392578125 0.011726462322732677
1 0.3098632045414137 0.07491093873977661 0.010019157243811565 0.010385850201482359
1 0.2155853665393332 0.222908527954765 0.012935037198274033 0.011681245720904808
1 0.0969126794649207 0.08983776102895322 0.011994724688322647 0.011931891026704208
1 0.29594214066215185 0.1809146196945854 0.011506453804347828 0.011427319568136463
1 0.3659488014552904 0.39727310771527496 0.01205643363620924 0.011552297550698986
1 0.09139681639878645 0.19915520626565683 0.01165939932284148 0.013136905172596807
1 0.09590825827225395 0.312612015268077 0.009852305702541185 0.010470846424932066
1 0.2513527559197467 0.13536987615668258 0.010888286258863367 0.01176341720249342
1 0.24859325782112454 0.37784414706022845 0.010948575061300526 0.011742135752802309
1 0.45613984957985254 0.08350047080413155 0.015186133592025093 0.015119236448536749
1 0.36560214991154877 0.3731212434561356 0.013194781282673712 0.012921172639598017
1 0.1918513360230819 0.15922703950301462 0.01025434162305749 0.012112596760625425
1 0.26716945482336957 0.17541591499162756 0.009842955547830334 0.010546259258104406
1 0.2362211061560589 0.12978961156762164 0.011121998662533968 0.010578673818837042
1 0.21381031948587167 0.12110713253850522 0.010519856991975204 0.011491132819134255
1 0.31686461490133533 0.16621524872987167 0.010048824807871943 0.01082089672917905
1 0.24602692023567532 0.7561418699181598 0.012698608896006708 0.012952804565429688
1 0.20182762975278107 0.18259646581566852 0.01140917902407439 0.013001379759415337
1 0.22769966332808786 0.6361024276069973 0.012087593907895296 0.013841794884723167
1 0.1207157321598219 0.2951197624206543 0.011857468148936396 0.013931854911472485
1 0.2526036138119905 0.028995718645012894 0.00995735500169837 0.010019805120385212
1 0.2699641663095225 0.10697318678316864 0.010906364606774372 0.010769895885301672
1 0.3787903448809748 0.408995439176974 0.012866149777951448 0.013380200966544773
1 0.2310542334680972 0.20789523746656338 0.01020193099975586 0.011378495589546535
1 0.42344499152639636 0.5620096662770147 0.012113229088161304 0.014544404071310291
1 0.20367907441180688 0.2655405790909477 0.010347594385561735 0.01067625957986583
1 0.21173260522925336 0.15928333220274551 0.011260633883268936 0.012266853581304136
1 0.07868930827016415 0.19758081436157227 0.010716236155966053 0.010337871053944464
1 0.08384470576825348 0.10226977908092996 0.011542501656905464 0.012076885803886082
1 0.1916486076686693 0.09238314628601073 0.013500959976859715 0.0125469332155974
1 0.4231173318365345 0.4664043758226478 0.013237859891808552 0.013384860494862432
1 0.23693228804546856 0.29088473320007324 0.011801906253980554 0.011967638264531675
1 0.13073531441066577 0.2570356493410857 0.0115814208984375 0.01252423162045686
1 0.1704862998879474 0.45811709113742993 0.011053924975187882 0.01345223965852157
1 0.2184613683949346 0.1477178335189819 0.010735760564389437 0.010929677797400433
1 0.2099094183548637 0.25642903991367505 0.011246764141580334 0.010168262149976648
1 0.3079405038253121 0.1794598206229832 0.01074745344079059 0.010865709056024965
1 0.4323109336521314 0.47825195478356397 0.012350828751273777 0.013008946957795517
1 0.3389735429183296 0.330961619625273 0.014438452927962593 0.015646785011757976
1 0.3019724617833677 0.20163442777550739 0.010604381561279297 0.011780116869055706
1 0.23361348069232446 0.015025650353535362 0.009976490684177565 0.012671359855195751
1 0.2985845752384352 0.2879975567693296 0.012035929638406506 0.01222755597985309
1 0.06932893006697945 0.18165802955627441 0.009351709614629332 0.01079864087312118
1 0.40996220319167426 0.4760943495708963 0.012792742770651112 0.012272668921429176
1 0.10096290837163512 0.11284245097118875 0.011242970176365063 0.01221993695134702
1 0.1621881723403931 0.04195181312768355 0.01141159430794094 0.012099304924840513
1 0.10780033857926079 0.03528557005135909 0.010793188343877378 0.011163252851237421
1 0.2857349748196809 0.16604971367379895 0.009780863057012144 0.010469364083331566
1 0.27596857236779254 0.29151783818783966 0.012220009513523266 0.011875069659689198
1 0.2533249855041504 0.1918099030204441 0.011513212452764097 0.01081947658372962
1 0.2737207723700482 0.2337842194930367 0.010413522305695908 0.012540070906929348
1 0.07913548272588979 0.273751393608425 0.01000771833502728 0.011152039403500765
1 0.2304907467054284 0.4538252612818842 0.01251245581585428 0.013161669606747835
1 0.2604393440744151 0.7401928901672363 0.013850066972815472 0.013978253240170687
1 0.07636073879573656 0.21767081385073456 0.011441572852756664 0.01214147650677225
1 0.19646096229553223 0.2787659064583156 0.010517555734385614 0.010651215263034985
1 0.28913895980171533 0.24238653804944912 0.01044252644414487 0.010591195977252464
1 0.14437427728072458 0.1083836555480957 0.0115728585616402 0.011916782545006794
1 0.22043533947156824 0.13204443973043692 0.010499104209568188 0.0101195418316385
1 0.24539406403251315 0.10854160267373789 0.01078132961107337 0.01157447566156802
1 0.16208088916280997 0.39547754370647925 0.010820865631103516 0.010900082795516304
1 0.26822875893634296 0.1315787926964138 0.010267133298127548 0.009938229685244352
1 0.1800380064093548 0.154858630636464 0.010827375494915505 0.01191643010015073
1 0.3299508405768353 0.5032781621684199 0.016310629637345024 0.015478445136028786
1 0.222468552382096 0.02497077895247418 0.010613876840342646 0.010615874891695768
1 0.07123826120210731 0.32413874663736514 0.010465627131254776 0.011275792251462522
1 0.07267604962639186 0.20728833779044772 0.009562072546585747 0.009930797245191492
1 0.23361378130705457 0.2412936480148979 0.01131227742070737 0.011556687562362007
1 0.33666535013395804 0.1186522089916727 0.012370835827744526 0.012175808782162874
1 0.2785311159880265 0.7077996627144191 0.016260064166525135 0.014243416164232336
1 0.31449055671691895 0.057545902936354934 0.010501882304315981 0.010276716688404913
1 0.2545959949493408 0.30154103818147077 0.01012625901595406 0.010879723922066067
1 0.250157066013502 0.21994572100432022 0.012788026229194973 0.012357877648395042
1 0.2516258384870446 0.12094215206477953 0.011287170907725458 0.010267496109008789
1 0.3892989314120749 0.3411003597404646 0.01657017417576002 0.016956238642982815
1 0.2297797928685727 0.2773173166357953 0.010694317195726477 0.01064312976339589
1 0.3463634239590686 0.04967495669489321 0.010354132755942966 0.011117282121077827
1 0.3902011280474455 0.025056256548218102 0.01578750817672066 0.01233500371808591
1 0.1854978437009065 0.26421707609425427 0.011005774788234546 0.011316029921821926
1 0.3405120994733728 0.10237611895022183 0.01094277008720066 0.011630286341128141
1 0.11212016188580057 0.10349197491355565 0.015329775602921196 0.011858369993126911
1 0.30650542093359906 0.1151084848072218 0.011019603065822437 0.011522469313248344
1 0.2308833184449569 0.11151694733163584 0.010202967602273693 0.010913672654525093
1 0.08741752220236737 0.2811105043991752 0.010422970937645954 0.010633655216382898
1 0.21996147736259128 0.25916853158370307 0.011276410973590355 0.011053810948910921
1 0.10197341442108154 0.15350666253463083 0.012340141379314919 0.013346672058105469
1 0.23563910567242163 0.09385605998661208 0.011487732762875765 0.01222514069598654
1 0.26222651937733527 0.3376050306403119 0.012004769366720448 0.012855135876199474
1 0.16362474793973175 0.37526141301445337 0.0100296165632165 0.011627150618511696
1 0.21556763027025305 0.7831557522649351 0.012948284978451937 0.013057501419730808
1 0.196998813877935 0.06665277481079102 0.010962838711945908 0.010962341142737347
1 0.28504641159721045 0.08854263502618542 0.010161441305409307 0.00964814165364141
1 0.47995864308398706 0.18084684143895685 0.014066789461218792 0.014076803041541058
1 0.23594334851140564 0.3559006815371306 0.01239795270173446 0.012726493503736414
1 0.10078275203704834 0.1356809709383094 0.011372638785320778 0.011603925539099651
1 0.21258925354999048 0.7234331213909647 0.012722201969312586 0.014048700747282608
1 0.21108202312303628 0.6869999429453975 0.012856690779976223 0.01294907279636549
1 0.264968436697255 0.09203218895456067 0.011587101480235224 0.011342162671296493
1 0.18719719803851587 0.35789282425590185 0.010737564252770466 0.011113457057787024
1 0.06761141445325769 0.22537196200826898 0.009064612181290337 0.01019975413446841
1 0.2168225931084674 0.37066944785740064 0.01017817207004713 0.011742301609205164
1 0.22272009434907333 0.45128018441407575 0.014870415563168734 0.01272739534792693
1 0.1149473293967869 0.18346370821413785 0.010063689687977667 0.011137278183646824
1 0.15525301643039868 0.37481849089912744 0.011957085650900135 0.013115302376125171
1 0.40621241279270337 0.5750190486078677 0.013856514640476391 0.013146607772163723
1 0.28539203560870624 0.1937553882598877 0.010125989499299423 0.010859385780666187
1 0.27878504214079486 0.17846875087074612 0.009996538576872452 0.010321648224540379
1 0.3222372149643691 0.10645846698595131 0.011629795250685318 0.011190497356912365
1 0.09997421762217648 0.06738059417061183 0.011766682500424593 0.011712530384893003
1 0.15690534011177396 0.4611877358478049 0.010788565096647842 0.012366336324940557
1 0.13389717495959738 0.16398755882097327 0.011304575463999872 0.012208948964657991
1 0.19484348919080652 0.2034536133641782 0.011979165284529976 0.011620169100554092
1 0.36328262090682983 0.03621071577072143 0.011033011519390602 0.011186568633369778
1 0.27107827559761377 0.39702970566956886 0.011273093845533289 0.011656481286753778
1 0.29985723288162897 0.16763312401978867 0.011487898619278618 0.01180900698122771
1 0.29137297298597253 0.27316880226135254 0.012386301289434019 0.012143528979757557
1 0.17012228654778522 0.169129174688588 0.010973152906998344 0.013051509857177734
1 0.19472069325654404 0.42687853004621423 0.01262886627860691 0.011729354443757431
1 0.2710985722749129 0.30696638770725415 0.011173040970512058 0.011680312778638758
1 0.1854947753574537 0.3984958710877792 0.010635293048361073 0.011085157809050186
1 0.26807279172150983 0.2143711940101955 0.009951715884001358 0.010350704193115234
1 0.2399223369100819 0.7287457092948582 0.011442018591839333 0.012517514436141304
1 0.09981340947358505 0.27745866775512695 0.010766775711722996 0.011259452156398609
1 0.30366168851437775 0.3034191027931545 0.01193745239921238 0.012071505836818531
1 0.22146598152492358 0.1930320470229439 0.012026413627292797 0.011585297791854195
1 0.37834823649862537 0.03877569929413174 0.0129461495772652 0.01455854073814724
1 0.16418530111727508 0.4673548366712488 0.010508983031563137 0.010777473449707031
1 0.45880885746168054 0.15316511755404266 0.014015280682107677 0.01430301044298255
1 0.24779315616773526 0.234505964362103 0.011403249657672386 0.011766350787618885
1 0.47094477777895727 0.13230524892392365 0.012592730314835258 0.012793209241784138
1 0.2256087012912916 0.12047709071117897 0.010688450025475544 0.011290187421052353
1 0.2908602693806524 0.13811716307764468 0.010075133779774542 0.0107973865840746
1 0.24691947646763013 0.15141694960386856 0.01072835922241211 0.010657072067260742
1 0.280004532440849 0.3158220104549242 0.01156158032624618 0.011071640512217646
1 0.20734500885009766 0.365617150845735 0.010263774705969769 0.011272471884022589
1 0.10145843029022217 0.253038561862448 0.010899098023124363 0.011652013529901918
1 0.17130752231763757 0.3874358923538871 0.011032602061396059 0.011347356049910835
1 0.3163520045902418 0.044055432081222534 0.010824473007865574 0.011940186438353165
1 0.13407696330029029 0.0832912222198818 0.010999772859656292 0.011800035186435864
1 0.2308021317357602 0.30255755134250806 0.010453161985977837 0.010850118554156761
1 0.19074852570243503 0.17007601779440176 0.010873836019764776 0.010340358899987263
1 0.2365352174510127 0.028058497802070946 0.009963574616805367 0.01070359997127367
1 0.2783632796743642 0.2244698483010997 0.013690927754277769 0.015580550484035328
1 0.44774412072223163 0.11217966287032416 0.012596710868503735 0.013166178827700407
1 0.3078463595846425 0.26607346534729004 0.012436783832052479 0.013711825661037281
1 0.1989103814829951 0.37540692868440045 0.009371964827827785 0.010474578193996265
1 0.2508389016856318 0.2846449561741041 0.011324592258619226 0.010960578918457031
1 0.16302121722179908 0.4511059211648029 0.011141434959743336 0.011939971343330715
1 0.28796613734701404 0.07507392116214918 0.00994029252425484 0.010827054148134977
1 0.3255864537280539 0.07241136872250102 0.010229380234428074 0.01037070543869682
1 0.31234754686770233 0.14295937185702118 0.010104531827180283 0.0103354143059772
1 0.13518706611965015 0.04095914700756903 0.010554023410962976 0.010849203752434772
1 0.26065505069235095 0.29215533837028174 0.01101759205693784 0.010787735814633577
1 0.2643378299215566 0.16162039922631305 0.011001006416652515 0.010882812997569208
1 0.26400406464286474 0.19964737477509875 0.010185614876125171 0.009793302287226137
1 0.20351772722990616 0.5502001098964525 0.013947694197944973 0.01813005364459494
1 0.18564463698345685 0.18498448703600012 0.012371166892673657 0.0112499361452849
1 0.35549276419307874 0.054065478884655495 0.011320412158966064 0.011253496874933657
1 0.30399626234303345 0.1284653725831405 0.010393163432245668 0.010458759639574133
1 0.29941625180451764 0.0819194576014643 0.01053221329398777 0.00928559510604195
1 0.24282663801442023 0.048820845458818526 0.014514943827753481 0.01319271066914434
1 0.11892733366593071 0.1928958789162014 0.010502524997877039 0.01096864368604577
1 0.46213129810664966 0.13418205406354822 0.011656792267509129 0.012078917544821034
1 0.24104526768559992 0.20951324960459833 0.010639937027640965 0.011500068332837976
1 0.4166509120360665 0.0756283480188121 0.015185636022816534 0.015134718107140583
1 0.28479757516280463 0.4221358091934867 0.014139196147089418 0.018797501273777172
1 0.1346343237420787 0.2965365389119024 0.010411148485930069 0.010902715765911598
1 0.17638895822607956 0.40144748791404394 0.01036903132563052 0.010762556739475414
1 0.27118812436642853 0.24599121964496118 0.010298293569813604 0.0103344088015349
1 0.2984995116358218 0.2344748766525932 0.010243560956872028 0.010448891183604364
1 0.2797654193380605 0.14043077696924627 0.009489391161047894 0.010248049445774243
1 0.3484220193779987 0.06655738923860632 0.011906561644180962 0.011321342509725819
1 0.46595190918963886 0.1172151928362639 0.013196758601976477 0.0137136811795442
1 0.30468355054440704 0.036848311838896385 0.011114141215448793 0.011432595874952234
1 0.06585395077000493 0.2000853082408076 0.008198100587596064 0.009889229484226393
1 0.0818903342537258 0.31281997846520465 0.00990010344463846 0.010633095451023266
1 0.28840623731198517 0.15132751153862997 0.010403405065121859 0.009740736173546833
1 0.27985073172527813 0.12177875249282172 0.01023263516633407 0.010540620140407398
1 0.32504638381626294 0.306766416715539 0.011187159496804943 0.011905234792958136
1 0.09615458094555399 0.041764672683632896 0.012172460556030273 0.016015283439470375
1 0.28705205088076385 0.5659750751827075 0.013934467149817425 0.012215800907300867
1 0.23535258873649265 0.18668043095132578 0.010783423548159391 0.01057266152423361
1 0.081573152023813 0.32449844090834906 0.010247629621754522 0.010893396709276281
1 0.43930253775223443 0.12060193393541419 0.012011756067690641 0.012416798135508661
1 0.1300305283587912 0.053608021010523255 0.010783216227655825 0.011223196983337402
1 0.06704083473786064 0.2571978776351266 0.009850134020266325 0.012115768764329992
1 0.21988413136355495 0.7325071602334703 0.009729603258168839 0.010078168547782325
1 0.13647255690201468 0.26921313741932745 0.01116862504378609 0.011596140654190727
1 0.2531626950139585 0.04169489508089812 0.010026682978091032 0.010773420333862305
1 0.37178445121516357 0.06164561406425808 0.014642668806988259 0.015280593996462614
1 0.24733031314352286 0.05367075360339621 0.009926256926163383 0.010104511095129925
1 0.33508891029202414 0.31650234305340313 0.013244848536408466 0.012532234191894531
1 0.3167716316554857 0.5096992617068083 0.012293110723080843 0.011363029479980469
1 0.3004842737446661 0.21435704438582712 0.009657175644584324 0.009236211362092392
1 0.19259970084480618 0.01245296228191127 0.009676746700121008 0.010092456055724102
1 0.31728252120639966 0.3199127964351488 0.01277030032614003 0.012533167134160582
1 0.2425468486288319 0.034984683213026634 0.009733034216839334 0.010881986307061237
1 0.3105084170465884 0.6368746342866317 0.01531219482421875 0.015143477398416271
1 0.39027465167252906 0.05624023468598076 0.014666873475779657 0.014986654986505922
1 0.17669477670089062 0.5395289918650752 0.010738393534784731 0.010339778402577276
1 0.42107822065768036 0.116968528084133 0.01393499581710152 0.013972738514775816
1 0.41866709356722626 0.09978699165841809 0.013727924098139223 0.012066395386405613
1 0.3170689810877261 0.03668756977371548 0.010053365126900051 0.00995055229767509
1 0.22677631211269741 0.7362183344830084 0.009729603258168839 0.010078168547782325
1 0.16827537829606962 0.4169204583544292 0.011254390993521247 0.012412504319380362
