1 0.2907422729160475 0.48411061971083924 0.013039340143618376 0.017451006433238155
1 0.2796423124230426 0.5782804385475491 0.015304150788680367 0.015772467074186905
1 0.3430165207904318 0.5485653462617294 0.012105568595554516 0.013060486834982166
1 0.2845699372498886 0.701761598172395 0.009874074355415676 0.010696950166121773
1 0.5059581839519999 0.6085105978924296 0.01027778957201087 0.010494895603345789
1 0.2904372733572255 0.5281929555146591 0.01076750133348548 0.011628150939941406
1 0.28830211058906885 0.182176164958788 0.011712157207986584 0.012340110281239386
1 0.25678839890853217 0.6260977413343347 0.011217366094174593 0.01105188286822775
1 0.2514640766641368 0.6151402722234312 0.010542164678158968 0.011793509773586109
1 0.10572818569515062 0.24525551173997961 0.008505541345347528 0.008099431576936142
1 0.2634017363838527 0.6662996851879618 0.012088982955269192 0.013814366382101307
1 0.28289220644080115 0.4359907689301864 0.012283905692722485 0.012220092441724695
1 0.24390976325325345 0.035261340763257897 0.010576683542002802 0.0103285260822462
1 0.25087959870048193 0.7525776572849441 0.011414486428965693 0.011230137037194294
1 0.06723375942396081 0.708402675131093 0.011688937311587126 0.013077196867569633
1 0.079730282659116 0.7681856777357019 0.012434047201405401 0.012533229330311651
1 0.07247702194296794 0.13496928629667862 0.0097181745197462 0.009968923485797384
1 0.2562583944071894 0.6413540010866912 0.011220703954282015 0.012363060660984204
1 0.3163256334221881 0.43697069002234423 0.013201236724853516 0.014146929201872452
1 0.23807558806046195 0.40350773023522424 0.012954297273055367 0.013377396956734035
1 0.31147062260171643 0.7349514546601668 0.011269880377728005 0.010514591051184612
1 0.08955826966658882 0.31651795428732166 0.011727167212444801 0.010865087094514267
1 0.24130748665851098 0.27882039028665295 0.008485047713569973 0.00901106129521909
1 0.2716421562692393 0.40844899675120483 0.011221989341404125 0.011613742164943531
1 0.3370238769313563 0.6572716547095258 0.010458330745282381 0.010703003924825916
1 0.2982749213343081 0.8688376468160877 0.009887094083039658 0.01031817560610564
1 0.28059689894966455 0.45205437618753186 0.01129701863164487 0.011456489562988281
1 0.3314278488573821 0.6172491052876348 0.010379469912985096 0.01181749675584876
1 0.4682626724243164 0.5991346110468325 0.010769553806470789 0.011269527932871943
1 0.14530693966409433 0.12256669998168945 0.011300294295601223 0.011497020721435547
1 0.3938318750132685 0.5406864207723866 0.011589464933975883 0.012195794478706692
1 0.48765908635180927 0.6111349955849026 0.01011515700298807 0.010184059972348421
1 0.39363982366478967 0.5925723780756411 0.009633914284084154 0.010506920192552649
1 0.3183002886564836 0.6558510324229365 0.011980429939601734 0.01200178395146909
1 0.42918753105661145 0.608706930409307 0.010045663170192554 0.009409614231275476
1 0.38446575662364135 0.6833880051322605 0.014135360717773438 0.011277986609417458
1 0.2648986526157545 0.23367937751438306 0.00924230658489725 0.010431579921556555
1 0.2780929648357889 0.6637772269870925 0.012153418167777683 0.012893179188603941
1 0.25752877152484394 0.5860602959342625 0.011809411256209663 0.013103111930515454
1 0.11367588976155156 0.3049136141072149 0.01215052604675293 0.010991158692733101
1 0.28156712780828064 0.6462117070737092 0.012038707733154297 0.013954660166864809
1 0.36416569481725275 0.5719952479652737 0.017803057380344555 0.013595477394435718
1 0.3926389735677968 0.6154972573985225 0.010887602101201597 0.01077668563179348
1 0.2946427490400232 0.6458839437235957 0.012071588765019957 0.013180670530899712
1 0.07083222140436587 0.7848653378693953 0.012625435124272886 0.014359681502632473
1 0.3186280105424964 0.49887540547744086 0.010630586872930113 0.011904602465422257
1 0.30851402490035346 0.5270283740499745 0.011996414350426716 0.012212089870287024
1 0.347908255846604 0.7289506870767345 0.010825473329295282 0.010091823080311651
1 0.378754242606785 0.5549989575925081 0.011695032534391983 0.012404358905294666
1 0.20297821708347485 0.352138965026192 0.01018847589907439 0.01117451294608738
1 0.4124696773031484 0.5626835823059083 0.012007879174273949 0.012147530265476391
1 0.27543934531833814 0.7388209052707837 0.009588241577148438 0.009826245515242867
1 0.36514715526414954 0.6162369458571725 0.011278525642726734 0.011166676231052563
1 0.3677471642908843 0.7042799825253694 0.010034359019735584 0.009843245796535326
1 0.20802745611771292 0.40672586793484894 0.013019748356031336 0.012607460436613663
1 0.2703394889831543 0.8234357419221296 0.01114928204080333 0.010685962179432745
1 0.2606809968533723 0.5985996723175048 0.011745805325715439 0.012503603230351988
1 0.07269309137178503 0.32080650329589844 0.009794748347738514 0.010302502176036005
1 0.2790197600489077 0.14888591870017673 0.010445864304252293 0.009993480599444845
1 0.38669726382131164 0.7456106517625891 0.010233967200569485 0.009761976159137228
1 0.3976329383642777 0.5523766020069951 0.012324224347653597 0.011371902797533117
1 0.3941666976265285 0.5713019371032715 0.01116503839907439 0.012288093566894531
1 0.2636836508046026 0.5653720731320588 0.011583908744480297 0.012809048528256624
1 0.3506230938693751 0.3418955964886624 0.017205374396365623 0.015126662409823875
1 0.4208915337272312 0.5902640715889309 0.010235454725182575 0.010089376698369566
1 0.067559029745019 0.1970439060874607 0.008498668670654297 0.011736849079961363
1 0.3800491820210996 0.5808073541392451 0.010473883670309315 0.010446880174719769
1 0.5099596977233887 0.594727495442266 0.011145757592242699 0.012434710627016813
1 0.20656639596690302 0.32360368189604394 0.010912314705226734 0.010641989500626274
1 0.2683624599290931 0.26143114463142725 0.008592522662618885 0.008934124656345533
1 0.2564102359440016 0.3937041655830715 0.012699355249819548 0.012001701023267664
1 0.07237593764844148 0.14999536327693774 0.009960138279458752 0.01098067864127781
1 0.317309047864831 0.4725013193876847 0.012111788210661514 0.011263018069059952
1 0.2837680630061937 0.6886680229850437 0.011436317277991253 0.011768714241359546
1 0.2991780716439952 0.4032868717027748 0.01294876181561014 0.012411490730617359
1 0.20298998252205228 0.08177943074184915 0.009177684783935547 0.011275825293167778
1 0.27698738678641943 0.33879611803137744 0.012221709541652515 0.011009133380392323
1 0.36106076188709424 0.4800638219584589 0.014317973800327465 0.014629384745722231
1 0.10099933976712436 0.15600687524546747 0.01118289906045665 0.010546083035676376
1 0.2847839645717455 0.4138340328050697 0.012779816337253735 0.01220628489618716
1 0.1845943409463634 0.3782583526943041 0.012445615685504417 0.01287605451500934
1 0.2472192722818126 0.25086397710053815 0.008517679960831352 0.008844313414200493
1 0.07685482761134273 0.8069821233334747 0.016767403353815494 0.0221570056417714
1 0.4348929653997007 0.5959541175676428 0.010441945946734886 0.010370980138364046
1 0.30072623750437855 0.46472160712532373 0.009655309760052225 0.01017437810483186
1 0.38737967221633246 0.6472284482873004 0.009735801945561949 0.01034943953804348
1 0.33845631195151293 0.8588268238565196 0.009485519450643787 0.009007122205651325
1 0.4327125860297162 0.7415412819903829 0.010977724324101988 0.010225130164104958
1 0.4034972916478696 0.5798165694527004 0.009894930798074474 0.010247189065684443
1 0.3339126304439876 0.48163048599077307 0.014247648094011389 0.01500858431277068
1 0.33741661549910257 0.36780458300010016 0.01452566683292389 0.01380383709202642
1 0.2958001364832339 0.6130934590878695 0.010210638460905655 0.011438784391983696
1 0.3407435417175293 0.6163458409516707 0.01316559833029042 0.011209778163744055
1 0.33319592022377514 0.7325067105500593 0.00992976971294569 0.00951385498046875
1 0.3105160257090693 0.720332021298616 0.009630617888077446 0.009870943815811821
1 0.36559987845628156 0.7827194877292798 0.009983399639958921 0.009761976159137228
1 0.3022156383680261 0.6003928184509277 0.010359225065811821 0.010523547296938688
1 0.3401636351709779 0.45612242947454035 0.014272477315819782 0.015877827354099438
1 0.312685199405836 0.20608946551447332 0.011127140211022419 0.010565944339918054
1 0.291520471158235 0.24577037147853686 0.010697696519934612 0.011399269104003906
1 0.30482935905456543 0.5577999508899191 0.00975216989931853 0.010293981303339418
1 0.42776068915491516 0.6189965165179708 0.010000944137573242 0.009272990019425102
1 0.4103234228880509 0.7606704131416653 0.010229463162629501 0.010143528813901155
1 0.3978267467540244 0.7493560832479725 0.009170143500618313 0.008833387623662535
1 0.2855355324952498 0.26407641949860944 0.00986499371735946 0.010450570479683254
1 0.22797361664150073 0.32550175552782806 0.008588023807691492 0.009198898854462997
1 0.24659717601278558 0.022015632494636207 0.010200189507525902 0.010739168395166811
1 0.1594744350599206 0.1345705156740935 0.009826867476753567 0.00975272966467816
1 0.29524840479311737 0.5518609959146251 0.009652593861455503 0.01059486555016559
1 0.4056515900985054 0.6654671378757642 0.01015746075174083 0.009957603786302649
1 0.3080754798391591 0.6942910733430281 0.009247468865436056 0.00982591380243716
1 0.21661986475405487 0.3780508456022843 0.011798112288765285 0.012141932611880095
1 0.2828709146250849 0.7873282017915144 0.010238854781441067 0.009461734605872112
1 0.29985859083092725 0.8844991559567659 0.010413004004436989 0.010844645292862602
1 0.37731489927872375 0.8388552458389945 0.008951601774796196 0.00907309158988621
1 0.2809750619141952 0.6221511985944665 0.011357784271240234 0.012188973634139351
1 0.3790624815484751 0.733152845631475 0.010406639264977497 0.010179187940514606
1 0.4997100622757621 0.6928487238676653 0.011035794797150986 0.010807991027832031
1 0.4876068571339483 0.6822274042212445 0.009870155997898268 0.01126625226891559
1 0.43542748948802124 0.7090975719949474 0.010100675665813942 0.010213271431300953
1 0.4024847279424253 0.6077370850936227 0.009680872378141983 0.009938779084578804
1 0.33298677108857944 0.6445515155792236 0.010908372376276098 0.010801875072976818
1 0.5035433458245319 0.6236762585847275 0.013632712156876274 0.009865221769913383
1 0.23224436718484628 0.01297857579977616 0.009829230930494226 0.009841006735096807
1 0.29595328413921856 0.5144289680149244 0.01075738409291143 0.015097244926120922
1 0.46781231009441876 0.6686015543730364 0.010464917058530062 0.010001016699749489
1 0.20498322403949237 0.3648627115332562 0.010783506476360817 0.01165244890295941
1 0.06802204121714053 0.015348744133244392 0.011149670766747517 0.010949723098589026
1 0.19108120254848313 0.3917457746422809 0.011119821797246519 0.012995512589164402
1 0.3260971048603888 0.18289331767870035 0.00966824655947478 0.010450570479683254
1 0.12869364800660507 0.2845179101695185 0.010640403498773989 0.010891831439474354
1 0.25471359750498895 0.6954937603162683 0.012513036313264267 0.013398170471191406
1 0.4157261381978574 0.5801562640977942 0.010758057884548023 0.01143484530241593
1 0.3159934541453486 0.3529284790806148 0.012392417244289234 0.012897504412609596
1 0.40561705050261126 0.8166756215302842 0.009758907815684443 0.009070811064346977
1 0.32631725850312604 0.67437686090884 0.010219097137451172 0.010347366333007812
1 0.4309909706530364 0.723415810128917 0.009998580683832583 0.00995772817860479
1 0.26358103752136225 0.01097049531729325 0.009794421817945398 0.009514762007671854
1 0.44748301091401466 0.5937403595965841 0.011462273805037788 0.012172242869501528
1 0.35351695185122284 0.6053961256276006 0.011095627494480297 0.0114599725474482
1 0.4324732500573863 0.7812889762546706 0.009987323180488918 0.010101981784986414
1 0.31456340914187225 0.17107265410215958 0.014683495397153109 0.01139776603035305
1 0.4332708690477455 0.6938169935475225 0.010165256002674932 0.009817247805388077
1 0.17752523525901462 0.1732226454693338 0.009580974993498428 0.009108004362686821
1 0.08015711929487146 0.303834635278453 0.009665945301885191 0.009804124417512314
1 0.36405992248783936 0.5857972165812617 0.010229478711667269 0.01054902698682702
1 0.27003346318783966 0.7971772318300993 0.010472463524859886 0.01497376483419667
1 0.3098897519318954 0.3745465071304984 0.013158756753672724 0.012830402540123981
1 0.2510060745736827 0.37116819620132446 0.012562896894372028 0.011973220369090204
1 0.45804118591806164 0.732991301495096 0.009965741116067638 0.009148224540378736
1 0.3945129669230918 0.6727645397186279 0.009742907855821692 0.010792006617007048
1 0.2919597729392674 0.5901932509049125 0.01051237272179645 0.010526118071182915
1 0.4294929504394531 0.6340550236080004 0.01057160418966542 0.010454654693603516
1 0.22815868128900946 0.18311896531478214 0.010021085324494736 0.010403467261272926
1 0.3795071658880814 0.6147511420042617 0.010040910347648289 0.010390260945195738
1 0.25153176680855127 0.3532563512739928 0.010271445564601734 0.010232845078343931
1 0.2790182569752569 0.8490504389223846 0.009127160777216372 0.009636588718580164
1 0.35344529281491815 0.7876237579013992 0.010389014430668041 0.009875960971998133
1 0.08242365329161934 0.1663464877916419 0.009326981461566427 0.010362583657969599
1 0.4002798847530199 0.7774137621340544 0.010105568429698114 0.009391743203868036
1 0.13026120351708453 0.12328686403191609 0.009791809579600458 0.01064065228337827
1 0.29312356658603833 0.5644943506821342 0.010092590166174847 0.010015384010646656
1 0.294717788696289 0.034007401570029884 0.008730722510296366 0.008164265881414
1 0.2584704834481944 0.7783415421195652 0.011571075605309528 0.010476983111837635
1 0.3312080560818962 0.3528588038423787 0.014836955329646235 0.014827585738638172
1 0.37986323626145074 0.7589818705683169 0.00953227540721064 0.009374120961064878
1 0.4503125470617544 0.605754333993663 0.0101565174434496 0.009595083153766134
1 0.27199573102204694 0.703512772269871 0.011827800584876019 0.011544932489809782
1 0.4083129841348399 0.6183066368103027 0.01139379584270975 0.010031865990680199
1 0.47388640175695 0.6553728062173595 0.009934933289237644 0.01067978402842646
1 0.35695693803870154 0.574397605398427 0.010354995727539062 0.011451348014499829
1 0.3347951743913733 0.875360447427501 0.012060351993726648 0.010250506193741508
1 0.46330735476120666 0.7197853793268618 0.008912262709244438 0.008418995401133661
1 0.34467079717180005 0.650792298109635 0.014143371063729992 0.01373036011405613
1 0.30988122069317364 0.8012295598569124 0.009163047956383747 0.009679462598717731
1 0.2606006290601648 0.2684063704117484 0.008093294890030571 0.009054888849673063
1 0.06712182190107263 0.30204218366871705 0.008337342220803966 0.013010294541068699
1 0.17716000909390656 0.020598575472831726 0.011034022206845491 0.010765266159306402
1 0.29960391832434613 0.7898970686871071 0.010504225026006285 0.01020651278288468
1 0.31667720753213635 0.8426451890364938 0.00989111610080885 0.009215147598930027
1 0.3451679063879925 0.6324070018270741 0.010984089063561481 0.010731945867123812
1 0.4658551371615866 0.6248869688614554 0.010172294533771019 0.010422167570694633
1 0.2277290510094684 0.28968508347221045 0.0088342169056768 0.011020370151685633
1 0.28539712532706885 0.6016207777935526 0.010823851046354874 0.011128342669943104
1 0.19800729336945908 0.03215081277100937 0.010021334109099014 0.009390307509380838
1 0.34516669356304663 0.5813884838767673 0.011679711549178413 0.012714448182479195
1 0.20962197884269382 0.05983972290287848 0.0098682279172151 0.010747209839198902
1 0.41381114462147583 0.6743359773055367 0.009786854619565218 0.00964529617972996
1 0.3159109405849291 0.48462512182152795 0.010814417963442595 0.010582820228908375
1 0.312228244283925 0.5920369936072308 0.010260042936905571 0.010250837906547215
1 0.39168382727581524 0.015117424013821976 0.010364034901494566 0.010861611236696657
1 0.25859888740207837 0.24948335730511212 0.008214452992314878 0.008567353953485903
1 0.258555267168128 0.2970378709876019 0.008566897848378057 0.008562668510105299
1 0.30229744703873346 0.3326307162642479 0.011240959167480469 0.012511338228764742
1 0.30946676627449365 0.3080136361329452 0.011183178943136463 0.012662327807882557
1 0.11832730148149574 0.16684885128684665 0.009070448253465735 0.009656729905501656
1 0.31080297801805573 0.7634504567021909 0.009898890619692595 0.009535167528235394
1 0.32280528124259866 0.3995114849961322 0.013808749940084375 0.02056902906169062
1 0.23542762839275855 0.37088535402132117 0.010210451872452446 0.00956229023311449
1 0.2673819479735002 0.3518627558065498 0.01141823893008025 0.010739437911821447
1 0.4015262437903363 0.7286319110704504 0.010922888050908628 0.011830329895019531
1 0.279262988463692 0.5632181582243546 0.013099400893501614 0.012570671413255774
1 0.19746453865714694 0.04779142141342163 0.010131607884946077 0.01076736139214557
1 0.36903348824252247 0.7157193059506625 0.010080905064292576 0.010405416074006454
1 0.3021155440289041 0.7106876995252527 0.010210659192956013 0.010313656019127888
1 0.06979282265124113 0.7428908970045007 0.012913325558538023 0.012831729391346807
1 0.27895304431086 0.39202820736428967 0.013386912967847742 0.013469986293626867
1 0.4761262613794078 0.6883572910142981 0.009230396021967348 0.009217013483462126
1 0.3398778943911843 0.7865903688513716 0.011219276034313698 0.010082991226859715
1 0.495227777439615 0.6276202409163766 0.00953184003415315 0.009540309076723845
1 0.4363743585088979 0.7551409265269404 0.010945662208225414 0.010189968606700068
1 0.31610215228536853 0.6035292459570843 0.011395827583644703 0.012265454167905062
1 0.3552337846030359 0.6962473496146825 0.010195299335148022 0.009910998137100883
1 0.4154474994410639 0.721252213353696 0.010500503622967262 0.010128891986349354
1 0.30347480981246283 0.19028211676556128 0.011467995850936226 0.011310867641283117
1 0.1050767587578815 0.26207205523615296 0.008322487706723421 0.009132240129553753
1 0.2036946338155995 0.38700470717056945 0.012216941170070484 0.01297971476679263
1 0.07138772114463475 0.2275323245836341 0.00933310259943423 0.009416870448900305
1 0.33005796761616424 0.8279504154039466 0.009448371503664099 0.00952285269032354
1 0.33972930908203125 0.6737773522086765 0.010079466778299084 0.010270616282587465
1 0.413741339807925 0.6041120031605596 0.009890307550844938 0.010453348574431046
1 0.41946427200151526 0.806357072747272 0.009544113407964292 0.009387182152789572
1 0.3931690506313157 0.6983414318250574 0.01037460824717646 0.010082120480744736
1 0.3423021876293679 0.05848116460053818 0.008542330368705418 0.008909132169640583
1 0.277117977971616 0.014717133796733357 0.009196779002314028 0.009973496198654175
1 0.26814917896104895 0.6294895773348601 0.013894226240075153 0.012115706568178923
1 0.2977383447730023 0.02002272398575492 0.00921469149382218 0.010488981785981552
1 0.07258501778478207 0.7590370800184167 0.013790617818417757 0.015623051187266474
1 0.38024558710015344 0.8075450399647588 0.011368554571400518 0.010562067446501358
1 0.29900154860123346 0.5375891457433286 0.011288559955099354 0.013021904489268427
1 0.4849563681561014 0.6615688593491262 0.010865667591924253 0.010064353113589079
1 0.22681717250658118 0.2393498109734577 0.010967337566873302 0.01210791131724482
1 0.09909941320833954 0.14291977882385257 0.011936985928079357 0.010955478834069294
1 0.3149684408436651 0.5790533604829208 0.011795956155528193 0.011948336725649626
1 0.08384258850761082 0.19186075873996902 0.009164830912714418 0.009041039840034817
1 0.30352515759675397 0.5716528166895327 0.010053883428158968 0.010912128116773523
1 0.2153229920760445 0.034954195437224014 0.01133201433264691 0.010861764783444612
1 0.47479835282201355 0.7191549591396167 0.009626855020937712 0.008950979813285496
1 0.3525114370428998 0.7614329586858335 0.01167805298514988 0.015182951222295347
1 0.32187043162791623 0.7232704369918161 0.011078712085018988 0.009562575298806896
1 0.28051033227340033 0.7216498748115872 0.01225286981333857 0.015503427256708559
1 0.4536686461904775 0.6846240085104237 0.009685516357421875 0.009755756544030231
1 0.10682268246360449 0.29137134552001953 0.01084123487057893 0.009846687316894531
1 0.4601950645446777 0.6584417198015295 0.009943630384362263 0.010068955628768257
1 0.2853614662004553 0.46393476361813746 0.012033483256464418 0.011343023051386293
1 0.3398487451283828 0.8016521827034327 0.009720333244489588 0.009761934695036514
1 0.4622319470281186 0.6806171251379926 0.009420353433360224 0.009610549263332201
1 0.34122474297233246 0.7736017393029254 0.011123802350914997 0.010410557622494905
1 0.27183256978574005 0.22864522104677948 0.01357542950174083 0.010355907937754755
1 0.2234127314194389 0.36161583014156506 0.009235900381337042 0.010237825953442116
1 0.12218823121941608 0.015770013889540798 0.01187128606049911 0.011120833132577978
1 0.3171051792476488 0.012561476101046022 0.009569561999777088 0.008419952962709509
1 0.40242512329764984 0.6284532236016315 0.010356115258258324 0.011399497156557827
1 0.1052963163541711 0.050163098003553314 0.009338078291519829 0.00867152214050293
1 0.31718212625254755 0.813212539838708 0.009242928546407948 0.008940945500912874
1 0.3385877693476884 0.7065158097640328 0.009847790002822876 0.010476319686226223
1 0.378036125846531 0.7922686079274053 0.010264106418775476 0.009647493777067764
1 0.29003152639969537 0.2774445803269096 0.010844458704409391 0.010731261709462042
1 0.29612063324969745 0.7507508526677671 0.009774436121401579 0.010039163672405739
1 0.2912016640538755 0.3900584578514099 0.012375023054039997 0.01271931503130042
1 0.3679647886234781 0.7547976659691852 0.009613197782765264 0.009915600652280062
1 0.41494340481965436 0.6372580942900286 0.010440826416015625 0.01170137654180112
1 0.36380033130231104 0.6676608894182288 0.01115888616313105 0.009676207666811735
1 0.43777937992759375 0.640304762384166 0.009805751883465311 0.009707720383353855
1 0.1290645858515864 0.20967983162921405 0.008640589921370796 0.008355140686035156
1 0.43861521845278534 0.663763191389001 0.010557257610818615 0.010086847388226051
1 0.28238491390062415 0.21233770121698797 0.010035514831542969 0.010806912961213486
1 0.2605756780375605 0.28650280703669007 0.00882553017657736 0.008869357731031336
1 0.40440714100132813 0.7923479287520699 0.00988211320794147 0.009963947793711786
1 0.36652057067207666 0.7385566752889882 0.010054007820461109 0.010066115337869396
1 0.48756310214167053 0.6386267413263735 0.009742259979248047 0.009481637374214504
1 0.2750280110732369 0.6109644019085428 0.009718335193136463 0.01032257080078125
1 0.35656302908192516 0.7997569208559783 0.013091543446416441 0.013216433317764946
1 0.42067882807358453 0.780206182728643 0.01004703148551609 0.009574724280315897
1 0.31954423240993335 0.7721186306165613 0.00962842029073964 0.009256404379139776
1 0.44096329937810486 0.6209572294484014 0.00945219786270805 0.009891800258470617
1 0.29685192522795306 0.45326914994612977 0.012380682903787365 0.012971836587657099
1 0.43910493021425995 0.6788388542507005 0.00971085092295771 0.010661332503609035
1 0.4223007533861244 0.7576851637467094 0.009456966234290081 0.010540008544921875
1 0.26646223275557807 0.15758475013401196 0.009897667428721552 0.008942604064941406
1 0.26681449102318805 0.2768192602240521 0.00824781086133874 0.008830671725065811
1 0.4009869202323582 0.639771845029748 0.010329536769701086 0.010280754255211872
1 0.4453628322352533 0.6959401213604471 0.009377780167952827 0.01965120564336362
1 0.09749283997908882 0.19749891239663828 0.008717371069866678 0.00941610336303711
1 0.3275820483332095 0.7404638995294985 0.009872021882430367 0.009692357934039572
1 0.29174485413924506 0.12749557391456937 0.010048824807871943 0.009181717167729917
1 0.06730993934299635 0.17596137523651123 0.009684137676073156 0.014681474022243336
1 0.4501262955043627 0.7427184892737347 0.00965719637663468 0.009167878524116848
1 0.24441607102103854 0.11992224403049635 0.00744064994480299 0.007911184559697691
1 0.32695381489136943 0.6944456722425378 0.010188870779846027 0.009767076243524965
1 0.42727098257645324 0.6733248130134913 0.009934072909147842 0.009744934413744055
1 0.3088013814843219 0.6698650069858718 0.015691010848335598 0.014593082925547724
1 0.06623163430587105 0.7244716934535813 0.010326655014701511 0.011874115985372791
1 0.2955117432967476 0.7249050762342371 0.011699137480362602 0.010003338689389437
1 0.2927211678546408 0.7733326165572456 0.009558304496433424 0.009969835696013077
1 0.10399162769317627 0.07373206770938374 0.010815527128136677 0.010019131328748621
1 0.27125166810077167 0.7764919115149458 0.009200572967529297 0.009574392567510191
1 0.35414387350497045 0.058313297188800316 0.009706963663515837 0.009262686190397842
1 0.3577951516794122 0.6402381192082944 0.009824288927990458 0.011422986569611923
1 0.28086243505063263 0.029311351154161534 0.00889023490574049 0.008830713189166525
1 0.270183221153591 0.2923196502353834 0.010577595752218494 0.011252776436183765
1 0.40364760678747424 0.7129933108454165 0.009853741397028383 0.010012543719747791
1 0.07075192876484084 0.07301176890082982 0.008403410082278044 0.008811541225599207
1 0.06744109547656514 0.10049351401951004 0.008588977482007898 0.012890193773352581
1 0.09754344691400943 0.21324953825577445 0.008658885955810547 0.008876427360202955
1 0.11009542838386867 0.11350704276043436 0.009682593138321587 0.009550737298053244
1 0.34240216016769404 0.8353130921073583 0.009188320325768513 0.009426199871560802
1 0.12606328984965448 0.15703771943631378 0.007892619008603304 0.008320673652317213
1 0.45030172493146814 0.6726268063420835 0.010446330775385317 0.010201454162597656
1 0.382187060687853 0.7207062970037046 0.010543149450550909 0.009927127672278362
1 0.2755601924398671 0.3151450364486031 0.011241539664890454 0.010288736094599184
1 0.31003531165744946 0.4576200868772424 0.009228996608568274 0.01196536810501762
1 0.07479039482448412 0.25459194183349615 0.00846993404885997 0.009141300035559612
1 0.4561926696611487 0.6170339688010837 0.009058019389276918 0.00958009388135827
1 0.32231186816225876 0.09649224384971285 0.009364190956820612 0.008443034213522205
1 0.4796342849731445 0.6758339716040571 0.009666111158288044 0.011504422063412874
1 0.3592527832673943 0.7469204197759214 0.009635466596354609 0.010163763295049253
1 0.3841799238453741 0.8207760479139246 0.009943713312563688 0.009309146715247112
1 0.40846045120902685 0.015356860083082444 0.010665976482888927 0.01093240017476289
1 0.32544501968052075 0.8712561648824939 0.011011185853377632 0.009652345076851223
1 0.1914718669393788 0.08281141260395879 0.00922883075216542 0.009309240009473719
1 0.20170714544213336 0.06818664592245352 0.008688159610914148 0.009209467017132303
1 0.3793163221815359 0.7089833798615828 0.011559543402298637 0.010412216186523438
1 0.14988720935323965 0.24936996335568634 0.008723860201628311 0.009739191635795261
1 0.06685500041298244 0.12052500247955324 0.008981393731158712 0.009907608446867569
1 0.26293927690257196 0.04785246175268422 0.008740819018820057 0.008733723474585491
1 0.15254999761996063 0.27696969198144 0.011552364929862644 0.010732090991476307
1 0.23147343552630878 0.38120638805886975 0.00982597599858823 0.010041185047315515
1 0.4008350139078886 0.7679649435955546 0.009675580522288446 0.00936815013056216
1 0.4951356390248175 0.6624943069789722 0.011824068815811821 0.011477138685143513
1 0.2700633899025295 0.06041677360949309 0.00885903316995372 0.00871097004931906
1 0.33068580893070804 0.8381349729455034 0.00915807420792787 0.009073008661684782
1 0.13213281527809476 0.2601973181185515 0.00820469856262207 0.008683266847029976
1 0.39317893981933594 0.7127143196437671 0.009364833002505095 0.010537023129670517
1 0.3165520999742591 0.831083339193593 0.009537655374278193 0.009133048679517664
1 0.4778880554696788 0.6162963950115702 0.009767179903776749 0.009986296943996264
1 0.28587023071620776 0.04159596432810244 0.008810934813126274 0.00886715495068094
1 0.4165381037670633 0.7480741169141687 0.011331496031387993 0.010418187017026155
1 0.1162212154139643 0.215847575146219 0.008801387703937033 0.008555702541185461
1 0.4441953275514685 0.7180991380111031 0.009410288022912067 0.009247987166694973
1 0.32350441457136825 0.7527006812717603 0.010637962947721067 0.011431901351265285
1 0.35812268179395923 0.7697430486264436 0.01019296179647031 0.009312588235606318
1 0.3481302261352539 0.07943921244662742 0.01004990287449049 0.009750070779219917
1 0.08338221778040346 0.07931047159692514 0.010356084160182789 0.010279681371605915
1 0.3197357965552289 0.45281217409216834 0.010436970254649286 0.011723000070323114
1 0.2466458445009978 0.31638639906178345 0.010470514712126358 0.01023609741874363
1 0.2757214774256167 0.28081176591956103 0.008764577948528788 0.009231857631517492
1 0.3006478081578794 0.08522400389546934 0.007853487263555113 0.008675538975259533
1 0.38984451604926074 0.7938513548477835 0.009889094725899075 0.009769025056258492
1 0.4536114360975183 0.6369467714558477 0.009861863177755604 0.009259451990542204
1 0.09390842396280041 0.2759669759999151 0.00874434346738069 0.009422385174295177
1 0.0716185828913813 0.3111970113671344 0.009557692900947903 0.009974769923997961
1 0.328647825219061 0.8490316556847612 0.009226292695688166 0.009277260821798573
1 0.4491555327954499 0.6557816629824431 0.010453047959700874 0.010480631952700407
1 0.2464760282765264 0.24030994332355005 0.010411469832710598 0.010682727979577106
1 0.22814062367314875 0.3016667884329091 0.008444164110266644 0.00898085469784944
1 0.11703350751296332 0.28173528546872345 0.009110896483711575 0.009774270264998726
1 0.08516181551891824 0.2061037602631942 0.009208482244740362 0.009487400884213655
1 0.10523469551749853 0.27666085699330206 0.009460552879001783 0.009421224179475204
1 0.14765235133793042 0.04734143226043038 0.010213675706282906 0.010265521381212317
1 0.18797881706901215 0.13177791367406433 0.008630690367325493 0.008377044097236965
1 0.31614191635795263 0.1903262656667958 0.010555930759595789 0.010632535685663637
1 0.26136137091595196 0.74315185132234 0.00900956858759341 0.010030704995860224
1 0.48780889096467384 0.6510950586070188 0.010510320248811142 0.009998984958814539
1 0.2620584964752197 0.02959526880927708 0.00887478952822478 0.009126963822737984
1 0.1763250620468803 0.16190738781638767 0.008723362632419752 0.008221553719562033
1 0.266931906990383 0.7343513447305432 0.01182104193645975 0.010865460271420687
1 0.2970047308051068 0.6987341175908627 0.010044284488843836 0.010017312091329823
1 0.4468681501305622 0.6306643175042194 0.009318476137907608 0.009436171987782354
1 0.21098626178243887 0.3521325316118158 0.008690709653108017 0.008999293265135391
1 0.3274698672087296 0.8620400221451467 0.009617017663043478 0.009406960528829823
1 0.20041848265606427 0.11743816085483715 0.01006613606991975 0.010245032932447351
1 0.3635888255160788 0.6837141824805218 0.01000834547955057 0.009761354197626528
1 0.30379029978876526 0.8305694953255032 0.009797054788340693 0.00923268691353176
1 0.25479260734889825 0.13898583080457605 0.00807778731636379 0.008018846097199814
1 0.2970251311426577 0.8059380572775134 0.00963171668674635 0.009673408840013586
1 0.1096353997354922 0.19687729296476944 0.009121760078098463 0.008398263350777004
1 0.4028843641281128 0.7383809918942659 0.010723041451495628 0.009686635888141134
1 0.3268096479384795 0.02508781396824381 0.008747252433196358 0.00909222468085911
1 0.3833033805308134 0.7802207780920941 0.010146405385888142 0.009238865064538044
1 0.37767692493355787 0.6567914589591649 0.01046504663384479 0.010564099187436312
1 0.3119630398957625 0.023189814194389015 0.008384372877038044 0.007861220318338146
1 0.2984169980754023 0.20620793881623645 0.008600960607114046 0.009042408155358356
1 0.4325005489846934 0.7707553739133088 0.010809939840565557 0.010428843290909477
1 0.3968079971230548 0.8247807751531187 0.010214173275491466 0.010066032409667969
1 0.3016686335853908 0.5804787511410919 0.010007754616115406 0.011104086171025816
1 0.24183633016503375 0.0802425197933031 0.009320196898087212 0.009840892708819845
1 0.30313711581022845 0.7751081715459409 0.009212867073390795 0.00956800709600034
1 0.11840576192607051 0.13465363564698593 0.009554500165192978 0.009237610775491466
1 0.42349441673444665 0.7957314201023267 0.011034167331197987 0.01044099227241848
1 0.11781452013098676 0.12070097093996796 0.009190808171811312 0.008853248927904211
1 0.163248378297557 0.16841810682545538 0.009115498998890753 0.00904089471568232
1 0.26623934248219366 0.3263465988895167 0.012115872424581776 0.011027739099834278
1 0.3210986386174741 0.3133938105210014 0.011619858119798742 0.012324851492176886
1 0.1726373693217402 0.20119236863177753 0.00923614916594132 0.008927863577137823
1 0.2014667262201724 0.14950653781061587 0.01029043612272843 0.010189056396484375
1 0.20261767636174743 0.1359083548836086 0.010016793790070908 0.009055573007334833
1 0.41270999286485754 0.7871682125589123 0.009855664294698963 0.009876831718113111
1 0.09899621942768924 0.1709303389424863 0.009668298389600672 0.009264790493509045
1 0.3656485987746197 0.8108164953148882 0.009441204693006433 0.009311717489491339
1 0.2329773695572563 0.12698889296987784 0.00984954833984375 0.009606475415437118
1 0.3623276560202888 0.843113132145094 0.009257974831954292 0.00945244664731233
1 0.35382747650146484 0.8523427714472231 0.01020837866741678 0.00975874195928159
1 0.21824205440023675 0.32307152126146405 0.008409230605415676 0.009469364000403362
1 0.18354261439779532 0.07441690952881523 0.009016596752664318 0.009633743244668713
1 0.28917469149050506 0.23044251359027362 0.011251262996507727 0.010579046995743462
1 0.3029979726542597 0.06803385330283124 0.008745048357092815 0.00895287161288054
1 0.06917893368264902 0.2138563239056131 0.00927082352016283 0.009862982708474865
1 0.4451084447943646 0.7301013366035793 0.009642538817032524 0.009405882462211277
1 0.1894004552260689 0.15640608642412268 0.008488509965979534 0.0087265450021495
1 0.15426409244537354 0.15039790713268777 0.008192342260609503 0.0084328962408978
1 0.42124487524447235 0.61535992829696 0.010777338691379711 0.009975184565005095
1 0.07250639407531075 0.29180629357047705 0.009257508360821268 0.008860940518586533
1 0.29142586044643237 0.7167733026587446 0.009502224300218664 0.010581597037937329
1 0.09347167222396185 0.09723291189774223 0.01028077498726223 0.012114711429761804
1 0.08585052904875382 0.1311262897823168 0.010022681692372198 0.010559600332508917
1 0.1484268696411796 0.07583367047102554 0.009333766025045643 0.010248966839002527
1 0.2935408301975416 0.8190830894138501 0.010664442311162535 0.009521816087805706
1 0.2927986849909243 0.8322908152704653 0.009919705598250679 0.009106428726859715
1 0.2575377485026484 0.12713511093803073 0.008314941240393597 0.007976946623429008
1 0.3485984270987304 0.7126844654912534 0.008521792681320854 0.009952047596807066
1 0.4044957782911218 0.6521876791249152 0.009853363037109375 0.01121720023777174
1 0.08862280327340832 0.04590821914050889 0.009204874867978304 0.009423989316691523
1 0.3814271325650422 0.6251694637796154 0.009852471558944038 0.00976662013841712
1 0.2492971523948338 0.06103617212046748 0.010166396265444548 0.010117821071458899
1 0.09517727727475375 0.28608538793480914 0.009527475937553074 0.00945226005885912
1 0.12059101851090143 0.2300061246623164 0.008206243100373642 0.007960340251093325
1 0.17950563845427137 0.08725806941156801 0.009603832079016644 0.009214152460512907
1 0.386938372383947 0.832296786100968 0.009739331577135168 0.00912450707477072
1 0.09133130052815312 0.2414683362712031 0.008660389029461405 0.00886392593383789
1 0.3693434440571328 0.6596775780553403 0.011664064034171726 0.012101442917533543
1 0.16728279901587445 0.21737219976342242 0.009261939836585003 0.009729032931120499
1 0.06842543767846149 0.08525724255520363 0.010178897691809612 0.010116115860317066
1 0.36920920662257983 0.050786445970120636 0.009550675101902174 0.008205304975095003
1 0.3029164542322573 0.21566022997317108 0.010630213696023693 0.010262675907300867
1 0.09400169745735498 0.060468367908311935 0.013974562935207203 0.01447426754495372
1 0.33731385935907776 0.7187506841576617 0.009632027667501698 0.010480175847592562
1 0.19278463073398755 0.10432030325350555 0.008290477420972742 0.008519431819086489
1 0.38575135884077655 0.7681974120762038 0.010152334752290146 0.009792037632154383
1 0.1808495106904403 0.10060317619987157 0.009525382000467052 0.009371405062468155
1 0.46983119715815 0.697174072265625 0.009861614393151325 0.00907922827679178
1 0.36878202790799347 0.7991223335266112 0.010058164596557617 0.00959616122038468
1 0.1633427972378938 0.2287946783978006 0.010247168333634087 0.009544165238090183
1 0.167514241260031 0.19275035028872284 0.008354954097581946 0.008811867755392323
1 0.23540320603743844 0.26567556547081983 0.00975899074388587 0.011027087336001188
1 0.33541289004294766 0.81259358447531 0.009442797821501026 0.009956194006878397
1 0.23943063487177307 0.35998709305473 0.009779722794242527 0.009398387826007345
1 0.302969911824102 0.39028615536897077 0.013729468635890796 0.01297959037449049
1 0.12415299726569133 0.19652593654135 0.009146659270576809 0.008717474730118462
1 0.37499257792597235 0.5921499832816746 0.010157626608143682 0.010277748107910156
1 0.33503015145011583 0.016722213962803715 0.010794494463049847 0.00832563120385875
1 0.0707842318908028 0.26967807438062585 0.008568898491237474 0.009453234465225883
1 0.2458147380663001 0.10285400307696799 0.0072984280793563176 0.008014388706373133
1 0.2149773784305738 0.3613613947578099 0.009275747382122538 0.008718573528787365
1 0.37681193973707117 0.6819442666095235 0.008894547172214674 0.010110440461531929
1 0.48235089364259137 0.712366124858027 0.010276556015014648 0.010289358056109886
1 0.19464483468428903 0.09575239990068518 0.00926550574924635 0.00904430513796599
1 0.34592168227485987 0.04842870390933494 0.008590532385784647 0.008280686710191809
1 0.07490527629852296 0.04395244950833528 0.0114246244015901 0.014664753623630688
1 0.33121048302754114 0.04909205436706543 0.008365580569142881 0.008543885272482166
1 0.3134466046872346 0.7862396862195886 0.009584551272184952 0.009208140165909477
1 0.15334995933201 0.03531688840492912 0.010541314664094345 0.011403076026750647
1 0.348531204721202 0.6656040108722189 0.010018597478451937 0.011769916700280231
1 0.32743333344874176 0.7627988068953806 0.010220810123111889 0.009138356084408968
1 0.297096936599068 0.3485449468312056 0.012772643047830334 0.017915815114974976
1 0.38840014001597534 0.633060476054316 0.011108605758003567 0.010517078897227411
1 0.1669168161309284 0.12083220481872559 0.00787484127542247 0.010946273803710938
1 0.09487801531086797 0.18340787680252738 0.008787517962248428 0.009852803271749744
1 0.1561030564100846 0.11147899213044539 0.010828318803206734 0.009566224139669666
1 0.3727826268776603 0.6480885588604473 0.011508034623187523 0.014625259067701258
1 0.3369391690129819 0.0386297054912733 0.00826126596202021 0.00811493915060292
1 0.42754098643427313 0.6506592190783955 0.01152138088060462 0.009709420411483101
1 0.26840788385142444 0.2440305585446565 0.00924757252568784 0.008353233337402344
1 0.24280031867649246 0.07028049489726192 0.010226788728133492 0.01196091071419094
1 0.3328641319404478 0.09092199284097421 0.009588132086007492 0.009098094442616339
1 0.27094439838243567 0.08284535356189894 0.007821601370106573 0.008166017739669136
1 0.29498732608297595 0.26002754335818085 0.010070883709451427 0.010497901750647503
1 0.0897782678189485 0.29952121817547345 0.00987187675807787 0.01044066055961277
1 0.2811512221460757 0.13376481636710788 0.008076605589493462 0.007413304370382557
1 0.1674273739690366 0.15029442310333252 0.008692140164582626 0.008301994074945864
1 0.4564504208772079 0.04082394164541494 0.009948232899541441 0.010691922643910284
1 0.42373341062794556 0.661629987799603 0.010346433390741762 0.010150121605914574
1 0.3841001261835513 0.596149434214053 0.009286217067552649 0.011063803797182829
1 0.09544930769049605 0.2633597125177798 0.008774622626926588 0.009297287982443104
1 0.24742713181868844 0.15535637606745184 0.009076947751252548 0.008587443310281506
1 0.41093827848849096 0.7020054900127909 0.00955603433691937 0.010779132013735563
1 0.14995676538218622 0.06206947565078736 0.009852222774339758 0.009803943012071692
1 0.20877221356267517 0.33926759984182275 0.010458096213962719 0.011992980604586393
1 0.13727497536203134 0.022793042271033577 0.013086370799852453 0.015419632196426392
1 0.3281355064524256 0.8087538221608035 0.009549067396184673 0.009693436000658117
1 0.4569146995959074 0.7003210523854131 0.009848978208458942 0.009357659713081692
1 0.3596280994622603 0.8316613280254863 0.009208518525828486 0.009450622226880945
1 0.3945978413457456 0.7575275586998981 0.009591807489809782 0.00958840743355129
1 0.10735334520754608 0.20702779811361563 0.008774632992951767 0.008373488550600798
1 0.2238720810931662 0.3379165815270465 0.00865762130073879 0.011042594909667969
1 0.15570361717887546 0.20312336216802185 0.009302201478377632 0.01006715194038723
1 0.26925040327984356 0.7630666442539382 0.009492811949356743 0.009360562200131624
1 0.13459448192430576 0.14971026648645816 0.007985032123068104 0.007935907529748005
1 0.2859361793683923 0.7399039890455164 0.00906241458395253 0.009254538494607677
1 0.3718567101851753 0.8204119309135106 0.0102570160575535 0.010229939999787704
1 0.31812873093978217 0.8742554498755414 0.00991332012674083 0.009218754975692085
1 0.1169635990391607 0.06044672883075217 0.009151013001151707 0.009620158568672512
1 0.34611435947210895 0.8125223284182341 0.009511877661165983 0.00872101991072945
1 0.3512377272481504 0.8250615907751996 0.008735812228658924 0.009675730829653532
1 0.3723919598952583 0.04160368960836659 0.010595425315525219 0.010195255279541016
1 0.23117839771768317 0.17099390340887982 0.009874323140019957 0.008680353993954866
1 0.15640867793041727 0.22025506392769192 0.008342442305191704 0.008734993312669836
1 0.4679555426473203 0.7084037531977114 0.009409790453703507 0.009004261182702106
1 0.11802081439806068 0.2525210691534955 0.008327795111614725 0.00807996418165124
1 0.07919789656348851 0.053554441617882774 0.009258576061414637 0.009302678315535835
1 0.2893583256265391 0.08371905140254808 0.008471115775730299 0.008528325868689495
1 0.3514340001603831 0.8421413380166759 0.00918429312498673 0.009653962176779041
1 0.3043964427450429 0.8604641997295875 0.008730266405188519 0.00955038485319718
1 0.06672225050304247 0.24176139416901965 0.007733381312826405 0.008620013361391813
1 0.37276374257129175 0.7681050715239153 0.011542496473892876 0.009253170179284138
1 0.2557551031527312 0.10256015217822531 0.008363578630530315 0.008154112359751825
1 0.3461681708045628 0.7483650912409242 0.013203009315159008 0.012047104213548742
1 0.2712306043376093 0.037595270768455834 0.008604194806969685 0.00924549672914588
1 0.15669683788133704 0.18866149238918137 0.007566514222518258 0.007999212845512058
1 0.18962817606718643 0.03857245004695395 0.008899087491242783 0.009336225364519201
1 0.23238057675568954 0.35128178803817084 0.009140056112538214 0.009301558784816576
1 0.4805864458498748 0.6291817685832148 0.011796329332434612 0.013820668925409731
1 0.3611464630002562 0.6475908237954845 0.01016018183335014 0.010292260543159817
1 0.23236487222754437 0.3373011700485064 0.008621692657470703 0.010172634021095608
1 0.3369264686885087 0.6865190215732742 0.010228845088378243 0.009746261264966883
1 0.24638163525125253 0.13010555246601935 0.008287056632663893 0.008267247158548107
1 0.4651192996812903 0.6468822334123694 0.010078222855277683 0.012446424235468325
1 0.2649529083915379 0.1394175913022912 0.008678311886994736 0.008392074833745542
1 0.2895041341366975 0.33264129835626355 0.010158787602963655 0.010859370231628418
1 0.25807619094848633 0.14943190761234448 0.007905130800993546 0.008206626643305239
1 0.4591078550919242 0.02967239333235699 0.009197815604831861 0.009845046893410061
1 0.11663492347883145 0.2643141953841499 0.00996764846470045 0.010453970535941746
1 0.32453485157178796 0.7111239018647568 0.00929023908532184 0.00969683605691661
1 0.189504685609237 0.01953705238259357 0.008894381315811821 0.008528071901072626
1 0.22358929592630136 0.3127824638200843 0.008538785188094429 0.00837763496067213
1 0.2426688360131305 0.3348989713451136 0.008480154949685802 0.00961552884267724
1 0.378299575784932 0.6700153558150582 0.010704512181489365 0.012596171835194464
1 0.14911259775576385 0.1744662782420283 0.008741275123927904 0.007624087126358696
1 0.07202013420022052 0.06269273032312808 0.009115877358809761 0.009642549183057703
1 0.07868240708890167 0.8248685339222783 0.01602141753486965 0.015055863753609035
1 0.3076732158660889 0.8693508894547172 0.009329567784848421 0.010134738424549932
1 0.49823576471079944 0.6163905807163403 0.009476910466733187 0.00991269816523013
1 0.29781610032786493 0.6856446888135828 0.011447056480076 0.011265464451002039
1 0.3171369511148204 0.10621744653452998 0.008413522139839504 0.007867004560387653
1 0.38338416555653443 0.025062799453735355 0.008801999299422554 0.009589112323263416
1 0.32320693200049194 0.03740609210470448 0.008170188769050266 0.007798184519228728
1 0.23779203580773392 0.1501438928687054 0.008221418961234715 0.008644974750021229
1 0.3576397234978883 0.7085511166116466 0.009171291537906813 0.009976594344429348
1 0.13143550313037375 0.0517936893131422 0.013098312460857887 0.011049301727958347
1 0.21552256915880286 0.020871753277985947 0.011619795923647673 0.009164058643838634
1 0.29000021063763165 0.06562434590381123 0.00916978587274966 0.008606153985728388
1 0.25443771611089294 0.32762396505669406 0.015649671139924423 0.010388531600651533
1 0.3626771880232769 0.023124913806500644 0.00796515526978866 0.008159847363181736
1 0.2889788358107857 0.8553029557932978 0.008974178977634596 0.009067991505498472
1 0.3522630359815515 0.680969010228696 0.009817455125891644 0.010940095652704653
1 0.4252378422281016 0.6831030016360076 0.009039132491402004 0.009444236755371094
1 0.12070546461188274 0.10839930824611496 0.009400979332301928 0.009007163669752039
1 0.07288623633592026 0.7240797955056896 0.013055474861808445 0.012208358101222828
1 0.2782959316087806 0.06965333741644153 0.008434585903001867 0.008677726206572159
1 0.2683114487191905 0.10846986459649127 0.008437343265699304 0.007726949194203253
1 0.2723091685253641 0.8374899366627568 0.008725021196448284 0.009065006090247112
1 0.47014290353526234 0.0387443148571512 0.010043683259383492 0.010961283808169157
1 0.07868202613747638 0.11531733429950217 0.009934212850487751 0.011294530785602074
1 0.3193179524463156 0.6922333136848784 0.009511926899785582 0.010827893796174423
1 0.2655342661816141 0.6147218165190323 0.010658284892206606 0.010743970456330673
1 0.08016133308410645 0.26575189051420794 0.008536307708076809 0.009149820908256199
1 0.35764410703078553 0.04209797408269799 0.008390727250472359 0.00814792125121407
1 0.14575164214424466 0.23017020847486414 0.009197608284328295 0.009087562561035156
1 0.0719295014505801 0.18936426743217133 0.00896937950797703 0.009068323218304178
1 0.2648225141608197 0.095121663549672 0.008654490761134935 0.008262095244034477
1 0.47438868232395337 0.6360025302223538 0.009439758632494055 0.009403083635413128
1 0.454485913981562 0.7113045194874639 0.008687682773755945 0.008833387623662535
1 0.2339207400446353 0.13966612712196683 0.009556438611901325 0.01055057152457859
1 0.34402088756146637 0.011588117674640987 0.007889628410339355 0.007328372286713641
1 0.10512050338413405 0.1872197648753291 0.008700723233430283 0.008423432059909986
1 0.18378865200540295 0.12203589729640794 0.007980512536090353 0.007865366728409477
1 0.15338030587071955 0.2386457920074463 0.009441987327907396 0.00879086618838103
1 0.44715746589328936 0.7054709766222083 0.010085043699845024 0.009779681330141813
1 0.36762983643490343 0.8343566189641539 0.010411423185597296 0.00965105968972911
1 0.3526047869868901 0.028255067441774452 0.008185171562692394 0.008044457953909168
1 0.4143017945082291 0.6578304249307384 0.010344474211983059 0.009981860285219938
1 0.12015360334645146 0.033592177473980446 0.011308359063189964 0.012107921683269997
1 0.16966734243475873 0.0723737322765848 0.008381314899610437 0.009135837140290634
1 0.33916439180788793 0.8489295918008557 0.009439447651738707 0.008867056473441746
1 0.25603089125260065 0.08359267918959908 0.008765137713888416 0.008093180863753609
1 0.24611041856848673 0.2919270681298297 0.00841410263724949 0.009313293125318445
1 0.24194604417552118 0.09229678952175636 0.00889606061189071 0.01284028654513152
1 0.12037967080655304 0.07238873968953671 0.008788409440413765 0.009157642074253248
1 0.29051572343577514 0.051755902559860886 0.008393183998439623 0.008732075276582138
1 0.08198487758636475 0.23228226537289826 0.00873919155286706 0.009051571721616
1 0.12857843481976053 0.14903627789538842 0.009784221649169922 0.010074480720188305
1 0.2971157923988674 0.11736130714416504 0.009380112523617952 0.008691642595374065
1 0.30564342374386994 0.4895595467608908 0.01416096479996391 0.013055635535198708
1 0.11559373399485713 0.1481696315433668 0.008317429086436396 0.009608040685239046
1 0.2329799610635509 0.3100687731867251 0.008715297864831013 0.008544258449388586
1 0.31434977572897205 0.0490380188693171 0.008462698563285496 0.007974381032197372
1 0.26671792113262677 0.6048880970996359 0.008885694586712381 0.010270346765932829
1 0.2980045028354811 0.3535231416640074 0.01035798114279042 0.011277932187785273
1 0.19038980940113895 0.06245630202086076 0.008788958839748217 0.010352767032125721
1 0.2700467524321183 0.02097732865292093 0.008258363474970278 0.008561149887416674
1 0.3326383569966192 0.07729593308075615 0.008070344510285751 0.008698893629986307
1 0.27560384377189306 0.04754871000414309 0.008293006731116253 0.008378233598626179
1 0.26667948391126545 0.3076537795688795 0.009254725083060886 0.009161036947499151
1 0.28796389828557556 0.8438138961791992 0.009386497995127802 0.009369808694590693
1 0.3259259721507196 0.06271936841633009 0.008090765579887058 0.008164908574975056
1 0.35667796497759613 0.6621897842573082 0.009420120197793713 0.010556988094163977
1 0.30664508239082666 0.5037512571915336 0.015641336855681046 0.014351305754288383
1 0.08130367424177087 0.01775112035481826 0.012061917263528576 0.011920318655345753
1 0.10203495232955269 0.041754823663960335 0.00890337902566661 0.008772222892097805
1 0.29727625846862793 0.7613147859988005 0.010041838106901749 0.009224974590799084
1 0.16960641612177307 0.10880787994550623 0.008834258369777514 0.008694265199744183
1 0.13150099049443784 0.18311672625334363 0.008740777554719345 0.009240482164465862
1 0.3411757298137831 0.8230141971422278 0.009168256884035856 0.009541013966435972
1 0.3106090400529944 0.09399905930394713 0.008066446884818699 0.007617007131161897
1 0.14381386404452118 0.1596308117327483 0.00790746315665867 0.007826836212821629
1 0.0844578794811083 0.14349286970884903 0.009402389111726181 0.00943197374758513
1 0.3797194024790888 0.6379082617552384 0.01031693168308424 0.012866745824399202
1 0.08131706196328867 0.09604822552722433 0.009380755217179008 0.008620272512021273
1 0.2926390482031781 0.09538013520448105 0.008394282797108526 0.0075324410977570914
1 0.11594385686128036 0.18839298123898712 0.00928640365600586 0.00950790488201639
1 0.16645178587540335 0.1809611113175102 0.008222725080407185 0.00843321758767833
1 0.3102769333383311 0.08002874384755673 0.00840865010800569 0.008196234703063965
1 0.24305839123933215 0.3468003836662873 0.009670423424762228 0.010113556747851164
1 0.47782099765280006 0.029662013053894043 0.011273052381432575 0.010661462078923765
1 0.23255282899607785 0.2742811389591383 0.00764471551646357 0.007578870524530826
1 0.3323387236374875 0.5903347678806472 0.018327388102593628 0.01726382711659307
1 0.3371417891720066 0.7542861026266346 0.011035140441811604 0.01623808819314708
1 0.13379922638768738 0.1672108380690865 0.007770921873009723 0.009043320365574049
1 0.2760718076125436 0.8007626533508301 0.008680239967677904 0.009761437125827955
1 0.08972897218621295 0.06374052814815355 0.00860949184583581 0.011050566383030102
1 0.0808353735053021 0.029535969962244453 0.012870560521664827 0.011448580285777216
1 0.09918471522953201 0.22846856324569043 0.009111269660617994 0.008746686189070992
1 0.13229298591613772 0.2728592416514521 0.009124361950418224 0.010642093160878057
1 0.44280247066331946 0.6122249105702275 0.00965607684591542 0.01486007027004076
1 0.4198533763056216 0.6277812149213708 0.010170646335767664 0.011310681052829907
1 0.07097182584845502 0.04944026729334955 0.008408079976620882 0.008386275042658266
1 0.08009482466656229 0.2173570550006369 0.008198779562245245 0.011398812998896059
1 0.4334853006445843 0.6542363374129586 0.010899212049401325 0.009045144786005434
1 0.37400112981381617 0.02742094060649042 0.010294706925101902 0.007964108301245647
1 0.2650709255881932 0.7491839035697605 0.009442930636198624 0.010194612585979958
1 0.40799734125966614 0.5954968929290771 0.016432798427084217 0.011484871739926546
1 0.1456731868826825 0.2664968967437744 0.009279116340305494 0.009043797202732252
1 0.42159316850745165 0.7072780857915464 0.010157792464546535 0.009086028389308764
1 0.24521973858708923 0.26299186374830164 0.009182162906812586 0.00829414699388587
1 0.08456328899964043 0.2585362662439761 0.010784081790758215 0.008803139562192171
1 0.27736544609069824 0.09526822877966838 0.008112389108409052 0.0075948134712550954
1 0.1787107457285342 0.145686123682105 0.009776581888613493 0.008080866025841755
1 0.2999647803928541 0.84580601816592 0.011573293934697691 0.010014699852984886
1 0.2749503280805505 0.7545352811398713 0.009553349536398182 0.010828557221785835
1 0.15487834163334058 0.08723218285519144 0.008751775907433552 0.00895778510881507
1 0.28045154654461407 0.2425484035326087 0.011423110961914062 0.009246121282162874
1 0.3035208142322043 0.04753683183504188 0.008085893548053244 0.008627036343450132
1 0.40138227524964704 0.6818949865258258 0.008646726608276367 0.009091708971106487
1 0.32630003273956537 0.7895059873183466 0.009238275666621177 0.009708627919850455
1 0.4650272908418075 0.02023446559906006 0.009809701339058254 0.00968790054321289
1 0.14028503583825155 0.21565386523371155 0.008950316387674084 0.009003411168637484
1 0.08484539778336235 0.2853253924328348 0.009304233219312586 0.009717879088028618
1 0.21574882839037027 0.013559494977412014 0.010274140731148098 0.012754415688307388
1 0.1351720975792926 0.24117555825606637 0.008315397345501444 0.008769843889319378
1 0.25264689196711 0.30868503321772034 0.009504256041153618 0.008518467778744905
1 0.20090004672174872 0.020480062650597618 0.009333299553912619 0.009466850239297619
1 0.25332084076184086 0.7686647144985357 0.016951279413716647 0.013870861219325663
1 0.37232282628183777 0.01749229625515316 0.00904331518256146 0.009022314911303312
1 0.26588013897771423 0.07382602277009384 0.008632970892864725 0.0078037718067998476
1 0.3394721688135811 0.025614603058151574 0.00888358121332915 0.00937316858250162
1 0.09125542640686035 0.223618745803833 0.008280733357305113 0.011810199074123218
1 0.31517637294271716 0.707006952036982 0.012478227200715439 0.009839679883873981
1 0.1359995914542157 0.09139498679534248 0.0103853992793871 0.009370466937189516
1 0.10316639879475469 0.015562411235726397 0.011025231817494268 0.011281049769857655
1 0.3138422344041907 0.8543747197026792 0.009935005851413893 0.009079394133194633
1 0.16958718714506726 0.138662022093068 0.009139786595883577 0.008919187214063562
1 0.36397508952928626 0.7274421401645825 0.009463807810907778 0.00961341028628142
1 0.3410510913185451 0.07259576216987941 0.008664359217104704 0.00869044013645338
1 0.41441429697948956 0.6481450329656185 0.012001047963681429 0.01014721911886464
1 0.1327464425045511 0.0720827553583228 0.01028870499652365 0.010341297025265902
1 0.4045669358709585 0.8057082217672596 0.009464066961537237 0.011103588601817255
1 0.2697938525158426 0.11985150109166681 0.007587204808774201 0.009743348411891771
1 0.27727546899215033 0.10969635196354079 0.008553401283595873 0.011953322783760403
1 0.1387279759282651 0.09966066090956978 0.01197976651399032 0.011234853578650433
1 0.41975670793782105 0.6952935094418733 0.010041744812675144 0.009347583936608356
1 0.09554575318875519 0.08377144388530564 0.0100381789000138 0.009523666423300037
1 0.46324640771617054 0.01151916319909303 0.009441251340119736 0.007870455151018889
1 0.07745176553726198 0.10472275899804157 0.009471587512804113 0.01073996917061184
1 0.13897694193798563 0.2512674849966298 0.008523661157359247 0.011151251585587212
1 0.19142924184384552 0.11669007073278012 0.009148058683975883 0.008517835451209026
1 0.16519453214562457 0.09285342693328857 0.010980170706044073 0.014337570770927097
1 0.286083636076554 0.808252189470374 0.01091965385105299 0.009664576986561651
1 0.10320396527000097 0.12484005741451097 0.010118080222088356 0.0125051270360532
1 0.3484707189642865 0.6905064168183701 0.010537790215533714 0.011340224224588146
1 0.36879819372425915 0.016701145664505333 0.00971358755360479 0.0072916163050610085
1 0.2767904323080312 0.7660807526629902 0.012068831402322521 0.009943298671556555
1 0.38377249240875244 0.6740821340809697 0.009319388348123302 0.009611129760742188
1 0.17096804535907245 0.19714161624079163 0.00874309954435929 0.010212753130042034
1 0.2814602851867676 0.8182612502056621 0.011010087054708729 0.009600888127866
1 0.3228271111198094 0.07337910714356796 0.00958940257196841 0.007141413895980171
1 0.29930050476737646 0.5274244598720386 0.009819735651430876 0.010982057322626528
1 0.14724775500919507 0.19314636354861053 0.008855145910511847 0.008388871731965439
1 0.06837900825168776 0.8438003374182661 0.014824887980585512 0.013783911000127378
1 0.33017035184994986 0.7805600788282312 0.011365895038065702 0.010004624076511547
1 0.11084541548853336 0.2261868456135625 0.009618354880291483 0.008312536322552225
1 0.23391255088474439 0.16079078549924103 0.0102685430775518 0.008625445158585258
1 0.245974063873291 0.30387211882549786 0.009922773941703465 0.011256280152694038
1 0.3030423599740733 0.500674703846807 0.01305930510811184 0.012855198072350544
1 0.30394955303357996 0.03490470932877582 0.009171921273936396 0.009894938572593357
1 0.0783926844596863 0.1802307522815207 0.012028885924297829 0.009326209192690641
1 0.24623087178105896 0.33138844241266663 0.011298801587975544 0.009662814762281336
1 0.18685274538786514 0.053807491841523544 0.011145260023034138 0.0097003812375276
1 0.16850809947304107 0.04458818487499072 0.011152132697727368 0.00951509372047756
1 0.13162043083153935 0.2286610743793118 0.008206243100373642 0.007960340251093325
1 0.13188944088814028 0.2192457223982795 0.008206243100373642 0.007960340251093325
1 0.1391527124163653 0.2004150184362148 0.008206243100373642 0.007960340251093325
1 0.14130479286917272 0.17970124407794363 0.008206243100373642 0.007960340251093325
1 0.1372696420201588 0.19207570668158613 0.008206243100373642 0.007960340251093325
1 0.15798341637843008 0.19530382736079727 0.008206243100373642 0.007960340251093325
1 0.11709388777508944 0.23969048669995 0.008206243100373642 0.007960340251093325
1 0.12543319952971813 0.24345662749236296 0.008206243100373642 0.007960340251093325
1 0.10848556596385989 0.2359243459075371 0.008206243100373642 0.007960340251093325
1 0.08185357036036832 0.24291860737916124 0.008206243100373642 0.007960340251093325
1 0.0743212887755424 0.23915246658674835 0.008206243100373642 0.007960340251093325
1 0.07216920832273502 0.28138704547309357 0.008206243100373642 0.007960340251093325
1 0.11083266191812995 0.17442746967829836 0.009668298389600672 0.009264790493509045
1 0.15226021063467243 0.16286003724445863 0.009668298389600672 0.009264790493509045
1 0.19045963867200386 0.14268428299938926 0.009668298389600672 0.009264790493509045
1 0.18265834703057698 0.13703507181076988 0.009668298389600672 0.009264790493509045
1 0.17647111572875576 0.12950279022594396 0.009668298389600672 0.009264790493509045
1 0.18077527663437057 0.11121010637708106 0.009668298389600672 0.009264790493509045
1 0.11607835802184828 0.09668356332063116 0.013165429125412293 0.008726770380307388
1 0.25836627280239755 0.11798751836075067 0.008654490761134935 0.008262095244034477
1 0.25083399121757166 0.11233830717213125 0.008654490761134935 0.008262095244034477
1 0.271547765575843 0.13224505136059975 0.008654490761134935 0.008262095244034477
1 0.2812321276134764 0.12067761892675996 0.008654490761134935 0.008262095244034477
1 0.28822638908510045 0.10830315632311743 0.008654490761134935 0.008262095244034477
1 0.2984487712359356 0.10588206581370913 0.008654490761134935 0.008262095244034477
1 0.30759511316036703 0.1023849350778971 0.008654490761134935 0.008262095244034477
1 0.2806941075002745 0.08920344230445178 0.008654490761134935 0.008262095244034477
1 0.2597113230854024 0.07198679868199258 0.008654490761134935 0.008262095244034477
1 0.31593442491499585 0.0657995673801713 0.008654490761134935 0.008262095244034477
1 0.3006008516887432 0.0550391651161343 0.008654490761134935 0.008262095244034477
1 0.2804250974436739 0.05772926568214358 0.008654490761134935 0.008262095244034477
1 0.3143203645753905 0.03916757177667976 0.008654490761134935 0.008262095244034477
1 0.344987511027897 0.034997915899365496 0.008654490761134974 0.011759225979846643
1 0.3526047869868901 0.028255067441774452 0.008185171562692394 0.008044457953909168
1 0.3627421747635589 0.03217331030505585 0.0065024103083274444 0.007724075130832746
1 0.32319769644322316 0.08557180654033958 0.009192510874337085 0.01068318575344304
1 0.45607295328518943 0.6280661786212847 0.010172294533771019 0.010422167570694633
1 0.46340959119248737 0.6361364803193125 0.010172294533771019 0.010422167570694633
1 0.4052951488002059 0.6909435066114934 0.008646726608276367 0.009091708971106487
1 0.40994168614149457 0.6826286503165556 0.008646726608276367 0.009091708971106487
1 0.4138545596920536 0.688742515239304 0.008646726608276367 0.009091708971106487
1 0.41434366888587343 0.7105078743642881 0.008646726608276367 0.009091708971106487
1 0.3566384516219883 0.7213282752418345 0.009463807810907778 0.00961341028628142
1 0.3302265551557165 0.7148475784237222 0.00799648022944696 0.006923309720272625
1 0.28609389477639025 0.7539300624275964 0.009774436121401579 0.010039163672405739
1 0.28046913904746185 0.744636987745019 0.009774436121401579 0.010039163672405739
1 0.2878057769547597 0.7632231371101739 0.009774436121401579 0.010039163672405739
1 0.320430722413727 0.7968426252256444 0.009238275666621177 0.009708627919850455
