1 0.0827454506011669 0.33623188483390876 0.01777152166384526 0.017277868284294017
1 0.11088369323558857 0.3204349766882686 0.01777152166384526 0.017277868284294017
1 0.13161713517674134 0.3140174827541022 0.01777152166384526 0.017277868284294017
1 0.1335917486949464 0.3332699645566013 0.01777152166384526 0.017277868284294017
1 0.14198385614731773 0.3623955139501255 0.01777152166384526 0.017277868284294017
1 0.11779484054930613 0.36930666126384304 0.01777152166384526 0.017277868284294017
1 0.12223772096526744 0.4068243181097386 0.01777152166384526 0.017277868284294017
1 0.10792177295828101 0.43743082764191643 0.01777152166384526 0.017277868284294017
1 0.0931121715717433 0.4438483215760829 0.01777152166384526 0.017277868284294017
1 0.21060167590494241 0.3796733822344195 0.01777152166384526 0.017277868284294017
1 0.17357767243859812 0.39102740996409835 0.01777152166384526 0.017277868284294017
1 0.16172999132936794 0.38263530251172695 0.01777152166384526 0.017277868284294017
1 0.16321095146802175 0.32191593682692243 0.01777152166384526 0.017277868284294017
1 0.1859190069273796 0.30759998881993605 0.01777152166384526 0.017277868284294017
1 0.2338033847438515 0.30167614826532096 0.01777152166384526 0.017277868284294017
1 0.21948743673686505 0.41521642556210997 0.01777152166384526 0.017277868284294017
1 0.23182877122564644 0.43841813440101907 0.01777152166384526 0.017277868284294017
1 0.2708273882101957 0.41422911880300745 0.01777152166384526 0.017277868284294017
1 0.27280200172840074 0.3841162626503808 0.01777152166384526 0.017277868284294017
1 0.3211800329244239 0.40583701135063616 0.01777152166384526 0.017277868284294017
1 0.31180061871295 0.4438483215760829 0.01777152166384526 0.017277868284294017
1 0.35376115597480684 0.4181783458394175 0.01777152166384526 0.017277868284294017
1 0.35376115597480684 0.4428610148169803 0.01777152166384526 0.017277868284294017
1 0.3399388613473715 0.4581642695830693 0.01777152166384526 0.017277868284294017
1 0.38041843847057455 0.4398990945396728 0.01777152166384526 0.017277868284294017
1 0.28316872269897714 0.3456112990453828 0.01777152166384526 0.017277868284294017
1 0.29402909704910474 0.32191593682692243 0.01777152166384526 0.017277868284294017
1 0.2767512287648108 0.30611902868128227 0.01777152166384526 0.017277868284294017
1 0.24910663950994041 0.2740315590104506 0.01777152166384526 0.017277868284294017
1 0.23676530502115903 0.2814363597037195 0.01777152166384526 0.017277868284294017
1 0.2234366637732751 0.31697940303141 0.01777152166384526 0.017277868284294017
1 0.24713202599173545 0.32734612400198637 0.01777152166384526 0.017277868284294017
1 0.23429703812340277 0.33573823145435766 0.01777152166384526 0.017277868284294017
1 0.2002349549343661 0.33129535103839636 0.01777152166384526 0.017277868284294017
1 0.19677938127750727 0.34610495242493405 0.01777152166384526 0.017277868284294017
1 0.17752689947500827 0.35054783284089536 0.01777152166384526 0.017277868284294017
1 0.16518556498622686 0.34314303214762654 0.01777152166384526 0.017277868284294017
1 0.19834544611174235 0.314023640739085 0.01609959488440762 0.014212669188657233
1 0.178267379544335 0.3379596716623381 0.013328641247883794 0.008885760831922563
1 0.19275741163279556 0.32374829403711713 0.013328641247883794 0.008885760831922563
1 0.26779141992595545 0.27087711391511804 0.01777152166384526 0.017277868284294017
1 0.34484577594011107 0.27147443450437503 0.01777152166384526 0.017277868284294017
1 0.3334966847442277 0.29357529630688484 0.01777152166384526 0.017277868284294017
1 0.36814127892113485 0.29715921984242694 0.01777152166384526 0.017277868284294017
1 0.40995372016912635 0.30372974632425415 0.01777152166384526 0.017277868284294017
1 0.4380277878642064 0.3061190286812822 0.01777152166384526 0.017277868284294017
1 0.4207054907757527 0.3198574022341938 0.01777152166384526 0.017277868284294017
1 0.37411448481370513 0.32344132576973594 0.01777152166384526 0.017277868284294017
1 0.3287181200301717 0.33598505814413326 0.01777152166384526 0.017277868284294017
1 0.34544309652936817 0.34613950816150274 0.01777152166384526 0.017277868284294017
1 0.3812823318847893 0.3407636228581895 0.01777152166384526 0.017277868284294017
1 0.3794903701170182 0.36465644642847034 0.01777152166384526 0.017277868284294017
1 0.37053056127816286 0.3801867817491528 0.01777152166384526 0.017277868284294017
1 0.346637737707882 0.38496534646320896 0.01777152166384526 0.017277868284294017
1 0.41353764370466833 0.37182429349955465 0.01777152166384526 0.017277868284294017
1 0.42667869666832275 0.3855626670524661 0.01777152166384526 0.017277868284294017
1 0.4535581231848886 0.3861599876417231 0.01777152166384526 0.017277868284294017
1 0.4553500849526597 0.3455421875722457 0.01777152166384526 0.017277868284294017
1 0.4780482673444265 0.3622671640714423 0.01777152166384526 0.017277868284294017
1 0.5079142968072776 0.34912611110778785 0.01777152166384526 0.017277868284294017
1 0.5221935267942974 0.37442074708479434 0.01777152166384526 0.017277868284294017
1 0.47609877647419496 0.3065590313357547 0.01777152166384526 0.017277868284294017
1 0.5399399829295729 0.3284224582040348 0.01777152166384526 0.017277868284294017
1 0.5609288727231219 0.3301715323534972 0.01777152166384526 0.017277868284294017
