0 0.10639908521071724 0.9739087146261463 0.010797821957132091 0.01119207299273947
0 0.3431486357813296 0.5829481871231742 0.009500192559283712 0.009871938954228941
0 0.25905957429305365 0.7447071075439453 0.008931533150050951 0.00907060374384341
0 0.20170441917751145 0.658450707145359 0.011943278105362602 0.012383751247240149
0 0.23619084772856336 0.9758317366890286 0.008686791295590609 0.008893386177394701
0 0.3602044504621755 0.6305086509041165 0.009778484054233717 0.00961755669635275
0 0.3706480731134829 0.759148245272429 0.008836373038913893 0.009300770966903023
0 0.14826349590135657 0.8298520834549613 0.009312090666397758 0.00910298720650051
0 0.2722700367803159 0.6319963621056598 0.009847392206606657 0.009771015333092731
0 0.07958549779394399 0.9563145222871199 0.010506500368532927 0.011164084724757984
0 0.097834763319596 0.6271222156027089 0.010657953179400902 0.01091666843580163
0 0.34228930266007135 0.6934752464294434 0.009587536687436312 0.009571033975352411
0 0.18340253829956055 0.9399645846822987 0.009227089259935461 0.009859499724014946
0 0.2647501696711001 0.9720067563264265 0.009905027306598166 0.009981072467306385
0 0.11999181042546811 0.9684743881225586 0.011441894199537195 0.01193635360054348
0 0.36929121743077814 0.5603445509205693 0.010338648505832836 0.010451565618100374
0 0.1293645838032598 0.9849318214084792 0.011305000471032185 0.011114203411599865
0 0.21554966594861902 0.9181733131408691 0.009913962820301886 0.01019498576288638
0 0.07188694373421047 0.8797314892644467 0.011587526487267536 0.011535934779954992
0 0.28288143614064093 0.6253923955171005 0.010144586148469345 0.010740238687266474
0 0.15855080148448114 0.6681209647137186 0.010759581690249235 0.011184194813603941
0 0.17292273044586182 0.896631033524223 0.008863500926805578 0.009169620016346807
0 0.32608324548472534 0.8998808446137803 0.010507003120754078 0.010587319083835766
0 0.09548164450603983 0.46709301160729455 0.011453628540039062 0.011868684188179348
0 0.3087253363236137 0.8067026138305664 0.010967213174571161 0.009614446888799253
0 0.19147609627765155 0.6743712839872942 0.010284755540930706 0.010238274284031079
0 0.35362446826437244 0.579514980316162 0.010094186534052309 0.01007681307585343
0 0.4221791184466818 0.851667238318402 0.010099120762037195 0.010100240292756454
0 0.12314657024715257 0.6497194870658543 0.010193544885386591 0.011095627494480297
0 0.3262300484854242 0.776665210723877 0.009359524301860643 0.008786367333453634
0 0.4068883190984311 0.9373760016068167 0.007941909458326258 0.007735003595766814
0 0.11453819793203604 0.487008696017058 0.01042684264805006 0.01064536882483441
0 0.20245822616245435 0.9698237128879714 0.0099224214968474 0.010013663250467052
0 0.33049911001454224 0.7628154339997664 0.010599011960236923 0.010096093882685122
0 0.35657311004141107 0.666692298391591 0.009635417357735012 0.010299641153086786
0 0.3676283048546833 0.9305192698603091 0.0077314791472061824 0.0076036038606063176
0 0.22691873882127844 0.8988444286844005 0.008654677349588146 0.008894298387610394
0 0.08176139126653256 0.9743726564490277 0.0113458426102348 0.011666588161302649
0 0.23368009277012036 0.79498116866402 0.01032814772232719 0.009945910909901495
0 0.3557091705177141 0.5653329102889352 0.009936267914979355 0.009893666143002718
0 0.31739040043043054 0.7463090938070545 0.010680115741232166 0.010271611421004585
0 0.08328865662865016 0.6130717111670453 0.01007124133732008 0.011016555454420008
0 0.09895493154940399 0.8828126036602518 0.010479211807250977 0.010849869769552479
0 0.33103518900663964 0.6155486314193063 0.009444091631018597 0.009548933609672215
0 0.4226076084634532 0.8681639381076978 0.010512186133343239 0.010252330614172894
0 0.3619560158771018 0.7344799871030062 0.009465259054432745 0.009578787762185802
0 0.14463515385337497 0.9794142349906587 0.01036288427269977 0.010503105495287024
0 0.12485633725705356 0.8977861819059954 0.009114369102146315 0.00956162162449049
0 0.08786039767058 0.9148467312688412 0.01073945086935292 0.010041153949239979
0 0.16705735351728357 0.953887006510859 0.00992981247279955 0.009678757709005604
0 0.11372073836948561 0.9280406703119694 0.010729333628778872 0.011236273724099865
0 0.19987685784049652 0.9367646549058998 0.009957209877345873 0.01043249213177225
0 0.08585197770077248 0.6011097120202106 0.011361873668173084 0.01104661692743716
0 0.10471209754114566 0.48122047859689465 0.011410744293876316 0.011202884757000466
0 0.18275879776996118 0.9817702459252398 0.010712768720543903 0.01069504281748896
0 0.3004727570906929 0.8675824455592944 0.00889761551566746 0.011015601780103601
0 0.2795038015946098 0.7949655366980511 0.01058184582254161 0.010588770327360733
0 0.07049395467924036 0.6519993284474248 0.012615457825038746 0.011907701906950577
0 0.08166282073311183 0.4868035316467285 0.010964455811873726 0.01071328702180282
0 0.11617411737856656 0.9533907848855724 0.010244514631188435 0.009783703347911005
0 0.27859942809395166 0.921578780464504 0.010311790134595789 0.010258716085682745
0 0.07453797433687293 0.9429385351098101 0.011427200358846912 0.010908168295155401
0 0.34104568543641456 0.7355436449465544 0.010063078092492145 0.010018431622049084
0 0.1835384576216988 0.7298992820408035 0.009258601976477581 0.009966642960258152
0 0.28602799125339673 0.8832156969153363 0.008194799008576767 0.008490935615871264
0 0.11405289173126221 0.7767154652139415 0.010184671567833942 0.010440038598102074
0 0.1360350173452626 0.9203817326089611 0.01007024101589037 0.010038831959600035
0 0.29433622567549994 0.8874812126159669 0.00846943647965141 0.009176129880158798
0 0.232490290766177 0.9686198441878611 0.010096301203188688 0.018390738445779552
0 0.09336478813834813 0.5636747712674348 0.01136060383008874 0.011362635571023693
0 0.12435470974963644 0.5511277240255604 0.00988254339798637 0.009529611338739809
0 0.3270104404376901 0.8083520142928414 0.009604735218960306 0.008473935334578804
0 0.32407624825187353 0.8239339952883512 0.009714852208676546 0.009195452151091202
0 0.09085792821386587 0.9524771026943042 0.011390836342521336 0.010829635288404383
0 0.3622719723245372 0.9751122308814008 0.010315107262652855 0.009684313898501188
0 0.2108288536901059 0.8627480838609778 0.008589599443518597 0.008205952851668648
0 0.29779312921606976 0.7977651927782142 0.009778914244278618 0.009663374527640965
0 0.4166909922724185 0.6391214080478833 0.009899947954260784 0.009725612142811651
0 0.39036289505336597 0.7120241289553435 0.009106532387111498 0.008349252783733866
0 0.41260783568672516 0.8932655375936756 0.009862941244374151 0.010969286379606827
0 0.18979445747707202 0.9060674957607104 0.008952223736306896 0.00922704779583475
0 0.10281436339668605 0.8597827165023141 0.010387420654296875 0.010673688805621605
0 0.16627175393311874 0.8868013879527217 0.009582218916519829 0.009567841239597486
0 0.13431813405907675 0.6560872326726498 0.00938577237336532 0.009480766628099524
0 0.360336625057718 0.7927193019701086 0.008615224257759426 0.00807928002398947
0 0.13350620477095895 0.8320187278415845 0.009575760882833729 0.009271787560504416
0 0.5243658604829208 0.9846331347589907 0.010177570840586786 0.01065590070641559
0 0.2899883208067521 0.7827914694081182 0.009908116382101307 0.011037246040675953
0 0.35394426791564276 0.7803419983905294 0.009065073469410772 0.009625434875488281
0 0.1795885355576225 0.9636947383051333 0.009914253069006878 0.00987218773883322
0 0.19206888779349948 0.747050948764967 0.00817095715066661 0.008970841117527174
0 0.42193135489588196 0.6686315536499023 0.009525537490844727 0.00917642012886379
0 0.09961431959401004 0.5947114177372144 0.01072141398554263 0.010280173757801886
0 0.07050442177316417 0.6098578079887058 0.01126167048578677 0.01127524997877038
0 0.0815782728402511 0.672250156817229 0.010202361189800759 0.011554987534232761
0 0.39334059020747303 0.6594757204470427 0.009750734204831331 0.011151728422745415
0 0.25328137563622516 0.9360529236171558 0.012021541595458984 0.010081457055133324
0 0.28589462197345233 0.9036220674929412 0.01092740763788638 0.011593486951745075
0 0.20185550399448562 0.9158544955046279 0.009534980939782185 0.009647286456564198
0 0.08165616833645364 0.8624876271123472 0.011044497075288193 0.012092424475628395
0 0.07221148065898729 0.9187670375989831 0.012345599091571312 0.010916958684506624
0 0.2633638278297756 0.9147778593975565 0.011234428571618122 0.00959541486657184
0 0.22791463395823597 0.9380954659503439 0.009784055792767069 0.009813640428626019
0 0.3067444200101106 0.7778467510057533 0.009787746097730554 0.009741244108780571
0 0.11130502431289009 0.5537516448808752 0.010501934134441872 0.010920586793319038
0 0.24840396383534308 0.8189959526062012 0.008724337038786514 0.00968232362166695
0 0.16674211750859802 0.6965761806653894 0.00900542217752208 0.009391743203868036
0 0.3417563749396283 0.7205356100331182 0.009881330573040506 0.010268335757048233
0 0.24128591496011484 0.9297501522561779 0.00978683388751486 0.009404555610988451
0 0.17130163959834885 0.921533729719079 0.010265961937282398 0.010365403216818104
0 0.18783185793005902 0.8692872005960216 0.008796401645826258 0.009452653967815897
0 0.15741815256035846 0.922567015108855 0.011031202647996985 0.010631271030591883
0 0.15060236143029254 0.9316070390784223 0.00986654862113621 0.009575470634128736
0 0.25802030770674994 0.724517822265625 0.008609668068263842 0.00950058646824049
0 0.24286284654036813 0.9091656933660092 0.009068406146505604 0.008419907611349354
0 0.3835652107777802 0.7036037237747855 0.008573558019555134 0.009526252746582031
0 0.13770079094430673 0.9508029896280041 0.00986753339352815 0.010089501090671704
0 0.1027112110801365 0.6528783881145976 0.011665572290835173 0.011839576389478601
0 0.33586249144180963 0.7893105797145679 0.009117831354555876 0.008739554363748302
0 0.36164115822833515 0.5555788745050845 0.010767687921938688 0.012092548867930536
0 0.1906125441841457 0.9260518861853559 0.010452726612920347 0.009856016739555027
0 0.11818297531293785 0.84960122730421 0.010224331980166227 0.010004665540612263
0 0.17623386175736136 0.695587033810823 0.009271103402842646 0.010269579680069633
0 0.17233152493186618 0.7258071484773057 0.00951794956041419 0.01028044327445652
0 0.44523399290831184 0.9399931534476902 0.008880998777306599 0.008008625196373981
0 0.15509695592133896 0.8983409715735394 0.009818574656610903 0.009946574335512907
0 0.1659618616104126 0.7136643451193103 0.01064622920492421 0.010211529939070992
0 0.11021593860957933 0.9113152338110884 0.01075509320134702 0.009879195171853771
0 0.3546656175799992 0.8011198043823242 0.007973269275996996 0.007556998211404552
0 0.092697174652763 0.6675481174303138 0.010806477588155994 0.01101672131082286
0 0.15142101826875107 0.9661226065262504 0.009718024212381115 0.009941557179326597
0 0.36069291570912243 0.7678002481875212 0.008759830308997112 0.008415056311565897
0 0.1771032499230426 0.8820061890975288 0.009125958318295687 0.009522728298021399
0 0.4139595498209414 0.6529354323511538 0.010221139244411304 0.011431714762812075
0 0.0861721272053926 0.8853261574454929 0.011149608570596447 0.010907504869543987
0 0.4303892591725226 0.8978326838949452 0.008652023647142492 0.008017705834430197
0 0.2192051514335301 0.8932621375374171 0.008413066034731657 0.00811630746592646
0 0.14245846997136655 0.8989782955335535 0.008716375931449558 0.008339964825174084
0 0.4549551010131836 0.9287143790203592 0.009373457535453465 0.010412713755731997
0 0.3156261962393056 0.795170908388884 0.009048689966616423 0.008573117463485054
0 0.14549579827681833 0.6598701891691787 0.010259027066438095 0.010698650194251019
0 0.08415191847345102 0.9314266702403193 0.010959920675858208 0.011166033537491508
0 0.25144213178883423 0.925721209982167 0.008883372597072435 0.009602090586786684
0 0.31951478253240173 0.925975758096446 0.008572640626326851 0.00796334639839504
0 0.16239095770794415 0.9724826605423637 0.010153811910878057 0.010134862816852074
0 0.2199192150779392 0.8084338644276494 0.008996279343314793 0.00933174465013587
0 0.41205673632414436 0.6898671440456225 0.011236812757409138 0.010537106057871943
0 0.4552344291106514 0.9711808329043181 0.008172771205072817 0.0071465036143427306
0 0.3416247989820398 0.7724235368811566 0.008920171986455503 0.008714427118716032
0 0.07145526098168414 0.6770101422848908 0.011387503665426502 0.01132977527120839
0 0.40524523154548975 0.9596415602642557 0.008011133774467136 0.007549078568168308
0 0.19611181383547577 0.7683417900748875 0.008381615514340609 0.008486333100692085
0 0.13458566561989163 0.9075787793035093 0.009581617687059485 0.009688460308572521
0 0.26212910983873455 0.8228776351265286 0.009648012078326681 0.009797469429347826
0 0.1771917965101159 0.8587680484937585 0.009285843890646229 0.00953873344089674
0 0.23016665292822797 0.8224449572355852 0.009447201438572096 0.009245665177055027
0 0.3353812726943389 0.6066359644350797 0.009240260590677675 0.010171475617781929
0 0.06704830086749533 0.6365776062011718 0.01030210826707923 0.011188175367272419
0 0.15206965156223462 0.9874172003372855 0.009421804676885191 0.00886324177617612
0 0.21281216455542523 0.8519484063853389 0.008619660916535751 0.008597995923913044
0 0.09231041825335959 0.783355837282927 0.009277115697446077 0.009984057882557745
0 0.4355156318001125 0.9134733780570652 0.009801989016325577 0.012059253195057745
0 0.07081884923188583 0.8614001481429391 0.009536753530087679 0.010078015534774117
0 0.06683935289797577 0.7790310486503269 0.009469799373460852 0.009436648824940557
0 0.08082487790480904 0.5143968851669974 0.010603614475416101 0.010838778122611668
0 0.10855421294336734 0.535783342693163 0.01074273689933445 0.010695312334143597
0 0.09005865065947821 0.7435679850370986 0.009305243906767471 0.009148929430090862
0 0.3693476552548616 0.6543912265611732 0.009580860967221468 0.00870501476785411
0 0.2453469297160273 0.7477067657138989 0.008979279062022333 0.009044025255286175
0 0.19526206928750742 0.8459714806598164 0.009038489797840948 0.008538619331691576
0 0.2317283879155698 0.8723398084225862 0.008852585502292799 0.008613544961680536
0 0.2619337828262993 0.8790035455123238 0.008935181990913723 0.009476993394934612
0 0.19607662117999536 0.788064832272737 0.00911575814952021 0.008977392445439878
0 0.3418636127658512 0.6194971748020338 0.009137835191643757 0.00951949409816576
0 0.09616043256676716 0.9847180325052013 0.010220299596371859 0.009885290394658628
0 0.21794795989990234 0.8373262156610904 0.008502835812775986 0.007511221844217052
0 0.24604165035745368 0.8447935062906018 0.00860633020815642 0.008164986320163893
0 0.13754159471263055 0.6736492488695227 0.010530575462009594 0.011162965194038723
0 0.10763508858888045 0.7007111881090247 0.010234304096387781 0.009566224139669666
0 0.1768329247184422 0.8266460584557574 0.009221242821734884 0.008985519409179688
0 0.23707496601602301 0.7595076146333115 0.010026869566544243 0.009797842606254246
0 0.09870688811592432 0.8414343750995138 0.009707347206447435 0.009612332219662874
0 0.1799559696860935 0.6686333158741827 0.009548788485319717 0.009786315586255945
0 0.3128465569537619 0.9193634572236435 0.008892639823581861 0.009030756743057915
0 0.21087050437927243 0.8786680180093517 0.009279562079388163 0.008710819741953974
0 0.2749659496804942 0.8842883317366891 0.008751330168350883 0.009871026744013247
0 0.2608903076337731 0.9310747436855149 0.008802683457084324 0.00941678752069888
0 0.17048267696214758 0.9417912027110223 0.00941703630530316 0.009112482485563858
0 0.401678564755813 0.6734887620677119 0.009975884271704632 0.009403684864873472
0 0.1614623432574065 0.8005475375963294 0.008881060973457668 0.00910025057585343
0 0.21097092006517493 0.7626347127168074 0.008506070012631624 0.009258477584175442
0 0.07004401735637499 0.5534964851711108 0.009907509969628376 0.009905524875806726
0 0.10131571603857953 0.6888650811236837 0.009632525236710258 0.009519577026367188
0 0.20505027149034585 0.830016737398894 0.0087805001632027 0.008972126504649286
0 0.0709197884020598 0.6285841464996338 0.010163317555966585 0.00995779037475586
0 0.1410086725069129 0.863514692887016 0.009791197984114937 0.010383937669836956
0 0.07005347117133763 0.792440829069718 0.009904016619143278 0.011085427325704823
0 0.20315845116325043 0.7128277654233186 0.011355213496996008 0.009904115096382473
0 0.27793146216351056 0.8579932917719302 0.009211249973462976 0.009855767954950747
0 0.10063752920731256 0.6148836716361668 0.009958370872165846 0.010989147683848505
0 0.17885420633398968 0.798104825227157 0.008444350698719854 0.009063223133916441
0 0.11599741811337677 0.8032514945320461 0.009293473285177479 0.008868466252866
0 0.15469601361647897 0.9096002164094346 0.009965056958405868 0.009876997574515965
0 0.14847931654556937 0.7194060242694356 0.009574123050855554 0.009019976076872452
0 0.12680427924446439 0.887320145316746 0.010011216868524965 0.00930686618970788
0 0.19244954897009806 0.8622789590255074 0.010456873022991676 0.009586707405422045
0 0.24130176461261255 0.7223843906236732 0.008141144462253736 0.00865335049836532
0 0.23885379666867462 0.8367608111837634 0.008500327234682829 0.008517638496730639
0 0.33798393477564276 0.7607289811839228 0.008849320204361626 0.008515192114788553
0 0.44037840677344287 0.9279326770616614 0.00849746621173361 0.009171237116274626
0 0.1520291411358377 0.8192927111750063 0.009198292441990065 0.00960014177405316
0 0.38225194682245667 0.9028971713522205 0.007906872293223505 0.007970146510912024
0 0.20992749670277472 0.9581347341122834 0.008385368015455164 0.008576849232549253
0 0.09155582345050314 0.5242792212444803 0.010954856872558594 0.009575387705927309
0 0.45893492905989935 0.9825117069741954 0.008298169011655062 0.00794083139170771
0 0.06647394532742708 0.899230728978696 0.010417668715767239 0.01624335413393767
0 0.22358649709950323 0.8291067247805389 0.008936425913935122 0.008907193722932236
0 0.39209382689517475 0.9082575673642366 0.008146446684132452 0.008748013040293818
0 0.1239543116610983 0.7848108747731084 0.009081249651701553 0.009788305863090183
0 0.15644771638123886 0.6970010218412979 0.010650023170139477 0.01047354159147843
0 0.15605906818224036 0.8441843571870222 0.008153272711712381 0.008387565612792969
0 0.22709345817565915 0.7698357208915378 0.008667261704154636 0.008990660957668139
0 0.22310256958007812 0.7558298318282418 0.009259555650793987 0.008982575458029041
0 0.07015181106069814 0.5283519392428191 0.008371031802633534 0.009984493255615234
0 0.3847427756890007 0.8963365347489066 0.007948175720546556 0.008220714071522589
0 0.13156650895657745 0.8491310658662217 0.009367828783781632 0.009611585865850035
0 0.0734942114871481 0.851788686669391 0.010538702425749405 0.012139444765837296
0 0.17311342902805493 0.8154914897421132 0.008430398028829823 0.009236004041588825
0 0.2015032146288001 0.8108383261639139 0.008539241293202276 0.007865408192510191
0 0.07148128229638805 0.27076825888260553 0.012849294621011486 0.013160601906154468
0 0.09889903794164243 0.5376703324525252 0.010004903959191364 0.010959438655687414
0 0.13946708388950513 0.8237957125124723 0.00882640092269234 0.008817797121794327
0 0.1646933866583783 0.8582967675250508 0.009475873864215353 0.009351149849269701
0 0.21568632125854495 0.7438856207806132 0.008946584618609884 0.008715671041737432
0 0.11630336098048998 0.9434937601504119 0.009612684664518936 0.009236294290293818
0 0.12213533339293106 0.7671742853911026 0.009561528330263884 0.009143870809803839
0 0.12821725140447202 0.9306869921476943 0.01146455433057702 0.01105134383491848
0 0.20233885101650073 0.7380232603653616 0.008402554885200832 0.008435788361922554
0 0.3453118839989538 0.7467988263005797 0.008860766887664795 0.009412641110627548
0 0.14770438878432565 0.7539598008860713 0.009537168171094812 0.00848276718803074
0 0.09631595922553021 0.9070409691852072 0.00965739333111307 0.008667158043902853
0 0.22180401760598886 0.8850236768307893 0.008464771768321161 0.00830289591913638
0 0.2352204633795697 0.7751245705977731 0.008273518603780994 0.008551100026006285
0 0.13351792356242304 0.875297961027726 0.009602971698926844 0.009624729985776155
0 0.14862541012142017 0.6825182334236477 0.009970468023548956 0.009671294170877209
0 0.08321371285811714 0.7905073995175569 0.00939377494480299 0.009691735972528872
0 0.21724225127178687 0.9591810806937839 0.01145153460295304 0.009062393851902174
0 0.2103333576865818 0.7303319184676461 0.008937400320301886 0.00890151314113451
0 0.06687112217364105 0.5454684755076533 0.00896305104960566 0.009969421055005945
0 0.11904314808223558 0.513769129048223 0.009729706722757091 0.010461931643278702
0 0.3922152519226074 0.9651889386384382 0.007553142050038214 0.007588427999745245
0 0.3650763553121816 0.9253558697907822 0.009685101716414742 0.010556013687797215
0 0.268264335134755 0.8607568118883215 0.0097808837890625 0.009160041809082031
0 0.10564204721318612 0.8696873370478357 0.006134796297497735 0.00786355610644586
0 0.18290699046591055 0.8150478031324304 0.009361495142397673 0.008892888608186142
0 0.36663728693257214 0.6871164985325025 0.008117955663929815 0.007224953692892323
0 0.3995653857355532 0.6957988531693168 0.00894890660824983 0.008016627767811651
0 0.1001819009366243 0.7449421882629395 0.009074978206468664 0.010195649188497791
0 0.07919378384299901 0.8020697883937671 0.009929242341414742 0.00957688041355299
0 0.36170289697854413 0.7558105924855107 0.008776833181795866 0.008610310761824898
0 0.07172891108886055 0.8145015136055325 0.010350502055624256 0.010729748269786005
0 0.12548501595206882 0.5173580439194388 0.013402005900507387 0.010982865872590439
0 0.39921211159747577 0.9701399388520615 0.007587142612623133 0.007103588270104449
0 0.2414208806079367 0.8886322767838187 0.012169485506804092 0.00974447830863621
0 0.07841096494508826 0.8234414847000785 0.009262836497762928 0.009306575941002888
0 0.240653483763985 0.8115733395452085 0.008408981820811396 0.00862822325333305
0 0.38253160144971765 0.6925153939620309 0.008659072544263758 0.00835356505020805
0 0.3867549118788346 0.6494028464607571 0.010709524154663086 0.009543501812478771
0 0.16062700230142343 0.7378556417382282 0.009464015131411345 0.00926859482474949
0 0.41414598796678626 0.6723450577777365 0.007983705271845278 0.00922356481137483
0 0.1775772312413091 0.7438725181247876 0.009676093640534775 0.008077621459960938
0 0.08751890970313031 0.5526001349739407 0.008465124213177225 0.008660814036493715
0 0.0998843700989433 0.7165585393490999 0.00940469036931577 0.010187895401664402
0 0.16950676233872122 0.8354489077692446 0.008882636609284775 0.00939804574717646
0 0.17372527329818063 0.6664076266081438 0.011755860370138416 0.011355109836744226
0 0.24984357668005902 0.8658317275669263 0.008612674215565557 0.008758088816767153
0 0.16190936254418414 0.871727176334547 0.009434243907099184 0.00900720513385275
0 0.24814507235651434 0.7286260646322499 0.008289523746656336 0.010611699975055199
0 0.19931855409041696 0.8864364416702933 0.009043610614279041 0.008763727934464165
0 0.0825418182041334 0.8148515535437544 0.009420146112856657 0.009220703788425611
0 0.17325304902118183 0.781768446383269 0.008778468422267748 0.008231411809506624
0 0.08222141732340274 0.6807263830433719 0.008746090142623238 0.008769325588060461
0 0.06668574654537698 0.5724070072174072 0.009899528130241062 0.009860681450885275
0 0.3288417032555394 0.7943046611288319 0.010097801361394964 0.009942137676736584
0 0.4025505522023077 0.6525503863459048 0.00996510878853176 0.009521277054496433
0 0.2413554917211118 0.8627194528994353 0.009310245513916016 0.009423463240913723
0 0.2001144367715587 0.7560074847677478 0.008422063744586447 0.008666909259298573
0 0.13963413238525388 0.8498545107634172 0.00948134712550951 0.009472556736158289
0 0.30395906904469366 0.7602756127067234 0.009901938231095024 0.008663218954335089
0 0.19852582268092944 0.8771998571312946 0.008625611014988111 0.00949059361996858
0 0.243285376092662 0.8012602640234906 0.008599177650783373 0.00823738264000934
0 0.12084150314331056 0.6788829098577085 0.009265070376188858 0.009358571923297384
0 0.23766460626021677 0.746896225473155 0.00920849261076554 0.008919467096743376
0 0.4438877934994905 0.9850781482198964 0.009337217911430027 0.006884201713230299
0 0.1080828749615213 0.681823668272599 0.009942573049794073 0.00961440542469854
0 0.4209266123564347 0.9015697396319845 0.00896764838177225 0.008695436560589334
0 0.39390304814214294 0.918892528699792 0.007063285164211107 0.0071914506995159645
0 0.16487582870151687 0.7629816843115765 0.008733438408893087 0.007956256037173063
0 0.3177421300307564 0.80791421558546 0.010060870129129162 0.009062849957010021
0 0.29746734577676526 0.8753514082535453 0.0086908133133598 0.008790638135827106
0 0.08803176879882812 0.8392090797424316 0.009709399679432745 0.012257741845172386
0 0.3528583295967268 0.6282562794892684 0.010458103988481604 0.009279292562733526
0 0.07325809157412985 0.7362182865972104 0.010629887166230576 0.00979025467582371
0 0.22827456308447794 0.7385452933933423 0.008958795796269957 0.010843608690344769
0 0.24287772178649902 0.8773050722868547 0.009660948877749235 0.008995636649753736
0 0.22221688602281656 0.8559916330420454 0.0081860293512759 0.008462698563285496
0 0.13085581427035126 0.7917797876440961 0.008880169495292332 0.009532969930897589
0 0.11320493532263715 0.8922456865725311 0.009382579637610394 0.01042925793191661
0 0.1587864005047342 0.7799497065336809 0.00923820163892663 0.009470607923424763
0 0.12040417609007463 0.7174485248068103 0.008542112682176672 0.010114255158797554
0 0.06865773252818895 0.693607060805611 0.008475371029066004 0.009984016418457031
0 0.10146501789922299 0.726974508036738 0.00895064810047979 0.008925520855447521
0 0.17506987633912463 0.8441907426585322 0.009438628735749618 0.009234428405761719
0 0.10344770680303159 0.9013255368108334 0.011049332826033882 0.010149126467497452
0 0.1880985861239226 0.8828600800555685 0.00951905872510827 0.00860832048499066
0 0.06613745378411334 0.5869869667550792 0.008681349132371985 0.00956682536913001
0 0.0661026498545771 0.7442910982214888 0.008013300273729406 0.008018576580545177
0 0.40576794873113214 0.9496020648790442 0.007926090903904127 0.008588003075641134
0 0.21792948764303458 0.864079827847688 0.008743327596913214 0.008740259253460428
0 0.13680311907892642 0.6979142893915591 0.00836813968160878 0.008069245711616848
0 0.4220982470613945 0.9775857303453526 0.006203817284625509 0.00690298495085343
0 0.18687787263289743 0.838214169377866 0.00872176626454229 0.009334398352581522
0 0.07743377270905868 0.6921302546625552 0.009609046189681343 0.009096477342688519
0 0.08486931479495505 0.5442369917164678 0.00911148216413415 0.008966445922851562
0 0.10994771770809007 0.8121326073356298 0.009464585262796154 0.008740673894467562
0 0.2455745054327923 0.890599312989608 0.008655402971350628 0.008535758308742357
0 0.10230555741683296 0.8250955706057341 0.008863946665888247 0.01051782525104025
0 0.07098310667535535 0.5817446086717688 0.0096525472143422 0.009434409763502039
0 0.38789602725402167 0.674108069875966 0.009703361469766369 0.00951522329579229
0 0.09199898139290187 0.7027332679085112 0.009382019872250765 0.01024026456086532
0 0.4140470338904339 0.684170329052469 0.0073345847751783285 0.007202189901600714
0 0.20908488398012906 0.781993119612984 0.009684355362601902 0.008782096531080164
0 0.2211154025533925 0.7979981795601223 0.009243509043817934 0.009171444436778193
0 0.4314719075741975 0.9478909658349078 0.007412247035814367 0.007104749264924422
0 0.1601075193156367 0.757074376811152 0.009203703507133152 0.008700868357782778
0 0.2088997882345448 0.81096190991609 0.008676321610160496 0.007942904596743376
0 0.40318922374559485 0.9030482458031696 0.00819285019584324 0.009251428687054178
0 0.15139678964629202 0.8495753053420289 0.00624958720857842 0.0075364872800158115
0 0.07718797352003015 0.8415688431781271 0.00965502987737241 0.010553981946862263
0 0.07855432189029196 0.7043897587320079 0.00873342285985532 0.009775120279063349
0 0.18511964963830035 0.8447593813357146 0.008872280950131624 0.00945145150889521
0 0.25781776594079053 0.858465630075206 0.009367652561353601 0.009073215982188349
0 0.21314661399177887 0.7935887212338656 0.00856322827546493 0.009941764499830164
0 0.4080758924069612 0.9257531580717668 0.006760783817457117 0.007598835489024286
0 0.43032443005105736 0.9322071075439453 0.008421358854874321 0.008973494819972826
0 0.13118026567542038 0.8609651482623556 0.010979279227878735 0.009762142015540081
0 0.40644044972888893 0.6615286895992137 0.010221139244411304 0.011431714762812075
0 0.41431760220627717 0.6643931086819005 0.010221139244411304 0.011431714762812075
0 0.3867475685354181 0.6600964800578705 0.010221139244411304 0.011431714762812075
0 0.3792284684433656 0.6797893612513413 0.010221139244411304 0.011431714762812075
0 0.07476585137190385 0.7654532180161355 0.009277115697446077 0.009984057882557745
0 0.0826430038492922 0.7590082750800898 0.007128801385431008 0.00640353402920073
0 0.0722594846745531 0.7726142657228513 0.007128801385431008 0.00640353402920073
0 0.09445873256537468 0.760440484621433 0.007128801385431008 0.00640353402920073
0 0.10269393742809883 0.757934117924082 0.007128801385431008 0.00640353402920073
0 0.07584000852791148 0.7525633321440446 0.007128801385431008 0.00640353402920073
0 0.07404974660123233 0.7446861796666562 0.007128801385431008 0.00640353402920073
0 0.08121079430794899 0.7389573415012828 0.007128801385431008 0.00640353402920073
0 0.08049468953727733 0.7335865557212452 0.007128801385431008 0.00640353402920073
0 0.08765573724399395 0.7206966698491553 0.007128801385431008 0.00640353402920073
0 0.08443326577597146 0.7081648363624012 0.007128801385431008 0.00640353402920073
0 0.10520030412544967 0.7085228887477371 0.007128801385431008 0.00640353402920073
0 0.12525123770425628 0.7088809411330729 0.007128801385431008 0.00640353402920073
0 0.12095460908022632 0.6981393695729978 0.007128801385431008 0.00640353402920073
0 0.12847370917227882 0.6967071600316546 0.007128801385431008 0.00640353402920073
0 0.12560929008959218 0.6895461123249378 0.007128801385431008 0.00640353402920073
0 0.14673438082440626 0.690978321866281 0.007128801385431008 0.00640353402920073
0 0.14136359504436885 0.72284498416117 0.007128801385431008 0.00640353402920073
0 0.12990591871362223 0.7160419888397892 0.007128801385431008 0.00640353402920073
0 0.1334864425669805 0.7282157699412075 0.007128801385431008 0.00640353402920073
0 0.13670891403500307 0.7335865557212448 0.007128801385431008 0.00640353402920073
0 0.14637632843907053 0.7292899270972147 0.007128801385431008 0.00640353402920073
0 0.14924074752175717 0.7310801890238939 0.007128801385431008 0.00640353402920073
0 0.15031490467776465 0.745402284437327 0.007128801385431008 0.00640353402920073
0 0.14566022366839884 0.736809027189267 0.007128801385431008 0.00640353402920073
0 0.11236135183216653 0.7321543461799012 0.007128801385431008 0.00640353402920073
0 0.09374262779470331 0.7292899270972144 0.007128801385431008 0.00640353402920073
0 0.0991134135747408 0.7346607128772519 0.007128801385431008 0.00640353402920073
0 0.10734861843746492 0.7414637081986328 0.007128801385431008 0.00640353402920073
0 0.11522577091485323 0.751489174988036 0.007128801385431008 0.00640353402920073
0 0.12668344724559988 0.7522052797587075 0.007128801385431008 0.00640353402920073
0 0.1291898139429507 0.7454022844373266 0.007128801385431008 0.00640353402920073
0 0.137066966420339 0.7547116464560581 0.007128801385431008 0.00640353402920073
0 0.11952239953888323 0.7393153938866172 0.007128801385431008 0.00640353402920073
0 0.13312839018164488 0.7715401085668421 0.007128801385431008 0.00640353402920073
0 0.1356347568789957 0.7794172610442303 0.007128801385431008 0.00640353402920073
0 0.14351190935638403 0.79230714691632 0.007128801385431008 0.00640353402920073
0 0.13814112357634659 0.798752089852365 0.007128801385431008 0.00640353402920073
0 0.14780853798041405 0.7983940374670291 0.007128801385431008 0.00640353402920073
0 0.14995685229242908 0.7865783087509466 0.007128801385431008 0.00640353402920073
0 0.15067295706310077 0.775478684805536 0.007128801385431008 0.00640353402920073
0 0.1531793237604516 0.7679595847134835 0.007128801385431008 0.00640353402920073
0 0.17000778587123566 0.7744045276495284 0.007128801385431008 0.00640353402920073
0 0.1435119093563842 0.7740464752641921 0.007128801385431 0.00640353402920009
0 0.16464472790371779 0.8502914101127006 0.00624958720857842 0.0075364872800158115
0 0.11809791781005971 0.8646135055261337 0.00624958720857842 0.0075364872800158115
0 0.11129492248867898 0.8735648151595293 0.00624958720857842 0.0075364872800158115
0 0.11773986542472394 0.8742809199302011 0.00624958720857842 0.0075364872800158115
0 0.12776533221412723 0.875713129471544 0.00624958720857842 0.0075364872800158115
0 0.11451739395670145 0.8814419676369174 0.00624958720857842 0.0075364872800158115
0 0.14566335351627874 0.9104195553660098 0.009791197984114937 0.010383937669836956
0 0.23087982122620662 0.8613663785750008 0.009791197984114937 0.010383937669836956
0 0.25272101673169234 0.852057016556269 0.009791197984114937 0.010383937669836956
0 0.2502146500343416 0.8803431549977997 0.009791197984114937 0.010383937669836956
0 0.21440941150075854 0.8252030876560807 0.0062106741307563895 0.008951728128491841
0 0.18773450879323914 0.7960218182512101 0.007284831286763804 0.007161466201813504
0 0.22389779971215812 0.7842060895351274 0.007284831286763804 0.007161466201813504
0 0.2013404994360008 0.7734645179750526 0.007284831286763804 0.007161466201813504
0 0.2074273899867099 0.7509072176988951 0.007284831286763804 0.007161466201813504
0 0.23284910934555406 0.7322884936614318 0.007284831286763804 0.007161466201813504
0 0.23249105696021818 0.7254854983400508 0.007284831286763804 0.007161466201813504
0 0.24717120475898732 0.7405236985241558 0.007284831286763804 0.007161466201813504
0 0.14064749027369725 0.7443281272813193 0.007128801385431008 0.00640353402920073
0 0.12131266146556235 0.7475505987493416 0.007128801385431008 0.00640353402920073
0 0.11558382330018904 0.7582921703094165 0.007128801385431008 0.00640353402920073
0 0.12489318531892067 0.7343026604919157 0.007128801385431008 0.00640353402920073
0 0.13062202348429397 0.7242771937025124 0.007128801385431008 0.00640353402920073
0 0.12489318531892067 0.7246352460878481 0.007128801385431008 0.00640353402920073
0 0.35358289410021143 0.749949687291535 0.008860766887664795 0.009412641110627548
0 0.4210745678875651 0.9141459597780772 0.006304448821423373 0.006624059124763682
0 0.4113095028329514 0.9102991159686838 0.006304448821423373 0.006624059124763682
0 0.4077585700858192 0.9179928035874703 0.006304448821423373 0.006624059124763682
0 0.40036079352929377 0.91503369296486 0.006304448821423373 0.006624059124763682
0 0.41781954620269374 0.9224314695213853 0.006304448821423373 0.006624059124763682
0 0.4178195462026936 0.9392984000702633 0.006304448821423373 0.006624059124763682
0 0.424033678510175 0.9413697775060903 0.006304448821423373 0.006624059124763682
0 0.43557420993835466 0.9685935952341039 0.006304448821423373 0.006624059124763682
0 0.4284723444440903 0.9691854173586258 0.006304448821423373 0.006624059124763682
0 0.4222582121366089 0.9706649726699308 0.006304448821423373 0.006624059124763682
0 0.42712873511983174 0.9805448409679627 0.006203817284625509 0.00690298495085343
0 0.4330469563650521 0.9802489299057017 0.006203817284625509 0.00690298495085343
0 0.43955699973479445 0.9728511533491762 0.006203817284625509 0.00690298495085343
0 0.4448833988554928 0.975218441847264 0.006203817284625509 0.00690298495085343
0 0.44991388691393014 0.974330708660481 0.006203817284625509 0.00690298495085343
0 0.42505735768400466 0.9595351555474302 0.006203817284625509 0.00690298495085343
0 0.41529229262939105 0.9311276935703724 0.006203817284625509 0.00690298495085343
0 0.430975578929225 0.9041997869046196 0.006203817284625509 0.00690298495085343
0 0.18378986123901508 0.7907623139234298 0.007284831286763804 0.007161466201813504
0 0.18548042447653973 0.8067286663470484 0.007284831286763804 0.007161466201813504
0 0.19280619850581293 0.8095462579512166 0.007284831286763804 0.007161466201813504
0 0.16387878310816997 0.8146179228387191 0.007284831286763804 0.007161466201813504
0 0.15411108440247237 0.7997786070567676 0.007284831286763804 0.007161466201813504
0 0.15749221087752155 0.8095462579512168 0.007284831286763804 0.007161466201813504
0 0.21534704167280744 0.7875690434387063 0.007284831286763804 0.007161466201813504
0 0.2299985897313539 0.7796797869470359 0.007284831286763804 0.007161466201813504
0 0.14576157885454338 0.8602821534378673 0.00624958720857842 0.007536487280015812
0 0.15628063899914083 0.858967277355922 0.00624958720857842 0.007536487280015812
0 0.35919880868746384 0.6877363686854197 0.008117955663929815 0.007224953692892323
0 0.3569259403347918 0.6974476677477855 0.008117955663929815 0.007224953692892323
0 0.35795906231327906 0.7077788369630683 0.008117955663929815 0.007224953692892323
0 0.4054826733236924 0.6873231219168084 0.008117955663929815 0.007224953692892323
0 0.41002841002903634 0.6811244203876389 0.008117955663929815 0.007224953692892323
0 0.40320980497102055 0.6802979268504165 0.008117955663929815 0.007224953692892323
0 0.3825473654012756 0.6689336407136054 0.008117955663929815 0.007224953692892323
0 0.2750077242194164 0.9533789142613387 0.008171302606032512 0.007331299810023572
