1 0.8878437575529058 0.26560231363871517 0.011277173913043477 0.013523112560103275
1 0.912100360929926 0.05503195374990942 0.011158023585388189 0.011317069162185368
1 0.840939498887171 0.49347142553037415 0.011879169505379967 0.013554814604290623
1 0.8432106053789924 0.15435706170648977 0.010326086956521738 0.010054347826086957
1 0.8640108944617475 0.07945644643065881 0.010869565217391287 0.013426924088901802
1 0.9171236488572525 0.5373672914796916 0.011413043478260892 0.01439002476379136
1 0.8691208419249367 0.614489944015361 0.01374958717106314 0.013235381749392794
1 0.9302165332510313 0.5274548877934446 0.009337942700602621 0.011956521739130406
1 0.8509551705963834 0.3055422985605838 0.011684782608695652 0.01046195652173913
1 0.9294551819307947 0.4686233660543172 0.008358718320994787 0.011956521739130475
1 0.8793641553313155 0.09173668398317598 0.010869565217391288 0.013259138324370782
1 0.8512269097268187 0.26286890387346107 0.011684782608695652 0.010501945203507774
1 0.8875857222524454 0.6435380140102279 0.011005434782608695 0.009646739130434782
1 0.8978263977399739 0.06814736996323817 0.012260297791378334 0.01254790158884296
1 0.9311827330565474 0.05766146264707734 0.006626285885247173 0.012228260869565181
1 0.9300058848728869 0.10991117666392525 0.008620415604883459 0.011996416988272283
1 0.8881834314659481 0.3857429312717071 0.009782608695652175 0.010054347826086957
1 0.8307228509834873 0.05532364050491517 0.010597826086956507 0.012172181802631599
1 0.9216889831220104 0.6668396444450108 0.01154891304347826 0.010869565217391304
1 0.8525856053789899 0.5151945978654997 0.008967391304347809 0.011892463622368645
1 0.9101665579538945 0.12128039572937985 0.012036499102667702 0.012835692251561281
1 0.8853301705963834 0.34012903200016653 0.01141304347826087 0.009782608695652175
1 0.928074852687228 0.7228179053145761 0.010733695652173914 0.010597826086956521
1 0.9274497358137751 0.2090445617064898 0.011141304347826087 0.010190217391304348
1 0.9058601787741845 0.7539999705319675 0.011141304347826087 0.010733695652173914
1 0.9288886118530547 0.08758468319421718 0.011277173913043479 0.00923913043478261
1 0.8631834314659489 0.2317347790977942 0.010869565217391304 0.011005434782608695
1 0.9302611985894339 0.49541360755162567 0.0072533603339287 0.010326086956521716
1 0.9291530731451421 0.1679114446067602 0.010190217391304332 0.011317069162185412
1 0.8839714749442096 0.3647286669876307 0.009782608695652168 0.01259103664923856
1 0.8615632034505936 0.34117047019728636 0.011005434782608695 0.009918478260869565
1 0.8653244356407849 0.5841354930742678 0.01141304347826087 0.011684782608695652
1 0.8610774532050793 0.2944385834456201 0.011277173913043479 0.011141304347826087
1 0.9083723075052287 0.07769014208283274 0.008831521739130422 0.012883445828032136
1 0.8387892108606468 0.2884998940818567 0.010450689224178829 0.012850882142038188
1 0.9273818010311665 0.28678577730125526 0.009646739130434756 0.015400909450400633
1 0.9257733231278698 0.3299005399673591 0.01050587028036421 0.013858695652173895
1 0.8964851787741847 0.7347744270537062 0.010597826086956521 0.011141304347826087
1 0.9288221352959237 0.6567173618363152 0.013043478260869568 0.010733695652173914
1 0.8947653566426048 0.09853025567667237 0.011860640855681566 0.012172368667885075
1 0.8724225619007311 0.35312302739053864 0.011141304347826085 0.012205844411575578
1 0.846403540161601 0.24763151822822885 0.012635869565217395 0.012364130434782607
1 0.8695013662485579 0.2765038008369246 0.012635869565217395 0.013586956521739128
1 0.9002201335921849 0.03415602786446891 0.010190217391304348 0.010326086956521738
1 0.8329959200137387 0.13733290533328962 0.010909553899160162 0.01249204824004423
1 0.863319301031166 0.31597787407845507 0.010869565217391292 0.012915537787408884
1 0.8197174162008803 0.1034213537328042 0.009782608695652164 0.01118119959696794
1 0.8328165836398616 0.3718163008369245 0.011277173913043479 0.01046195652173913
1 0.9207921271181223 0.17849385715714763 0.009782608695652163 0.011317069162185465
1 0.8805869814182721 0.043191353951425426 0.01141304347826087 0.010733695652173914
1 0.9231820901139242 0.04490568161629957 0.01046195652173912 0.011444959677574418
1 0.833508177070444 0.114259002750882 0.009918478260869555 0.015368993251087058
1 0.8968767690089302 0.7210715953076341 0.013347254313117472 0.011181293029594726
1 0.8948410401616016 0.5359686780065613 0.00923913043478262 0.011049319556664727
1 0.822966040161601 0.31604184431518534 0.012228260869565218 0.011141304347826087
1 0.8848668727226199 0.14257994090794715 0.011005434782608695 0.010869565217391304
1 0.9027497390096131 0.1359583450140858 0.012803776052247352 0.013115503864451018
1 0.9173411570350541 0.6100461661841412 0.009918478260869565 0.010597826086956521
1 0.9091752792920351 0.5290173877934464 0.011005434782608695 0.011277173913043479
1 0.8449212205487051 0.045477086551568444 0.009918478260869558 0.01258776954811221
1 0.8130475619007314 0.2796288008369243 0.011956521739130435 0.013043478260869566
1 0.8237255683747909 0.08889140216343919 0.009103260869565203 0.011916400771853559
1 0.9116394395007221 0.6868523883529233 0.011015043192200343 0.011221139989735885
1 0.9086318010311658 0.47378640953257667 0.012092391304347827 0.013315217391304347
1 0.871879083639861 0.4054763460509143 0.010054347826086947 0.012836394775805367
1 0.9275856053789923 0.4471239456915869 0.010597826086956513 0.012979420144107391
1 0.9304744203884012 0.310063583445619 0.00632110827968804 0.01385869565217388
1 0.8841073445094271 0.21108260518475064 0.009510869565217392 0.009375
1 0.8907259832645298 0.025124578443359136 0.009918478260869565 0.009782608695652175
1 0.9309280069873498 0.3492619530108363 0.007771759738453742 0.011005434782608667
1 0.905218342663169 0.4301641871888986 0.010767134127298126 0.013027294443077868
1 0.8848230618292168 0.5472397773449803 0.00849665203088352 0.012667605190021499
1 0.8985774532050793 0.4408060109089784 0.010461956521739112 0.01257181144845542
1 0.8399964777257563 0.07097257765440028 0.010733695652173914 0.010733695652173914
1 0.8462799162008805 0.09680785552934307 0.010190217391304332 0.010358003155835299
1 0.8748002792920353 0.3922226449596621 0.01046195652173916 0.012144209984605171
1 0.8577608944617501 0.11425113656012104 0.010054347826086957 0.010733695652173914
1 0.9085638662485573 0.3338559301335365 0.011141304347826087 0.012530345549746247
1 0.8211318010311658 0.3331614095325767 0.01154891304347826 0.0125
1 0.8762269097268188 0.5057596421327201 0.008967391304347849 0.01285950867854599
1 0.9282786570350559 0.7642620896589816 0.010054347826086964 0.010062281732287938
1 0.9279389831220116 0.6217888420477202 0.009646739130433254 0.010441873466286103
1 0.8864171271181225 0.4109658729402848 0.010054347826086957 0.010597826086956521
1 0.8436663575399375 0.13250968956194867 0.012092391304347827 0.010869565217391304
1 0.8423619495125634 0.40651889331615804 0.010597826086956521 0.010190217391304348
1 0.8254746593519728 0.16657954249984164 0.014538043478260867 0.014945652173913047
1 0.9175521565998571 0.21887504470111224 0.011454841572167508 0.01300335729359282
1 0.9072647457602114 0.23622645379979623 0.010733695652173914 0.011277173913043479
1 0.8663763662485572 0.4385920897572905 0.009918478260869565 0.009103260869565217
1 0.8874483944617501 0.07529247706695746 0.011277173913043465 0.013251159274542403
1 0.8777337205487068 0.061601680038381935 0.01141304347826087 0.0125
1 0.9223546271181229 0.3597938265881245 0.011277173913043477 0.011417008024139197
1 0.9180884396437499 0.63042660096675 0.011684782608695652 0.010869565217391304
1 0.8614850619007309 0.253405974749968 0.011820652173913043 0.011956521739130435
1 0.8341073445094268 0.3240581486630114 0.011684782608695652 0.013043478260869566
1 0.8226263662485573 0.2734467356195333 0.01046195652173913 0.009918478260869565
1 0.9182228509834893 0.014630705722306476 0.010326086956521738 0.010869565217391304
1 0.9101263662485595 0.37443774039701055 0.009918478260869577 0.011628748685388702
1 0.8508872358137752 0.14878640953257677 0.011005434782608695 0.01141304347826087
1 0.8438899532050792 0.4720880399673594 0.010054347826086957 0.010190217391304348
1 0.8020178362289182 0.29758798217654875 0.010005766047679159 0.013907493114031293
1 0.8834595619722461 0.5230970201787645 0.009719478117840347 0.01084948216193814
1 0.882083004861141 0.6317173618363152 0.01358695652173913 0.01154891304347826
1 0.916520595432556 0.2851114577445904 0.009375 0.00923913043478261
1 0.8860232222524457 0.6608613835754457 0.01141304347826087 0.012228260869565218
1 0.8853438744263603 0.6015263013964018 0.01005434782608698 0.011221139989735602
1 0.9145143339616785 0.5165892895291565 0.010542239774065933 0.012492066093797636
1 0.8365529966833399 0.2146831486630115 0.013315217391304347 0.014130434782608696
1 0.9104118092089674 0.7238369270537065 0.010190217391304348 0.011005434782608695
1 0.9014444179046193 0.6497880140102282 0.011277173913043479 0.01154891304347826
1 0.8779932140746446 0.30985977909779405 0.010597826086956521 0.01046195652173913
1 0.8493926705963836 0.23431630083692476 0.015353260869565219 0.015081521739130434
1 0.9321210775613281 0.506598909532574 0.0051066418115144115 0.010733695652173868
1 0.8635353509834894 0.06384352786446894 0.011277173913043479 0.011005434782608695
1 0.8848295482617791 0.4891396704021416 0.011227016200356899 0.012771739130434752
1 0.8678709314659487 0.17636793127170716 0.011277173913043479 0.010597826086956521
1 0.9202179736443056 0.6980216343949828 0.01196929190984747 0.012282630794900627
1 0.916036692335514 0.14817499648909854 0.010869565217391304 0.011277173913043479
1 0.9100584314659517 0.30051068843792267 0.009782608695652204 0.012144209984605202
1 0.9179511118530544 0.0716719859641257 0.010869565217391295 0.012260177068878735
1 0.8898138662485573 0.2825499964890985 0.0125 0.012635869565217393
1 0.9220191330144699 0.23476380478171854 0.010334446575303262 0.013259138324370723
1 0.845770934247495 0.027770158299251536 0.010054347826086957 0.010597826086956521
1 0.9097866923355141 0.3868978225760549 0.010597826086956521 0.010190217391304348
1 0.8618247358137733 0.5226114803164047 0.009239130434782614 0.011508837219827412
1 0.8355339749442093 0.26135434431518545 0.012364130434782607 0.012364130434782607
1 0.9320504074999009 0.7029809487928393 0.00835871832099282 0.013043478260869606
1 0.8342554596791399 0.01889862845191173 0.011956521739130423 0.015137375087929096
1 0.8717432140746441 0.21957445301083756 0.010869565217391304 0.010597826086956521
1 0.9054525700785334 0.6764403911798653 0.010054347826086966 0.010234102165359884
1 0.8420817612579314 0.3346071772881107 0.010733695652173914 0.011141304347826087
1 0.9257657275177732 0.0343676984030559 0.010461956521739124 0.010365982205663654
1 0.9063220184224704 0.5525487319161845 0.010733695652173934 0.013774644767212893
1 0.9051469920798553 0.10816493279973774 0.008747925551319227 0.01016628024181909
1 0.8434015764749724 0.03534283536813025 0.010190217391304348 0.009375
1 0.9218927874698369 0.7362689922710978 0.010326086956521738 0.010869565217391304
1 0.8181426705963831 0.35109619214127236 0.011277173913043479 0.011141304347826087
1 0.8677350619007309 0.48963715626743054 0.010461956521739136 0.011049319556664782
1 0.8650672119899628 0.5671362830083779 0.01173830477691375 0.013043478260869587
1 0.915021850405774 0.16511868403306307 0.011013794401389797 0.012555853348798654
1 0.9243369814182705 0.1332368571072607 0.011684782608695638 0.013650788920366239
1 0.9317680094113221 0.07450928873403395 0.007796838594798514 0.009782608695652159
1 0.9314753712339359 0.11996153496509777 0.007500020608018616 0.008967391304347814
1 0.8295557140746443 0.3498054312717072 0.01154891304347826 0.011277173913043479
1 0.8804388662485576 0.24824293127170727 0.0125 0.0125
1 0.9043519097268186 0.1551043443151855 0.010869565217391304 0.011005434782608695
1 0.8553029966833402 0.4599277138804024 0.00923913043478261 0.008695652173913044
1 0.901512352687228 0.6344347531406629 0.01141304347826087 0.01046195652173913
1 0.9195150700785324 0.7139184487928367 0.01046195652173913 0.01046195652173913
1 0.929229743991576 0.8130352966189238 0.011684782608695652 0.011956521739130435
1 0.8936998526872278 0.6764863835754454 0.011277173913043479 0.010597826086956521
1 0.8530611488572526 0.5021190905462498 0.010733695652173914 0.010054347826086957
1 0.8734282030978072 0.5407199426897489 0.008261282394151203 0.009490786509764159
1 0.8695303310906165 0.013399787726454098 0.010190217391304324 0.007385056538844321
1 0.8697174162008803 0.11961798438620802 0.01141304347826087 0.011141304347826087
1 0.9321595159810089 0.6097744270537082 0.008576935283209667 0.010326086956521752
1 0.8838990665285357 0.015122207300224105 0.010190217391304348 0.010733695652173914
1 0.911836981418272 0.031846245255773266 0.010054347826086957 0.009782608695652175
1 0.928461455766484 0.2722239095325757 0.008001700774983342 0.014538043478260834
1 0.9218790836398622 0.3853353225760548 0.010597826086956521 0.011684782608695652
1 0.9065395266002716 0.6136467096624021 0.008695652173913044 0.009918478260869565
1 0.9231019097268188 0.48764510518475057 0.013043478260869566 0.013043478260869566
1 0.8767703879876909 0.2309274956126913 0.010054347826086973 0.011836519986315588
1 0.8568654966833402 0.5542891269238808 0.011820652173913043 0.012635869565217393
1 0.8951807140746446 0.23956323719745082 0.010733695652173914 0.010869565217391304
1 0.8897459314659488 0.4282600636570251 0.01046195652173914 0.011936438683678044
1 0.9000857222524455 0.6023016009667499 0.009918478260869565 0.009510869565217392
1 0.8660366923355133 0.5079475636570249 0.009782608695652194 0.012344047379330203
1 0.8978301705963836 0.4144297312816578 0.009239130434782621 0.01172142610685751
1 0.857896764026967 0.022111510859091386 0.010054347826086945 0.01286748772837535
1 0.9150563467132586 0.34450651822822853 0.010267569625053773 0.012092391304347822
1 0.8949012262078226 0.1249368917705706 0.011860640855681906 0.011453032160029509
1 0.8541993209240383 0.48668193679441907 0.010054347826086957 0.01046195652173913
1 0.8975584314659484 0.3616979827741072 0.008967391304347828 0.011149233439582957
1 0.9042839749442098 0.26706086605431584 0.012092391304347827 0.01154891304347826
1 0.8975948009596522 0.37696930278745966 0.01039882594392606 0.011800569118460648
1 0.9290627834148593 0.1950577032573831 0.008404041978879676 0.011820652173913052
1 0.9148138662485572 0.44862252300570654 0.010054347826086971 0.012172226946258264
1 0.9235911570350542 0.6425189922710979 0.011820652173913043 0.010597826086956521
1 0.8660489379400111 0.14013428873403408 0.012228260869565218 0.011684782608695652
1 0.9277894097268181 0.24912608344562023 0.013179347826086955 0.013722826086956519
1 0.8593665442116901 0.4267755399673593 0.012746660274091428 0.012228260869565206
1 0.8534687575529045 0.21379999648909856 0.011277173913043479 0.011820652173913043
1 0.8994063744263586 0.6196249705319674 0.013179347826086955 0.012092391304347827
1 0.931412233372313 0.7873559487928382 0.007897587457123234 0.009239130434782626
1 0.8770421271181223 0.47779456170649 0.011141304347826087 0.012092391304347827
1 0.8495619772877518 0.2774001435127713 0.009713613382736914 0.012662250569085189
1 0.876974192335514 0.16081086605431585 0.011820652173913043 0.011820652173913043
1 0.8280789259271747 0.4150028749514839 0.012449842287313408 0.012867713446510203
1 0.9319471352959237 0.7484972531406626 0.011141304347826087 0.011956521739130435
1 0.9199089749442096 0.43424836605431577 0.009375 0.008695652173913044
1 0.8350584314659484 0.3589846059737092 0.011413043478260863 0.01034204505617865
1 0.8488854462860551 0.3266019332633149 0.012228260869565218 0.011820652173913043
1 0.9189218417819055 0.7570610027024601 0.009003760798050396 0.01060575999315707
1 0.8890665836398617 0.15877282257605502 0.01046195652173913 0.011005434782608695
1 0.9095828879876876 0.4146191808335034 0.009375000000000008 0.010198151297505599
1 0.878876366248557 0.4585410012665762 0.011548913043478277 0.014074400859301603
1 0.8511461416923631 0.016632730617272166 0.009646739130434782 0.009918478260869565
1 0.9208600619007312 0.30476467040214206 0.01154891304347826 0.011956521739130435
1 0.9091210483394022 0.7033206227058804 0.008695652173913044 0.010733695652173914
1 0.8771779966833395 0.29409890953257667 0.011141304347826087 0.010733695652173914
1 0.9175991923355137 0.27127282257605495 0.011005434782608695 0.012092391304347827
1 0.8877078879876876 0.31101467040214176 0.009918478260869565 0.010054347826086957
1 0.8153664681368933 0.0762076582992513 0.009504625611155755 0.015624999999999962
1 0.8468913292443564 0.11005103575405703 0.009782608695652156 0.014833494040045898
1 0.914408366347057 0.5846784747552405 0.010869565217391304 0.010597826086956521
1 0.8782092640269679 0.030623419168816737 0.01154891304347826 0.010869565217391304
1 0.9117255590301816 0.7690814922710991 0.012002499642425342 0.01100543478260871
1 0.9178527467190968 0.46348015734155823 0.011041804276311414 0.009990379996578877
1 0.9298631139143682 0.8296872701180099 0.011592826802100116 0.01372282608695658
1 0.8674791631863303 0.33091628256925154 0.010326086956521738 0.009510869565217392
1 0.870977598374111 0.5970906170467647 0.012444107798320107 0.012771739130434771
1 0.9056426705963836 0.21760434431518544 0.01046195652173913 0.011005434782608695
1 0.8779553019664548 0.10746153496509823 0.011684782608695652 0.011956521739130435
1 0.9153710483394019 0.7408206227058806 0.01141304347826087 0.011277173913043479
1 0.897027198809576 0.08497124525577326 0.010597826086956521 0.010054347826086957
1 0.9037336729833528 0.5935382617459726 0.009782608695652175 0.009918478260869565
1 0.8469470184224704 0.3510442154583204 0.01127717391304347 0.01185256837322659
1 0.8371158279484097 0.45476911624064903 0.00910326086956522 0.0137937796807426
1 0.9074089749442096 0.18316140953257679 0.012092391304347827 0.0125
1 0.8996129651927883 0.2763507770918683 0.012364130434782607 0.01141304347826087
1 0.8515739735827255 0.19620488779344644 0.010204997277031825 0.014402173913043484
1 0.82494839446175 0.07410168003838198 0.01046195652173913 0.014673913043478261
1 0.8524497358137749 0.41393586605431587 0.012228260869565218 0.010733695652173914
1 0.8656290836398617 0.19525380083692467 0.01141304347826087 0.013586956521739128
1 0.8512948445094272 0.44504999648909854 0.011005434782608695 0.011005434782608695
1 0.8878437575529051 0.5095880399673595 0.01154891304347826 0.013179347826086955
1 0.9029533957364009 0.6646377144398791 0.010326086956521738 0.009782608695652175
1 0.8930747358137748 0.5595320060440536 0.00978260869565221 0.013339019109906789
1 0.8791481053789926 0.19335162692388116 0.01154891304347826 0.0125
1 0.911688866248557 0.2007565182282289 0.011141304347826087 0.01154891304347826
1 0.8981959811981295 0.4545328265208488 0.011684782608695652 0.010869565217391304
1 0.8303709314659489 0.15170760518475068 0.013179347826086955 0.012092391304347827
1 0.9320021302572432 0.02029733221229492 0.00636290637359353 0.011413043478260833
1 0.8195815466356636 0.11832722351664281 0.013043478260869568 0.013451086956521741
1 0.8779252792920359 0.3791651582179657 0.01046195652173913 0.011141304347826087
1 0.9093111488572535 0.3552402138804027 0.010733695652173914 0.011005434782608695
1 0.879703829244359 0.13048754960359932 0.01046195652173913 0.009510869565217392
1 0.8470439180471386 0.08268141027164852 0.011174742822950555 0.01226815611870714
1 0.8523138662485572 0.38037608344562024 0.010054347826086957 0.009918478260869565
1 0.858921317231523 0.16544638937136394 0.011684782608695652 0.011005434782608695
1 0.8722020383153429 0.5507244891698475 0.009680177605559132 0.011484854926716694
1 0.8188702354343468 0.3045608660543156 0.007297520980279173 0.01295244161163098
1 0.8947174162008809 0.0544005930818602 0.01141304347826087 0.011684782608695652
1 0.8988628961654891 0.7067173618363154 0.013994565217391307 0.013994565217391307
1 0.9252894200308279 0.41262116803526566 0.011201937344013152 0.014130434782608685
1 0.9115853854024024 0.5659295730237713 0.010190217391304348 0.01046195652173913
1 0.8552068763639729 0.052719987361379006 0.011141304347826087 0.010190217391304348
1 0.8933464749442094 0.17541684431518548 0.0125 0.0125
1 0.9210775700785321 0.7936738835754454 0.011956521739130435 0.01046195652173913
1 0.8839714749442095 0.5347537858258068 0.008152173913043485 0.012423883021240367
1 0.8714714749442076 0.5275147306671593 0.008695652173913023 0.012347946616991259
1 0.8892024532050792 0.22337880083692455 0.01046195652173913 0.009782608695652175
1 0.9150856053789922 0.2011641269238811 0.011141304347826087 0.011820652173913043
1 0.8898259088294864 0.19960571774485392 0.011820652173913043 0.01290760869565217
1 0.8158297660106575 0.2623293684211923 0.008553538654633637 0.01204451700537753
1 0.9167297439915761 0.7826684487928368 0.011141304347826087 0.010190217391304348
1 0.8675312575529052 0.380647822576055 0.010326086956521738 0.010190217391304348
1 0.8380831160405754 0.38261405460586045 0.008950672066785717 0.009087302769908457
1 0.8354532069097544 0.08560659544873665 0.010597826086956521 0.010733695652173914
1 0.8983736488572532 0.20619130083692455 0.011141304347826087 0.011820652173913043
1 0.9155566752241876 0.09061781126212334 0.012125829779471917 0.012380088534439422
1 0.8183187318669383 0.13750396953304642 0.015297368667885442 0.01702197029367688
1 0.8619770307928799 0.03957074998952614 0.011709861465038622 0.0115808292427918
1 0.9014718877731438 0.3098996969187495 0.010597826086956521 0.010326086956521738
1 0.8949089749442096 0.3256206486630117 0.011820652173913043 0.012092391304347827
1 0.8278566428269258 0.043730776544626676 0.00941891375862416 0.012084412254519405
1 0.9055786217994907 0.01961388200222639 0.011684782608695652 0.012635869565217393
1 0.900411692335514 0.40177553996735943 0.010869565217391304 0.010597826086956521
1 0.913932829739364 0.4007524158442471 0.01046195652173913 0.010869565217391304
1 0.845860061900731 0.3966124964890982 0.011005434782608695 0.010869565217391304
1 0.9211997358137748 0.42358260518475044 0.010054347826086957 0.009103260869565217
1 0.8616080982141024 0.09618048438620802 0.012092391304347827 0.011820652173913043
1 0.875819301031166 0.42331086605431556 0.013043478260869566 0.012635869565217393
1 0.866291712228386 0.45620315655259974 0.010326086956521738 0.010869565217391304
1 0.8912492781537569 0.30235195750657257 0.007759345103118559 0.010597826086956509
1 0.9333283937466013 0.03604600748463474 0.004299784038986608 0.010365982205663619
1 0.8281203786773571 0.10132346738083049 0.009782608695652175 0.009782608695652175
1 0.8240297663244408 0.2996537035229761 0.007297520980279173 0.01295244161163098
1 0.9023054157753873 0.2898386930516564 0.007759345103118559 0.010597826086956509
1 0.8486284870413471 0.36933496775010605 0.010054347826086957 0.009918478260869565
1 0.859930316610125 0.3605020751936946 0.010054347826086957 0.009918478260869565
1 0.89190751668156 0.351638299584861 0.008967391304347828 0.011149233439582957
1 0.8811534074948781 0.32859720005151855 0.01141304347826087 0.009782608695652175
1 0.8425815696642525 0.46013100752325004 0.009598798688710402 0.00993208593877066
1 0.8519583519194799 0.4220326842310261 0.012228260869565218 0.010733695652173914
1 0.8524497358137749 0.41393586605431587 0.012228260869565218 0.010733695652173914
1 0.8609609366440623 0.204086693393336 0.01141304347826087 0.013586956521739128
1 0.8396999535626536 0.19769945301083808 0.00982652245427529 0.015489130434782642
1 0.8696352231891525 0.15186308379733662 0.011005434782608695 0.010869565217391304
1 0.9129897570579005 0.10732577825894828 0.008747925551319227 0.01016628024181909
1 0.843965189774109 0.38932729093217644 0.008950672066785717 0.009087302769908457
1 0.8380831160405754 0.38261405460586045 0.008950672066785717 0.009087302769908457
1 0.8968676535640978 0.4695906368286293 0.012092391304347827 0.013315217391304347
1 0.8657315147299539 0.46627301104207364 0.010326086956521738 0.010869565217391304
1 0.8592892434979885 0.47802117461312643 0.010326086956521738 0.010869565217391304
1 0.861544637064557 0.5337162920728515 0.0092391304347826 0.00966269723009173
1 0.8595839458200457 0.5426672738412728 0.0092391304347826 0.00966269723009173
1 0.931751998252071 0.18155696152070824 0.005456983820627032 0.011397369840339344
1 0.9002613839278059 0.6942531655874186 0.009924240405193529 0.01288398329777479
1 0.926064408981309 0.7779990570229555 0.012901512526751589 0.0138750589360653
1 0.9253200909509193 0.8012893345227792 0.013397724547011053 0.011892907659484564
1 0.8826106142036159 0.6175190628119922 0.009859475972399707 0.012307599931579176
1 0.8835349400760282 0.5716732530668598 0.011708127717224528 0.00861531995210541
1 0.8977079367863529 0.5719809430651493 0.009859475972399707 0.011692219935000097
1 0.923930902136839 0.568816626932828 0.00862704147584978 0.015999879911053016
1 0.9326782656259581 0.5919807929539654 0.0052378466103373 0.011692219935000239
1 0.8827646685156845 0.58336547300186 0.01078380184481233 0.012307599931579176
1 0.8935484703604968 0.5865962179838996 0.0070864983551622625 0.011384529936710663
1 0.8807889272904198 0.5931176290366982 0.007956894564315782 0.010033927766114331
1 0.8772524455800084 0.5640474319593412 0.00770271560343744 0.010769149940131797
1 0.8807956947575897 0.44066374264526004 0.017870300199974595 0.010769149940131726
1 0.932687748191882 0.2214748724423204 0.005946453829742211 0.013379521116920081
1 0.902804905387905 0.25456135310816813 0.010733695652173908 0.013259325189624136
1 0.9318733086517552 0.5422776325110275 0.005602179630659146 0.011724771290464248
1 0.9331023944153994 0.1479180390148389 0.004955378191451984 0.011397369840339344
