0 0.127038 0.862772 0.012228 0.01087
0 0.13247299999999998 0.9014950000000002 0.014946 0.012228
0 0.14062499999999997 0.8661679999999999 0.012228 0.009511
0 0.17051599999999997 0.839674 0.014946 0.013587
0 0.19089700000000004 0.813179 0.017663 0.014946
0 0.201087 0.752717 0.016304 0.013587
0 0.20244600000000001 0.73913 0.01087 0.016304
0 0.24116799999999997 0.707201 0.009511 0.014946
0 0.252038 0.7173910000000001 0.012228 0.008152
0 0.29619599999999996 0.6182070000000001 0.013587 0.01087
0 0.29619599999999996 0.6311140000000001 0.013587 0.012228
