1 0.6380010584126348 0.6041565148726754 0.011195162068242613 0.010311790134595789
1 0.6326151750739555 0.5911116239980617 0.011578746463941492 0.012478372325067934
1 0.42270758359328553 0.6010886689890986 0.009855467340220575 0.009281614552373472
1 0.4311881376349408 0.5914250871409541 0.008313946101976477 0.008127751557723335
1 0.4255191657854164 0.5812374612559443 0.008586634760317595 0.00887862495754076
1 0.23616559559401007 0.1626403153891367 0.01183585839140143 0.013149037324236052
1 0.22461315859919012 0.8973643468773883 0.014992154162863026 0.014454924541970959
1 0.826199365698773 0.0540411342745242 0.013208057569420856 0.01394896403602932
1 0.6483640256135361 0.24256114337755286 0.011509688004203465 0.011826701786207117
1 0.5786462452100671 0.7838862045951511 0.014390116152556046 0.014250547989555027
1 0.6492278472236968 0.8786034791365913 0.013098426487134851 0.013036064479662024
1 0.20162206110746964 0.74225842434427 0.014849890833315641 0.014608507571013077
1 0.5292546334473983 0.8618982978489087 0.012907587963601818 0.012941111689028532
1 0.7491793217866316 0.9558653416840925 0.014518281687860903 0.014299931733504585
1 0.5549588618071182 0.21727372252422827 0.012138822804326597 0.013302118881889011
1 0.5533465095188307 0.14918070254118546 0.01371275860330333 0.013750055561894957
1 0.4551539213761039 0.1735474441362464 0.01358795166015625 0.01344919204711914
1 0.5455191342726998 0.8348433038462764 0.015190974525783375 0.01504715629245924
1 0.4622063636779785 0.1530734922574914 0.013724244159200916 0.013066177782805069
1 0.5279790214870288 0.20035130044688348 0.011929221775220789 0.0130462646484375
1 0.4794328938359799 0.15766200293665347 0.012462491574494736 0.012791457383529
1 0.1976779958476191 0.7160553102907926 0.01542744429215141 0.014597809833029041
1 0.746585991071618 0.9877240968787153 0.014170066170070484 0.013863522073496943
1 0.6409455382305643 0.9580041843911877 0.016836746879245922 0.016080566074537193
1 0.7261723642763883 0.9693132898081903 0.015221720156462296 0.01440156024435292
1 0.12164614511572797 0.961228267006252 0.015655372453772503 0.015959490900454315
1 0.4979216326837954 0.2288064542024032 0.012274659198263416 0.012694939323093579
1 0.16642110244087555 0.9119280524875808 0.01409818815148395 0.014328583427097485
1 0.5378726254338804 0.17630802030148712 0.012436286262843921 0.01196983586186948
1 0.5054730643396792 0.13778898508652396 0.01248150286467179 0.013225317001342773
1 0.5422921180725098 0.2947929838429327 0.012297796166461449 0.012168676956840183
1 0.21399743660636567 0.8832537194956903 0.014751413594121519 0.015296521394149117
1 0.5922596143639606 0.7995830204175866 0.013587412626846977 0.014254860256029211
1 0.539174743320631 0.13155975030816122 0.012773430865743885 0.01311970793682596
1 0.5370936808378799 0.16004842260609503 0.0131842157115107 0.012984959975532864
1 0.7554894737575364 0.9711937904357909 0.015214090761931046 0.014383606288744055
1 0.19180520721103836 0.7781357972518259 0.01308447381724482 0.013563404912533968
1 0.4874723164931587 0.11862104871998662 0.012121304221775219 0.013854337775188942
1 0.5122979827549147 0.8611588685408883 0.014298521954080334 0.014883538951044497
1 0.1690988644309666 0.6548958032027534 0.013415067092232082 0.01419842761495839
1 0.6664423735245414 0.2278794516687808 0.011693788611370583 0.012034851571787958
1 0.4611539011416228 0.2243780156840449 0.013026278951893682 0.013658502827519957
1 0.5208398984826129 0.1878339207690695 0.013030508290166441 0.012853518776271656
1 0.6213076943936555 0.25553643185159436 0.010859095531961193 0.011318870212720789
1 0.17476697071738864 0.8044575815615447 0.012484187665192978 0.011970105378524117
1 0.18387238875679351 0.7602734565734863 0.012121863987134851 0.012151344962742016
1 0.17020893615225088 0.691094854603643 0.011467094006745712 0.01140793510105299
1 0.2511896568795909 0.8966151527736497 0.015766952348792034 0.016587630562160328
1 0.12984854760377304 0.9296839340873386 0.013812510863594387 0.01480500594429348
1 0.2421972129655921 0.9586255032083264 0.013777546260667883 0.014637739762015965
1 0.650985976924067 0.7791641069495161 0.012402928393820057 0.013285429581351902
1 0.15185005250184433 0.936103634212328 0.01536206577135169 0.0160503802092179
1 0.5912585465804391 0.19793571596560272 0.011254849641219429 0.011005629663882048
1 0.23303133508433466 0.9439088365306024 0.014328832211701767 0.014097586922023609
1 0.6211445020592731 0.2716754208440366 0.011681515237559443 0.012636184692382812
1 0.20704101479571801 0.9500648249750553 0.014967545219089672 0.01522089087444803
1 0.3977902246558148 0.078740902568983 0.013811152914296026 0.013478455336197563
1 0.5240559577941895 0.13328637247500214 0.01191698986551036 0.011897688326628311
1 0.46215901685797656 0.2827328806338103 0.01278333041978919 0.012611803801163383
1 0.6570502571437671 0.8880111652871837 0.014661954796832542 0.014763666235882301
1 0.6676823574563733 0.8058055380116338 0.013525838437287704 0.013279292894446331
1 0.18215274810791016 0.6774886380071226 0.013470691183338995 0.013723000236179516
1 0.5793966003086255 0.8110400075497834 0.01315320056417714 0.01269091730532439
1 0.556399158809496 0.09721499422322148 0.012436866760253906 0.012432170950848122
1 0.5233135430709176 0.22649616780488388 0.012591610784116 0.011683318925940472
1 0.6606104373931884 0.9132993946904722 0.019104770992113197 0.014530513597571331
1 0.1574251651763916 0.4732547842937967 0.01283815632695737 0.012934809145720108
1 0.5160986029583475 0.14906829854716425 0.013167091037916101 0.01192562476448391
1 0.6399585267771846 0.13000850573829983 0.01220715564230214 0.012839680132658585
1 0.4943541236545729 0.2015575533327849 0.011426428089971128 0.012654180112092392
1 0.6448436819988749 0.8417378923167353 0.012726244719132133 0.01217099894648013
1 0.1888084826262101 0.9486375062362008 0.015373395836871605 0.015065234640370245
1 0.13278563644575037 0.9747640775597614 0.014045186664747156 0.013672455497409985
1 0.16735360933386761 0.9284327755803647 0.014811101167098335 0.01511445252791695
1 0.486420838729195 0.17875362479168433 0.011956422225288723 0.01273420582646909
1 0.6573511828546938 0.9249858441560166 0.013659062592879585 0.013230199399201767
1 0.6359865354455035 0.8022206555242124 0.013880107713782269 0.01438352336054263
1 0.46682289372319763 0.23592856655950128 0.012097109919009 0.01202448554660963
1 0.6749878551649011 0.2175899484883184 0.012448974277662195 0.012443894925324814
1 0.520220601040384 0.7524208400560463 0.013812666353972061 0.013743027396824047
1 0.16706258835999863 0.9551463749097742 0.014954743177994438 0.030471635901409645
1 0.48778345273888635 0.1299328441205232 0.01314557116964589 0.01440609019735585
1 0.48688407566236414 0.2925562858581543 0.015231339827827785 0.014900705088739809
1 0.5234156691509745 0.25285549785779876 0.012172242869501528 0.011897771254829739
1 0.5988483428955078 0.1130727944166764 0.01216399151345958 0.01228387459464695
1 0.4406734549480935 0.7910266544507898 0.013226467630137568 0.012916647869607677
1 0.6671598475912343 0.18508807472560718 0.015865201535432236 0.017217511716096298
1 0.46045010504515277 0.20482945442199707 0.016629955042963444 0.01699059942494268
1 0.22782397270202637 0.915188685707424 0.014817258586054262 0.014353586279827614
1 0.6786401790121327 0.8492080439691959 0.01478124701458475 0.01890074688455333
1 0.5526391630587371 0.19042428680088208 0.022969764211903446 0.012083323105521824
1 0.774402784264606 0.336925630984099 0.012345687202785328 0.013379470161769703
1 0.6487996059915294 0.3331769993123801 0.012991449107294497 0.012533029136450394
1 0.5089318648628567 0.2566554546356201 0.012491226196289062 0.012738248576288637
1 0.47820049783457885 0.8578128192735754 0.013132095336914062 0.02330643197764521
1 0.1819074257560398 0.6935370486715564 0.011189543682595959 0.011767511782438858
1 0.5355345062587571 0.2792012380517047 0.01223054139510445 0.01191271906313689
1 0.5891239332116168 0.31910698310188623 0.011165121327275816 0.01139323607735012
1 0.5802595200745956 0.3597158349078635 0.012916046640147333 0.013479564500891644
1 0.16939834926439368 0.6420864022296408 0.013024910636570141 0.012612052585767664
1 0.7568351496820864 0.9424027567324431 0.014273104460343071 0.014371706091839333
1 0.1458196380864019 0.9132837212604024 0.01438587644825811 0.015548042629076086
1 0.5128171132958453 0.11511647182962167 0.013015539749808933 0.021240462427553924
1 0.2080226877461309 0.9002286662226137 0.01431794788526452 0.013766413149626358
1 0.5824576564457106 0.22657550936159881 0.01245459266330885 0.011309768842614216
1 0.5151124726171079 0.83694196783978 0.0157886380734651 0.015189958655315895
1 0.6747914811839227 0.7714661515277367 0.012554707734481148 0.012504287388013758
1 0.1914952941562818 0.8009011849113132 0.010229483894679859 0.010698359945546026
1 0.6186260762421981 0.20839031882908035 0.011793924414593239 0.012379853621773098
1 0.20413636124652368 0.7612896794858186 0.015994465869405994 0.014575958251953125
1 0.5996448268061099 0.765556708626125 0.013995294985563858 0.013741783473802649
1 0.6193874089614205 0.9582228453262991 0.01552525810573412 0.014828972194505774
1 0.1348933396132096 0.3956555490908416 0.011496326197748598 0.014833782030188519
1 0.6168311886165454 0.9764659923055897 0.014802414437998896 0.014184163964313011
1 0.5624554053596829 0.831496985062309 0.013616271640943445 0.014353130174719769
1 0.6424066709435503 0.756437695544699 0.013636879298997961 0.013650106347125511
1 0.3692305787749913 0.07973660075146219 0.01253620956255042 0.012773316839466925
1 0.5800466952116594 0.0603642463684082 0.012423225071119226 0.014029637626979664
1 0.48205391738725745 0.24104212677997094 0.012892609057219132 0.013484975566034731
1 0.2014481295710025 0.9351544380187988 0.01573334569516389 0.01591852436894956
1 0.2127503415812617 0.7659241634866467 0.014212463213049847 0.014629612798276155
1 0.6524423723635467 0.29250557526298193 0.012830444004224695 0.01309942162555197
1 0.22508389016856317 0.2294387506402057 0.01623244907545007 0.016186486119809357
1 0.6438059081201969 0.8216060555499533 0.01361214596292247 0.013725363689920177
1 0.19864393317181134 0.9658611339071521 0.014100696729577106 0.013656823531441067
1 0.5300366567528766 0.8112438450688901 0.01407349627950917 0.014649598494819973
1 0.3928367573281993 0.0389662592307381 0.01521313708761464 0.015225477840589441
1 0.5601841366809347 0.27591615137846576 0.012212193530538807 0.011241104291832966
1 0.5049411628557288 0.7866819215857465 0.013687610626220703 0.014068188874617867
1 0.5319903829823369 0.37120329815408454 0.013118412183678669 0.012812645538993504
1 0.5356319883595342 0.24171675806460172 0.013063223465629246 0.012307457301927649
1 0.503546839175017 0.4320716080458268 0.011909650719684105 0.012177415516065515
1 0.6617930453756581 0.7904889687247898 0.013340742691703465 0.013229411581288214
1 0.532902074896771 0.32989726895871363 0.01343548816183339 0.014188538426938265
1 0.6123068125351615 0.10878682136535646 0.012161026830258577 0.012566214022429092
1 0.8244715151579485 0.3570691813593325 0.011931875477666441 0.011739730834960938
1 0.4767730132393215 0.3540261970913928 0.014733770619268003 0.014206064784008522
1 0.3967005273570185 0.09580170071643333 0.013002810270889946 0.013302170712014904
1 0.17755457629328186 0.8963925320169202 0.014135298521622368 0.015415938004203465
1 0.20420472518257474 0.8072470374729321 0.012273539667544157 0.012056184851604958
1 0.7765535893647568 0.9428318894427755 0.014285170513650646 0.013135951498280401
1 0.5990175267924434 0.10152745246887207 0.012614561163860817 0.013474671737007473
1 0.5789390024931536 0.09468482369961945 0.013568587925123133 0.013054298317950706
1 0.7900673824807872 0.34652564836585 0.012784792029339333 0.013446807861328125
1 0.5192237522291101 0.2719282585641612 0.016740218452785328 0.016528938127600628
1 0.11906549723252007 0.9392875588458517 0.015093129614125128 0.014267879983653193
1 0.4628648343293563 0.4427346561266028 0.012022598930027172 0.012135588604470959
1 0.22117803407751996 0.9320628954016644 0.014712623927904211 0.014045549475628395
1 0.3934926779373832 0.1103609437527864 0.012965699900751528 0.01794701037199601
1 0.6394469116045081 0.27070498466491694 0.012220652207084324 0.011811401533043903
1 0.43796441866003955 0.8834040475928265 0.016177944515062416 0.01669912752897843
1 0.47832739871481195 0.10378867646922238 0.017430637193762737 0.015356167503025219
1 0.6584282128707223 0.19160577525263245 0.012488199316936989 0.011316631151282269
1 0.6297291258107061 0.3154457133749257 0.01243827653967816 0.012510963108228601
1 0.5923875518467115 0.21569500798764438 0.009694679923679518 0.011373146720554516
1 0.537604985029801 0.7827241731726605 0.011388011600660242 0.013444071230681046
1 0.2227563961692478 0.9694077035655145 0.0144281180008598 0.015561808710512907
1 0.5397823789845342 0.360321169314177 0.011920306993567425 0.012784626172936481
1 0.17522693716961402 0.7756411303644595 0.013317522795304008 0.01620056318200153
1 0.21324498757072116 0.916247036146081 0.015105682870616083 0.013990236365276833
1 0.5856221758801005 0.28632254185883893 0.011946450109067171 0.012411221213962719
1 0.4934546429177989 0.1469963374345199 0.012113819951596468 0.012221077214116636
1 0.5134410858154297 0.12297449422919232 0.012791592141856318 0.011713784673939581
1 0.6268339882726255 0.28793223007865576 0.014411656752876614 0.014749361121136208
1 0.7843976228133492 0.9224828844485076 0.013016327567722485 0.012984524602475374
1 0.6000200354534647 0.35318370098653046 0.014241011246390965 0.013084901415783425
1 0.7737760129182236 0.9606012676073158 0.014094974683678669 0.014090247776197351
1 0.38175613983817724 0.13095607964888864 0.011436835579250171 0.011429890342380688
1 0.5194024521371593 0.712008745773979 0.013144430906876274 0.01248720417851987
1 0.6751853901406993 0.8720719088678774 0.017487857652747112 0.01609001988949983
1 0.7824460319850755 0.3753361494644829 0.011660617330799932 0.012460542761761208
1 0.18849336582681406 0.6998954233915908 0.01349596355272376 0.013941516046938688
1 0.1868804123090661 0.45257502016813866 0.01442513258560844 0.015385669210682745
1 0.11320178405098291 0.708155694215194 0.01650349990181301 0.01938641589620839
1 0.3661695563274881 0.09158298761948297 0.012644145799719769 0.012395724006321118
1 0.3840893973474916 0.08562757139620572 0.01256003587142281 0.013170916101206903
1 0.7803574852321458 0.3017468452453614 0.011617992235266644 0.012803326482358187
1 0.49544758382050885 0.3352086440376613 0.01410896881766941 0.014715028845745583
1 0.7682540313057277 0.9101855236551037 0.012433591096297554 0.013661094333814539
1 0.3563750800879105 0.11659726370935855 0.011497098466624384 0.011721040891564411
1 0.599908683610999 0.18261577772057574 0.012647587320078974 0.012346309164296026
1 0.8319093455439028 0.8745262726493503 0.012319316034731657 0.01226732005243716
1 0.6380209508149519 0.16777281657509183 0.011291877083156421 0.012319720309713612
1 0.6020661229672639 0.31556394825810974 0.011903182319972828 0.012701697971509851
1 0.6572084426879883 0.8242805107780125 0.013321503348972485 0.013204533120860224
1 0.6156019335207732 0.3591314735619918 0.012522697448730469 0.012544201767962913
1 0.45867926659791364 0.7931644812874172 0.01467579344044561 0.013349491616953974
1 0.663844751275104 0.8410987646683402 0.01290342082148013 0.012531239053477411
1 0.7933962656104048 0.9422602031541907 0.013715619626252548 0.013782169507897419
1 0.8358456155528192 0.8557272786679475 0.011784926704738453 0.011729779450789742
1 0.5131592543228812 0.3824393723321998 0.014145063317340355 0.013801984165025793
1 0.8461304540219514 0.3915375833925994 0.011054826819378395 0.012113985807999321
1 0.233455056729524 0.9879880158797555 0.013605864151664402 0.01303863525390625
1 0.1569955400798632 0.9814924157184103 0.013916813808938732 0.013558595076851223
1 0.5447537173395571 0.3391871245011039 0.012003483979598335 0.01263415295144786
1 0.6092604139576787 0.3385923193848651 0.012525931648586109 0.012820280116537342
1 0.07947387125181116 0.9536971423936927 0.017105698585510254 0.016807265903638756
1 0.1806518305902896 0.9787746927012567 0.014742395152216372 0.014724068019701086
1 0.7298637680385422 0.9816965020221212 0.01571866740351138 0.014970613562542458
1 0.8106456424878992 0.9324601422185484 0.01413162894870924 0.01422280850617782
1 0.1735469051029371 0.7925579236901323 0.012716314067011293 0.013165017832880434
1 0.6633633530658223 0.7509829065074092 0.012198199396548063 0.012455732926078465
1 0.64985119778177 0.21691300558007282 0.011621765468431555 0.012225005937659222
1 0.48202222326527466 0.7806881407032843 0.015240814374840778 0.014838633329971977
1 0.1395641617153002 0.41855830731599225 0.010920794113822605 0.011584033136782438
1 0.3905772929606231 0.06094613800878111 0.014264163763626762 0.01892723207888396
1 0.4723440460536791 0.19417443482772165 0.013497269671896229 0.013821311618970789
1 0.5738130445065706 0.235496479531993 0.011553681415060291 0.012915403946586277
1 0.481319785118103 0.7581789804541547 0.012466897135195524 0.013278505076532778
1 0.3786381405332815 0.11483085673788321 0.01194223631983218 0.011561352273692255
1 0.6760620034259297 0.8202282242153001 0.010840954987899117 0.012052577474842901
1 0.5053664705027705 0.3032238068787948 0.01294107022492782 0.013499653857687244
1 0.5051998677461044 0.35865647378175153 0.013345842776091202 0.012528305468351944
1 0.5938728581304136 0.39266804249390314 0.01686519125233526 0.01526994808860447
1 0.6352063883905825 0.9204740524291992 0.013598400613536005 0.013408577960470448
1 0.768574051235033 0.9827546244082244 0.01372503197711447 0.012715381124745245
1 0.7958821213763693 0.9593897902447245 0.013976594676142153 0.013720346533733864
1 0.5581691368766453 0.7725213921588399 0.013363340626592222 0.013501540474269703
1 0.528137435083804 0.2150763636050017 0.012678768323815388 0.012140813081160835
1 0.08798026779423589 0.9719193707341733 0.014159560203552246 0.014035307842752209
1 0.17701073833133862 0.2055209615956182 0.015364657277646273 0.014630981113599695
1 0.16574616535850192 0.9639277250870415 0.01437391405520232 0.013150090756623642
1 0.4954131634339042 0.31366733882738196 0.013084815896075706 0.01355643894361413
1 0.45585700739984925 0.1995051736417024 0.011876769687818445 0.011640362117601477
1 0.1814903901970905 0.3854789733886719 0.011050908461860989 0.011746696803880774
1 0.5925521021303923 0.1329844205275826 0.014319129612134851 0.01311797681062118
1 0.6543629998746124 0.8511546176412831 0.011331371639085852 0.011880377064580503
1 0.5721880042034647 0.32290486764648685 0.011381895645805027 0.013559944603754126
1 0.50294480116471 0.08174372755962869 0.012670392575471298 0.014462367348049
1 0.6717996804610544 0.8544909643090289 0.01171862560769786 0.0123589971791143
1 0.1572256502897843 0.4525775702103325 0.011889706487241 0.013470566791036854
1 0.14586251196653946 0.9593898109767749 0.015444517135620117 0.014162063598632812
1 0.13920491674672003 0.9465456008911133 0.014490562936534052 0.015315097311268682
1 0.6323597120202106 0.14803284147511359 0.011895718781844429 0.021182474882706352
1 0.10177516937255861 0.9526201745738153 0.015983664471170177 0.015140450519064198
1 0.6832747874052627 0.7854425181513247 0.012262385824452276 0.011919602103855297
1 0.15783185025920038 0.8082809448242188 0.012835015421328337 0.013437851615574047
1 0.53358561059703 0.10981754634691321 0.015200614929199219 0.019476952760115913
1 0.2858855827994969 0.22973173597584598 0.015153511710788891 0.015072801838750425
1 0.4465182345846425 0.778900146484375 0.011747940726902172 0.012078990106997282
1 0.6243095605269723 0.21698321466860562 0.010262821031653362 0.010079674098802649
1 0.6355103617129119 0.34708299844161317 0.013436275979746943 0.012295868085778278
1 0.5991933864095936 0.4472672939300537 0.012078368145486584 0.012779878533404808
1 0.12256314961806587 0.4489627039950827 0.012737595516702404 0.012680395789768383
1 0.36729000184846955 0.10357169483018958 0.0242583181547082 0.012440370476764183
1 0.7701058595076852 0.9272297361622683 0.01218314792798913 0.01224356112272843
1 0.20962508865024734 0.2108560852382494 0.015078648276951 0.014549048050590183
1 0.6496849060058594 0.17179829141368036 0.01215685968813689 0.016510839047639267
1 0.8178237002828846 0.021011870840321415 0.01250731426736583 0.013303393902985947
1 0.22555939010951828 0.19527464327604874 0.01236718633900518 0.012711276178774626
1 0.6063730820365574 0.2795788619829261 0.01114579905634341 0.011016742042873218
1 0.4826558361882749 0.21213101304095722 0.012874064238175102 0.018447523531706436
1 0.847720540088156 0.3587216501650603 0.011142108751379925 0.010840789131496265
1 0.8330563254978347 0.9000838943149732 0.011831532353940218 0.011660327082094938
1 0.5503455452297045 0.22993549056675117 0.012107268623683765 0.01206429108329441
1 0.475517609845037 0.4425406248673148 0.011379915734995966 0.011488209600033968
1 0.58910318042921 0.07752554312996242 0.013595124949579653 0.013480435247006624
1 0.5908248735510785 0.17403637326282007 0.013082670128863792 0.011745753495589546
1 0.23240374482196308 0.18623385222061817 0.012074076611062756 0.011689517808997112
1 0.2658941331117049 0.14243051280146057 0.016479761704154636 0.015151894610861073
1 0.5278208463088326 0.3969079515208368 0.0167480758998705 0.014707523843516474
1 0.6118182306704314 0.3975230066672615 0.01267905857252038 0.013269419255463974
1 0.8051453880641772 0.35939513082089625 0.01266753155252208 0.01288368390954059
1 0.5544491436170496 0.2924270940863568 0.011161513950513758 0.011732661205789318
1 0.5454399896704633 0.26343761319699494 0.010179644045622452 0.011101038559623386
1 0.8337271731832753 0.07062766344650932 0.012845993041992188 0.013081146323162575
1 0.18614724408025324 0.47181378240170685 0.014231329378874405 0.013435529625934105
1 0.5144818762074346 0.34111467133397644 0.013142958931300953 0.013079860936040464
1 0.5884351315705673 0.43624189625615656 0.012281251990276833 0.012986805128014606
1 0.6342676204183827 0.32926265053127124 0.012478994286578636 0.012869669043499489
1 0.6158147065535836 0.4482572026874708 0.012533685435419497 0.013567375100177269
1 0.6370558116746985 0.9320293924082881 0.01453951130742612 0.013593507849651833
1 0.4912843911544136 0.40180383557858673 0.012073309525199558 0.012464046478271484
1 0.6522250382796579 0.8065797142360522 0.014152609783670177 0.013201008672299593
1 0.1492203888685807 0.4880080015762993 0.011715878611025602 0.012719361678413723
1 0.1395426366640174 0.4367964371390965 0.01270450716433318 0.012074843696925953
1 0.7482062630031419 0.08023436950600665 0.011952607528023098 0.013350958409516708
1 0.4919090841127479 0.1649876470151155 0.011726182440052862 0.014224218285602074
1 0.1819225912508757 0.34912675619125366 0.012393930683965269 0.012175803599150284
1 0.36916075322938996 0.8630374203557554 0.011336746423140816 0.012331547944442085
1 0.20101759744727093 0.18294338558031165 0.011451866315758747 0.011650914731233017
1 0.566665794538415 0.26322815729224164 0.01094880311385445 0.011117541271707287
1 0.5641468504200811 0.5070093818332838 0.012031347855277683 0.011379490727963655
1 0.506445718848187 0.21820640563964844 0.012903379357379417 0.014230852541716202
1 0.15520942729452383 0.415682940379433 0.011661716129468836 0.018793888714002525
1 0.5636654729428499 0.46208215796429186 0.012943350750467052 0.017158840013586956
1 0.4815985897312994 0.21803958519645356 0.012076139450073242 0.0122613699539848
1 0.0752565860748291 0.4357538223266601 0.0166103632553764 0.01653828828231148
1 0.5555796830550485 0.8153073684028957 0.015109228051227074 0.01343138321586277
1 0.21513675606769067 0.9885566960210386 0.014627207880434782 0.013685226440429688
1 0.4600477322288182 0.13383042812347412 0.013428978298021399 0.015917021295298702
1 0.5493656241375467 0.8029855230580203 0.013007537178371265 0.012679390285326086
1 0.179660123327504 0.7194645093834918 0.012934954270072605 0.013695094896399456
1 0.8192467482193656 0.8920197694197946 0.012114566305409307 0.012450674305791441
1 0.6093682206195333 0.2587248553400454 0.011217158773671026 0.011420291403065557
1 0.6072887752367102 0.22493206936380136 0.011019084764563519 0.010577740876570992
1 0.5011779121730638 0.11503675709600035 0.022100531536599865 0.013236336086107336
1 0.8384841836017111 0.40643242131108825 0.010954898336659307 0.011763572692871094
1 0.5375919445701267 0.7521529819654381 0.011822306591531506 0.012346018915591032
1 0.5649297341056492 0.12400732869687289 0.012263961460279383 0.012275799461033032
1 0.48449369617130444 0.8831906318664552 0.012945807498434315 0.013173932614533798
1 0.7889335881108823 0.8702926013780676 0.011296313741932745 0.011265340058699898
1 0.44944846630096436 0.4619310627812924 0.01038882006769595 0.011094632356063179
1 0.5651271446891453 0.39856810155122174 0.012626357700513758 0.013121584187383238
1 0.09160567366558571 0.5023722544960354 0.016107911648957626 0.016493030216382897
1 0.6230554684348728 0.2917303831680961 0.010583442190419073 0.010667593582816746
1 0.4687990157500558 0.7691178114517875 0.012748811555945355 0.012355306874150816
1 0.5843744899915613 0.411435192045958 0.01298684659211532 0.01308038442031197
1 0.4846010363620261 0.7297766519629438 0.012487774309904678 0.01455477009648862
1 0.6061205241991126 0.15294897556304932 0.01340409983759341 0.015583276748657227
1 0.4768063814743706 0.3930451818134474 0.012124662813932999 0.011800921481588612
1 0.5595129780147386 0.1887718283611795 0.01047219400820525 0.010114172230596128
1 0.537300679994666 0.7978737043297808 0.012579109357750935 0.011964383332625679
1 0.5191794685695483 0.07997113984564075 0.01174603337826936 0.01340850021528161
1 0.5779561892799709 0.7079931964044985 0.012876904529073963 0.012682002523671026
1 0.6181949117909307 0.32435436158076575 0.012835958729619566 0.01267073076704274
1 0.4780207976050999 0.8045711931974993 0.014595850654270336 0.013341406117314878
1 0.7946233956710153 0.36375447978144104 0.011495963386867359 0.012018120807150135
1 0.5962378667748492 0.3686039370039235 0.013209260028341541 0.012763940769693127
1 0.5739437808161196 0.1684580523034801 0.016487328902534817 0.016551836677219555
1 0.16888286756432574 0.4473465162774792 0.012020028155782948 0.012273881746375042
1 0.5103206116220226 0.7289824485778809 0.012561196866242783 0.013269051261570141
1 0.42155459652776306 0.8626950098120648 0.014938395956288214 0.014660752337911854
1 0.5395830817844557 0.07739343332207721 0.01251295338506284 0.012268968250440515
1 0.5573163861813752 0.06200707217921382 0.013532845870308254 0.01361481521440589
1 0.803957690363345 0.40101758293483575 0.01348437433657439 0.01426833608876104
1 0.6784325889919114 0.4250948740088421 0.012597208437712296 0.01125124226445737
1 0.6008249780406123 0.07952956272208173 0.013326893682065218 0.013313132783640986
1 0.17746735137441888 0.37128757393878437 0.012401031411212425 0.012693446615467901
1 0.8290088073067043 0.9825556589209515 0.012132644653320312 0.011012077331542969
1 0.7824885534203571 0.8962658799212911 0.011367590531058933 0.010345417520274286
1 0.5333594446596891 0.26457957599474036 0.011941329292629078 0.012092984240988026
1 0.5325910526773204 0.7028842801633088 0.011989344721255095 0.012350289717964504
1 0.621410722317903 0.13730807408042575 0.012394988018533459 0.013003857239432957
1 0.7855260268501613 0.47781552439150604 0.011491692584493885 0.011323555656101391
1 0.5009071826934814 0.8561497563901156 0.01296012297920559 0.014349813046662704
1 0.5069748837014904 0.2059444137241529 0.012200728706691578 0.01610415914784307
1 0.5607183497884999 0.08358845244283261 0.012635977371879246 0.012396859086078148
1 0.1563355819038723 0.3411141374836798 0.0109129988628885 0.01121000621629798
1 0.5309746369071628 0.08342832067738408 0.009888275809909986 0.011742757714313011
1 0.5785295859627102 0.25664304650348163 0.011233080988344938 0.012397558792777683
1 0.5941009728804879 0.24136939256087594 0.01165145376454229 0.01513771388841712
1 0.8068836875583816 0.49171437387881073 0.011588718580163044 0.010757985322371773
1 0.7821028336234714 0.4488331753274668 0.008639377096424932 0.008190818454908289
1 0.7900918255681576 0.9061523727748704 0.012141144793966541 0.01188672107198964
1 0.525117480236551 0.14599381840747333 0.012411490730617359 0.012836093487946884
1 0.1978063790694527 0.794838469961415 0.014057200887928839 0.016827500384786854
1 0.16983611687369965 0.7581592850063159 0.012917456419571587 0.01414726091467816
1 0.5769238057343856 0.27389266179955524 0.010431331136952276 0.010563332101573114
1 0.8416042949842371 0.33281394709711487 0.011010999264924423 0.011791021927543308
1 0.8340041948401411 0.3656550490337869 0.011301787003226902 0.011217905127483864
1 0.5419952040133269 0.24971401173135507 0.010735739832339079 0.010738144750180452
1 0.6395355100217073 0.19877099990844727 0.011894930963930876 0.020776790121327274
1 0.44328770430191705 0.8553286428036897 0.013720968495244566 0.013797677081564198
1 0.3875536270763563 0.06589482400728308 0.012075014736341394 0.012479600699051567
1 0.7674336640731149 0.1359042914017387 0.012611057447350544 0.014388561248779297
1 0.4877480009327764 0.08300607619078264 0.016962839209515114 0.01415096158566682
1 0.15192778732465662 0.36343697490899457 0.009798744450444761 0.009805904782336691
1 0.6510505261628525 0.3630401025647704 0.012987717338230297 0.012979243112647015
1 0.46384858566781745 0.40786428036897077 0.010421949884165888 0.011357348898182745
1 0.17450623926909073 0.42006536670353106 0.01220361046169115 0.011445698530777641
1 0.14776061410489288 0.4007107693216075 0.011564887088278065 0.012504992277725883
1 0.4539359496987384 0.4837655399156653 0.009556075801020083 0.009760524915612263
1 0.29952295966770337 0.2240693258202594 0.015419379524562671 0.015187097632366676
1 0.26712387541066046 0.21056101633154828 0.012749236562977667 0.012628576029901918
1 0.7801518025605576 0.8824275680210281 0.011489577915357508 0.011457152988599695
1 0.619877286579298 0.7443186925805132 0.0159234793289848 0.017078441122303837
1 0.5593580370363982 0.16525961005169415 0.011235071265179176 0.012247127035389776
1 0.5589129406472911 0.24674039301664932 0.011294572249702785 0.011374701624331266
1 0.818952104319697 0.9710348378057065 0.012320228244947351 0.013085904328719429
1 0.48580753803253174 0.3350353448287301 0.0131643647732942 0.01497973566469939
1 0.5687730208687161 0.11237141878708551 0.01269506371539572 0.013719133708788
1 0.5051080454950747 0.7429103022036345 0.01566575921100119 0.016686398050059444
1 0.6383908624234407 0.1853784063588018 0.01035165786743164 0.009982772495435633
1 0.5474884821021039 0.43651373490043305 0.011711410854173742 0.011706310769786005
1 0.5467765331268312 0.7881961698117463 0.012473210044529125 0.012282371520996094
1 0.46690269656803296 0.46122909628826647 0.011320435482522716 0.011985986129097317
1 0.5607244761093803 0.7158538984215777 0.01129745400470236 0.012120785920516304
1 0.4735337962274966 0.554267924764882 0.00869651462720788 0.009120277736497961
1 0.4544007467186969 0.18947737113289212 0.012398305146590523 0.015565353891123896
1 0.6271561436031176 0.11969192131705907 0.012200044549029808 0.012583691140879755
1 0.6780371665954591 0.41252046564350964 0.01180429043977157 0.010936623034269913
1 0.1261677120042884 0.4288167072379071 0.014320021090300186 0.019728277040564495
1 0.5418784929358441 0.5060849604399309 0.010957054469896399 0.01126235464344854
1 0.850041389465332 0.3290705473526664 0.009837357894234035 0.013107009555982508
1 0.5535777133444081 0.3268475014230479 0.013222321220066235 0.013182951056438942
1 0.5968471402707307 0.23623465455096704 0.010503893313200577 0.011096436044444208
1 0.7765913009643556 0.4647752513056216 0.009236211362092392 0.00915701492972996
1 0.8408194624859354 0.9456774670144787 0.011929097382918648 0.013098343558933422
1 0.5774687684100607 0.18999443883481235 0.010396998861561651 0.011060383008873981
1 0.46620783080225403 0.2717579966006072 0.012785652409429136 0.01199067157247792
1 0.6661091369131337 0.9156615008478579 0.012827893962030825 0.013681204422660496
1 0.5343220752218495 0.43358017050701647 0.011395910511846128 0.012874644735585089
1 0.5935633700826893 0.2945714929829473 0.011433808699898098 0.01318278520003609
1 0.7916157763937245 0.41271375573199726 0.011877142864724865 0.014173341834026833
1 0.1644751973774122 0.3046080858811088 0.01265331973200259 0.012114587037459663
1 0.6557283816130266 0.7239714290784753 0.011374349179475204 0.01148161680802055
1 0.18030960663505222 0.42906771535458765 0.011399186175802479 0.011531622513480808
1 0.82025030384893 0.45425852485325025 0.011880128279976223 0.012742125469705334
1 0.540793045707371 0.6909801856331204 0.009967969811480978 0.011581628218941067
1 0.8173702696095342 0.9526078390038532 0.013867046522057575 0.013310515362283459
1 0.8056425840958303 0.892132220060929 0.012261929719344429 0.013295878534731657
1 0.3745414951573248 0.1047742055810016 0.012400513109953507 0.012762277022652004
1 0.14308038483495297 0.4499934030615765 0.013004852377850075 0.01220491658086362
1 0.5903086558632229 0.6874097533847974 0.011417451112166695 0.012295640033224354
1 0.5926969569662343 0.2627341332642928 0.012708788332731827 0.012706818787947945
1 0.5237554778223452 0.47338744868402893 0.011223979618238367 0.011596638223399286
1 0.41724424776823626 0.8986854553222656 0.014158228169316832 0.015239383863366169
1 0.4014214044031889 0.8163028178007707 0.016132432481516964 0.014978367349375849
1 0.6750374047652535 0.7527858485346255 0.00862084264340608 0.011448404063349184
1 0.6103033915809963 0.23894049810326617 0.010373509448507557 0.011486115662947945
1 0.5512750459753949 0.17389143549877661 0.01107025146484375 0.012373727300892706
1 0.8488327523936396 0.34309860934381897 0.010472504988960598 0.011563570603080418
1 0.8275723664656929 0.9238703769186268 0.012435083803923233 0.013016327567722485
1 0.8208800191464631 0.8597450049027152 0.01195451487665591 0.011754201806109886
1 0.8341120636981466 0.9656505377396293 0.012646758038064709 0.012797936149265454
1 0.18940991940705673 0.9129756637241528 0.01497973566469939 0.015155999556831692
1 0.46779311221578845 0.871491287065589 0.013527787250021229 0.012065763058869736
1 0.26245447863703186 0.22097370935522992 0.01356500128041143 0.013343582982602327
1 0.31080460548400884 0.16080987971761954 0.014423225236975628 0.014436079108196755
1 0.33415849409673526 0.20394512881403387 0.012706194882807524 0.013228105462115745
1 0.580050634301227 0.8270597872526748 0.012327028357464333 0.012025252632472828
1 0.5946667505347211 0.4774278298668239 0.011676083440366 0.012169827585634977
1 0.21331707290981125 0.18321208331895908 0.011898973713750425 0.011959345444389011
1 0.5248300510904064 0.4472930327705715 0.012395319731339165 0.012644394584324047
1 0.6267971992492675 0.19511307840761932 0.011240378670070484 0.011660327082094938
1 0.826261686242145 0.49994468688964844 0.010058195694633152 0.009953291519828465
1 0.45081470323645545 0.8065064679021421 0.015009672745414402 0.013581773509149965
1 0.6421935661979343 0.1930936730426291 0.010737833769425102 0.009939442510190218
1 0.3951397149459175 0.8294857688572095 0.014602961747542671 0.014964393947435461
1 0.8383212296859078 0.034040716679199876 0.011271518209706182 0.01285767296086187
1 0.20637667697408926 0.198219050531802 0.014175124790357508 0.012681173241656761
1 0.3903924123100612 0.8688085597494374 0.01257776177447775 0.013572651406993036
1 0.8161126841669497 0.1502019063286159 0.01363737686820652 0.013382486675096594
1 0.8443358670110288 0.10695762737937596 0.017361972642981487 0.014707472013390583
1 0.07812035602072011 0.48980729476265283 0.01692368673241657 0.016670807548191235
1 0.20837591005408246 0.7914464370064114 0.013539977695630945 0.013530731201171875
1 0.5067759907763937 0.17300957182179327 0.011666401572849438 0.012337083401887314
1 0.6757483897001846 0.6831207482711129 0.007198872773543648 0.009500545004139776
1 0.4111782830694448 0.848584797071374 0.01731977255448051 0.020941029424252716
1 0.666336204694665 0.4208879626315573 0.011370990587317425 0.011584209359210472
1 0.07425521249356477 0.5528115604234778 0.015528056932532269 0.014263526253078296
1 0.4772631396418032 0.8702609642692235 0.013016783672830334 0.02611280524212381
1 0.16001843369525415 0.35567117903543555 0.01103372159211532 0.012266327505526335
1 0.6629404192385466 0.8573873768682067 0.011652946472167969 0.012058921482252039
1 0.8067397656648057 0.5141019406525985 0.011552644812542458 0.01169611060101053
1 0.7553033206773841 0.5071026553278384 0.008422146672787874 0.008134717526643173
1 0.7907690379930579 0.9858047029246455 0.013406090114427649 0.013793157494586449
1 0.8456069282863452 0.9796857211900794 0.012220465618631115 0.013132385585619055
1 0.6891264086184293 0.807419611060101 0.011562471804411514 0.012706507807192595
1 0.6139309198960013 0.3010371145994767 0.01445826240207838 0.011959096659784731
1 0.5363770153211511 0.7176966045213782 0.012120951776919157 0.011205009792162024
1 0.5340346875398054 0.34929669421652076 0.015227773915166441 0.016767087190047554
1 0.8619027967038362 0.9794473026109778 0.013925925545070484 0.012646011684251867
1 0.6228593432384989 0.9426915541939114 0.01597605580868928 0.015360873678456182
1 0.14357485978499704 0.46721992285355285 0.013806218686311142 0.01409142950306768
1 0.560707486194113 0.4902982711791992 0.012772808904233187 0.011721652487049932
1 0.2391067173170007 0.29346631920855976 0.016058175460152004 0.01664020704186481
1 0.8225169803785242 0.5234161667201831 0.008914615796959919 0.009389835855235224
1 0.5882485431173573 0.4954371037690536 0.012035867442255434 0.013441127279530401
1 0.39324530829554016 0.8477616517440133 0.013415678687717602 0.01339522652004076
1 0.7896631904270337 0.13413260294043503 0.012883476589037024 0.014028652854587719
1 0.5725878217945928 0.6689822673797607 0.010252123293669327 0.010550934335459833
1 0.5471374781235404 0.03980422797410384 0.013570516005806301 0.013708451519841734
1 0.6909948846568232 0.8275859044945757 0.011192404705545177 0.011936229208241339
1 0.5719569247701893 0.40959165925564966 0.012201723845108696 0.01287432338880456
1 0.4745600793672644 0.4748713866524074 0.009875805481620457 0.009679213814113451
1 0.706124616705853 0.5066527076389478 0.008242607116699219 0.008527341096297554
1 0.18125136002250336 0.29716304074163025 0.012999949247940727 0.013002043185026749
1 0.4895925729171089 0.7578805011251698 0.013759156932001528 0.013210545415463655
1 0.5430141842883566 0.743743896484375 0.012127233588177223 0.012417585953422215
1 0.43967419085295306 0.4779992207236912 0.009886990422787874 0.010668982630190641
1 0.6918179677880328 0.7772646986919902 0.011218319768491 0.011264427848484204
1 0.5396131639895231 0.09268094145733378 0.010502234749172046 0.010267983312192171
1 0.5513912698496943 0.7527982255686885 0.011466316554857336 0.012704890707264776
1 0.6203302715135657 0.6903942978900411 0.010638527248216711 0.011521422344705334
1 0.11003102945244832 0.6436706729557204 0.014819155568661898 0.016303870988928753
1 0.6214559389197308 0.7277520635853644 0.011329236237899117 0.010475241619607677
1 0.5639818336652673 0.17822708772576373 0.012031244195025902 0.011329661244931429
1 0.4912985718768576 0.41511852844901703 0.011283003765603771 0.011253149613090183
1 0.56197306384211 0.6760192746701448 0.01122290155161982 0.011913838593856148
1 0.4819187910660454 0.549858922543733 0.009722834048063858 0.009545035984205164
1 0.6406849363575811 0.25521368565766706 0.01075980974280316 0.018426584160846214
1 0.7798279886660369 0.5038361134736434 0.012052038441533628 0.011284247688625171
1 0.5710517841836681 0.4906273095504098 0.01177742170250934 0.01198051286780316
1 0.17875947641289752 0.739627278369406 0.013554770013560419 0.016802207283351734
1 0.5418359507685122 0.4214074093362559 0.016620718914529552 0.0134649484053902
1 0.6361088752746582 0.2205428455186927 0.010014616924783459 0.01058060189952021
1 0.6071099924004596 0.28703182676564093 0.010595715564230213 0.01487012531446374
1 0.14781926507535187 0.5088620807813562 0.012024765429289444 0.01287941310716712
1 0.7836032535718835 0.21041304132212763 0.012267900549847145 0.013308525085449219
1 0.6260666950889255 0.23505860826243524 0.015336845232092815 0.016578819440758747
1 0.7240983714228091 0.46476283280745795 0.010309136432150135 0.011389151863429859
1 0.30069784496141516 0.24065844909004544 0.013566597648288891 0.013107590053392492
1 0.7790783177251401 0.31934171137602435 0.011464077493418818 0.013391764267631199
1 0.2832899611929189 0.28216436634893005 0.017576487168021824 0.01637682707413383
1 0.36346047857533326 0.916228667549465 0.011423732923424763 0.011694037395974865
1 0.6533625851506772 0.18009059325508453 0.010375105816385021 0.009548353112262228
1 0.5150639285211978 0.35108675775320636 0.01065689584483271 0.012120503446330195
1 0.573246955871582 0.44598682548688806 0.012385409811268682 0.012141092963840649
1 0.4656257681224657 0.9292676137841266 0.018915435542231022 0.01937256688657014
1 0.6635377510734227 0.7354584569516389 0.011443552763565727 0.011099193407141644
1 0.37416912161785626 0.9108538834945016 0.014588604802670687 0.015142440795898438
1 0.4754402015520178 0.8212141576020615 0.012963004734205164 0.013080057890518852
1 0.7226026369177778 0.014940735762533932 0.011778541233228601 0.01144665285297062
1 0.6310635234998621 0.3753168271935504 0.016429071841032608 0.01766602889351223
1 0.45788274122321093 0.4946267501167629 0.009651878605718199 0.009143995202105978
1 0.4726713947627856 0.5035826641580333 0.010673253432564114 0.011238595713739809
1 0.5786979302116062 0.45858159272567084 0.011457816414211109 0.011451140693996265
1 0.09969610753266707 0.22974515997845196 0.013138688128927479 0.013226218845533289
1 0.5753907535387122 0.6874637603759766 0.011622263037640114 0.011905172596807066
1 0.4779190239698991 0.48592069356337836 0.0122964796812638 0.008961729381395422
1 0.7969015577565068 0.44560044744740357 0.009482052015221638 0.00872591267461362
1 0.40782708707063087 0.9034337582795517 0.013646001401154892 0.013473344885784645
1 0.8246599280315897 0.07015041423880536 0.009955862294072691 0.01102615957674773
1 0.5978763207145359 0.13246396313542905 0.013101950935695484 0.012343282284943954
1 0.22524252145186718 0.17639032654140305 0.012722119041111157 0.012701304062553074
1 0.8105581117712934 0.24418153970137887 0.01281049977178159 0.012349315311597742
1 0.37909108918646095 0.8582954614058785 0.012616183446801228 0.011728991632876188
1 0.637178317360256 0.6883978014406952 0.009021385856296705 0.00922555508820907
1 0.4669602902039238 0.4236725309620733 0.011703066203905188 0.012483223624851391
1 0.7970092607581097 0.4592147080794625 0.01223389998726223 0.011349968288255774
1 0.3677330431730851 0.12561478303826376 0.017350321230681046 0.0135458344998567
1 0.461757348931354 0.8399328356203825 0.016725332840629246 0.015970354494841202
1 0.8292243377022124 0.03390018318010413 0.010826940121858017 0.01172364276388417
1 0.5409680656764818 0.4676199373991593 0.011080866274626358 0.01181867848271909
1 0.07969997758450716 0.205134101535963 0.014719931975654934 0.015022485152534817
1 0.7958374852719514 0.5422912680584452 0.009264738663383152 0.009252050648564878
1 0.8342706431513248 0.25313099570896314 0.012132893437924593 0.012943267822265625
1 0.6769434680109438 0.3863188080165697 0.013174430183742359 0.012658865555472996
1 0.18636460926221768 0.32746539945187775 0.012754606164020042 0.013560771942138672
1 0.07474160971848862 0.9838587719461193 0.014792623727217964 0.01382048233695652
1 0.656334172124448 0.4430836179982061 0.01726117341414742 0.014534452687139097
1 0.7229750674703846 0.45232107328331983 0.011009299236795177 0.011291130729343579
1 0.2292382924453072 0.31887665002242377 0.014243312503980554 0.013835596001666527
1 0.5587807116301162 0.31158837028171704 0.012382092683211617 0.010596399721891983
1 0.5517396408578624 0.710661038108494 0.011492376742155655 0.011900570081627888
1 0.5534983821537183 0.25904651310132903 0.010674124178679092 0.011779951012652855
1 0.7729813534280529 0.48097440470819885 0.008159803307574728 0.008620884107506794
1 0.6329489790874979 0.7006261452384617 0.009613327358079992 0.01041938947594684
1 0.491769816564477 0.7345110851785411 0.011453162068906038 0.012623745462168818
1 0.4577708814455116 0.5069050374238387 0.009849040404610012 0.009654791458793308
1 0.17427317992500638 0.4035917961079141 0.012151966924252718 0.01111143049986466
1 0.7836610337962278 0.4404467914415443 0.01217050137727157 0.012465311133343239
1 0.8048770738684613 0.4250450963559358 0.011225824770720108 0.01115342845087466
1 0.4458682588908983 0.4948144373686417 0.01041697419208029 0.010251045227050781
1 0.7993126122847849 0.20494035015935486 0.015147623808487602 0.015597447105076
1 0.8487015599789827 0.1336614878281303 0.014448746390964672 0.0144964715708857
1 0.20730805397033691 0.1740928940151049 0.011746551679528278 0.011822037074876867
1 0.4481507176938264 0.41060062076734455 0.0129894380984099 0.013825375100840693
1 0.26884191969166626 0.34023846750674047 0.014821073283319887 0.014167246611221977
1 0.6429004461868949 0.25931516937587573 0.009449792944866678 0.009331599525783373
1 0.4434626620748768 0.5406571263852328 0.009303714918053669 0.011003991831903872
1 0.5705949534540591 0.6958549333655316 0.01158042576002038 0.012120288351307745
1 0.7640749060589335 0.4738784872967264 0.008097773012907608 0.008089397264563519
1 0.6164057876752771 0.8440796188686204 0.014627643253492273 0.015490117280379585
1 0.6320277607959249 0.2284453537153161 0.01145041507223378 0.012608673261559528
1 0.8228855133056641 0.46811207481052564 0.010165007218070652 0.010979196299677309
1 0.7702163613360861 0.5362076552017875 0.009487898453422215 0.009357452392578125
1 0.5430064097694729 0.10097846777542778 0.010149686232857082 0.010334035624628481
1 0.7657653767129651 0.5265177436496901 0.007323348003885021 0.008136749267578125
1 0.3798043416894001 0.870263555775518 0.011940375618312671 0.011991169141686481
1 0.7021512570588484 0.7951806939166525 0.01177215576171875 0.011150857676630434
1 0.7134550343389097 0.4962458817855172 0.00844673488451087 0.008929542873216711
1 0.4706059694290161 0.5265871027241582 0.009506733521171238 0.010173611018968664
1 0.1647314818009086 0.43240847794905946 0.012105278346849524 0.01159829678742782
1 0.06707397492035576 0.3369466354665549 0.008586743603581968 0.01089269635470017
1 0.6425380914107613 0.7227102362591288 0.010958008144212805 0.011871669603430706
1 0.4726044146910957 0.48829558621282165 0.01069194337596064 0.010100136632504671
1 0.813110123509946 0.48080369700556214 0.008812406788701597 0.008983777916949728
1 0.07706806711528612 0.5684922052466351 0.014132535975912342 0.013583266216775646
1 0.8130756046461022 0.4696216583251953 0.008776789126188858 0.009553826373556385
1 0.5008673253266708 0.1840729920760445 0.011765645897906761 0.012033752773119055
1 0.5526062301967454 0.7317181255506433 0.012313511060631794 0.0132440069447393
1 0.5713838287021802 0.30624732763870904 0.010624470918074898 0.012250340503195057
1 0.45738153353981353 0.778878522955853 0.013165090395056683 0.012215697247049084
1 0.4792013997616975 0.5363770153211511 0.009891758794369905 0.009554282478664232
1 0.7040959648464036 0.4786660982214886 0.01114215021548064 0.010714323624320652
1 0.548925544904626 0.6873555183410646 0.009753558946692425 0.010556884433912195
1 0.11235662646915603 0.7343944466632345 0.01517330045285432 0.014885860940684443
1 0.4809685375379479 0.4122753506121428 0.010144814201023266 0.009868860244750977
1 0.7960800087970236 0.16095291531604267 0.01244030828061311 0.012588138165681259
1 0.6854831861413042 0.8146852203037429 0.01113103783648947 0.010638983353324558
1 0.7842534106710681 0.5283954247184421 0.01283828071925951 0.011299423549486242
1 0.5429684390192446 0.4910182330919348 0.012366460717242699 0.011857530345087465
1 0.6679192833278491 0.6708289333011794 0.010319502457328465 0.009999834972879162
1 0.24666423382966415 0.31162073301232385 0.013587039449940557 0.013305954311204992
1 0.6542268628659456 0.664503460345061 0.009926795959472656 0.010867844457211702
1 0.1707411537999692 0.7088340054387632 0.017817974090576172 0.01951196919316831
1 0.39211087900659314 0.8929689034171726 0.014126264530679455 0.013694307078485903
1 0.4996802806854248 0.17481520901555603 0.010996217313020126 0.011982648268989895
1 0.6445343183434527 0.31057823222616443 0.01520339302394701 0.016439375670059868
1 0.7609115476193635 0.49791236545728607 0.008475220721700916 0.008285937101944633
1 0.7408221700917119 0.7830687605816387 0.013859707376231318 0.012190901714822521
1 0.16053414344787598 0.38875335973242053 0.010970716891081436 0.014356628708217457
1 0.09581347133802331 0.718304965807044 0.013070044310196587 0.01419042504352072
1 0.7631167743517004 0.12161566900170367 0.009847599527110224 0.009876458541206692
1 0.7580267450083857 0.10084931746773097 0.010634878407353941 0.011816854062287704
1 0.7727598107379415 0.05697484379229338 0.012631457784901495 0.014766262925189476
1 0.4545632704444554 0.8218482266301694 0.013973640358966331 0.013920618140179176
1 0.8495015890701957 0.15721946695576544 0.014149334119713825 0.019389764122340992
1 0.16478849493938946 0.6215551003165867 0.013034530307935633 0.017300522845724354
1 0.22678709030151367 0.5216489667477814 0.014710799507472828 0.014593746351159138
1 0.16887040241904877 0.39276054112807557 0.012478424155193825 0.011932756589806599
1 0.5495678445567256 0.08469353810600612 0.01043211895486583 0.010966399441594664
1 0.15397278122279956 0.42119238687598193 0.012328458868938942 0.011486571768055792
1 0.7332704170890476 0.4343254047891368 0.011722606161366339 0.012951270393703296
1 0.8253127802973208 0.4866434387538744 0.009443780650263247 0.011293784431789234
1 0.12599373382070791 0.49623245778291114 0.01675011800683063 0.016177529874055283
1 0.6018919841102932 0.21651390324468195 0.011134002519690472 0.011616001958432405
1 0.4441811882931253 0.5097660603730574 0.00926456244095512 0.009533384571904722
1 0.4294638219087021 0.5039560691170071 0.013143871141516644 0.016476382379946503
1 0.45547938346862793 0.8583574917005456 0.01212565795235012 0.01781525819197945
1 0.22443457271741785 0.30361383894215455 0.014483679895815641 0.013724389283553413
1 0.6774027658545453 0.5237772257431693 0.012478496717370075 0.011536287224811058
1 0.13334681158480438 0.6986449697743292 0.014395268067069675 0.022585578586744225
1 0.5255004634027896 0.5503196301667588 0.011116608329441235 0.011026714159094769
1 0.5205643280692722 0.21394200946973718 0.01189497242803159 0.011291545370350714
1 0.11185571421747623 0.5258789166160251 0.015973547230596127 0.02871747638868249
1 0.8474117776621943 0.1412025327267854 0.01227594458538553 0.01223686467046323
1 0.5266907733419667 0.345481474114501 0.01279051407523777 0.011303413173426752
1 0.7996555825938347 0.6520167433697245 0.011006894318953806 0.009146192799443785
1 0.7701285611028257 0.4896070646203083 0.008559973343558933 0.008601395980171535
1 0.8004357296487561 0.4324926293414572 0.01189497242803159 0.014444848765497622
1 0.6956352565599524 0.5296195900958517 0.0092315673828125 0.009483254474142323
1 0.09258824327717656 0.3340586077259935 0.009366294612055239 0.009489779239115507
1 0.8116927561552629 0.5160618864971659 0.012405851612920347 0.009255658025326937
1 0.6413061307824176 0.7121657288592793 0.009311924809994905 0.013182557147482166
1 0.6340645085210386 0.3794535968614662 0.00939253102178159 0.00945120272429093
1 0.4275398047074027 0.4785793345907461 0.010657310485839844 0.011332843614661175
1 0.2979578868202541 0.2531093929124915 0.013667002968166187 0.012284527654233187
1 0.0764097934183867 0.3636100603186566 0.013379703397336214 0.013292063837466032
1 0.8081974775894828 0.22770569635474164 0.012268978616465693 0.011552002118981403
1 0.4074977169866147 0.85458867446236 0.013210006382154383 0.013942967290463655
1 0.8406198335730513 0.10538668736167578 0.009251387222953465 0.010835181111874788
1 0.5451437183048414 0.7270311479983123 0.01166026488594387 0.012166272038998812
1 0.12597200144892154 0.5146142192508864 0.013148577316947605 0.012380703635837719
1 0.4654824941054635 0.8546266555786134 0.013976781264595364 0.013249107029127039
1 0.6907401914181917 0.5130119323730469 0.008845826853876528 0.009049622908882473
1 0.5642914979354196 0.05989063304403554 0.013158632361370583 0.013294790102087933
1 0.1213487490363743 0.2049046910327414 0.014572361241216246 0.01345192867776622
1 0.14775834394537887 0.7467190079067065 0.011640911516935928 0.011973381042480469
1 0.743310783220374 0.7668071829754374 0.014583794966987942 0.013573605081309443
1 0.5867245404616647 0.2667009519494098 0.010363060495127802 0.011385212773862093
1 0.5702073055764904 0.6595740007317584 0.008647586988366169 0.008234003315801207
1 0.6417285774065101 0.31464096774225647 0.010167681652566662 0.011591683263364046
1 0.7693015181499979 0.5073068452918011 0.008079321488090183 0.00843910548997962
1 0.6144594938858695 0.7077780599179475 0.010729582413383152 0.012780562691066578
1 0.6301433003467062 0.1422336412512738 0.011701355809750765 0.011079041854194973
1 0.15567431760870892 0.3716697718786156 0.011346350545468538 0.011020738145579462
1 0.5083405660546344 0.7398685787035072 0.010692472043244736 0.011249625164529552
1 0.630481657774552 0.7154978669208029 0.010106998941172724 0.011658502661663551
1 0.1650362377581389 0.33307193770356797 0.009378505789715311 0.008782493679419807
1 0.11450433212777844 0.18382611482039743 0.01451638470525327 0.01385473168414572
1 0.46590041595956566 0.8150468701901642 0.012298677278601605 0.013414673183275305
1 0.8045006420301355 0.4365838092306386 0.008372638536536175 0.008884512859842052
1 0.6825952737227732 0.7617971171503481 0.012004562046216883 0.012443376624065895
1 0.13022374070209006 0.42434244052223535 0.014409396959387737 0.014813288398410961
1 0.6736386755238406 0.7185186510500701 0.009841255519701086 0.010662783747134
1 0.45865238231161365 0.53718494332355 0.009186433709186056 0.010535820670749829
1 0.804004088692043 0.08009954898253731 0.013783993928328804 0.014046238816302757
1 0.5121780476769344 0.5149483680725098 0.010024195132048233 0.01109326404073964
1 0.7217651035474694 0.47725443218065344 0.010577492091966711 0.01074007283086362
1 0.3635670672292295 0.14411233300748078 0.011456738347592562 0.018335145452748173
1 0.5189108226610266 0.510581286057182 0.012050131092900816 0.013326271720554516
1 0.519029949022376 0.5308498092319655 0.008718905241593071 0.009846687316894531
1 0.1625471477923186 0.22569069655045218 0.014243509458458942 0.013279914855957031
1 0.7550132378287937 0.5192814495252527 0.007733842600946841 0.00847862077795941
1 0.17624418631843894 0.3133462200994077 0.012238067129383917 0.011899823727815048
1 0.8480573322461998 0.3767023915829865 0.01071490412173064 0.014688160108483356
1 0.767890328946321 0.7514366688935654 0.010878645855447521 0.010838011036748472
1 0.5479026462720789 0.42159262947414233 0.009740497754967731 0.010737128879712976
1 0.39479904848596326 0.8856243879898734 0.013900803483050804 0.013965109120244566
1 0.43720821720661407 0.5501464760821799 0.011228934578273609 0.010038209998089333
1 0.8424048216446586 0.35054973934007727 0.009562285050101902 0.010764909827190895
1 0.8068543309750764 0.6710187870523204 0.009808581808338995 0.009268760681152344
1 0.49215866171795397 0.08527104750923488 0.010123667509659477 0.012143217999002209
1 0.47899687808492913 0.40498107412587037 0.012336772421131964 0.011617826378863792
1 0.6174119140790857 0.3021408682284148 0.010289959285570227 0.010182359944219175
1 0.4708502603613812 0.4171888620957084 0.011052214581033459 0.013125564741051716
1 0.7864770474641221 0.5459582701973293 0.007921799369480299 0.00796682938285496
1 0.45425193724424945 0.8350034796673319 0.015277375345644743 0.014037920081097145
1 0.6889186942059061 0.8352812684100606 0.010933254076086956 0.011423401210619055
1 0.1470476026120393 0.634311344312585 0.012452063353165337 0.013404431550399117
1 0.07620452279629913 0.22767336472221042 0.01111856750819994 0.01211473216181216
1 0.08602055777674136 0.23083923173987347 0.011227410772572393 0.012255710104237432
1 0.8161524482395337 0.5313960987588634 0.00982077225394871 0.009858131408691406
1 0.6525350031645403 0.7064503379490064 0.009410816690196161 0.011571220729662024
1 0.6895860174427861 0.7192254481108291 0.013722212418265965 0.01306778451670771
1 0.7815697918767515 0.31168602860492206 0.010462429212487263 0.01117451294608738
1 0.6213518640269404 0.7124763157056726 0.009959262350331182 0.011355192764945652
1 0.6656121378359586 0.5443300993546195 0.011506951373556385 0.012159513390582542
1 0.8252769967784053 0.8323233645895252 0.009715038797129755 0.011813371077827785
1 0.1904766455940578 0.25518376930900244 0.0160058477650518 0.014938872793446417
1 0.6851751493371051 0.7405767440795898 0.01104048024053159 0.010474246481190557
1 0.6422065444614575 0.69785854090815 0.010558045428732166 0.010473126950471298
1 0.6603971771571946 0.70355282659116 0.010025729303774626 0.01057997993800951
1 0.0929106266602226 0.32411934726912045 0.009226063023442808 0.006934346712153891
1 0.1632733500522116 0.7785947633826215 0.012069339337556259 0.012368326601774796
1 0.7128727332405422 0.4857444555863091 0.008605003356933594 0.008777991585109545
1 0.29227503486301587 0.297433210455853 0.01632039443306301 0.015557786692743715
1 0.830581810163415 0.8392445937446926 0.008065804191257643 0.0076727659805961275
1 0.14462913388966486 0.20281086154693628 0.009403576232433595 0.011150927752712673
1 0.52512032052745 0.5331874930340311 0.01180706853451936 0.011196634043817934
1 0.1540709474812383 0.4366196342136549 0.01256857747616975 0.011926402216372282
1 0.8088982208915378 0.11653614044189453 0.012248578278914742 0.012352964152460512
1 0.345483703457791 0.18163835484048596 0.013293299985968548 0.01368781794672427
1 0.6837922593821649 0.5516053490016771 0.010769180629564367 0.011426925659179688
1 0.6625110584756603 0.6862660490948221 0.009206979171089504 0.010113467340884
1 0.7748928899350374 0.5292359642360522 0.00772658638332201 0.008097607156504755
1 0.824955940246582 0.8160195143326469 0.010892702185589333 0.011232376098632812
1 0.6142905691395635 0.8294658453568167 0.011737823486328125 0.014202822809634
1 0.7160043923751167 0.7610182347504988 0.010263733241869055 0.010908168295155401
1 0.5723460031592328 0.3114608992700991 0.009038966634999151 0.009314599244490913
1 0.15031607772993005 0.2409611888553785 0.012776488843171493 0.012151116910188095
1 0.7342030483743419 0.015164929563584537 0.013208223425823708 0.010552500253138334
1 0.09703113203463345 0.5530848503112793 0.019273291463437286 0.024854452713676124
1 0.3902026052060334 0.15422533906024435 0.010884824006453804 0.012883663177490234
1 0.8132201277691387 0.6017594752104386 0.008762069370435633 0.007922089618185291
1 0.7295016413149626 0.6734235390372899 0.011220019796620245 0.011548871579377548
1 0.7481255323990531 0.6699612244315769 0.00965955983037534 0.01056596507196841
1 0.17087714050127112 0.32496862631777057 0.009423846783845322 0.008632904809454212
1 0.8228503932123599 0.09592489055965257 0.010934829711914062 0.014519929885864258
1 0.7380704465119736 0.6531671233799146 0.011549244756283968 0.010334305141283117
1 0.725940476293149 0.7622087934742803 0.010462097499681555 0.011188963185185972
1 0.6701114281364109 0.7137703688248344 0.01184293498163638 0.013149510259213655
1 0.15833144602568253 0.598025840261708 0.009153822193975035 0.009624854378078295
1 0.7468175058779509 0.04046657292739205 0.012017872022545856 0.012713909149169922
1 0.0901780543120011 0.5975931209066639 0.016666412353515625 0.016217646391495415
1 0.709940827411154 0.7752917745838994 0.010374566783075747 0.01059283380923064
1 0.8264517369477646 0.8529931773310122 0.009177871372388758 0.009541055430536684
1 0.1358927384666775 0.7611831167469854 0.012185480283654255 0.012923365053923233
1 0.8219761226488196 0.6449733195097549 0.007921550584876019 0.008892349574876867
1 0.4293307169623997 0.46093295968097187 0.0104757080907407 0.009767573812733526
1 0.8198116965915845 0.2724730242853579 0.01308441162109375 0.013229079868482508
1 0.14902257919311523 0.6074363667031993 0.012718490932298742 0.012312889099121094
1 0.14329099655151364 0.5843946000804072 0.013525817705237347 0.013273612312648609
1 0.8031592161759085 0.14163010016731595 0.011991086213485054 0.011702247287916101
1 0.45865238231161365 0.545763162371426 0.009186433709186056 0.010535820670749829
1 0.4600820854862597 0.554341381419302 0.009186433709186056 0.010535820670749829
1 0.43768340241680614 0.5314661306249664 0.009186433709186056 0.010535820670749829
1 0.43387086061775015 0.5605367618427676 0.009186433709186056 0.010535820670749829
1 0.7635578950837574 0.7305622148284864 0.010878645855447521 0.010838011036748469
1 0.7710411899372761 0.7333192181955722 0.010878645855447521 0.010838011036748469
1 0.7745859085521007 0.730168357204617 0.010878645855447521 0.010838011036748469
1 0.7518603236548358 0.7406055842371565 0.010878645855447521 0.010838011036748469
1 0.7444951860884779 0.7462377482584891 0.010878645855447521 0.010838011036748469
1 0.7345305882045815 0.7423385577821818 0.010878645855447521 0.010838011036748469
1 0.7336641014320691 0.7510034255073093 0.010878645855447521 0.010838011036748469
1 0.7215332866168912 0.7440715313272075 0.010878645855447521 0.010838011036748469
1 0.7111354453467387 0.7484039651897713 0.011745132627959945 0.010838011036748469
1 0.7063697680979188 0.7579353196874112 0.011745132627959945 0.010838011036748469
1 0.6942389532827407 0.7523031556660785 0.011745132627959945 0.010838011036748469
1 0.7085359850292005 0.7349734202158242 0.011745132627959945 0.010838011036748469
1 0.7185005829130966 0.7323739598982862 0.011745132627959945 0.010838011036748469
1 0.7206667998443784 0.7176436847655703 0.011745132627959945 0.010838011036748469
1 0.738429778680889 0.7098453038129557 0.011745132627959945 0.010838011036748469
1 0.7423289691571963 0.7176436847655703 0.011745132627959945 0.010838011036748469
1 0.7501273501098108 0.7276082826494664 0.011745132627959945 0.010838011036748469
1 0.7583589744486816 0.7185101715380827 0.011745132627959945 0.010838011036748469
1 0.763557895083758 0.7011804360878285 0.011745132627959945 0.010838011036748469
1 0.8281338104292435 0.5674981559860877 0.009264738663383152 0.009252050648564878
1 0.8234075189428105 0.5737998779679984 0.009264738663383152 0.009252050648564878
1 0.8198628003279856 0.5832524609408645 0.009264738663383152 0.009252050648564878
1 0.8048962106209478 0.5915234710421222 0.009264738663383152 0.009252050648564878
1 0.7942620547764736 0.5793138847021703 0.009264738663383152 0.009252050648564878
1 0.7922927666571263 0.5718305898486514 0.009264738663383152 0.009252050648564878
1 0.782446326060391 0.5541069967745276 0.009264738663383152 0.009252050648564878
1 0.7481807127837519 0.557257857765483 0.009264738663383152 0.009252050648564878
1 0.7718121702159171 0.5572578577654831 0.009264738663383152 0.009252050648564878
1 0.758421011004357 0.5663165831144795 0.009264738663383152 0.009252050648564878
1 0.7469991399121442 0.5659227254906102 0.009264738663383152 0.009252050648564878
1 0.7304571197096288 0.5804954575737785 0.009264738663383152 0.009252050648564878
1 0.7686613092249621 0.5710428746009125 0.009264738663383152 0.009252050648564878
1 0.766298163481746 0.578920027078301 0.009264738663383152 0.009252050648564878
1 0.7619657296191824 0.5867971795556892 0.009264738663383152 0.009252050648564878
1 0.7548762923895329 0.5899480405466445 0.009264738663383152 0.009252050648564878
1 0.7450298517927975 0.589554182922775 0.009264738663383152 0.009252050648564878
1 0.7848094718036086 0.5934927591614693 0.009264738663383152 0.009252050648564878
1 0.782446326060392 0.5986129082717716 0.009264738663383152 0.009252050648564878
1 0.8009576343822544 0.5997944811433797 0.009264738663383152 0.009252050648564878
1 0.8005637767583851 0.6135794979788092 0.009264738663383152 0.009252050648564878
1 0.8135610783460758 0.6108224946117232 0.009264738663383152 0.009252050648564878
1 0.8131672207222064 0.6210627928323279 0.009264738663383152 0.009252050648564878
1 0.8131672207222064 0.6395741011541903 0.009264738663383152 0.009252050648564878
1 0.8041084953732097 0.6261829419426302 0.009264738663383152 0.009252050648564878
1 0.7970190581435603 0.6234259385755445 0.009264738663383152 0.009252050648564878
1 0.7832340413081309 0.6194873623368504 0.009264738663383152 0.009252050648564878
1 0.7710244549681791 0.6057023455014208 0.009264738663383152 0.009252050648564878
1 0.7194291062412854 0.6309092334290635 0.009264738663383152 0.009252050648564878
1 0.7627534448669211 0.6328785215484105 0.009264738663383152 0.009252050648564878
1 0.7206106791128937 0.6376048130348435 0.009264738663383152 0.009252050648564878
1 0.767479736353354 0.6427249621451459 0.009264738663383152 0.009252050648564878
1 0.7792954650694363 0.6537529756134894 0.009264738663383152 0.009252050648564878
1 0.7879603327945637 0.6462696807599706 0.009264738663383152 0.009252050648564878
1 0.7934743395287355 0.6301215181813243 0.009264738663383152 0.009252050648564878
1 0.7911111937855189 0.6663564195773106 0.009264738663383152 0.009252050648564878
1 0.7564517228850103 0.6608424128431389 0.009264738663383152 0.009252050648564878
1 0.7592087262520962 0.6722642839353518 0.009264738663383152 0.009252050648564878
1 0.774175315959134 0.6758090025501763 0.009264738663383152 0.009252050648564878
1 0.7698428820965705 0.6825045821559561 0.009264738663383152 0.009252050648564878
1 0.7816586108126529 0.6939264532481692 0.009264738663383152 0.009252050648564878
1 0.7907173361616495 0.7002281752300797 0.009264738663383152 0.009252050648564878
1 0.7875664751706941 0.6781721482933925 0.009264738663383152 0.009252050648564878
1 0.7982006310151682 0.6813230092843479 0.009264738663383152 0.009252050648564878
1 0.8005637767583846 0.6738397144308288 0.009264738663383152 0.009252050648564878
1 0.7367588416915395 0.6962895989913855 0.009264738663383152 0.009252050648564878
1 0.7304571197096288 0.7002281752300796 0.009264738663383152 0.009252050648564878
1 0.7028870860387697 0.6978650294868632 0.009264738663383152 0.009252050648564878
1 0.6989485098000755 0.7069237548358597 0.009264738663383152 0.009252050648564878
1 0.7115519537638967 0.6758090025501758 0.009264738663383152 0.009252050648564878
1 0.7115519537638967 0.6529652603657498 0.009264738663383152 0.009252050648564878
1 0.7095826656445496 0.6238197961994131 0.009264738663383152 0.009252050648564878
1 0.7473929975360132 0.6884124465139972 0.009264738663383152 0.009252050648564878
1 0.779689322693305 0.712043903946162 0.009264738663383152 0.009252050648564878
1 0.7836278989319995 0.717951768304203 0.009264738663383152 0.009252050648564878
1 0.09930224990879767 0.28527908494403936 0.013138688128927479 0.013226218845533289
1 0.08039708396306577 0.2805527934576065 0.013138688128927479 0.013226218845533289
1 0.08157865683467401 0.3067443254449225 0.008412396642494427 0.008893784982969765
1 0.08276022970628226 0.31265218980296383 0.008412396642494427 0.008893784982969765
1 0.07724622297211045 0.33273892862030396 0.008412396642494427 0.008893784982969765
1 0.0839418025778905 0.3378590777306063 0.008412396642494427 0.008893784982969765
1 0.13671872417639205 0.26066298345220107 0.008412396642494427 0.008893784982969765
1 0.14262658853443327 0.2500288276077269 0.008412396642494427 0.008893784982969765
1 0.1280538564512649 0.22285265156073725 0.008412396642494427 0.008893784982969765
1 0.13632486655252263 0.21655092957882657 0.008412396642494427 0.008893784982969765
1 0.1501431406238367 0.2075371530333693 0.009403576232433595 0.011150927752712673
