1 0.17552058074785318 0.2600822137749713 0.012898372567218284 0.014242814934771995
1 0.915362088576607 0.022258264862972756 0.013293183368185291 0.012391606102819029
1 0.24673198617022968 0.4100800934045211 0.013433539349099865 0.01378023624420166
1 0.2645355618518332 0.3945602230403734 0.01278004438980766 0.012434969777646273
1 0.27869511687237286 0.40735573613125353 0.021818471991497536 0.015502903772437054
1 0.26397444890893024 0.3586598880912948 0.013246971627940302 0.014238868070685345
1 0.2702782050423 0.053405808365863304 0.012448476708453636 0.013893614644589632
1 0.16112575323685355 0.27619192911230994 0.012770093005636463 0.01411456647126571
1 0.2603084004443625 0.48078354026960285 0.012810271719227667 0.012274462243785028
1 0.194069530652917 0.26062738377115 0.014268419016962465 0.013626492541769276
1 0.28870225989300274 0.3769035183865091 0.012027491693911345 0.01291303012682044
1 0.12485546132792598 0.34387333561544836 0.013267320135365362 0.02470418551693792
1 0.1992112968278968 0.11475532987843388 0.011740746705428413 0.01209389645120372
1 0.27561919585518213 0.4810471897539885 0.011522293090820312 0.012551794881406038
1 0.1205846589544545 0.3102687338124151 0.013304202452949856 0.013780842656674593
1 0.26912431094957434 0.3392623442670573 0.013918524203093155 0.01355876870777296
1 0.1965343330217445 0.13886023086050284 0.012706445611041527 0.013818585354348888
1 0.25099107493524964 0.43344935126926587 0.01171663533086362 0.012265371239703636
1 0.26258364967677905 0.4099994249965834 0.011976117673127548 0.012891888618469238
1 0.3167156654855479 0.3889608305433523 0.013476019320280655 0.013812713001085363
1 0.8964078530021337 0.11348405609960141 0.011510309965714165 0.012098136155501656
1 0.1976847959601361 0.3310059995754905 0.01458982799364173 0.015004300552865734
1 0.25225220555844513 0.26092103253240173 0.012602308522100035 0.01235756666763969
1 0.8949072879293689 0.013196666279564733 0.011050929193911345 0.011813827830812206
1 0.12118241061335025 0.33108560935310694 0.016579192617665165 0.024840790292491085
1 0.21831963373267133 0.16333810661150064 0.012305073116136633 0.012770103371661644
1 0.2712699226711107 0.4515805037125298 0.01195891007133152 0.012727654498556385
1 0.10157202119412628 0.36158152896425 0.01429927867391835 0.013477789319079857
1 0.8786325662032418 0.12635673647341522 0.009986918905506964 0.010334574657937756
1 0.28531868561454443 0.5278747703718103 0.011897170025369396 0.013028704601785412
1 0.2583973096764606 0.4440767920535544 0.012524397476859715 0.012761831283569336
1 0.22526888225389563 0.04112841901571854 0.011484270510466202 0.011646009009817371
1 0.23491753702578339 0.16769299299820614 0.011992578921110733 0.013033079064410667
1 0.1587871624075848 0.3251471726790718 0.012894205425096594 0.014865502067234204
1 0.07456231117248535 0.34717443714971125 0.014029378476350204 0.014551743217136547
1 0.2779394232708475 0.4269261567488961 0.014194156812584919 0.025543192158574642
1 0.13899665811787482 0.3388495859892472 0.012814926064532738 0.01192449486773947
1 0.20463645976522696 0.09997334169304889 0.011392987292745838 0.011677980422973633
1 0.08956082748330159 0.37808805963267456 0.01640382538671079 0.02801650503407354
1 0.08603459855784541 0.4077331086863642 0.014539241790771484 0.014329951742421026
1 0.33153238455238543 0.4787438278612883 0.014199421133684076 0.013779070066369099
1 0.807165290998376 0.025715768337249756 0.013258934020996094 0.014611560365428095
1 0.9138303425001062 0.08891222528789353 0.010952742203422215 0.011362640754036282
1 0.2058515548706055 0.23298289464867633 0.01222627059273098 0.01332011430159859
1 0.11680972057840097 0.3611595617688221 0.01395658824754798 0.013785509959511135
1 0.13994718634563946 0.3539535934510438 0.012205704398777172 0.01289545193962429
1 0.1843256950378418 0.36331911708997644 0.015081364175547724 0.015405385390571926
1 0.2632986047993536 0.4689027122829272 0.012222808340321417 0.01291382831075917
1 0.3049778834633205 0.4924887885218081 0.01345619948013969 0.01510763168334961
1 0.3204327170615611 0.40812621427618945 0.014647633485172108 0.013554376104603643
1 0.8474261657051418 0.014307748040427332 0.011803170909052309 0.012198209114696667
1 0.27947484928628674 0.3934989804806917 0.011862817017928413 0.01173500392747962
1 0.20421885407489276 0.07338732999304066 0.012065410614013672 0.012237885723943296
1 0.9257573252138884 0.05304412478985993 0.013165930043096128 0.012439328691233759
1 0.11846534065578293 0.37752994506255433 0.014049219048541527 0.013927848442741062
1 0.07917827367782594 0.30614571985991107 0.015312853066817574 0.01561278882233993
1 0.881510941878609 0.014552308813385342 0.01203155517578125 0.012672347866970558
1 0.10839545208474863 0.34762297505917755 0.012847921122675356 0.013720927031143852
1 0.3040316726850427 0.4119567249132239 0.012098250181778618 0.011959614961043648
1 0.30008373053177545 0.27672652576280676 0.012653620346732761 0.012991386911143427
1 0.24287712055703864 0.12577663297238556 0.011314661606498386 0.011578622071639351
1 0.2768667573514192 0.3706892029098842 0.011436607526696247 0.02552334640337073
1 0.8674382748811142 0.09982559991919476 0.011583908744480297 0.011257461879564367
1 0.23789387163908585 0.055105113464853035 0.010723072549571161 0.01069691388503365
1 0.8840224431908648 0.07981185031973798 0.01097633527672809 0.012158616729404614
1 0.24788702052572503 0.459053459374801 0.012185117472773012 0.014540724132371985
1 0.8704535028208857 0.08249526697656381 0.011586977087933083 0.013053059577941895
1 0.10061924353889797 0.3192907416302225 0.014104241910188095 0.013506599094556726
1 0.25410213677779486 0.29548571420752484 0.012559745622717815 0.013182992520539658
1 0.28407534309055493 0.44536905185036035 0.011742177216903023 0.011529290157815685
1 0.21832618506058402 0.22659529810366422 0.011028476383375086 0.012076212012249489
1 0.23509289907372516 0.14157445534415866 0.011992019155751104 0.011889416238536005
1 0.10594670668892237 0.32816305367842963 0.013741659081500511 0.014161337976870329
1 0.2684767868207849 0.2622009049291196 0.011558221734088402 0.01144415399302607
1 0.22648815486742102 0.10346493513687798 0.011249956877335258 0.011338627856710682
1 0.3039417266845703 0.5977880436441173 0.011688688526982847 0.011883486872134
1 0.0738073872483295 0.33083736378213635 0.015125145082888395 0.014516851176386293
1 0.9242909680242124 0.07276687414749809 0.01328588568645975 0.014292509659476902
1 0.1741206179494443 0.28526070843572204 0.012063845344211743 0.013033265652863876
1 0.25299157267031464 0.24459422152975333 0.012070116789444633 0.013085448223611584
1 0.14919131735096808 0.29066185329271405 0.0129705926646357 0.012457101241402004
1 0.9143636744955311 0.05346564365469891 0.011855208355447521 0.012628394624461298
1 0.24790632206460703 0.04516086759774582 0.011769647183625595 0.012293248072914455
1 0.24005612083103345 0.24806638385938562 0.011767345926036005 0.0127899750419285
1 0.291578945906266 0.5862751836362091 0.011958806411079739 0.012021603791610054
1 0.3050342435422151 0.35249686241149897 0.013143663821013077 0.013100053953087849
1 0.8996212793433148 0.04749345779418945 0.011997430220894192 0.012470701466435972
1 0.3204942206325738 0.4656797077344812 0.014037182149679764 0.013181292492410412
1 0.22364156142525052 0.056027917758278215 0.010102396425993546 0.01157924921616264
1 0.259024889572807 0.507090775862984 0.01241302490234375 0.012410951697308083
1 0.3090053848598314 0.36956484810165735 0.013387099556300953 0.014091908931732178
1 0.28258356840714166 0.46368140759675397 0.011901399363642153 0.012322674626889437
1 0.25634511657383124 0.07170427623002426 0.012184454047161598 0.012593243433081585
1 0.3477657981540846 0.47489154857137933 0.013189315795898438 0.012979362321936565
1 0.27510196229685907 0.6390506599260413 0.010066633639128311 0.01072184935860012
1 0.1548189650411191 0.23331048177636185 0.015619267588076384 0.016591341599174168
1 0.32521483140147256 0.4993824803310892 0.012599923688432445 0.013810396194458008
1 0.15534747165182364 0.3074860780135445 0.013673077458920687 0.01361220815907354
1 0.2966841303783914 0.4555217753285947 0.011622905731201172 0.011906281761501148
1 0.2391451234402864 0.029615393151407658 0.011622574018395466 0.011628557806429655
1 0.8835812236951746 0.027826837871385658 0.02327475340470024 0.012129612590955652
1 0.30671923056892725 0.5217612204344377 0.013846459596053413 0.012508495994236157
1 0.14319884777069095 0.3274161385817696 0.013713701911594555 0.013255308949105118
1 0.2587950644285783 0.03046195403389309 0.011705253435217815 0.012378765189129372
1 0.2923767463020656 0.7084397440371306 0.011924785116444464 0.012157025544539742
1 0.14225683523261026 0.31059172879094665 0.013821674429852028 0.013685744741688604
1 0.2834967633952265 0.6742094288701597 0.01171093401701554 0.01235887278681216
1 0.08674715135408484 0.3713152434514916 0.012912247491919476 0.012865299763886826
1 0.25248626004094665 0.17117508079694665 0.009977983391803244 0.01157392626223357
1 0.2310536115065865 0.11551967392797055 0.01153044078661048 0.010973567548005478
1 0.29283635512642237 0.5166584512461787 0.01168848120647928 0.012698297915251358
1 0.3509984845700471 0.5237745616746985 0.013820275016452954 0.013606278792671535
1 0.2634910293247389 0.37891383793043054 0.012933855471403702 0.013663457787555199
1 0.2590531784555186 0.22767469157343329 0.010472235472305962 0.011302657749341883
1 0.9199635256891665 0.09857361213020659 0.010863221209982166 0.011641585308572521
1 0.2766690254211426 0.5913508353026018 0.011848076530124829 0.012945112974747368
1 0.3328266454779583 0.5236894669740096 0.01287885334180749 0.013355524643607761
1 0.2403813134069028 0.07426712046498837 0.012100364850914997 0.012881232344585915
1 0.2594679645870043 0.8783813766811206 0.01463013109953507 0.01626184712285581
1 0.2941659637119459 0.47206833051598596 0.01140067888342816 0.015000799427861753
1 0.08072807477868121 0.3597979752913766 0.013303217680557915 0.012773265009341032
1 0.2619494873544444 0.6790404527083688 0.012157709702201511 0.013343728106954823
1 0.27606075742970343 0.43388061419777246 0.01248262239539105 0.011749526728754458
1 0.2850218959476637 0.6113140894019086 0.01084893682728643 0.011242534803307575
1 0.27460812485736347 0.30934923628102173 0.011458003002664318 0.012213064276653786
1 0.8683939187423044 0.11677022083945897 0.01010119396707286 0.011161420656287151
1 0.3104555192201034 0.6339260287906813 0.01066533378932787 0.012213147204855213
1 0.2655850493389627 0.610897219699362 0.012353440989618715 0.012018100075099781
1 0.3098102237867273 0.44698621915734327 0.011883113695227581 0.011867295140805452
1 0.26177767048711365 0.31015587889629864 0.013153076171875 0.01269753082938816
1 0.20853270655092987 0.24893053718235175 0.01193975365680197 0.012977434241253395
1 0.26852015827013104 0.27739191055297857 0.012737046117367952 0.011468265367590862
1 0.29436702313630475 0.4242703448171201 0.011924909508746605 0.012177539908367653
1 0.1931861794513205 0.15456400746884552 0.012374504752781079 0.012681339098059612
1 0.2877222144085428 0.3532364744207133 0.013272990351137907 0.013347602408865223
1 0.29862954305565875 0.33874518651029334 0.013143145519754162 0.012752819320429926
1 0.8506256601084834 0.255580238673998 0.01272218123726223 0.011406483857528023
1 0.3348519248159035 0.46555523250413977 0.011890667288199715 0.013824297034222145
1 0.185048942980559 0.3839602055756942 0.015900798465894615 0.015573377194611923
1 0.2757923188416854 0.32560653207094775 0.01446514544279679 0.014414454283921616
1 0.8814105158266814 0.04374852128650831 0.012012149976647419 0.012157766715339993
1 0.3425858798234359 0.5362175858539083 0.01262293172919232 0.013353720955226734
1 0.35448104531868646 0.4091942750889322 0.015255769957666811 0.015205004940862242
1 0.8507696649302607 0.1205481653628142 0.010610580444335938 0.012468814849853516
1 0.86334692913553 0.12978409165921417 0.011008138241975204 0.011885383854741636
1 0.2873378732930059 0.4898490905761719 0.013214132060175356 0.013187491375467052
1 0.27985689951025916 0.2180485725402832 0.011876334314760954 0.011685744575832203
1 0.9202539817146632 0.11261810945427936 0.010912065920622452 0.012882305228191872
1 0.07783394792805547 0.19808965143950086 0.01650392490884532 0.018116805864417034
1 0.336324022192022 0.667811331541642 0.013306754438773445 0.013369643169900646
1 0.2504684510438339 0.01359868049621582 0.009337155715278957 0.010801522628120754
1 0.2176306040390678 0.0596005916595459 0.014148774354354195 0.011991718541020933
1 0.12479509478029996 0.3375395484592604 0.014110150544539742 0.012651277625042458
1 0.2646560876265816 0.5451679644377336 0.011756855508555536 0.011845381363578465
1 0.17533417888309644 0.17640340846517816 0.01380046554233717 0.01443014974179475
1 0.8760456002276876 0.06223071658092996 0.01122681990913723 0.011712032815684443
1 0.09060561916102536 0.3479039967060089 0.013690456100132153 0.018282390159109364
1 0.2760942500570546 0.25047023400016455 0.010759353637695312 0.010981041452159052
1 0.22143097545789636 0.25121379935223126 0.012301465739374575 0.012429444686226223
1 0.35959654269011126 0.4620406213014022 0.01383878873742145 0.01267261090485946
1 0.31002333889836853 0.5377652126809825 0.011271912118662958 0.012747640195100204
1 0.27551728746165405 0.28700455375339673 0.01081642897232719 0.011698059413744055
1 0.20778517101121985 0.12470260910365892 0.010832206062648609 0.01061006214307702
1 0.18614986668462336 0.16673220240551495 0.01256926163383152 0.012288207593171493
1 0.38248312214146496 0.43783237104830536 0.014588464861330778 0.014481409736301586
1 0.16912099071170972 0.15701802398847498 0.014983643656191618 0.015499187552410622
1 0.27269381025563116 0.1296139385389245 0.010500721309496008 0.010563705278479534
1 0.29372803024623706 0.32747831292774365 0.012589972952137823 0.012179024841474451
1 0.29763994009598443 0.39584466685419495 0.01189379070116126 0.016352612039317257
1 0.32379872934973764 0.6379398781320323 0.01271656349949215 0.015364211538563604
1 0.9004917766736902 0.07191895661146744 0.02020939536716627 0.014627171599346657
1 0.31747795187908673 0.5758477501247241 0.01164481950842816 0.012299247409986414
1 0.8954443724259086 0.09406227650849716 0.011821249256963316 0.012091926906419836
1 0.3270698442407276 0.5355068082394808 0.011821958033934883 0.012298127879267153
1 0.8622078273607336 0.03820465829061425 0.010779919831649117 0.011205520318902058
1 0.30107523047405743 0.5709568624911101 0.011942075646441917 0.011868165886920433
1 0.2651666661967402 0.5612356559089993 0.01162589114645253 0.012407841889754585
1 0.24144303280374277 0.18906800643257476 0.01063525158426036 0.011228271152662195
1 0.2863789226697839 0.29491873409437097 0.012607201285984204 0.012679908586585003
1 0.15073465782663095 0.3423846221488456 0.01219530727552331 0.012565542822298796
1 0.2592285612355108 0.7529518293297808 0.010911734207816746 0.01184571307638417
1 0.3672784929690154 0.5238993271537449 0.013500006302543308 0.013893707938816235
1 0.26378818180250085 0.42366809430329694 0.01175963360330333 0.012608030567998472
1 0.21707477776900586 0.08695483985154526 0.012437882630721382 0.013301045998283054
1 0.24369673106981363 0.10348231377808943 0.010918824569038723 0.011844127074531887
1 0.3198278986889383 0.690417414126189 0.01163613277932872 0.01118369724439538
1 0.2746018948762313 0.7693190574645996 0.011069753895635191 0.011353326880413551
1 0.34043387874313025 0.44798428597657575 0.012897846491440483 0.013260126113891602
1 0.34689358783804847 0.4908896166345347 0.013248428054477856 0.015468794366587763
1 0.06883565757585608 0.4147645494212275 0.013640320819357166 0.014899005060610563
1 0.27676886060963507 0.7158833172010338 0.01164376217385997 0.012171081874681555
1 0.3210968686186749 0.5479996100715969 0.014385083447331968 0.011534773785135021
1 0.35376324213069416 0.5092146500297214 0.012908616791600767 0.011780863222868546
1 0.0762182733286982 0.3941096222918967 0.014879454737124235 0.015208576036536175
1 0.33790874092475226 0.5058002264603324 0.012507513813350513 0.01309067270030146
1 0.2742009577543839 0.6917786183564558 0.011478299679963486 0.011479294818380604
1 0.2346559711124586 0.08631827261136925 0.011230613874352497 0.011437027350715969
1 0.2627865231555441 0.14222036755603293 0.010417461395263672 0.011369010676508364
1 0.2356945742731509 0.21466086221777875 0.010176161061162535 0.009719081546949304
1 0.306192045626433 0.42858879980833625 0.011571925619374151 0.01191463677779488
1 0.918614263119905 0.040132880210876465 0.010984503704568615 0.011407302773517113
1 0.27122345178023627 0.20166047759678052 0.01149117428323497 0.011723995208740234
1 0.21509199557097058 0.3334201047925846 0.014625383460003395 0.016320903987988182
1 0.21714556735494864 0.11527217471081277 0.010745380235754925 0.011033006336378015
1 0.29910713693369995 0.5431732094806173 0.011924246083135191 0.012627062590225883
1 0.30323639123336127 0.5097077307493789 0.012957054635752802 0.012524584065312925
1 0.8555970813917078 0.08386024184848952 0.010126113891601562 0.010748407115106997
1 0.8832925506260083 0.1018170584803042 0.011400264242421026 0.011535333550494652
1 0.32568779652533325 0.4501315821772036 0.01302456726198611 0.013166386148203974
1 0.29532043830208154 0.31027894434721576 0.011222321054209833 0.012210203253704567
1 0.36870959271555365 0.42410593447477923 0.015086904816005543 0.015224208002505095
1 0.3357945680618286 0.5455688600954802 0.01190738056017005 0.012187169945758324
1 0.2946416295093039 0.22651612240335214 0.010287637295930283 0.012186174807341202
1 0.2726311476334282 0.7562459033468495 0.011784843776537024 0.012767460035241169
1 0.25502784355827 0.19204020500183105 0.01097826335741126 0.012431165446405825
1 0.2711956397346828 0.5309497791787853 0.011861510898755945 0.012199443319569464
1 0.2298781146173892 0.5286627230436906 0.015044668446416441 0.013997285262398098
1 0.8752150328262991 0.1437412189400714 0.010608590167501698 0.010726089062898056
1 0.8003824482793392 0.24536527758059296 0.012903130572775135 0.013287938159445057
1 0.2703283558721128 0.6654894351959229 0.01175453351891559 0.01140588262806768
1 0.22655196811841882 0.07588570273440817 0.010289897089419157 0.009950767392697542
1 0.2616379675657853 0.5230019610861073 0.012149333953857422 0.012674829234247622
1 0.25751776280610456 0.6347819203915803 0.01245575365812882 0.012521992559018343
1 0.27673323258109717 0.6248794223951257 0.012124144512674084 0.012455815854279892
1 0.1712927299997081 0.3076555314271346 0.014077995134436565 0.013146504111911938
1 0.2114005399786908 0.832651884659477 0.012287492337434189 0.012758835502292797
1 0.2916803981946863 0.6910364316857379 0.022414539171301803 0.012030228324558422
1 0.24354007969731872 0.2258489753889001 0.011291462442149286 0.011186205822488537
1 0.14147779215937076 0.29903947788736096 0.012874603271484375 0.012773078420887823
1 0.2817660207333772 0.5446281640425973 0.012429444686226223 0.012126881143321161
1 0.8786319235096807 0.11427568871042001 0.010007609491762907 0.010900798051253609
1 0.3227440066959547 0.6791377896847933 0.011347210925558338 0.013219708981721298
1 0.28808781375055725 0.24124899117842966 0.011996041173520296 0.012080130369766899
1 0.2949329355488653 0.6236266260561736 0.011493993842083473 0.011081778484842052
1 0.2708197676617166 0.5773248257844343 0.012297381525454313 0.012265744416610054
1 0.3064686630083167 0.5580803415049678 0.01270462119061014 0.011911640996518343
1 0.2275395911672841 0.5008362738982491 0.014562005582063095 0.013938520265662151
1 0.2989632668702499 0.4394277852514516 0.011956235636835512 0.01178450169770614
1 0.27777636569479236 0.5622876727062723 0.011235402977984886 0.012681525686512823
1 0.28783040461332904 0.20007635199505353 0.010526180267333984 0.010505344556725544
1 0.2215198848558509 0.13347399234771729 0.010667469190514606 0.011438421581102453
1 0.31556403118631116 0.6496082181515901 0.010686335356339165 0.011291462442149286
1 0.9111119560573413 0.16355957155642303 0.01053130108377208 0.012220900991688604
1 0.23678350448608398 0.7144319492837657 0.01448834460714589 0.015152350715968921
1 0.27808226709780487 0.3641088008880615 0.0127410888671875 0.012832247692605724
1 0.239380929781043 0.8432887118795643 0.013362324756124744 0.012863325036090355
1 0.286505243052607 0.17214436634727145 0.010596731434697691 0.010829438333925993
1 0.2625455234361731 0.20973685513372003 0.01088876309602157 0.01108345778092094
1 0.30905273686284607 0.6108418754909349 0.012242275735606318 0.012149064437202785
1 0.8693752496138863 0.2164868271869162 0.010744965594747791 0.011126642641813858
1 0.8658557145491892 0.2304732384889022 0.011704154636548914 0.011950762375541355
1 0.2671121825342593 0.4945832594581273 0.013436711352804432 0.012519245562346085
1 0.2849590674690578 0.09268822877303412 0.010329992874808933 0.010744011920431385
1 0.3225399411242942 0.6007968239162279 0.012281355650528618 0.011778126592221468
1 0.16312493966973346 0.29160425973975146 0.012819445651510487 0.013078420058540676
1 0.2949945304704749 0.25955921670664905 0.011937079222305962 0.011834890946097996
1 0.27450038039165997 0.16375330220098083 0.00979719991269319 0.009270854618238367
1 0.26215292059856915 0.157199590102486 0.010998601498811142 0.010496139526367188
1 0.2876570121101711 0.5713233118471892 0.012168220851732336 0.01168499822201936
1 0.29641006303870154 0.1400720865830131 0.010016068168308422 0.010613254878831946
1 0.26950994781825854 0.6496213208074156 0.015967970309050186 0.014057035031525986
1 0.2425087845843771 0.8270397186279297 0.011473116667374321 0.017480269722316578
1 0.28345089373381244 0.2692791068035623 0.012416217638098675 0.012244307476541271
1 0.24340519697769827 0.4985507415688556 0.012947911801545517 0.013237714767456055
1 0.8850666958352794 0.1761109673458597 0.012335818746815557 0.01284115210823391
1 0.27183400029721466 0.5096458663111147 0.011396615401558254 0.01348534874294115
1 0.9321210695349653 0.02757407271343729 0.010500368864639946 0.011580176975416101
1 0.3110455326412035 0.6701648338981296 0.01191406664641007 0.011437416076660156
1 0.8613899894382644 0.16884960817254108 0.009315159009850544 0.008381418559862219
1 0.9037382913672406 0.1743165099102518 0.010487556457519531 0.00968796273936396
1 0.21052610355874765 0.1412328170693439 0.011208098867665167 0.011647939682006836
1 0.22373606847680133 0.795538155928902 0.012485649274743122 0.01197839819866678
1 0.9330124647721 0.015562270970448204 0.010303580242654552 0.01078010188496631
1 0.30513625559599505 0.04330269150111987 0.01188665887583857 0.012356219084366508
1 0.24405476321344793 0.7618789880172067 0.012927117555037788 0.01285316633141559
1 0.06819627336833788 0.37069014751392865 0.013529782709868057 0.014440020789270815
1 0.27530973890553345 0.6033245480578878 0.010727032371189282 0.012281397114629332
1 0.28827556319858716 0.6398906396782916 0.01078014788420304 0.011263619298520296
1 0.30915822153506073 0.4609626013299693 0.01310966325842816 0.012204159861025602
1 0.26111206801041315 0.7768878314806067 0.011638931606126867 0.010618665943975035
1 0.3576919073643892 0.44819276229194976 0.014752310255299444 0.013642642808997112
1 0.8166705421779468 0.048287201186884995 0.012780977332073708 0.012866888357245403
1 0.29023033639659057 0.6585512886876647 0.01107336127239725 0.010416217472242273
1 0.8513732578443444 0.13211892480435578 0.011018338410750679 0.011221294817717178
1 0.8327738927758257 0.03413389947103417 0.010369798411493715 0.010805324367854908
1 0.09578791390294614 0.2004614083663277 0.017470121383666992 0.01784390988557235
1 0.23647323898647143 0.01760887192643207 0.010950565338134766 0.010924963847450588
1 0.29547295363053033 0.608570098876953 0.011350590249766474 0.012292447297469429
1 0.9171421838843304 0.1531031961026399 0.01154953500498896 0.012395506319792374
1 0.24004542309304938 0.8623780374941619 0.013662752897843071 0.013714251310929008
1 0.2707257063492484 0.11477764793064284 0.010625466056492016 0.011532265207041864
1 0.29073253921840503 0.560677258864693 0.011862485305122707 0.011956961258597996
1 0.29625325617582904 0.1897562794063402 0.010820450990096382 0.011381460272747536
1 0.23626066290813946 0.20528723882592242 0.011064529418945312 0.011240772579027258
1 0.3074915512748387 0.5838407640871793 0.011549493540888247 0.010983052461043648
1 0.31066433243129565 0.06339107389035432 0.010135754295017407 0.010650417079096254
1 0.2976953361345374 0.69208752590677 0.010705512502919073 0.010313158449919327
1 0.32438286976969755 0.6582445683686631 0.01141814498797707 0.012640455494756285
1 0.2751196052717126 0.6545856413633928 0.011166634766951851 0.010572578596032185
1 0.2543680978857953 0.21519849611365277 0.013559382894764776 0.014487017755923063
1 0.834527762039848 0.2507790067921514 0.012078907178795856 0.0115082367606785
1 0.27907157980877423 0.7313520804695461 0.014016939246136208 0.013615939928137737
1 0.2955197044040846 0.38832778256872424 0.011927604675292969 0.011705528134885042
1 0.19836684931879456 0.30380005421845807 0.01662333115287449 0.015732454216998558
1 0.8599929602249808 0.18405105756676715 0.009838892065960428 0.011614758035411005
1 0.1906817788663118 0.28356621576392127 0.013720533122187075 0.01251728638358738
1 0.866272843402365 0.1539509918378747 0.010215427564538044 0.009907452956489895
1 0.33274341585195577 0.43213617283365 0.013575042395488075 0.014060124107029125
1 0.33873054644335865 0.37734919786453247 0.01658124768215677 0.016629555950994076
1 0.34531896917716315 0.4607570171356201 0.01239990410597428 0.013303093288255774
1 0.3019708654154902 0.20491736868153448 0.010932321133820908 0.010998974675717562
1 0.8978513012761655 0.03459593783254209 0.0113061407338018 0.010859955912050993
1 0.8337255560833475 0.023278140503427257 0.01179827814516814 0.012072433596071989
1 0.8776823541392451 0.16239488124847412 0.010206554246985394 0.010722108509229578
1 0.3098125976064931 0.3048762653184973 0.01053550968999448 0.012053987254267153
1 0.2316690216893735 0.06520025108171545 0.010607740153437075 0.01086903655010721
1 0.8342560685199238 0.20370970601620883 0.009100333504054857 0.009478112925653872
1 0.24242560759834625 0.4847788551579352 0.013097348420516304 0.012240855590156887
1 0.3131912791210672 0.7004188040028448 0.011079850404158882 0.01059921928074049
1 0.8646163111147674 0.016106983889704166 0.012947911801545517 0.011478657307832138
1 0.9278071237647016 0.038008666556814445 0.011873120846955673 0.012168049812316895
1 0.8549608147662618 0.07083365450734679 0.010801149451214333 0.011843448099882706
1 0.2978232217871625 0.17178032709204633 0.010947351870329483 0.010923199031663977
1 0.35847227210583893 0.3888264117033585 0.01572641600733218 0.015440111574919327
1 0.25396813517031464 0.6992785826973293 0.013438017471976902 0.013002810270889946
1 0.2206846009130063 0.38847259075745294 0.01782734497733738 0.015429844026980192
1 0.26604897042979364 0.7279763843702233 0.011380900507387907 0.012185304061226223
1 0.2758136002913766 0.14446479859559433 0.009456012559973675 0.01045636508775794
1 0.8657393040864363 0.20631422167238983 0.00964882062829059 0.009581130483876104
1 0.2904668476270593 0.1066562507463538 0.009660098863684612 0.00933968502542247
1 0.3201598706452743 0.6132398066313371 0.011489163274350374 0.012094290360160496
1 0.3183585457179857 0.7096715595411218 0.010237113289211109 0.010922224625297215
1 0.15715681469958762 0.16882221076799475 0.013867409332938816 0.016148847082386845
1 0.0756337513094363 0.2682963246884553 0.017671631730121116 0.017199226047681725
1 0.34246642434078717 0.5627981372501539 0.012516451918560524 0.014064104660697605
1 0.40768136926319287 0.41716089974278986 0.015440842379694399 0.014159876367320185
1 0.29965786311937415 0.666838956915814 0.010526159535283628 0.011119883993397589
1 0.8798347556072733 0.2038866851640784 0.010950088500976562 0.011226965033489723
1 0.23327490557794983 0.7833170683487601 0.011599312657895296 0.013487608536430027
1 0.29831156523331354 0.1163952298786329 0.009528823520826258 0.009814044703607973
1 0.8455876474795134 0.20050526701885718 0.009176088416058084 0.009420166844907015
1 0.30639342639757244 0.654675411141437 0.010603593743365745 0.010835543922756031
1 0.8735110448754352 0.183154468951018 0.010253035503885021 0.010052784629490063
1 0.906992601311725 0.07572527035422948 0.012041216311247452 0.012267268222311268
1 0.2638390893521516 0.17391565571660583 0.010478745336117952 0.010145353234332542
1 0.2357279839723007 0.8008041381835938 0.013950036919635277 0.01361747409986413
1 0.34882400217263587 0.4301246145497198 0.014811995236769966 0.014914201653521995
1 0.31275133464647376 0.09166420024374258 0.009915227475373642 0.008831293686576511
1 0.3234513515363569 0.4228297679320626 0.012489398536474808 0.013307747633560844
1 0.21773465819980786 0.3579872794773267 0.015328593876050867 0.01723629495371943
1 0.8411117429318635 0.07445847210676773 0.011259783869204313 0.011150116505830185
1 0.18782884141673212 0.2738269515659498 0.013106283934220024 0.01279847518257473
1 0.8970654736394468 0.1628263463144717 0.010837015898331352 0.011915424595708433
1 0.24883035991502844 0.7405956724415655 0.015189461086107336 0.01261126476785411
1 0.2201233843098516 0.2826819938162099 0.015117292818815811 0.015045518460481064
1 0.2955486981765084 0.07135255440421727 0.011381833449653957 0.011580094047214672
1 0.3451091310252314 0.3198078093321427 0.010798537212869396 0.011454063913096552
1 0.801313773445461 0.06156475388485452 0.011773648469344429 0.011635391608528469
1 0.22281918318375302 0.8155608177185059 0.011691259301227074 0.012109549149222996
1 0.3402935661699461 0.6211886405944824 0.014927297830581665 0.014737170675526495
1 0.26429636582084326 0.9269278982411261 0.014901907547660496 0.013387928838315218
1 0.2500949527906335 0.8098938361458157 0.012096405029296875 0.011460553044858187
1 0.18837410470713742 0.40607396416042163 0.015124901481296704 0.014953903529954992
1 0.23199885824452277 0.5157128727954366 0.013514062632685122 0.013171838677447777
1 0.32506444272787677 0.560952725617782 0.012647361859031345 0.011867937834366508
1 0.8520761987437373 0.05354956440303637 0.01181867848271909 0.011272451151972231
1 0.2516042978867241 0.7253119012583856 0.011189191237739895 0.011473780092985733
1 0.8655849539715311 0.24552292409150497 0.012190362681513247 0.010639087013576343
1 0.8608699881512187 0.1954258628513502 0.009537572446076767 0.009254165317701258
1 0.8469452650650687 0.16279084267823596 0.009851787401282269 0.010348579157953676
1 0.8897457330123238 0.1249884677969891 0.010645534681237263 0.010569686475007431
1 0.27049900137859845 0.18262989624686862 0.010631644207498302 0.010794639587402344
1 0.8172249172044836 0.21933109863944675 0.009744644165039062 0.00968443829080333
1 0.1462954230930494 0.2035691323487655 0.01650851705799932 0.015064301698104195
1 0.1347958626954452 0.18961167335510254 0.01605844497680664 0.01625805315764054
1 0.2815889068271803 0.18900323950726056 0.010565923607867699 0.012038894321607508
1 0.2711873780126157 0.014749563582565472 0.011144161224365234 0.011770543196926947
1 0.847678619882335 0.03331101070279661 0.011298594267471977 0.012767358966495678
1 0.2726890522500743 0.8964702772057574 0.014495144719662874 0.014080047607421875
1 0.21945550130761188 0.2379231660262398 0.01262807846069336 0.012708912725033968
1 0.21234015796495523 0.0911068838575612 0.0098950137262759 0.010495097740836765
1 0.24488795321920642 0.7864842622176461 0.012628347977347996 0.016921831213909645
1 0.872112108313519 0.05482647729956586 0.01385597560716712 0.018038708230723507
1 0.2833532250445822 0.11797982195149297 0.009618717691172724 0.008769418882287067
1 0.33939535721488623 0.6817308301511018 0.011856535206670347 0.011577813521675442
1 0.38868095563805616 0.2802749302076257 0.011898289556088655 0.012145291204037874
1 0.17914552273957626 0.2967692561771559 0.013087728749150816 0.013246100881825323
1 0.23801326751708987 0.42021478777346405 0.014808862105659817 0.013090216595193615
1 0.3238493670587954 0.06391726887744406 0.01115255770475968 0.011411345523336659
1 0.8401208131209664 0.17700560196586276 0.009572982788085938 0.009889229484226393
1 0.29800401563229767 0.678301313649053 0.010986307392949644 0.010732401972231657
1 0.35537964364756713 0.4982743470565133 0.012735118036684782 0.013648323390794836
1 0.2018298791802448 0.40557392265485687 0.01325646690700365 0.014448736024939495
1 0.850694117338761 0.23306801008141556 0.012210763019064198 0.011356146439262058
1 0.30356597900390625 0.23618570618007495 0.010175290315047554 0.010494709014892578
1 0.32731395182402245 0.050568764624388314 0.009527019832445227 0.012938318045242973
1 0.29638586873593536 0.08789040213045865 0.010005287502122961 0.010780635087386421
1 0.2219768814418627 0.40482289376466163 0.014771378558614979 0.014697023060010828
1 0.20416655747786813 0.2764579731485118 0.012850222380264946 0.018987780031950577
1 0.28530200668003247 0.5147533831389054 0.013465528902800186 0.011907826299252718
1 0.10791874450186023 0.2104523803876794 0.01582366487254267 0.016083406365436058
1 0.21171021461486816 0.8864629372306492 0.016961864803148353 0.018995492354683254
1 0.27288384022920026 0.23817880257316257 0.010807099549666695 0.010168220685875935
1 0.36552374259285303 0.5714403442714525 0.012168718420940895 0.013143746749214504
1 0.8918850732886273 0.14560504581617273 0.010395423225734546 0.010175912276558254
1 0.2514159368432086 0.899536879166313 0.014660876730213995 0.016080939251443615
1 0.8350407973579738 0.2198334154875382 0.011870508608610733 0.01043377751889436
1 0.8026470516038977 0.2249681742294975 0.010475490404211956 0.01039366100145423
1 0.23022501364998196 0.2236466511436131 0.012234003647514011 0.012293546096138332
1 0.27376299319059955 0.4026077726612921 0.011514331983483356 0.012601230455481487
1 0.8217452920001485 0.20919358212014902 0.00926697772482167 0.009622822637143343
1 0.37098853484443994 0.6121280400649362 0.012289005777110224 0.013520054195238196
1 0.35350525897482166 0.26333037666652515 0.013115095055621605 0.013481347457222317
1 0.06731150202129198 0.21625160134356958 0.01182799235634182 0.012789436008619226
1 0.7954887307208516 0.2671935765639595 0.011235942011294157 0.01213581665702488
1 0.17101443850475812 0.3815845121508059 0.012245582497638206 0.014439567275669262
1 0.2998211798460587 0.6342836255612581 0.011120816935663637 0.011619858119798742
1 0.3554952105750208 0.5692212270653766 0.012773941392483919 0.013483627982761547
1 0.2897478808527407 0.15289576157279636 0.010893904644510021 0.009899491849152939
1 0.35786412721094885 0.583683324896771 0.012454812941343887 0.012752823207689367
1 0.26476031800974964 0.24912954413372534 0.011617971503216286 0.011808851490850035
1 0.2597590529400369 0.7652881871099056 0.010815910671068274 0.009734278139860733
1 0.8905915384707244 0.059277023958123246 0.011523785798445992 0.010956831600355066
1 0.28462934494018555 0.14165225236312204 0.009898641835088316 0.00974454050478728
1 0.7952430766561756 0.07527898187222688 0.01217099894648013 0.012256176575370457
1 0.9060768666474714 0.14725124317666757 0.011063326960024626 0.013213074725607166
1 0.36508442526278295 0.5481129936549975 0.014831428942473038 0.014553899350373642
1 0.25061198939447815 0.5518778614375902 0.01189435046652089 0.011491588924242102
1 0.3597550806791886 0.3200216707975968 0.013163400732952614 0.01274710116179093
1 0.4336374324301015 0.28384247033492377 0.012831853783648949 0.01316213607788086
1 0.3002202407173488 0.6451855535092561 0.011637687683105469 0.011183780172596807
1 0.2607250109962795 0.01883179856383282 0.010435871455980383 0.011598651823790176
1 0.30487726045691443 0.10205465296040411 0.009447761203931726 0.009500824886819591
1 0.8204535194065259 0.012540898245313892 0.01128710871157439 0.010299774615660957
1 0.8257699842038362 0.23183801899785583 0.009907224903935972 0.010054256605065388
1 0.8152724141659944 0.06924095101978468 0.011798444001570992 0.01124796141748843
1 0.07366459525149802 0.15501010936239493 0.0171086425366609 0.016065099964971127
1 0.320605236551036 0.03738406689270683 0.011340390080991 0.014198816340902577
1 0.25350711656653363 0.9763593051744544 0.01294509224269701 0.012475925943125849
1 0.887276151905889 0.1364597289458565 0.009531435759171196 0.010340949763422426
1 0.8133194135582964 0.08239240490871928 0.011642953623896059 0.010497316070224926
1 0.26928836366404657 0.22260367352029548 0.011124838953432829 0.011384383491847828
1 0.17691615353459894 0.3251264315584432 0.017680479132610817 0.02122574526330699
1 0.3305164005445398 0.01997251484705054 0.010371539903723675 0.01121852968050086
1 0.14997459494549298 0.1875936259394107 0.01579960532810377 0.014456292857294497
1 0.3332099810890529 0.27405308640521503 0.013002291969631031 0.013175653374713402
1 0.2866395141767419 0.12927187525707742 0.01106280865876571 0.009705139243084452
1 0.22979586020759918 0.8863448889359182 0.019198604252027428 0.016590823297915253
1 0.34116850728574005 0.6008817112964132 0.014019800269085426 0.01480407300202743
1 0.36705803871154785 0.5921353464541227 0.012337456578793734 0.012780645619268003
1 0.8907179832458496 0.02716461407101673 0.012631665105405062 0.014462280532588129
1 0.2290339158928913 0.8292748617089313 0.011393277541450832 0.012860464013141136
1 0.8720202031342879 0.17240862224413 0.010234376658564028 0.010031326957370922
1 0.23457879605500595 0.7472183186074962 0.014658264491869055 0.014091947804326597
1 0.3939426515413368 0.42950321280437975 0.012440038763958473 0.013051447661026665
1 0.21249669531117316 0.7676834852799125 0.012981953828231148 0.013587371162746265
1 0.18411149149355682 0.43007375364718237 0.015978025353473167 0.015142430429873259
1 0.25218184097953467 0.5908476684404456 0.013263951177182405 0.012712416441544243
1 0.7705539827761443 0.27738840683646826 0.011111010675844938 0.010537686555281929
1 0.9021476455356765 0.1531925978867904 0.011351834172787874 0.0107210926387621
1 0.35958347501962074 0.6051871880241062 0.013123483761497166 0.013734361399774965
1 0.3648871960847274 0.2730683140132738 0.012334243110988453 0.012123501819113026
1 0.14178410820339038 0.16965240499247675 0.020083717677904213 0.016422593075296154
1 0.30948401534039044 0.07909153596214626 0.011924971704897673 0.011868668639141579
1 0.07578589864399123 0.13919179854185684 0.015723606814508854 0.015261349470719048
1 0.8414025514022164 0.18996732131294586 0.008608859518299932 0.008799138276473335
1 0.3504932341368302 0.30178333365398907 0.012979320857835852 0.012848107711128567
1 0.21235717897829803 0.3710070045098014 0.01809611527816109 0.016059466030286705
1 0.2632234925809114 0.9132131078968878 0.010766630587370499 0.010307726652725883
1 0.22341735466666843 0.9748053136079207 0.013330107149870499 0.013743400573730469
1 0.07403625612673552 0.09581588921339615 0.01726712351259978 0.017832833787669308
1 0.2366165803826374 0.04358435843301856 0.010806187339451 0.014102539290552553
1 0.7748661041259766 0.2903882731562075 0.00929459281589674 0.009269672891368036
1 0.3413325185361116 0.02858410710873811 0.00858306884765625 0.008860831675322159
1 0.7836373577947202 0.2668784286664879 0.011576652526855469 0.011371882065482761
1 0.23607321407483972 0.9725539580635403 0.01238418662029764 0.01361772288446841
1 0.06740824295126874 0.23920140059097952 0.01240329638771389 0.015324260877526325
1 0.4029005714084791 0.2845988999242368 0.01104661692743716 0.010889322861381199
1 0.2420182228088379 0.9536278144173 0.01168848120647928 0.011933658433997112
1 0.8649394823157269 0.06209771529487942 0.010168075561523438 0.010654242142387058
1 0.2545377378878386 0.015863740573758663 0.010937213897705078 0.008594242127045341
1 0.2337526031162428 0.5628645731055218 0.01237699259882388 0.011255637459132984
1 0.21791018610415253 0.2668055244114088 0.013202584308126698 0.011975537175717562
1 0.3801138504691746 0.26734214243681537 0.01236724853515625 0.013354653897492783
1 0.11329590237658958 0.06792477421138597 0.019881113715793774 0.017486458239348038
1 0.315265997596409 0.28832311215608014 0.010994268500286598 0.010976459669030231
1 0.4126499839451002 0.29648383803989575 0.011265049809994905 0.012010221895964249
1 0.41469520071278454 0.27450907748678455 0.012079570604407269 0.012574403182319973
1 0.7364826617033586 0.2580413818359375 0.012173528256623642 0.011298677195673403
1 0.1131063336911409 0.2359200145887292 0.016636682593304176 0.017133173735245415
1 0.24718138445978582 0.567086821017058 0.016679825990096382 0.017366699550462807
1 0.8245529506517493 0.18160378414651618 0.010266677193019703 0.011340555937393852
1 0.3836241571799569 0.35468484007793927 0.022588444792706032 0.016947575237440025
1 0.31158140431279724 0.33755429672158277 0.011117935180664062 0.011924707371255627
1 0.8006448792054118 0.09524702483000923 0.010647234709366508 0.013064177139945652
1 0.21798118301059888 0.471468184305274 0.015495279560918394 0.01568100763403851
1 0.21746276772540551 0.42467449022376025 0.01449510325556216 0.014703107916790505
1 0.3152573212333348 0.1765667562899382 0.012164530546768852 0.011471644691799
1 0.44216457657192065 0.38923356066579406 0.016877547554347828 0.01666774438775104
1 0.41275864062101947 0.4304691967756852 0.015201361283012058 0.013812655987946884
1 0.07461896668309752 0.17901720689690634 0.01772630732992421 0.018161079157953678
1 0.08583883358084637 0.24371671676635742 0.017692032067672066 0.021137610725734546
1 0.3190630518871805 0.4335714474968288 0.012375023054039997 0.011465767155522886
1 0.7875730887703274 0.28390347439309827 0.010180722112241 0.01008153998333475
1 0.08343095364777939 0.21894465322079867 0.0181512625321098 0.020155118859332542
1 0.32527530711630115 0.03154928010442982 0.008973349695620329 0.008540842844092327
1 0.41977507135142456 0.2855803655541461 0.011311448138693104 0.011165577432383661
1 0.1381213561348293 0.11043793222178584 0.017260862433392067 0.01684277990589971
1 0.3596818641476009 0.32596999989903486 0.016043675982433815 0.010635651971982874
1 0.17149171621903128 0.4390624450600666 0.01543494929438052 0.014906022859656292
1 0.3331956656082816 0.08886202781096747 0.008803367614746094 0.009420659231102985
1 0.21724680195684015 0.34520211427108094 0.01348603290060292 0.010916585507600204
1 0.6944068411122197 0.2362270562545113 0.009497435196586277 0.009868621826171875
1 0.4088921106379965 0.3523857502833657 0.015957796055337658 0.01705794489901999
1 0.8583693089692488 0.15782790080360745 0.013099960658861242 0.009414061256076979
1 0.7202075532790023 0.27934697831873073 0.012173528256623642 0.011298677195673403
1 0.7116261324734325 0.2660309805169849 0.012173528256623642 0.011298677195673403
1 0.6941673798000325 0.266918713703768 0.012173528256623642 0.011298677195673403
1 0.6882491585548123 0.27579604557159854 0.012173528256623642 0.011298677195673403
1 0.6793718266869817 0.26336778095663577 0.012173528256623642 0.011298677195673403
1 0.6778922713756766 0.25182724952845603 0.012173528256623642 0.011298677195673403
1 0.6651680956984529 0.24709267253227973 0.012173528256623642 0.011298677195673403
1 0.6645762735739308 0.26188822564533065 0.012173528256623642 0.011298677195673403
1 0.6521480089589679 0.26100049245854756 0.012173528256623642 0.011298677195673403
1 0.6317301456629575 0.2541945380265441 0.012173528256623642 0.011298677195673403
1 0.7021569784810798 0.25064360527941193 0.012173528256623642 0.011298677195673403
1 0.7083711107885611 0.23910307385123225 0.012173528256623642 0.011298677195673403
1 0.7216871085903068 0.24738858359454075 0.012173528256623642 0.011298677195673403
1 0.7246462192129168 0.23081756410792373 0.012173528256623642 0.011298677195673403
1 0.7711042559878968 0.23643987429088306 0.012173528256623642 0.011298677195673403
1 0.5302212202630932 0.1884281919928293 0.012173528256623642 0.011298677195673403
1 0.5116350789926956 0.17079518617219563 0.012173528256623642 0.011298677195673403
1 0.5697763414282986 0.1240915491337604 0.012173528256623642 0.011298677195673403
1 0.5793076959259384 0.08596613114320104 0.012173528256623642 0.011298677195673403
1 0.5764482895766465 0.06499715124839339 0.012173528256623642 0.011298677195673403
1 0.5326040588875032 0.0831067247939091 0.012173528256623642 0.011298677195673403
1 0.3258875483676906 0.10055499897729044 0.008803367614746094 0.009420659231102985
1 0.7884646838044269 0.1006063032812406 0.010647234709366508 0.013064177139945652
