1 0.8940048632414443 0.24694961050282355 0.012152215708856997 0.011698847231657608
1 0.7844747045765753 0.0804571587106456 0.010477646537449047 0.011290560597958773
1 0.786395964415177 0.10608654955159061 0.01280050692350968 0.01239887527797533
1 0.8524434255517047 0.06461148676664932 0.010902860890264097 0.011832651884659477
1 0.7545166637586511 0.02834039667378301 0.010237942571225374 0.010574874670609184
1 0.83835158140763 0.16889583027881122 0.011482653410538383 0.011421566424162491
1 0.9122013009112814 0.251561745353367 0.01052781809931216 0.011907701906950577
1 0.758790741796079 0.08046986486600793 0.011731811191724695 0.012512098187985628
1 0.9156219026316768 0.17289488730223282 0.010141331216563349 0.010984099429586659
1 0.8748999678570292 0.09488676941913107 0.010796878648840862 0.012304969455884851
1 0.9005489971326746 0.2343367286350416 0.010641885840374489 0.011193233987559443
1 0.8537038927492889 0.08237711761308754 0.01203906017801036 0.012724016023718792
1 0.9032250487286112 0.08852978892948317 0.010490956513778023 0.011605252390322477
1 0.7861782156902811 0.030652942864791203 0.010724275008491848 0.010814397231392239
1 0.7430111428965693 0.04171238256537396 0.012185552845830503 0.011799874513045601
1 0.9163048578345258 0.06309154500132022 0.010178151337996773 0.011305098948271378
1 0.8766939951025922 0.0801213642825251 0.010779132013735563 0.012960148894268532
1 0.9037060530289359 0.14230817815531854 0.010146514229152515 0.010237413903941278
1 0.869072955587636 0.11771484043287198 0.01029570206351902 0.011619650799295177
1 0.8802412696506667 0.3025716802348261 0.009523060010827106 0.009719371795654297
1 0.8586720798326575 0.042763590812683105 0.010669749716053839 0.010607657225235649
1 0.9180042225381603 0.4224607270696889 0.010236698648203974 0.010863853537518044
1 0.8594997240149457 0.12162735669509224 0.010990474535071331 0.011844189270682957
1 0.8778320395428202 0.33980792501698365 0.01125659113344939 0.01319022800611413
1 0.9088534272235372 0.2074088842972465 0.010717433431874151 0.011396864186162535
1 0.8376817495926565 0.09578910599584164 0.011399020319399626 0.012797428214031716
1 0.8837635620780613 0.2854501268138056 0.010495973669964333 0.011575325675632641
1 0.8834560643071714 0.11570660964302393 0.010829510896102242 0.01084678069404934
1 0.879203982975172 0.12933901081914487 0.010843898939049763 0.0114068777664848
1 0.8010228198507557 0.06484222671260005 0.011380071225373642 0.01073207544243854
1 0.8724001179570736 0.056494282639544945 0.011065607485563858 0.011173320853191872
1 0.9103927819625193 0.10895928610926092 0.009768568951150646 0.011053406673928966
1 0.9013247282608695 0.42826941220656684 0.0112457275390625 0.010359256163887356
1 0.7678680419921875 0.05312238568845002 0.011669158935546875 0.011363838029944378
1 0.8905385266179624 0.045627806497656784 0.01050430795420771 0.010369839875594429
1 0.77312768023947 0.09045579640761664 0.012017623237941578 0.01125707833663277
1 0.9180909239727518 0.2625213187673818 0.010189927142599354 0.010521660680356234
1 0.884266003318455 0.14886960775955863 0.010697281878927479 0.011490759642227837
1 0.8101702358411706 0.07582550463469132 0.011283418406610903 0.01076408054517663
1 0.8838057932646377 0.1913713372271994 0.009860536326532778 0.009902539460555367
1 0.9104959861091946 0.1326745022898135 0.010257181913956352 0.010944314624952234
1 0.8993995086006495 0.1847376719765041 0.010600629060164742 0.012195856674857761
1 0.8128007598545239 0.04563048222790593 0.010645700537640114 0.011190816112186596
1 0.9207252004872197 0.01565886288881302 0.010335010030995245 0.010587724006694298
1 0.8937062595201575 0.2167203115380329 0.010446589926014776 0.010604443757430367
1 0.8996964537579081 0.056171943312105926 0.010949632395868715 0.010758591734844704
1 0.9297494473664656 0.19147172181502628 0.010251252547554348 0.010744882666546364
1 0.7898320944412894 0.09333362786666205 0.011265008345894192 0.01125261057978091
1 0.8859148232833199 0.08796870708465576 0.010584499524987263 0.011392831802368164
1 0.9254157439522122 0.02903065214986387 0.01099395751953125 0.010518188061921493
1 0.7830991537674613 0.05626050544821697 0.011404078939686651 0.010534965473672619
1 0.9050890259120774 0.011991494699664738 0.010578196981678839 0.009936194704926533
1 0.8279527788576873 0.12235051652659541 0.011529715164847996 0.011658668518066406
1 0.9168253359587295 0.1888501333153766 0.01077834419582201 0.011832361635954483
1 0.8607879721600077 0.18150411481442658 0.011655475782311481 0.012271362802256708
1 0.8853346368540889 0.2672515226447064 0.010557008826214333 0.011632359546163807
1 0.853359719981318 0.03154341422993204 0.009624978770380434 0.0108350800431293
1 0.8041375201681386 0.08739151125368866 0.012096819670304008 0.011753517648448114
1 0.8473918334297512 0.1311334993528283 0.010473665983780571 0.011541522067526112
1 0.904712448949399 0.2745180026344631 0.009592180666716202 0.010614291481349781
1 0.8146662919417672 0.06275166376777318 0.011000177134638247 0.01082839654839557
1 0.8859379602515179 0.0556834366010583 0.010578528694484546 0.011399797771288
1 0.8924795026364534 0.01286901144877724 0.009783993596616 0.01011984892513441
1 0.9260775731957476 0.2053586296413256 0.011767304461935291 0.011677202971085258
1 0.8821033602175504 0.35070361261782446 0.010111145351244055 0.010237735250721807
1 0.7697618111320164 0.07374092288639235 0.01016098520030146 0.010421431582906971
1 0.9293686203334643 0.08902129401331363 0.010352549345596977 0.011124787123306938
1 0.8796883044035537 0.16589383975319244 0.01133288507876189 0.011562730955040974
1 0.7665445908256199 0.020067193585893383 0.009393692016601562 0.009872095740359762
1 0.9219360558883004 0.1246461246324622 0.011122371839440388 0.01160598837811014
1 0.8798639877982761 0.012616408259972282 0.010423162709111753 0.00994886911433676
1 0.8191831215568212 0.10833521511243736 0.01101846280305282 0.010647690814474354
1 0.9179032781849737 0.22671575131623642 0.014628120090650476 0.022434276083241337
1 0.8795846856158712 0.3656022678250852 0.011013528575067934 0.010408531064572542
1 0.8443376706994097 0.1864700006402057 0.014220776765242867 0.013510310131570568
1 0.9090226422185483 0.07490786003029866 0.011115240014117699 0.010821109232695206
1 0.8732695786849313 0.4201572926148125 0.012293193651282269 0.010817683261373768
1 0.8909367063771123 0.30110973897187604 0.010153024092964504 0.010219138601551886
1 0.8282843050749407 0.05213635382444963 0.010221149610436481 0.011136967202891474
1 0.8844227583512014 0.4135695073915564 0.009989862856657608 0.010555775269218113
1 0.8657492347385574 0.22525557227756665 0.012741503508194633 0.013091004413107166
1 0.9112041722173276 0.3405863111433776 0.009883134261421535 0.009954366994940716
1 0.8462180469347083 0.15768156362616498 0.012672382852305536 0.012699904649154
1 0.8949088428331459 0.28973160619321076 0.009503447491189709 0.010122299194335938
1 0.8322604428166929 0.11027562618255615 0.012046357859735903 0.011991013651308806
1 0.9124900154445481 0.15106801883034085 0.009908012721849524 0.00971743334894595
1 0.9036943808845852 0.043864305900490806 0.010880553204080334 0.01081012902052506
1 0.8722312968710193 0.15517330687978995 0.011322394661281421 0.011342287063598633
1 0.8397954857867697 0.07064507836880891 0.011733511219853941 0.012075009553328804
1 0.8557594962742017 0.01754682737848033 0.013753144637398098 0.011289098988408628
1 0.8853951744411304 0.3871977303339088 0.009873099949048914 0.01162974212480628
1 0.9041471481323242 0.3672324678172236 0.01088391179623811 0.010223761848781421
1 0.9210149308909541 0.40009872550549713 0.01045363882313604 0.010144954142363174
1 0.8835339131562605 0.3273738013661426 0.010150121605914574 0.010666694330132526
1 0.9212388784989066 0.28755126828732697 0.010101525679878567 0.011020059170930283
1 0.877023282258407 0.036799797545308655 0.022127897843070655 0.010691266992817755
1 0.9306368413178816 0.3584452686102494 0.009085655212402344 0.009402280268461807
1 0.8555420585300613 0.1027633055396702 0.011258083841075068 0.012645275696464207
1 0.8994315396184507 0.11854036476301111 0.010605895000955334 0.010525796724402386
1 0.8877393888390582 0.4274614168250042 0.011116110760232677 0.011861386506453804
1 0.8960259064384128 0.03313706102578536 0.009565104608950407 0.010334312915802002
1 0.8880771139393682 0.20327269512674082 0.009890349014945652 0.009458873582922894
1 0.8943819377733313 0.07819839404976886 0.010860360187032948 0.01061255517213241
1 0.8282559228980023 0.08023465457169907 0.011474899623704992 0.01267614053643268
1 0.9255329007687776 0.27219739167586615 0.012683163518491 0.011420540187669836
1 0.8945549052694569 0.3767793541369231 0.010357856750488281 0.010171485983807106
1 0.85908493788346 0.3316240207008693 0.012182443038277004 0.012178649073061735
1 0.8974801975747814 0.15767189212467358 0.01009895490563434 0.010862485222194507
1 0.7473822883937671 0.06709180966667506 0.010479719742484715 0.012438603069471277
1 0.9020041175510571 0.1989780508953592 0.009952296381411345 0.009960423345151155
1 0.7798720442730448 0.043524260106294045 0.010730121446692425 0.010662866675335426
1 0.7716023403665294 0.03166185125060703 0.00998687744140625 0.010463261086007824
1 0.8422858404076617 0.2167297757190207 0.012197453042735224 0.012524832849917204
1 0.8385234293730361 0.08263046326844589 0.011153386986773949 0.011528460875801418
1 0.8912117377571438 0.3611530221026877 0.010575128638226051 0.010053468787151833
1 0.7571287569792373 0.05020502339238707 0.011317377505095108 0.01173531490823497
1 0.895572973334271 0.1334209442138672 0.009791871775751528 0.010343074798583984
1 0.877934808316438 0.2129334470500117 0.010078720424486242 0.01061304755832838
1 0.9302290626194165 0.33432141594264825 0.008610932723335598 0.009351108385168987
1 0.8963282211967136 0.41069145047146344 0.01026717476222826 0.010654568672180176
1 0.750122008116349 0.05706722840018894 0.010738248410432236 0.011334906453671663
1 0.8896050660506539 0.1040426959162173 0.010573843251103941 0.011802009914232336
1 0.9190958893817402 0.07920357455377994 0.01060498279073964 0.010678623033606487
1 0.8641772062882132 0.14715382327204163 0.010938395624575407 0.011706642482591711
1 0.9072994978531546 0.29001585296962573 0.010039868562117867 0.009731562241264011
1 0.8030572144881539 0.018163202897362084 0.010726762854534645 0.011730305526567541
1 0.9185417009436566 0.04713883218557939 0.010431040888247282 0.010788158230159595
1 0.9287972657576852 0.31693350750467053 0.009753683338994566 0.010492739470108696
1 0.9185068710990574 0.35411906242370605 0.00967208198879076 0.011004178420357082
1 0.8932244259378186 0.17658337302829907 0.010016151096509851 0.010312412096106487
1 0.9306527635325557 0.11521334751792578 0.009751319885253906 0.010092310283495031
1 0.826201625492262 0.0976549542468527 0.011199660923170008 0.011570660964302395
1 0.8542470932006836 0.1961844174758248 0.012547285660453465 0.010593144789985989
1 0.8380188734635062 0.01464828881232635 0.012289544810419497 0.00976303025432255
1 0.9154199102650519 0.319109989249188 0.009722419407056726 0.009803419527800186
1 0.8293926819511082 0.14059433211450995 0.012085126793902855 0.012068613715793774
1 0.9118003845214844 0.39251475230507227 0.010200002919072691 0.01039483236229938
1 0.9161693116892938 0.03615901133288507 0.011072863703188688 0.010895405126654583
1 0.8383419410042141 0.057711010393889046 0.010267299154530401 0.010307508966197138
1 0.8056732467983079 0.03413902028747227 0.010799946992293648 0.010677511277406113
1 0.9148918234783671 0.0893283901007279 0.010740280151367188 0.010812806046527366
1 0.8275730506233547 0.07017726224401723 0.010393764661706013 0.009966492652893066
1 0.8649517764215884 0.012943150556605797 0.010175912276558254 0.009687015543813291
1 0.8806901600049889 0.0689934958582339 0.010814003322435461 0.010395609814187756
1 0.8569927837537683 0.13727320795473846 0.010379252226456352 0.01126310099726138
1 0.8658240981723953 0.4083718761153844 0.010570235874341883 0.010762852171192999
1 0.9017073382502017 0.024438460236010345 0.010579689689304516 0.011735680310622505
1 0.7603543530339779 0.037870705127716064 0.011069214862325916 0.011342530665190323
1 0.8837505838145381 0.026955973842869633 0.010102728138799253 0.010069657926974089
1 0.9164560566777769 0.30368258642113727 0.009599934453549593 0.009272927823274033
1 0.9190794281337571 0.1029006864713586 0.01049054187277089 0.01067017472308615
1 0.9312655614769977 0.16570598146189813 0.009081674658733866 0.009803378063699474
1 0.9052054778389311 0.311284935992697 0.01011168438455333 0.009933057038680367
1 0.9047706852788511 0.1630964123684427 0.009944501130477242 0.010270336399907652
1 0.8602620829706606 0.38920485195906257 0.011074812515922215 0.010918404745019001
1 0.874736039534859 0.37917692764945654 0.010208710380222485 0.010307394939920177
1 0.7608644236689028 0.06658519869265349 0.010786471159561821 0.010144254435663637
1 0.8041209552599037 0.10505420747010605 0.011155211407205334 0.011338078457376232
1 0.7738262259441874 0.012813840547333593 0.01012744074282439 0.01021505892276764
1 0.7943931662518047 0.03885156304939934 0.010452353436013927 0.010769789633543594
1 0.9083375308824622 0.3300232673468797 0.010784107705821161 0.010244907244392063
1 0.9041466090990149 0.2990470658177915 0.00968095530634341 0.010248163472051207
1 0.8143512062404468 0.13669521912284519 0.011938758518384851 0.012996963832689367
1 0.880235941513725 0.31502188806948456 0.009826701620350714 0.010131172511888586
1 0.9153872572857401 0.22178164772365405 0.011260198510211449 0.01057960676110309
1 0.8759572194970172 0.19970687575962232 0.009256984876549763 0.010297381359597912
1 0.8942948009656823 0.3264270347097646 0.009556687396505604 0.009973546733026918
1 0.9278762236885403 0.36927497386932373 0.010031078172766644 0.012256632680478304
1 0.8236031946928606 0.019967721856158714 0.010297733804453974 0.01144173870915952
1 0.8959445953369141 0.06603655348653378 0.010561569877292797 0.011174414468848187
1 0.8964250191398289 0.3886968985847804 0.009498637655506964 0.00939240662947945
1 0.7847529908885127 0.06854120803915936 0.011126186536706013 0.01372062123340109
1 0.921660630599312 0.14761598732160486 0.009876748789911684 0.010611212771871815
1 0.929926768593166 0.044160664081573486 0.009863770526388416 0.010349050812099293
1 0.9201036743495776 0.1118393151656441 0.010725975036621094 0.011808229529339333
1 0.8953644296397334 0.3378923872242804 0.010454675425653872 0.010177944017493206
1 0.8743654126706331 0.3957450027051179 0.010266635728918987 0.010874509811401367
1 0.8840031416519828 0.1774596183196358 0.009984389595363451 0.010908075000928797
1 0.8585772514343262 0.3995200758394988 0.011057770770529041 0.011132841524870499
1 0.9309578771176545 0.13826947626860245 0.00918404952339504 0.010133245716924253
1 0.8178730010986329 0.08952190824176955 0.010754295017408289 0.012372612953186035
1 0.825672253318455 0.03060918657676033 0.009944708450980808 0.010536144609036653
1 0.903217481530231 0.40054009790005884 0.01000777534816576 0.010308649228966755
1 0.8060796571814496 0.11329454442729121 0.011537220167077106 0.010743379592895508
1 0.930181710616402 0.10363077080768088 0.009591724561608356 0.010412734487782354
1 0.8347904993140179 0.030430800240972767 0.010811639868694801 0.010548848172892695
1 0.8953174093495244 0.35122271206067956 0.010801647020422894 0.013188051140826683
1 0.7942854632502018 0.07624522499416185 0.010970364446225374 0.010244141454282015
1 0.9120964796646781 0.02538006072459014 0.010414621104364809 0.013908824195032534
1 0.8725485387055769 0.02288734977659972 0.010444682577381964 0.010439187288284302
1 0.9286836333896802 0.17922371366749637 0.010233464448348335 0.014954504759415337
1 0.9318072277566661 0.22501087188720703 0.009190517923106318 0.01143156963845958
1 0.9289550573929496 0.3919168918029121 0.008326862169348675 0.01019089118294094
1 0.846188856207806 0.044301437295001495 0.018040408258852753 0.01121049341948136
1 0.9291104441103728 0.3035328699194867 0.009053437606148098 0.009831138279127039
1 0.7985130600307297 0.0518142088599827 0.013029305831245754 0.011642487152763035
1 0.9267227546028469 0.05501459214998329 0.010580104330311651 0.01181700436965279
1 0.9209481736888057 0.2451320523801057 0.010028465934421704 0.01084738192350968
1 0.9316062719925589 0.37909545069155487 0.008175020632536514 0.009349408357039742
1 0.9097182025080142 0.3807389114214027 0.012721559275751528 0.009998300801152769
1 0.9277539253234863 0.2504926038824994 0.011614882427713146 0.013408764548923657
1 0.8959085837654448 0.31624523453090503 0.009679669919221298 0.009325006733769957
1 0.8935659864674441 0.3996610952460248 0.01057272372038468 0.010073869124702785
1 0.8127362209817638 0.152391387068707 0.012029979539954144 0.011734661848648735
1 0.8673589333243993 0.19836100288059402 0.013270461040994396 0.013025449669879417
1 0.8826071490412173 0.3995999045993972 0.010240347489066746 0.009922442228897758
1 0.8842432395271633 0.037691792716150696 0.010662866675335426 0.011225213175234587
1 0.9305752256642217 0.4183474675468777 0.008767045062521229 0.01110944540604301
1 0.9311364837314773 0.0637441899465478 0.008520582447881285 0.009942878847536833
1 0.9323301315307617 0.012367300689220428 0.009220537932022758 0.013040526405624722
1 0.9211727639903193 0.1624905078307442 0.01140271062436311 0.01869629776996115
1 0.901208856831426 0.352581262588501 0.010866289553434952 0.011401404505190641
1 0.924805558246115 0.06979410803836324 0.011108481365701427 0.011219330455945887
1 0.9169130947278894 0.36672340527824737 0.01283500505530316 0.010832843573197075
1 0.8347258567810059 0.04286383416341698 0.01350614298944888 0.011581071045087732
1 0.9257426469222361 0.29683951709581463 0.009638081426205843 0.009415522865627123
1 0.9217679396919582 0.3845561068990957 0.011010543159816578 0.00998787257982337
1 0.9224495058474333 0.3314356389253036 0.008810997009277344 0.013242597165315048
1 0.798471741054369 0.1236499547958374 0.008350621099057405 0.011741420497065004
