1 0.430027 0.97962 0.006793 0.01087
1 0.436141 0.963315 0.01087 0.008152
1 0.436141 0.987772 0.005435 0.005435
1 0.449728 0.9755429999999999 0.01087 0.01087
1 0.451087 0.987772 0.005435 0.005435
1 0.456522 0.9830160000000001 0.005435 0.006793
1 0.459239 0.960598 0.008152 0.01087
1 0.46807099999999996 0.97962 0.009511 0.005435
1 0.471467 0.969429 0.008152 0.009511
1 0.47214699999999993 0.951087 0.006793 0.01087
1 0.48301599999999995 0.9565220000000001 0.009511 0.008152
1 0.48369599999999996 0.982337 0.008152 0.005435
1 0.487092 0.935462 0.012228 0.009511
1 0.486413 0.965353 0.008152 0.006793
1 0.48641299999999993 0.944973 0.005435 0.009511
1 0.49524499999999994 0.97894 0.006793 0.009511
1 0.498641 0.960598 0.008152 0.008152
1 0.500679 0.94837 0.009511 0.008152
1 0.5061139999999998 0.9368209999999999 0.009511 0.009511
1 0.5149459999999999 0.9470110000000002 0.005435 0.008152
1 0.517663 0.9313859999999999 0.008152 0.009511
1 0.5217390000000001 0.9225540000000001 0.01087 0.008152
