0 0.151495 0.546196 0.006793 0.008152
0 0.158967 0.550272 0.008152 0.008152
0 0.173913 0.54144 0.005435 0.006793
0 0.175272 0.5461959999999999 0.005435 0.005435
0 0.438859 0.7622279999999999 0.005435 0.005435
0 0.439538 0.769022 0.004076 0.005435
0 0.45856 0.7649459999999999 0.004076 0.005435
0 0.459239 0.783967 0.005435 0.005435
0 0.482337 0.9096470000000001 0.005435 0.006793
0 0.519701 0.851223 0.006793 0.006793
0 0.710598 0.939538 0.005435 0.006793
0 0.71875 0.9381790000000001 0.005435 0.006793
0 0.737092 0.817255 0.006793 0.006793
0 0.763587 0.809103 0.005435 0.006793
0 0.7690220000000001 0.817255 0.008152 0.006793
0 0.77038 0.810462 0.008152 0.006793
0 0.7703799999999998 0.805027 0.005435 0.006793
