1 0.6059779999999999 0.019701 0.019022 0.014946
1 0.6494569999999998 0.444293 0.016304 0.013587
1 0.656929 0.42798899999999995 0.014946 0.013587
1 0.661005 0.45856 0.017663 0.009511
1 0.661685 0.6202450000000002 0.016304 0.014946
1 0.6650820000000001 0.841033 0.017663 0.01087
1 0.6657610000000002 0.8077450000000002 0.016304 0.012228
1 0.66712 0.73913 0.013587 0.013587
1 0.669158 0.824728 0.014946 0.013587
1 0.672554 0.658967 0.016304 0.013587
1 0.673913 0.7955160000000001 0.016304 0.012228
1 0.673913 0.679348 0.016304 0.013587
1 0.674592 0.757473 0.017663 0.014946
1 0.6725540000000001 0.418478 0.008152 0.01087
1 0.6779889999999998 0.848505 0.019022 0.012228
1 0.6786680000000002 0.7099180000000002 0.017663 0.014946
1 0.6786680000000002 0.777174 0.014946 0.013587
1 0.680027 0.472826 0.014946 0.013587
1 0.6807069999999998 0.621603 0.016304 0.014946
1 0.6813860000000002 0.83288 0.014946 0.013587
1 0.683424 0.493886 0.019022 0.009511
1 0.682745 0.42663000000000006 0.014946 0.01087
1 0.682745 0.730299 0.014946 0.014946
1 0.685462 0.277174 0.017663 0.013587
1 0.686821 0.258152 0.02038 0.019022
1 0.684783 0.397418 0.013587 0.017663
1 0.686821 0.450408 0.017663 0.014946
1 0.688179 0.34986399999999995 0.02038 0.009511
1 0.6875 0.5251360000000002 0.013587 0.012228
1 0.6888589999999999 0.652174 0.016304 0.013587
1 0.6888589999999999 0.582201 0.013587 0.012228
1 0.690217 0.800951 0.016304 0.012228
1 0.690897 0.35869599999999996 0.014946 0.01087
1 0.690897 0.381114 0.014946 0.012228
1 0.692935 0.309783 0.016304 0.013587
1 0.6936140000000001 0.692255 0.017663 0.014946
1 0.694973 0.775815 0.014946 0.013587
1 0.6963320000000001 0.7438860000000002 0.017663 0.014946
1 0.6963320000000001 0.4375 0.014946 0.013587
1 0.6970110000000002 0.328125 0.016304 0.012228
1 0.7017660000000001 0.137908 0.025815 0.02038
1 0.69769 0.8192929999999999 0.014946 0.013587
1 0.699728 0.5604620000000001 0.013587 0.012228
1 0.699728 0.5985050000000001 0.013587 0.012228
1 0.700408 0.831522 0.014946 0.013587
1 0.701087 0.076087 0.016304 0.016304
1 0.701087 0.5115490000000001 0.013587 0.012228
1 0.701087 0.6311140000000001 0.013587 0.014946
1 0.703125 0.722147 0.017663 0.014946
1 0.702446 0.5441580000000001 0.013587 0.012228
1 0.703125 0.48369599999999996 0.014946 0.013587
1 0.703804 0.6657609999999999 0.016304 0.013587
1 0.7044840000000001 0.46671200000000007 0.017663 0.014946
1 0.7031250000000001 0.366168 0.012228 0.017663
1 0.705163 0.79144 0.016304 0.012228
1 0.706522 0.092391 0.016304 0.013587
1 0.7092389999999998 0.642663 0.016304 0.013587
1 0.7092389999999998 0.386549 0.013587 0.014946
1 0.711277 0.3125 0.017663 0.013587
1 0.711277 0.287364 0.017663 0.017663
1 0.7119569999999998 0.342391 0.019022 0.01087
1 0.7112770000000002 0.819973 0.012228 0.017663
1 0.7119569999999998 0.059103 0.013587 0.014946
1 0.713995 0.6936139999999998 0.017663 0.014946
1 0.713995 0.26019 0.017663 0.017663
1 0.713315 0.5264950000000002 0.013587 0.012228
1 0.714674 0.444293 0.016304 0.013587
1 0.716712 0.754755 0.017663 0.014946
1 0.713995 0.839674 0.009511 0.01087
1 0.716033 0.5767660000000001 0.013587 0.012228
1 0.7173909999999999 0.505435 0.016304 0.016304
1 0.718071 0.798913 0.014946 0.013587
1 0.720788 0.356658 0.017663 0.014946
1 0.721467 0.5427990000000001 0.013587 0.012228
1 0.7221470000000001 0.480978 0.012228 0.01087
1 0.7221470000000001 0.319293 0.012228 0.016304
1 0.724185 0.044158 0.013587 0.014946
1 0.7275820000000001 0.095788 0.02038 0.02038
1 0.726223 0.8505429999999999 0.014946 0.01087
1 0.7275820000000001 0.715353 0.017663 0.014946
1 0.7275820000000001 0.589674 0.017663 0.019022
1 0.72962 0.7819290000000001 0.019022 0.012228
1 0.730978 0.620924 0.016304 0.013587
1 0.730978 0.434783 0.016304 0.013587
1 0.7330160000000001 0.472826 0.014946 0.013587
1 0.733696 0.817255 0.016304 0.012228
1 0.733696 0.839674 0.01087 0.01087
1 0.7357340000000001 0.799592 0.014946 0.014946
1 0.737092 0.661005 0.017663 0.014946
1 0.737092 0.41644 0.014946 0.014946
1 0.7391299999999998 0.387908 0.019022 0.014946
1 0.737772 0.5577450000000002 0.013587 0.012228
1 0.73913 0.633152 0.016304 0.013587
1 0.73981 0.742527 0.017663 0.014946
1 0.73913 0.5414400000000001 0.013587 0.012228
1 0.7404889999999998 0.5224180000000002 0.013587 0.012228
1 0.7411680000000002 0.505435 0.014946 0.01087
1 0.742527 0.601902 0.014946 0.013587
1 0.7432069999999998 0.5767660000000001 0.013587 0.012228
1 0.745245 0.765625 0.017663 0.014946
1 0.744565 0.450408 0.013587 0.012228
1 0.750679 0.173234 0.02038 0.02038
1 0.753397 0.42731 0.017663 0.014946
1 0.752038 0.7927990000000001 0.012228 0.012228
1 0.7561140000000001 0.69769 0.017663 0.014946
1 0.7561139999999998 0.379076 0.014946 0.016304
1 0.7581519999999999 0.06725500000000001 0.019022 0.02038
1 0.7567929999999999 0.504755 0.013587 0.012228
1 0.757473 0.592391 0.014946 0.013587
1 0.758152 0.461957 0.016304 0.013587
1 0.762228 0.622283 0.016304 0.013587
1 0.762908 0.40421200000000007 0.017663 0.014946
1 0.765625 0.576087 0.014946 0.013587
1 0.7669840000000001 0.713995 0.017663 0.014946
1 0.7669840000000001 0.329484 0.017663 0.017663
1 0.769022 0.5495920000000001 0.013587 0.012228
1 0.77038 0.440897 0.013587 0.012228
1 0.7717389999999998 0.736413 0.016304 0.013587
1 0.7717389999999998 0.754755 0.016304 0.014946
1 0.773777 0.659647 0.017663 0.014946
1 0.776495 0.67731 0.017663 0.014946
1 0.775815 0.5169840000000001 0.013587 0.014946
1 0.775815 0.5604620000000001 0.013587 0.012228
1 0.783288 0.707201 0.017663 0.014946
1 0.783288 0.36277199999999993 0.014946 0.016304
1 0.784647 0.100543 0.017663 0.013587
1 0.7853259999999999 0.046875 0.019022 0.02038
1 0.783967 0.5808420000000001 0.013587 0.012228
1 0.786005 0.131793 0.017663 0.013587
1 0.7873640000000001 0.64606 0.017663 0.014946
1 0.7880429999999999 0.597826 0.016304 0.013587
1 0.788723 0.506114 0.014946 0.014946
1 0.793478 0.615489 0.016304 0.013587
1 0.796875 0.746603 0.017663 0.014946
1 0.7968750000000001 0.719429 0.012228 0.014946
1 0.80231 0.706522 0.014946 0.013587
1 0.805027 0.35461999999999994 0.014946 0.016304
1 0.8063860000000002 0.6270380000000001 0.017663 0.014946
1 0.8097829999999999 0.6875 0.019022 0.021739
1 0.809103 0.726223 0.012228 0.014946
1 0.8138589999999999 0.041440000000000005 0.019022 0.02038
1 0.814538 0.115489 0.017663 0.013587
1 0.814538 0.745245 0.017663 0.014946
1 0.8213320000000001 0.651495 0.017663 0.014946
1 0.824049 0.6270380000000001 0.017663 0.014946
1 0.824728 0.7126360000000002 0.013587 0.014946
1 0.8267660000000001 0.72894 0.017663 0.014946
1 0.8267660000000001 0.066576 0.017663 0.013587
1 0.8294840000000001 0.101902 0.017663 0.013587
1 0.832201 0.680027 0.017663 0.017663
1 0.832201 0.6963320000000001 0.014946 0.014946
1 0.83356 0.047554 0.017663 0.013587
1 0.8423909999999999 0.661005 0.016304 0.014946
1 0.845788 0.644701 0.017663 0.014946
1 0.85394 0.088315 0.017663 0.013587
1 0.85394 0.072011 0.017663 0.013587
