0 0.347158942533576 0.9016701449518619 0.013388908427694569 0.012416549350904383
0 0.26715564727783203 0.9688126522561779 0.010982513427734375 0.011285781860351562
0 0.35906486277994903 0.9490766939909563 0.0129274000292239 0.012168552564538044
0 0.6889659218166184 0.98036295434703 0.010659342226774796 0.009917756785517153
0 0.3462955219590146 0.9635053095610244 0.012359630802403326 0.012074055879012398
0 0.3282011488209601 0.8672497168831202 0.01294082144032354 0.012076294940450916
0 0.30155992507934576 0.8953145483265752 0.012564907903256624 0.012400005174719769
0 0.3601087072621222 0.9649283989616062 0.012778323629628057 0.012638299361519192
0 0.3175763358240542 0.8848107172095259 0.012625673542851988 0.012431973996369736
0 0.3508446631224259 0.8383256248805835 0.012679411017376442 0.012520665707795517
0 0.27730841222016706 0.943769993989364 0.011265402254850967 0.011636899865191917
0 0.4431850599206012 0.8216733310533606 0.013786979343580164 0.013052940368652344
0 0.3271338317705238 0.898748252702796 0.011837814165198284 0.012752242710279383
0 0.33497778909361886 0.9425762217977772 0.010787260921105095 0.010443770367166271
0 0.42934820444687555 0.8855390963347063 0.011634982150533924 0.010964103367017664
0 0.2929767836695132 0.9474962897922681 0.011695219122845192 0.011613845825195312
0 0.3392672869174377 0.8872640236564304 0.012932581746059914 0.01244142781133237
0 0.2596497535705566 0.9155985998070758 0.012645389722741169 0.011619526406993036
0 0.2427045366038447 0.919455341670824 0.011953063633130945 0.011743918709132984
0 0.3600932683633722 0.9865897220114002 0.014459669589996338 0.013762598452360733
0 0.3921135845391647 0.9535861222640329 0.013376334439153257 0.013475832731827446
0 0.2715172871299412 0.9026576954385509 0.012166375699250595 0.011446289394212805
0 0.3673619083736254 0.9219804224760635 0.012012999990712042 0.012238253717837126
0 0.6780171394348145 0.9300865297732147 0.011866735375445824 0.009332532468049423
0 0.13356114988741669 0.9798404859459918 0.011593207069065258 0.011864288993503735
0 0.15884113311767575 0.9834451468094535 0.010585660519807236 0.011657673379649286
0 0.11785581837529721 0.985534792361052 0.011108916738758917 0.010955727618673573
0 0.5711837540502134 0.8922665430151898 0.00978869977204696 0.010029626929241676
0 0.3702435078828231 0.9385264852772588 0.011616623919943104 0.011913050775942595
0 0.29680695741072943 0.979347850965417 0.012331423552139946 0.011670071145762568
0 0.36260471914125525 0.8650261008221172 0.011305938596310823 0.011608953061311142
0 0.37500835501629376 0.9022375604380732 0.013057667276133661 0.011306596838909645
0 0.6811451082644255 0.8120562926582668 0.011237144470214844 0.011722232984459919
0 0.6223311113274616 0.863035595935324 0.00954294204711914 0.008809670158054518
0 0.5263293929721997 0.909800031910772 0.010648934737495754 0.010988898899244226
0 0.25352963157322095 0.9458077264868696 0.012469457543414574 0.011281096416970959
0 0.26969634968301526 0.9544023223545239 0.011159834654434868 0.011346941408903702
0 0.3081490475198497 0.9433795265529465 0.011276535365892492 0.011429330577021059
0 0.6412229330643363 0.7963660696278448 0.009246038353961447 0.009611710258152174
0 0.6725180667379627 0.9052465272986372 0.010278121284816578 0.01032530743142833
0 0.3872822263966436 0.8364146066748578 0.012112202851668648 0.012422603109608526
0 0.4135932922363281 0.9397306442260743 0.013035566910453465 0.012228675510572351
0 0.2849120160807734 0.9586427937383238 0.011371260103972061 0.011422032895295517
0 0.6618547439575195 0.8928654712179432 0.01042838718580163 0.011496004850968071
0 0.4731973565143088 0.8027711743893831 0.01184156666631284 0.011622926463251528
0 0.6166739671126656 0.9493375446485437 0.010351844455884851 0.009650271871815557
0 0.40134210171906837 0.9173129123190173 0.011046119358228601 0.010695830635402515
0 0.6037458855172863 0.9402670238329016 0.010006842405899712 0.009715287581734035
0 0.6796341771664828 0.9882177891938582 0.009138936581818954 0.009334854457689367
0 0.37787219752436096 0.9661471947379734 0.012280381244161854 0.012657124063243036
0 0.5566514678623365 0.9162301395250403 0.00981301846711532 0.010755663332731827
0 0.2732912146526834 0.9243649399798849 0.011501561040463655 0.011254393536111584
0 0.6883307747218921 0.8885354373766028 0.010765904965608017 0.010746955871582031
0 0.2952906152476435 0.9136843059373938 0.010710633319357166 0.01128312815790591
0 0.5379821321238643 0.9176259248153025 0.010363164155379585 0.00974547344705333
0 0.2869004373965056 0.9319371969803519 0.011289638021717901 0.011332926542862602
0 0.4517183873964392 0.8948359489440919 0.011141683744347614 0.01093453946320907
0 0.5672958208167035 0.9194626600846 0.010253325752590015 0.00962730076002038
0 0.4810466248056163 0.929692496424136 0.010374089945917543 0.010043890579887058
0 0.2798244331194007 0.9124068799226179 0.012164924455725628 0.011091398156207542
0 0.47898805141448975 0.7859113734701404 0.011805295944213867 0.012455359749172046
0 0.24861074530560034 0.934243513190228 0.012663136357846468 0.011889457702636719
0 0.3319488809160564 0.9779952298039976 0.011882407509762306 0.012210306913956352
0 0.6406565541806428 0.7748676175656525 0.011108896006708559 0.010812883791716202
0 0.4705198536748471 0.8885363288547681 0.01111677418584409 0.011334626570991848
0 0.5669378819672958 0.9046405501987622 0.010053344394849695 0.010486644247303839
0 0.5960151527238928 0.9807718111121138 0.00909380290819251 0.009314412656037704
0 0.6462877315023671 0.9070792198181152 0.008859510007111923 0.008884056754734205
0 0.3566805344560872 0.8790154457092286 0.010993550653043001 0.010906095090119736
0 0.6527623819268268 0.7963104662687881 0.009810758673626444 0.010729333628778872
0 0.34737373434978985 0.8646573398424231 0.010925002720045008 0.01158005258311396
0 0.5032649454863175 0.8511979268944782 0.011193192523458729 0.010828971862792969
0 0.48869717639425525 0.8847683823626974 0.010322736657184105 0.010188683219577954
0 0.5372140718543011 0.8442274798517642 0.009538070015285326 0.00915639296821926
0 0.5063154179116954 0.8298501968383788 0.010402803835661514 0.010758690212083899
0 0.1695399388023045 0.9631995118182637 0.010816304580025051 0.009844199470851732
0 0.1792264036510302 0.954002629155698 0.010629519172336743 0.011238595713739809
0 0.14163111085477081 0.9624415687892749 0.012167650720347528 0.012705263884171196
0 0.6986342927683955 0.8266639916793159 0.011611067730447521 0.012764267299486242
0 0.3172634684521219 0.9072299003601073 0.01321467109348463 0.017883591029954994
0 0.5737099440201469 0.795195372208305 0.010304741237474524 0.010640351668648098
0 0.5467977109162705 0.8032408382581627 0.010399362315302309 0.010462097499681555
0 0.5211672990218453 0.8204098784405253 0.00987131699271824 0.009787725365680197
0 0.2842638803564984 0.9007740228072458 0.012017706166143003 0.010609875554623812
0 0.4229583740234375 0.875051560609237 0.011022816533627718 0.010628036830736242
0 0.3961471967075182 0.9678035404371179 0.011827453323032543 0.010998684427012568
0 0.5489173972088358 0.930294306381889 0.010650800622027855 0.010797625002653702
0 0.4992845939553302 0.8204300507255222 0.010010480880737305 0.010584043419879417
0 0.4289670405180558 0.9511127264603324 0.011130581731381624 0.01163793646770975
0 0.3182550098585046 0.937625034995701 0.010331112405528193 0.010313158449919327
0 0.5015306680098824 0.9416525674902876 0.011769377666970959 0.011467436085576597
0 0.4148161100304645 0.8613633902176567 0.01059884610383407 0.011026258053986923
0 0.3231128123791322 0.9158017324364703 0.010862336210582569 0.010335217351498812
0 0.6161496639251709 0.776702134505562 0.010880864184835682 0.011113374129585598
0 0.4985913452894791 0.8640515907951024 0.010716469391532566 0.01065963247547979
0 0.5026401747827944 0.8933225300001061 0.010372597238291864 0.01061572199282439
0 0.4499384009319803 0.9061727316483207 0.011784926704738453 0.011363444120987602
0 0.5187965683315111 0.8822393417358397 0.009901917499044666 0.009925013003141983
0 0.6549236048822817 0.9555875322093135 0.00954238228175951 0.008473064588463825
0 0.6940373337787129 0.9361940052198328 0.009775866632876188 0.010291141012440557
0 0.6727038259091584 0.8292728299679963 0.01010057200556216 0.011155626048212465
0 0.7217941284179688 0.9600809968036154 0.008823394775390625 0.0091864129771357
0 0.40256937172101886 0.8380294882732889 0.011283594629038935 0.01240862970766814
0 0.6308543060136877 0.9642882554427438 0.009738030640975288 0.009779308153235394
0 0.2635935700458029 0.9375324663908586 0.010871721350628395 0.011258913123089333
0 0.6675688494806704 0.8378618903782056 0.009081260017726732 0.009373872176460598
0 0.6745574992635974 0.879088484722635 0.009195866792098335 0.008818999580715014
0 0.4039276397746543 0.9862423150435737 0.01175539908201798 0.012006884035856827
0 0.6917752390322477 0.851715730584186 0.011840737384298573 0.010945485985797386
0 0.5312537628671398 0.879408774168595 0.010282537211542543 0.010326509890349014
0 0.42285448571910034 0.8525323038515837 0.01050803972327191 0.010253574537194294
0 0.5494110480598782 0.8235248482745626 0.010484985683275305 0.01157404028851053
0 0.3897700517073922 0.8850797362949538 0.00999376048212466 0.010934788247813349
0 0.4218846196713655 0.8390652200450068 0.012848066247027855 0.011885103972061821
0 0.40507606838060456 0.8919871164404829 0.010976459669030231 0.010521391163701597
0 0.6159854142562203 0.9297147211821184 0.008904332699983017 0.008863324704377548
0 0.5806913064873737 0.8296981894451639 0.010319896366285242 0.009584012238875679
0 0.5527998260829761 0.8921260833740234 0.009836072507111923 0.009135038956351902
0 0.6183878857156505 0.7964922656183657 0.007591413414996603 0.008258363474970278
0 0.6582873074904734 0.972111183664073 0.010453410770582117 0.010201951731806215
0 0.6513092310532279 0.9843247662419858 0.009914833566416864 0.010316143865170687
0 0.41541116133980127 0.9535156332928203 0.01146598484205163 0.010649307914402172
0 0.3747068073438562 0.8391602972279425 0.01287568133810292 0.01181303936502208
0 0.5655923511670984 0.858235276263693 0.009723746258279552 0.009278421816618546
0 0.5398993595786716 0.90658656410549 0.01017041828321374 0.010727011639138927
0 0.567846795786982 0.8142384860826575 0.01120559028957201 0.012019323266070824
0 0.6639547140701956 0.9208576782889988 0.009062518244204313 0.008772891500721807
0 0.37893764091574633 0.8831889525703762 0.009418814078621243 0.01636704154636549
0 0.4691340405008068 0.8567505919415016 0.010368678880774456 0.009944459666376528
0 0.33865845851276233 0.8589157021563986 0.011333172735960587 0.011841317881708559
0 0.14488763394563095 0.988557069197945 0.010277623715608017 0.010128021240234375
0 0.6304898883985437 0.9803553456845491 0.009013258892556896 0.009283065795898438
0 0.609279197195302 0.8153660193733547 0.010171682938285496 0.009694431139075237
0 0.6093123995739481 0.865727009980575 0.0094982852106509 0.010021209716796875
0 0.3094002993210502 0.9594567962314773 0.011045642521070398 0.010616758595342222
0 0.4919287951096244 0.8069043366805368 0.011029803234597912 0.009994921476944633
0 0.39479306210642273 0.8483708630437437 0.010846848073212997 0.01061310975447945
0 0.35863901221233874 0.933509225430696 0.011740808901579483 0.011378868766452954
0 0.5359785556793212 0.8036593768907629 0.010575107906175696 0.01173927472985309
0 0.518090994461723 0.8692219775655995 0.010445553323496943 0.01146697998046875
0 0.6602482588394828 0.8293694620547086 0.00978677169136379 0.010818398517111073
0 0.4702742203422215 0.9400620045869246 0.010435601939325747 0.011366014895231827
0 0.5373433983844259 0.7779031629147737 0.009988287220830503 0.00963654725447945
0 0.7384507967078169 0.9097079194110372 0.009998570317807405 0.010426023732060972
0 0.4358022420302682 0.9643044886381729 0.010309198628301207 0.010842655016028362
0 0.6549327269844387 0.81532679433408 0.009331247080927309 0.009069815925929857
0 0.5692433896272079 0.8754621795986008 0.009932310684867527 0.009660762289296026
0 0.54862932536913 0.8837024232615596 0.010102106177288551 0.00981666730797809
0 0.7030193080072817 0.9610893208047618 0.008426168690557066 0.008327940235967222
0 0.5154098013172979 0.9627936197363812 0.012211467908776325 0.011899160302203636
0 0.6433482273765232 0.8349804256273353 0.00914907455444336 0.009273611980935802
0 0.6839672378871753 0.9195443650950555 0.010903607244076937 0.010836518329122791
0 0.6729318473650061 0.851322319196618 0.00975067719169285 0.009726441424825916
0 0.5932236961696459 0.8511803046516749 0.011462418929390285 0.009914522585661514
0 0.3476189478583958 0.9358267369477646 0.01093000951020614 0.010998228321904722
0 0.48775477513023047 0.9084521791209346 0.010483109432718029 0.01001113394032354
0 0.4073082001312919 0.8495256797127102 0.011265951654185419 0.010667344798212465
0 0.4601463649583899 0.9467136756233547 0.011169931162958559 0.010953944662342901
0 0.5234751286713973 0.7873262115146802 0.010765946429708729 0.010460190151048742
0 0.5665304557136868 0.8352855392124341 0.010097462198008661 0.010366564211638077
0 0.5626942282137664 0.8853282721146293 0.009463704150655994 0.009006873421047045
0 0.46339633672133734 0.9164735337962274 0.010700028875599737 0.01054834282916525
0 0.4761282361072043 0.8763541760651963 0.010061575018841286 0.010482622229534645
0 0.5640337467193604 0.7866266499394956 0.00976730429607889 0.009791747383449389
0 0.6390677638675855 0.8987105618352476 0.009197836336882217 0.009289326875106148
0 0.46677376394686493 0.818084841189177 0.012847371723340906 0.012037774790888247
0 0.5999912282694941 0.9641331589740255 0.009384300397789997 0.009027107902195143
0 0.4460658405138098 0.9406082733817722 0.010621900143830673 0.009922939798106318
0 0.5662731813347858 0.937705371690833 0.010209767714790676 0.009374120961064878
0 0.5114268427309783 0.814546543618907 0.010344132133152172 0.01045716327169667
0 0.37666905444601306 0.8596323676731275 0.011144140492314878 0.010629405146059782
0 0.6765194353849993 0.9587306976318359 0.009343022885529892 0.009127409561820652
0 0.6072572210560674 0.9882989966351051 0.009434492691703465 0.008239082668138586
0 0.5993334314097529 0.7719618341197139 0.010262364926545517 0.010318009749702785
0 0.4865783038346664 0.8507955592611561 0.010542050651882007 0.009824213774307915
0 0.567272248475448 0.9719451821368673 0.00957178032916525 0.009058745011039402
0 0.40571681831194 0.8766698837280273 0.011699500291243843 0.010499622510827106
0 0.42957751128984534 0.8645922412043032 0.011160612106323242 0.011204221974248472
0 0.19166380426158075 0.9632841815119204 0.009607646776282269 0.009552043417225714
0 0.6103846715844196 0.835433296535326 0.010685920715332031 0.012744903564453125
0 0.5727794688680897 0.7641796029132345 0.009550799494204313 0.011132198831309443
0 0.5477445643881093 0.9589279838230298 0.010578694550887398 0.010167660920516304
0 0.6329153827998949 0.8110725154047427 0.009831159011177395 0.009226342906122622
0 0.5883726037066915 0.9127548673878545 0.009648281594981318 0.00925333603568699
0 0.7133597083713699 0.8925724651502527 0.009994175123131794 0.011531539585279383
0 0.5813843271006709 0.84365351303764 0.010107455046280571 0.01008581078570822
0 0.489447832107544 0.7956277183864429 0.010166023088538128 0.010811515476392664
0 0.5904918960903002 0.9006673149440598 0.00979726210884426 0.009120526521102242
0 0.515991729238759 0.9313268454178519 0.01115944074547809 0.010681940161663551
0 0.6935348925383196 0.954016644021739 0.008696182914402174 0.008994226870329483
0 0.4962277982545936 0.87452392992766 0.010025117708289105 0.010150785031525986
0 0.614836309267127 0.9133242938829506 0.009124113165813944 0.009280951126762058
0 0.4827540698258774 0.955420328223187 0.013137516768082329 0.01247007950492527
0 0.5511467249497123 0.7517250724460769 0.010318984156069548 0.009974272354789402
0 0.5417329124782396 0.7937112269194229 0.010032944057298742 0.009695177492888077
0 0.515544196833735 0.8960934514584749 0.010330552640168564 0.009900549183721128
0 0.5197025692981222 0.7541130522023076 0.009378122246783712 0.009774539781653362
0 0.5849698108175526 0.9404085615406866 0.010257306306258492 0.009258145871369736
0 0.4570643798164699 0.8413605897322947 0.012355141017747961 0.010904560918393343
0 0.4201711312584254 0.9033744438834812 0.01047975084056025 0.0111382940541143
0 0.4479560903880907 0.9649923158728558 0.010946035385131836 0.010608341382897419
0 0.48979323324949847 0.9208393304244332 0.01012861210366954 0.01008394490117612
0 0.6275101226309071 0.8819762934809146 0.0093774588211723 0.010271652885105297
0 0.5998653536257538 0.8272577783335809 0.010524127794348675 0.009463849275008492
0 0.31280051106991974 0.9689015512881072 0.009403228759765625 0.009485825248386549
0 0.4476951308872389 0.876610175423 0.009606112604555876 0.010261121003524117
0 0.714968328890593 0.9548289464867633 0.007809556048849354 0.008792089379352072
0 0.5277050267095151 0.8351677189702573 0.00940016041631284 0.010421338288680367
0 0.4086990123209746 0.9652531872624937 0.01158155047375223 0.011222051537555199
0 0.6250710280045219 0.8363620923913043 0.009348910787831182 0.009077818497367527
0 0.5172456036443296 0.8340879523235819 0.01238113900889521 0.01079360298488451
0 0.4566623957260795 0.931593314461086 0.010722222535506538 0.010016814522121265
0 0.6393849849700929 0.8794483101886251 0.009092268736466118 0.009487649668817934
0 0.3133073786030645 0.9235961748206098 0.009717381518820057 0.010994372160538383
0 0.4661332783491715 0.8732132497041121 0.011087573092916737 0.010653993357782778
0 0.6377559433812681 0.9517489308896272 0.007933305657428244 0.007301164710003397
0 0.5683564828789752 0.8487484558768895 0.009898869887642239 0.009787435116975204
0 0.6033852204032566 0.9260468275650688 0.009638454603112263 0.009573812070100204
0 0.449282749839451 0.976261159648066 0.011359629423721977 0.010536649952764097
0 0.5713479000589122 0.9519386291503907 0.010166292605192764 0.00922667461892833
0 0.542578655740489 0.9782045198523481 0.010817900947902515 0.011152682097061821
0 0.3812227123769481 0.8906557123610263 0.008610741791728847 0.007762552147537257
0 0.5888897439707881 0.8885098332944124 0.009326686029848845 0.00963766678519871
0 0.6156614863354227 0.8549039260200832 0.010411656421163807 0.010619951331097145
0 0.5412518252497134 0.7420454232589059 0.008869046750275986 0.010014699852984886
0 0.5289144308670707 0.9457771052484927 0.010844728221064028 0.011441023453422215
0 0.573549571244613 0.8629691289818805 0.009110471476679262 0.009445978247601053
0 0.6204601681750753 0.9762561632239302 0.008150992186173149 0.009045393570609715
0 0.6209719906682554 0.8175436724787173 0.009814179461935291 0.009370181871497112
0 0.5524368286132812 0.9881298023721446 0.008782511172087296 0.008038189100182575
0 0.44127072458681854 0.8492468336354131 0.0099823578544285 0.01022550334101138
0 0.6136166634766952 0.8755314453788425 0.010061035985532015 0.009335891060207201
0 0.6889498959416929 0.9463350876517918 0.008471488952636719 0.008234604545261549
0 0.44012227862393694 0.9323994891135726 0.00634101006063376 0.00857715722999315
0 0.5742120742797852 0.9639852565267811 0.009614115175993546 0.008560139199961786
0 0.5451663266057554 0.8385847133138905 0.009885041610054348 0.01005790544592816
0 0.6311954208042311 0.7867635644000509 0.010665852090586786 0.009860246077827785
0 0.4570303999859353 0.8523830123569653 0.010636910148288891 0.010483327119246773
0 0.5498700660207997 0.7856786769369373 0.010114441747250765 0.00964392786440642
0 0.47717800866002624 0.8466799984807554 0.010305933330370031 0.009828111399774965
0 0.5274953012881072 0.8065072557200557 0.011074812515922215 0.010286289712657099
0 0.6471044498941174 0.946261799853781 0.009097679801609205 0.009224725806194803
0 0.4986856605695641 0.79712030161982 0.010433839715045433 0.010986162268597145
0 0.5361450029456097 0.8185535513836405 0.010385181592858356 0.01084037449048913
0 0.4384462004122527 0.8681270557901135 0.01085917846016262 0.009545906730320143
0 0.5122962827267854 0.7929694963538129 0.009993636089822521 0.009999980097231657
0 0.5845053299613621 0.955324940059496 0.009529943051545517 0.0083038910575535
0 0.6698752278866975 0.9390625331712806 0.008945216303286345 0.008990080460258152
0 0.44797605016957165 0.928550098253333 0.009138231692106827 0.010244867076044497
0 0.5756703045057214 0.9314352533091669 0.009369228197180706 0.009560875270677649
0 0.5587898026341978 0.9478929146476415 0.009551110474959663 0.009764920110287874
0 0.3654468992482061 0.8835771187492036 0.010118111320163891 0.010271362636400305
0 0.6327610948811406 0.829043533491052 0.010559724724811058 0.009641357090162195
0 0.48537382872208307 0.8296579899995224 0.009834952976392664 0.009794857191002888
0 0.4765108823776245 0.9826501348744268 0.012218900348829187 0.011529756628948708
0 0.3871182773424231 0.8541691406913425 0.010695457458496094 0.010954069054645042
0 0.6233276387919551 0.921559313069219 0.009093388267185377 0.00929272693136464
0 0.584554496018783 0.7752056121826172 0.009572547415028448 0.009571490080460258
0 0.7277985863063647 0.9022158332492993 0.009354052336319633 0.011140159938646399
0 0.3402119097502335 0.9233529878699261 0.010702091714610224 0.009957686714504076
0 0.5112979412078856 0.7811132099317468 0.010739305745000425 0.01041312839673913
0 0.6664602134538734 0.9474402303281038 0.008746084959610649 0.008257161016049593
0 0.426585923070493 0.987370491027832 0.01039724764616593 0.009900300399116848
0 0.6029371178668478 0.804701742918595 0.009752688200577446 0.0099035760630732
0 0.5375345582547395 0.751566161280093 0.010156113168467646 0.009147105009659477
0 0.6520059627035389 0.9344597070113473 0.009064508521038553 0.009402275085449219
0 0.5286262139030125 0.7513574931932532 0.010528605917225714 0.009153034376061481
0 0.49991937305616296 0.9243656241375465 0.011124113331670347 0.011084846828294836
0 0.7064667991969897 0.9737308958302373 0.011124569436778193 0.010461185289465862
0 0.6008902321691099 0.7816514346910559 0.009096083433731743 0.009993055592412535
0 0.19039131247478985 0.9886462377465289 0.00918479587720788 0.00738488072934358
0 0.4098851266114608 0.9038796632186227 0.010011714437733526 0.010594575301460598
0 0.6428556649581247 0.9240101731341817 0.008250982865043308 0.008455815522567085
0 0.519531478052554 0.7750570255777111 0.009888648986816406 0.009295961131220278
0 0.7573001073754352 0.5864123883454697 0.013129483098569124 0.012762401414954144
0 0.6312307482180388 0.9147559041562288 0.008675326471743376 0.008691787719726562
0 0.633092919209988 0.9315880277882465 0.005937737144073387 0.008774674457055183
0 0.3036878419959027 0.9197264754253887 0.011000757632048233 0.010945900626804516
0 0.42173657728278124 0.9623780665190325 0.010416580283123512 0.011157699253248133
0 0.5073369171308435 0.8849031614220659 0.010913869609003481 0.00910161889117697
0 0.5091378792472507 0.8735683689946714 0.009931398474651834 0.009454312531844429
0 0.5549299613289211 0.8426879799884297 0.009916968967603601 0.010293545930281929
0 0.59030586740245 0.9248132705688477 0.008569385694420856 0.012250319771144703
0 0.6218314170837401 0.847476979960566 0.009619381116784138 0.011897667594577954
0 0.1739740579024605 0.9884197193643321 0.009898558906886889 0.007559444593346637
0 0.6315011459848155 0.8519093679345172 0.010158227837604027 0.009302927100140116
0 0.6168182207190472 0.8868225139120349 0.009367196456245754 0.009672289309294327
0 0.6612816375234852 0.8548631460770315 0.009105703105097231 0.00952923816183339
0 0.5055778130241062 0.9045791833297068 0.010318382926609204 0.009639200956925102
0 0.6134412288665771 0.9011297640593157 0.009712571683137314 0.009365081787109375
0 0.695940349413001 0.9686449921649435 0.008109631745711617 0.008402824401855469
0 0.06612851308739703 0.959166609722635 0.010495787081511124 0.010367434957753057
0 0.5810996449511984 0.8164511141569717 0.010650738425876782 0.010389659715735394
0 0.5479227356288743 0.762305736541748 0.0095068475474482 0.009426490120265795
0 0.6473389501157014 0.8738939451134723 0.00934737661610479 0.009000446485436481
0 0.6335301399230957 0.8658011270606 0.009266646012015965 0.00901242961054263
0 0.41348024036573333 0.8410530090332031 0.01131377012833305 0.011203517084536345
0 0.4999545760776686 0.987984097522238 0.00998662865680197 0.0093530157338018
0 0.18730032962301504 0.9723168870677119 0.009866382764733356 0.009581814641537874
0 0.6096000464066215 0.9716016313304071 0.00913027058476987 0.008946004121199898
0 0.4554257341053175 0.871408752773119 0.011107766109964123 0.010972810828167458
0 0.6253673822983451 0.937863246254299 0.008494190547777258 0.009800413380498472
0 0.4018512186796769 0.9053644097369649 0.011408329010009766 0.01025365746539572
0 0.5023597427036451 0.9153078328008237 0.010098706121030062 0.012096487957498302
0 0.44970387479533325 0.8619876115218453 0.010128777960072393 0.00875680342964504
0 0.6433195238528043 0.8214334404986839 0.01038559623386549 0.015305477639903193
0 0.7009851206903872 0.9755097472149394 0.009818118551503057 0.008809918942658798
0 0.5287067475526228 0.769303218178127 0.011204864667809528 0.008940116218898607
0 0.4189235853112262 0.9779912907144299 0.00994897925335428 0.00934911810833475
0 0.6480059623718262 0.8077133427495542 0.009571863257366678 0.008386611938476562
0 0.6583223031914752 0.9466056409089463 0.009646892547607422 0.00895102127738621
0 0.6261883196623428 0.9473396798838739 0.009164478467858356 0.008861292963442595
0 0.6089201403985119 0.7924683344171956 0.010524127794348675 0.009463849275008492
0 0.5946231086520521 0.8167732883861771 0.010524127794348675 0.009463849275008492
0 0.6089201403985119 0.7862729539937299 0.010524127794348675 0.009463849275008492
0 0.5679353160586608 0.7786478703956182 0.010524127794348675 0.009463849275008492
0 0.5579273938361389 0.7748353285965623 0.010524127794348675 0.009463849275008492
0 0.5464897684389711 0.7719759222472707 0.010524127794348675 0.009463849275008492
0 0.6465689906641896 0.7834135476444385 0.010524127794348675 0.009463849275008492
0 0.6441861520397797 0.7891323603430225 0.010524127794348675 0.009463849275008492
0 0.6275062816689099 0.7924683344171963 0.010524127794348675 0.009463849275008492
0 0.6298891202933199 0.8010465534650723 0.010524127794348675 0.009463849275008492
0 0.6658548084857013 0.8637404779448622 0.009105703105097231 0.00952923816183339
0 0.6720420397875226 0.871541769586289 0.009105703105097231 0.00952923816183339
0 0.6540183659952606 0.8677756287938762 0.009105703105097231 0.00952923816183339
0 0.663702728032894 0.8731558299258948 0.009105703105097231 0.00952923816183339
0 0.6448720240708292 0.8607813673222523 0.009105703105097231 0.00952923816183339
0 0.6419129134482192 0.8519040354544218 0.009105703105097231 0.00952923816183339
0 0.642450933561421 0.8432957136431923 0.009105703105097231 0.00952923816183339
0 0.6330355815803889 0.8392605627941785 0.009105703105097231 0.00952923816183339
0 0.6274297518098254 0.8995157037197105 0.009712571683137314 0.009365081787109375
0 0.6260847015268208 0.890907381908481 0.009712571683137314 0.009365081787109375
0 0.6252776713570182 0.9081240255309404 0.009712571683137314 0.009365081787109375
0 0.6016047863761367 0.9003227338895137 0.009712571683137314 0.009365081787109375
0 0.5997217159799301 0.9092000657573444 0.009712571683137314 0.009365081787109375
0 0.6051019171119485 0.9164633372855695 0.009712571683137314 0.009365081787109375
0 0.5916514142819023 0.932872950738226 0.009712571683137314 0.009365081787109375
0 0.6527166971303126 0.9258786892666021 0.009712571683137314 0.009365081787109375
0 0.5844020989652204 0.9705944859953809 0.005937737144073387 0.008774674457055183
0 0.6104960744555104 0.978664787693409 0.005937737144073387 0.008774674457055183
0 0.5897823000972392 0.9689804256557758 0.005937737144073387 0.008774674457055183
0 0.48723898477690086 0.8389863108619688 0.010305933330370031 0.009828111399774965
0 0.47865756397133125 0.8348435559903145 0.010305933330370031 0.009828111399774965
0 0.4683006767921956 0.842537243609101 0.010305933330370031 0.009828111399774965
0 0.43249543825861236 0.8508227533524095 0.010305933330370031 0.009828111399774965
0 0.4419645922509649 0.8591082630957179 0.010305933330370031 0.009828111399774965
0 0.40349615415703255 0.8647305732786771 0.010305933330370031 0.009828111399774965
0 0.3960983776005071 0.8608837294692839 0.010305933330370031 0.009828111399774965
0 0.39136380060433074 0.8676896839012873 0.010305933330370031 0.009828111399774965
0 0.3798232691761511 0.8718324387729417 0.010305933330370031 0.009828111399774965
0 0.37094593730832054 0.875679282582335 0.010305933330370031 0.009828111399774965
0 0.3346979030160617 0.9308362827234451 0.010702091714610224 0.009957686714504076
0 0.3315470420251064 0.9225652726221872 0.010702091714610224 0.009957686714504076
0 0.3224883166761097 0.9257161336131422 0.010702091714610224 0.009957686714504076
0 0.39180725847712666 0.9032662490525857 0.010702091714610224 0.009957686714504076
0 0.432638983770418 0.9339749196090503 0.00634101006063376 0.00857715722999315
0 0.1683583659306963 0.9730459524149988 0.010816304580025051 0.009844199470851732
0 0.1687522235545657 0.9793476743969094 0.010816304580025051 0.009844199470851732
0 0.18214338276612582 0.9785599591491705 0.010816304580025051 0.009844199470851732
0 0.18765738950029756 0.9813169625162561 0.010816304580025051 0.009844199470851732
