1 0.6157551952030347 0.805673889491869 0.014082722041917883 0.015312775321628735
1 0.7226884883383045 0.6428373896557352 0.01555471834929093 0.015428190645964249
1 0.8304186696591586 0.5718173980712892 0.013550468113111414 0.014776893284009851
1 0.6730098309724228 0.6661139363827914 0.014927656754203465 0.014584251072095789
1 0.6409418064615001 0.7281388821809187 0.016014306441597317 0.01620533155358356
1 0.6238069741622262 0.7577818372975225 0.014381118442701258 0.014735719432001528
1 0.8216547136721404 0.588901250258736 0.013696214427118715 0.015614426654318104
1 0.7181423021399457 0.5937545299530028 0.03244831251061481 0.014912584553594175
1 0.6163185161093007 0.8528696143108866 0.013821850652280062 0.015012160591457203
1 0.7037686265033224 0.5784845766813858 0.013787269592285156 0.014283802198327106
1 0.7440037520035453 0.6124343561089557 0.014170024705969769 0.014423722806184189
1 0.6310310363769532 0.805729866027832 0.014109321262525476 0.014768766320270042
1 0.7391188041023586 0.5356859435205874 0.013662711433742359 0.01341154264367145
1 0.6951106320256772 0.6573776680490245 0.014344795890476391 0.01564770159514054
1 0.7062717106031334 0.5620109931282375 0.014222684113875679 0.014395630877950916
1 0.6337752653204877 0.6885571687117868 0.014798268027927563 0.015272803928541101
1 0.6446918715601382 0.7058486731156058 0.015149634817372198 0.01726643935493801
1 0.7470265264096467 0.6429147927657418 0.01523689601732337 0.015628026879352074
1 0.8238952263541843 0.6222397555475649 0.014348942300547724 0.015772612198539402
1 0.7126931314883025 0.5275990237360415 0.013840136320694633 0.014658762061077614
1 0.7340506263401196 0.5530280237612517 0.015016887498938519 0.013172149658203125
1 0.6927415184352708 0.6354851930037789 0.020793666010317596 0.0174345762833305
1 0.7278201476387355 0.5907564785169519 0.014436058376146399 0.014613732047702954
1 0.674199394557787 0.7087460186170494 0.014136770497197691 0.014049737349800442
1 0.6986011422198751 0.542145822359168 0.013361143029254417 0.014354809470798657
1 0.6449060025422471 0.7559923918350883 0.013951011326002039 0.015041683031165081
1 0.7837882871213167 0.6872370554053266 0.013671833535899286 0.014541086943253227
1 0.5985499672267749 0.8937919450842817 0.015379532523777172 0.013647659965183422
1 0.7054946733557661 0.688476210055144 0.013460739799167797 0.01410148454749066
1 0.8766276318094005 0.1443888104480246 0.012658326522163723 0.013582084489905315
1 0.7302327363387399 0.5738151384436566 0.013018234916355297 0.012757840363875679
1 0.7678709030151368 0.6743567715520444 0.013910957004712976 0.014774529830269192
1 0.668556835340417 0.6866842974787173 0.014574797257133152 0.014952162037725035
1 0.7148604600325875 0.6688030906345532 0.013643264770507812 0.014768019966457203
1 0.6179578304290773 0.8272987034009851 0.014667697574781336 0.015216495679772419
1 0.6882908655249556 0.6199855597122855 0.013728556425675102 0.014916337054708729
1 0.7359034496804944 0.6242798929629119 0.014569158139436142 0.014401477316151495
1 0.63597121446029 0.7850382846334705 0.015412413555642834 0.014908914980681046
1 0.830347724582838 0.5143894112628439 0.01599485977836277 0.01654616646144701
1 0.8430037705794626 0.5678190977677054 0.014564597088357677 0.014717433763586956
1 0.7290970760843029 0.5238519544186799 0.012912501459536345 0.013988868049953296
1 0.6087170269178308 0.8663364286008088 0.013943257539168648 0.013739420020061989
1 0.7441293882287066 0.5882276348445726 0.013515223627505095 0.013742177382759426
1 0.8547966376594874 0.06965753306513248 0.012970841449239979 0.012951923453289528
1 0.8344884955364726 0.48351524187170936 0.017700858738111412 0.02113557898479959
1 0.8604525690493376 0.08642388945040497 0.011793551237686821 0.012239798255588696
1 0.8318385041278341 0.5374447366465693 0.014956971873407778 0.015364107878311821
1 0.8317416232565175 0.5572531326957371 0.014774737150772758 0.014415658038595448
1 0.6872604204260786 0.553329146426657 0.013840550961701767 0.014400005340576172
1 0.87722691245701 0.07285998696866243 0.012682956197987432 0.012641450633173403
1 0.7199330951856531 0.5416777755903162 0.013513399207073708 0.01394721736078677
1 0.6856650476870328 0.6394184257673181 0.01474562935207201 0.013903389806332796
1 0.8859657619310461 0.03433929837268332 0.01204681396484375 0.014648510062176247
1 0.8853058815002441 0.09146146152330481 0.013152620066767153 0.012941588526186735
1 0.596338126970374 0.8806823854861052 0.01489021467125934 0.014244121053944464
1 0.6905270452084749 0.6990896307903788 0.014230976934018343 0.014089086781377378
1 0.882618116295856 0.1287114153737607 0.013033659561820652 0.012875049010567043
1 0.8459729733674424 0.045318542615227074 0.01298887833305027 0.013864504254382591
1 0.8702470530634341 0.11752596627111021 0.013130353844684105 0.01355271754057511
1 0.7234056099601414 0.5661866146585216 0.015385959459387737 0.014011880625849184
1 0.8399123730866807 0.6736897385638692 0.014965140301248302 0.01635829262111498
1 0.7828573144000509 0.7327126627383025 0.013091875159222145 0.013288000355596128
1 0.7364943960438604 0.66053321050561 0.014741648798403532 0.014953634013300356
1 0.7210775458294413 0.6866537384364915 0.012284983759341032 0.011425308559251867
1 0.7232850738193677 0.7018238357875657 0.012020981830099354 0.018451732137928837
1 0.8533599687659222 0.7401008605957031 0.013183427893597145 0.014475449271824047
1 0.8635333517323369 0.04786042415577432 0.013020722762398098 0.013203550939974577
1 0.7312710388847019 0.6775247325067935 0.012660648511803669 0.012288466743800953
1 0.8428821563720703 0.5858125479325004 0.01438140869140625 0.013448839602263077
1 0.8717046405958093 0.09820430175117824 0.012735532677691917 0.013603044592815895
1 0.8526634755341904 0.7149380600970724 0.014532877051311989 0.016048389932383663
1 0.7259358323138693 0.7701757265173871 0.014873463174571161 0.014934125153914742
1 0.8941049161164658 0.1529552470082822 0.012361941130264946 0.01290328606315281
1 0.7826531451681384 0.7462844433991807 0.015818803206734035 0.013703802357549253
1 0.8372380837150242 0.6298387361609418 0.01430573670760445 0.014270367829695992
1 0.9035955304684846 0.13601669021274732 0.013104024140731148 0.014239477074664574
1 0.6710476357003917 0.7330026419266409 0.01356711594954781 0.013289202814516813
1 0.8627921394679858 0.028296303489933842 0.013384114141049593 0.012043141800424328
1 0.8965743106344471 0.060804952745852264 0.012364180191703465 0.01258614788884702
1 0.7228648351586382 0.6137451088946798 0.017609347467837128 0.016699749490489132
1 0.7678327767745309 0.6995565787605618 0.015916202379309612 0.015212473662003227
1 0.9020782553631327 0.07739384278007176 0.013116836547851562 0.012215189311815344
1 0.8446620858233908 0.696351030598516 0.015058849168860394 0.014876946159031079
1 0.6644858795663585 0.797740189925484 0.01844856013422427 0.018643254819123642
1 0.6751538359600566 0.7205274001411772 0.01319872814676036 0.014099950375764267
1 0.9087392558222231 0.06100739085155985 0.013917674189028532 0.014759675316188648
1 0.9045341533163318 0.031002753454705944 0.009721880373747452 0.01224385396293972
1 0.7288314570551333 0.6100203472635021 0.014867450879967731 0.014165878295898438
1 0.9132394790649414 0.030201985784198925 0.012287554533585258 0.01384440453156181
1 0.7016827334528383 0.7753894847372304 0.014862350795579992 0.015270855115807575
1 0.8731252628823987 0.059379927490068526 0.011792597563370415 0.012278489444566809
1 0.6563404332036556 0.7687800863514775 0.017546943996263588 0.017136781112007473
1 0.9058819646420686 0.11453571008599323 0.012992527173913044 0.013992547988891602
1 0.8844159997027853 0.5471223851908809 0.017713380896526833 0.017128840736720875
1 0.7200921100118886 0.7194654630578081 0.014865543531334919 0.01355668772821841
1 0.8460678432298743 0.02009599364322165 0.017808831256368885 0.01434344312419062
1 0.7259734817173169 0.7363621670266857 0.013778976772142492 0.01648936064346977
1 0.8762955458267875 0.015570552776689115 0.012564037157141644 0.011431734846985859
1 0.9001415086829145 0.04442989437476448 0.012493962826936142 0.013999117457348366
1 0.86090087890625 0.6084006972934888 0.015518686045771059 0.017239155976668648
1 0.8977681035580842 0.5176919024923573 0.014851777449898098 0.015902063120966373
1 0.7586326806441599 0.8077065011729365 0.013934218365213146 0.018562482750934105
1 0.7823820943417757 0.8160166118455969 0.011347480442212976 0.012677400008491848
1 0.6659565593885339 0.8160539710003397 0.013545036315917969 0.014116618944251019
1 0.7755595497463061 0.8409343387769617 0.01599834276282269 0.015087459398352581
1 0.8437620038571565 0.6208231760107953 0.01604200446087381 0.016454903975777004
1 0.7399367871491804 0.7396202502043352 0.013032913208007812 0.01448846899944803
1 0.8950448036193848 0.017431498221729114 0.012422603109608526 0.01078625217727993
1 0.916535170181938 0.5392158549764882 0.014891417130180027 0.01563665141230044
1 0.8409317472706668 0.6015318580295729 0.017891220424486244 0.018863677978515625
1 0.7723087642503822 0.716543778129246 0.014693052872367527 0.01475500023883322
1 0.7742638380631156 0.8259608849235203 0.01169586181640625 0.01161645806354025
1 0.6718394963637644 0.7809417558752973 0.014362687649934189 0.013769398564877718
1 0.7519541408704674 0.7066246115643046 0.015473282855489979 0.016794038855511208
1 0.6869123707646909 0.7818314925484035 0.015471002329950747 0.013989987580672554
1 0.8573740254277769 0.6394895159679911 0.016752823539402172 0.016501779141633408
1 0.8554302298504375 0.5246793498163638 0.015717133231784985 0.01788354956585428
1 0.7374417678169582 0.7969336095063582 0.01611377881920856 0.015404618304708729
1 0.7571263727934465 0.7371119001637334 0.019706187040909477 0.014502359473186989
1 0.6997756543366807 0.7520155906677246 0.013840633889903193 0.013688667960788891
1 0.9283163443855618 0.5154950722404148 0.0152594110240107 0.017643016317616337
1 0.755151707193126 0.6984171452729597 0.01429184623386549 0.019242618394934612
1 0.9225165532982867 0.12274642094321875 0.01140830827795941 0.01242717452671217
1 0.7722623244575832 0.8154382705688477 0.01146009693975034 0.01338560684867527
1 0.9218171990436056 0.14149242898692255 0.012040345565132473 0.014907049096148949
1 0.6309987565745478 0.8339048261227814 0.010192912557850714 0.011377458987028702
1 0.9209161634030548 0.10734100445457129 0.008733873781950577 0.011071256969286047
1 0.9047970564469047 0.1667334981586622 0.009085696676503057 0.009623372036477795
1 0.7531214589657992 0.760281044503917 0.01595182004182235 0.016330014104428497
1 0.8798116601031759 0.6102784198263417 0.014385555101477581 0.013803896696671196
1 0.858061749002208 0.45859253924825916 0.01237089737601902 0.013623030289359715
1 0.7653441429138184 0.7379104158152704 0.012482643127441406 0.01398157036822775
1 0.9122971244480298 0.47814288346663764 0.014892578125 0.012389183044433594
1 0.7639976584393046 0.7762289461882219 0.013671460358992867 0.013677679974099865
1 0.8569544546459827 0.4134151506511023 0.010156308663568925 0.010079705693504568
1 0.8547398659335324 0.42094471541729517 0.010156308663568925 0.010079705693504568
