0 0.28600499999999995 0.5733700000000002 0.006793 0.008152
0 0.289402 0.5652170000000001 0.005435 0.008152
0 0.293478 0.588995 0.008152 0.009511
0 0.293478 0.651495 0.005435 0.006793
0 0.29823399999999994 0.5625000000000001 0.009511 0.008152
0 0.29755400000000004 0.627038 0.005435 0.009511
0 0.30027199999999993 0.574728 0.008152 0.008152
0 0.30163000000000006 0.6474180000000002 0.005435 0.006793
0 0.30230999999999997 0.6263590000000001 0.006793 0.008152
0 0.30366799999999994 0.550951 0.009511 0.009511
0 0.30366799999999994 0.6080160000000001 0.006793 0.012228
0 0.30366799999999994 0.5896740000000001 0.006793 0.008152
0 0.30706500000000003 0.642663 0.005435 0.005435
0 0.30706500000000003 0.6324729999999998 0.005435 0.009511
0 0.3084239999999999 0.6630429999999999 0.008152 0.005435
0 0.30842400000000003 0.648777 0.005435 0.006793
0 0.309103 0.561821 0.006793 0.006793
0 0.309103 0.588315 0.006793 0.008152
0 0.3097829999999999 0.6025819999999998 0.008152 0.009511
0 0.310462 0.5699729999999998 0.006793 0.006793
0 0.31114100000000006 0.65625 0.005435 0.005435
0 0.31182099999999996 0.5421200000000002 0.006793 0.008152
0 0.31182099999999996 0.548913 0.006793 0.005435
0 0.31250000000000006 0.6684779999999999 0.005435 0.005435
0 0.31250000000000006 0.6311139999999998 0.005435 0.009511
0 0.31317899999999993 0.61481 0.006793 0.006793
0 0.31521699999999997 0.557065 0.008152 0.008152
0 0.3165760000000001 0.655571 0.005435 0.006793
0 0.3165760000000001 0.6861410000000001 0.005435 0.008152
0 0.31793499999999997 0.6080159999999999 0.008152 0.009511
0 0.31725500000000006 0.67731 0.004076 0.006793
0 0.3179350000000001 0.6650820000000001 0.005435 0.006793
0 0.3179350000000001 0.6711959999999999 0.005435 0.005435
0 0.31861399999999995 0.5421200000000002 0.006793 0.008152
0 0.319293 0.621603 0.005435 0.006793
0 0.319293 0.6168479999999998 0.005435 0.005435
0 0.319293 0.633832 0.005435 0.006793
0 0.319973 0.6399459999999999 0.004076 0.005435
0 0.320652 0.6888590000000001 0.005435 0.008152
0 0.321332 0.5869570000000001 0.006793 0.008152
0 0.322011 0.5713319999999998 0.008152 0.009511
0 0.322011 0.64606 0.005435 0.006793
0 0.32269 0.6732340000000001 0.004076 0.006793
0 0.324728 0.543478 0.005435 0.008152
0 0.325408 0.6032609999999999 0.006793 0.005435
0 0.325408 0.6399459999999999 0.004076 0.005435
0 0.325408 0.633832 0.004076 0.006793
0 0.326087 0.550951 0.005435 0.006793
0 0.32744599999999996 0.65625 0.008152 0.005435
0 0.32744599999999996 0.664402 0.008152 0.008152
0 0.326766 0.6154889999999998 0.004076 0.005435
0 0.32744599999999996 0.597826 0.005435 0.008152
0 0.32744599999999996 0.624321 0.005435 0.006793
0 0.32812499999999994 0.6861409999999999 0.006793 0.005435
0 0.329484 0.6073369999999999 0.006793 0.005435
0 0.330163 0.534647 0.008152 0.009511
0 0.330163 0.580842 0.008152 0.006793
0 0.33016299999999993 0.5557069999999998 0.005435 0.005435
0 0.33016299999999993 0.642663 0.005435 0.008152
0 0.33084199999999997 0.565897 0.006793 0.006793
0 0.33084199999999997 0.588995 0.006793 0.006793
0 0.33084199999999997 0.6786680000000002 0.006793 0.006793
0 0.331522 0.617527 0.005435 0.006793
0 0.332201 0.6019019999999999 0.006793 0.005435
0 0.33287999999999995 0.7275820000000001 0.005435 0.006793
0 0.33356 0.547554 0.006793 0.008152
0 0.33356 0.5271740000000001 0.006793 0.008152
0 0.334918 0.540082 0.006793 0.006793
0 0.334918 0.7377720000000001 0.006793 0.008152
0 0.33491800000000005 0.5760869999999999 0.004076 0.005435
0 0.336277 0.713995 0.006793 0.006793
0 0.336957 0.6317929999999999 0.005435 0.005435
0 0.337636 0.518342 0.006793 0.006793
0 0.337636 0.5625000000000001 0.006793 0.008152
0 0.337636 0.5699729999999998 0.006793 0.006793
0 0.336957 0.6711959999999999 0.002717 0.005435
0 0.33763600000000005 0.648098 0.004076 0.005435
0 0.338315 0.6596470000000001 0.005435 0.006793
0 0.33899499999999994 0.7017660000000001 0.006793 0.006793
0 0.33899499999999994 0.5081520000000002 0.006793 0.008152
0 0.33899499999999994 0.593071 0.006793 0.006793
0 0.33899500000000005 0.5760869999999999 0.004076 0.005435
0 0.339674 0.6807069999999998 0.005435 0.005435
0 0.339674 0.6263590000000001 0.005435 0.008152
0 0.340353 0.721467 0.006793 0.008152
0 0.340353 0.533288 0.006793 0.009511
0 0.340353 0.652853 0.006793 0.006793
0 0.341033 0.636549 0.005435 0.009511
0 0.341033 0.617527 0.005435 0.004076
0 0.341712 0.6888590000000001 0.006793 0.008152
0 0.341712 0.611413 0.006793 0.005435
0 0.34171200000000007 0.6711959999999999 0.004076 0.005435
0 0.342391 0.5244570000000001 0.005435 0.008152
0 0.342391 0.648098 0.005435 0.005435
0 0.34307100000000007 0.6453799999999998 0.004076 0.005435
0 0.34375 0.744565 0.005435 0.008152
0 0.34578799999999993 0.639946 0.006793 0.008152
0 0.346467 0.6059779999999999 0.008152 0.005435
0 0.345788 0.625679 0.004076 0.006793
0 0.346467 0.7330160000000001 0.005435 0.006793
0 0.346467 0.508832 0.005435 0.006793
0 0.34714699999999993 0.7051629999999999 0.006793 0.005435
0 0.347826 0.6019019999999999 0.008152 0.005435
0 0.347826 0.716712 0.005435 0.006793
0 0.347826 0.742527 0.005435 0.006793
0 0.34850499999999995 0.529212 0.006793 0.006793
0 0.349185 0.502038 0.005435 0.006793
0 0.349185 0.625679 0.005435 0.006793
0 0.350543 0.567935 0.005435 0.008152
0 0.350543 0.701087 0.005435 0.005435
0 0.35122299999999995 0.582201 0.006793 0.006793
0 0.35122299999999995 0.5434779999999999 0.006793 0.005435
0 0.35258199999999995 0.64606 0.006793 0.006793
0 0.353261 0.6623639999999998 0.008152 0.009511
0 0.3539399999999999 0.550272 0.009511 0.008152
0 0.3539399999999999 0.6752720000000001 0.009511 0.008152
0 0.353261 0.508832 0.005435 0.006793
0 0.3539399999999999 0.522418 0.006793 0.006793
0 0.3552989999999999 0.690217 0.009511 0.01087
0 0.35461999999999994 0.7357340000000001 0.005435 0.006793
0 0.3566579999999999 0.557745 0.009511 0.006793
0 0.357337 0.500679 0.005435 0.006793
0 0.35869599999999996 0.542799 0.005435 0.006793
0 0.35869599999999996 0.6277170000000001 0.005435 0.008152
0 0.35937499999999994 0.5910330000000001 0.006793 0.01087
0 0.35937499999999994 0.616168 0.006793 0.006793
0 0.36005400000000004 0.5095110000000002 0.008152 0.008152
0 0.36005399999999993 0.6474180000000002 0.005435 0.006793
0 0.36005399999999993 0.7201090000000001 0.005435 0.008152
0 0.360734 0.472826 0.006793 0.005435
0 0.360734 0.581522 0.006793 0.008152
0 0.36141299999999993 0.7330160000000001 0.005435 0.006793
0 0.36141299999999993 0.527174 0.005435 0.005435
0 0.36209199999999997 0.536685 0.006793 0.008152
0 0.36209199999999997 0.6942930000000002 0.006793 0.008152
0 0.362772 0.5156249999999999 0.008152 0.006793
0 0.362772 0.45991800000000005 0.005435 0.004076
0 0.362772 0.6501360000000002 0.005435 0.006793
0 0.363451 0.466712 0.006793 0.006793
0 0.36413000000000006 0.672554 0.008152 0.01087
0 0.36413000000000006 0.478261 0.008152 0.008152
0 0.36413000000000006 0.7038040000000001 0.008152 0.008152
0 0.36412999999999995 0.563179 0.005435 0.006793
0 0.36412999999999995 0.497962 0.005435 0.006793
0 0.36481 0.720788 0.006793 0.009511
0 0.36481 0.7391299999999998 0.006793 0.005435
0 0.365489 0.455163 0.008152 0.008152
0 0.366168 0.522418 0.009511 0.006793
0 0.365489 0.544837 0.005435 0.008152
0 0.365489 0.630435 0.005435 0.008152
0 0.365489 0.6236410000000001 0.005435 0.008152
0 0.367527 0.6569290000000001 0.006793 0.006793
0 0.367527 0.7323370000000001 0.006793 0.008152
0 0.368886 0.6942930000000002 0.006793 0.008152
0 0.37024499999999994 0.581522 0.009511 0.008152
0 0.36888600000000005 0.602582 0.004076 0.006793
0 0.37024499999999994 0.5081520000000002 0.006793 0.008152
0 0.37024499999999994 0.49524499999999994 0.006793 0.006793
0 0.370924 0.561821 0.005435 0.009511
0 0.370924 0.5455159999999999 0.005435 0.006793
0 0.370924 0.679348 0.005435 0.005435
0 0.370924 0.720788 0.005435 0.006793
0 0.371603 0.48981 0.006793 0.006793
0 0.371603 0.6250000000000001 0.006793 0.01087
0 0.372283 0.461277 0.008152 0.006793
0 0.372962 0.516304 0.006793 0.008152
0 0.373641 0.4816579999999999 0.008152 0.009511
0 0.37296200000000007 0.602582 0.004076 0.006793
0 0.373641 0.45516299999999993 0.005435 0.005435
0 0.373641 0.684103 0.005435 0.006793
0 0.373641 0.7099180000000002 0.005435 0.006793
0 0.37432099999999996 0.5387229999999998 0.006793 0.009511
0 0.375 0.46875 0.005435 0.005435
0 0.375 0.5536679999999999 0.005435 0.009511
0 0.375 0.694973 0.005435 0.006793
0 0.375 0.613451 0.005435 0.006793
0 0.376359 0.6494570000000001 0.008152 0.008152
0 0.37703799999999993 0.546196 0.006793 0.008152
0 0.37703799999999993 0.7044840000000001 0.006793 0.006793
0 0.377717 0.594429 0.005435 0.006793
0 0.37839699999999993 0.5733700000000002 0.006793 0.008152
0 0.379076 0.70856 0.005435 0.006793
0 0.37975499999999995 0.566576 0.006793 0.008152
0 0.37975499999999995 0.47214699999999993 0.006793 0.006793
0 0.38111399999999995 0.721467 0.009511 0.008152
0 0.380435 0.462636 0.005435 0.006793
0 0.380435 0.6005430000000002 0.005435 0.008152
0 0.38111399999999995 0.5543480000000001 0.006793 0.008152
0 0.38247299999999995 0.5142659999999999 0.006793 0.006793
0 0.38247299999999995 0.5869570000000001 0.006793 0.008152
0 0.38383199999999995 0.495924 0.006793 0.005435
0 0.38383199999999995 0.607337 0.006793 0.008152
0 0.384511 0.5244569999999998 0.005435 0.005435
0 0.384511 0.61481 0.005435 0.006793
0 0.38519 0.5366849999999999 0.004076 0.005435
0 0.38586999999999994 0.642663 0.005435 0.005435
0 0.38586999999999994 0.5203799999999998 0.005435 0.005435
0 0.3865489999999999 0.543478 0.006793 0.008152
0 0.3865489999999999 0.654212 0.006793 0.006793
0 0.387228 0.46399499999999994 0.008152 0.009511
0 0.387908 0.6066579999999999 0.006793 0.006793
0 0.389266 0.508832 0.004076 0.006793
0 0.39130400000000004 0.48301599999999995 0.008152 0.009511
0 0.39130400000000004 0.5360049999999998 0.008152 0.006793
0 0.390625 0.491848 0.004076 0.005435
0 0.39130399999999993 0.447011 0.005435 0.008152
0 0.391984 0.560462 0.006793 0.009511
0 0.391984 0.6494569999999998 0.006793 0.005435
0 0.39266299999999993 0.718071 0.005435 0.006793
0 0.39266299999999993 0.7092389999999998 0.005435 0.005435
0 0.394022 0.501359 0.005435 0.008152
0 0.394701 0.6725540000000001 0.006793 0.008152
0 0.394701 0.629076 0.004076 0.008152
0 0.39537999999999995 0.51019 0.005435 0.006793
0 0.39537999999999995 0.605299 0.005435 0.006793
0 0.39537999999999995 0.69837 0.005435 0.005435
0 0.39537999999999995 0.4490489999999999 0.005435 0.006793
0 0.39606 0.459239 0.006793 0.008152
0 0.39606 0.703125 0.006793 0.004076
0 0.397418 0.500679 0.006793 0.009511
0 0.398098 0.577446 0.008152 0.008152
0 0.398777 0.705842 0.006793 0.004076
0 0.400136 0.48845099999999997 0.009511 0.009511
0 0.399457 0.7099180000000002 0.005435 0.004076
0 0.400136 0.6623640000000001 0.006793 0.006793
0 0.400136 0.719429 0.006793 0.009511
0 0.40013600000000005 0.6494569999999998 0.004076 0.005435
0 0.400815 0.6311139999999998 0.005435 0.006793
0 0.400815 0.6046200000000002 0.005435 0.008152
0 0.400815 0.7133149999999999 0.005435 0.005435
0 0.40149499999999994 0.5849179999999999 0.006793 0.009511
0 0.402853 0.599185 0.009511 0.008152
0 0.402174 0.480299 0.005435 0.004076
0 0.402174 0.451087 0.005435 0.008152
0 0.402174 0.644022 0.005435 0.005435
0 0.402853 0.47486399999999995 0.006793 0.006793
0 0.403533 0.6936140000000001 0.008152 0.006793
0 0.404891 0.5923910000000001 0.008152 0.008152
0 0.40421200000000007 0.464674 0.004076 0.005435
0 0.404891 0.5380430000000002 0.005435 0.008152
0 0.40625 0.5251360000000002 0.005435 0.004076
0 0.40692899999999993 0.519701 0.006793 0.006793
0 0.40692899999999993 0.5638590000000001 0.006793 0.008152
0 0.40692899999999993 0.45856 0.006793 0.006793
0 0.40692899999999993 0.612092 0.006793 0.006793
0 0.407609 0.451087 0.005435 0.008152
0 0.407609 0.6250000000000001 0.005435 0.008152
0 0.408967 0.485734 0.008152 0.006793
0 0.408967 0.6453799999999998 0.005435 0.005435
0 0.40964699999999993 0.616168 0.006793 0.006793
0 0.40964699999999993 0.7044840000000001 0.006793 0.006793
0 0.410326 0.500679 0.008152 0.009511
0 0.410326 0.478261 0.005435 0.005435
0 0.410326 0.663723 0.005435 0.006793
0 0.41100499999999995 0.713995 0.006793 0.006793
0 0.411685 0.491168 0.008152 0.006793
0 0.41100500000000006 0.46875 0.004076 0.005435
0 0.411685 0.542799 0.005435 0.006793
0 0.411685 0.5373639999999998 0.005435 0.006793
0 0.413043 0.517663 0.008152 0.008152
0 0.412364 0.464674 0.004076 0.005435
0 0.413043 0.449728 0.005435 0.008152
0 0.41372299999999995 0.455842 0.006793 0.004076
0 0.41372299999999995 0.684103 0.006793 0.006793
0 0.414402 0.7221470000000001 0.008152 0.006793
0 0.415761 0.525815 0.01087 0.008152
0 0.413723 0.459918 0.004076 0.006793
0 0.41508199999999995 0.6684779999999999 0.006793 0.005435
0 0.415761 0.478261 0.005435 0.005435
0 0.415761 0.482337 0.005435 0.005435
0 0.415761 0.612772 0.005435 0.008152
0 0.415761 0.6467389999999998 0.005435 0.005435
0 0.415761 0.6779889999999998 0.005435 0.005435
0 0.415761 0.72894 0.005435 0.006793
0 0.4164399999999999 0.449728 0.006793 0.008152
0 0.4164399999999999 0.7350540000000001 0.006793 0.008152
0 0.41644 0.462636 0.004076 0.006793
0 0.418478 0.48709199999999997 0.005435 0.006793
0 0.418478 0.47078799999999993 0.005435 0.006793
0 0.418478 0.664402 0.005435 0.005435
0 0.419158 0.5794839999999999 0.006793 0.009511
0 0.419158 0.690217 0.006793 0.005435
0 0.419837 0.6297549999999998 0.005435 0.006793
0 0.419837 0.639946 0.005435 0.008152
0 0.419837 0.608696 0.005435 0.008152
0 0.42051599999999995 0.530571 0.006793 0.006793
0 0.42051599999999995 0.536005 0.006793 0.004076
0 0.42051599999999995 0.5421200000000002 0.006793 0.008152
0 0.42119599999999996 0.493886 0.008152 0.006793
0 0.42119599999999996 0.680027 0.005435 0.006793
0 0.42119599999999996 0.721467 0.005435 0.008152
0 0.42255400000000004 0.480978 0.008152 0.005435
0 0.42255399999999993 0.459239 0.005435 0.008152
0 0.42255399999999993 0.441576 0.005435 0.008152
0 0.42255399999999993 0.4490489999999999 0.005435 0.006793
0 0.42255399999999993 0.653533 0.005435 0.008152
0 0.423234 0.713315 0.006793 0.008152
0 0.423234 0.624321 0.006793 0.006793
0 0.42391299999999993 0.644701 0.005435 0.009511
0 0.42391299999999993 0.6494570000000001 0.005435 0.008152
0 0.425951 0.628397 0.006793 0.006793
0 0.425951 0.590353 0.006793 0.006793
0 0.425951 0.7330159999999999 0.006793 0.009511
0 0.42663000000000006 0.505435 0.008152 0.008152
0 0.42663000000000006 0.7038040000000001 0.008152 0.008152
0 0.42662999999999995 0.522418 0.005435 0.006793
0 0.428668 0.5482339999999999 0.006793 0.009511
0 0.429348 0.65625 0.005435 0.005435
0 0.429348 0.7255430000000002 0.005435 0.008152
0 0.430027 0.529212 0.006793 0.006793
0 0.430027 0.567935 0.006793 0.008152
0 0.430707 0.536685 0.005435 0.008152
0 0.430707 0.70856 0.005435 0.004076
0 0.431386 0.669158 0.006793 0.009511
0 0.432065 0.516304 0.005435 0.005435
0 0.433424 0.577446 0.008152 0.008152
0 0.433424 0.561821 0.005435 0.006793
0 0.433424 0.5230980000000001 0.005435 0.008152
0 0.434103 0.500679 0.006793 0.006793
0 0.434103 0.593071 0.006793 0.006793
0 0.434783 0.493886 0.005435 0.006793
0 0.435462 0.597147 0.006793 0.006793
0 0.436141 0.5095110000000002 0.008152 0.008152
0 0.43546200000000007 0.7099180000000002 0.004076 0.004076
0 0.436141 0.703125 0.005435 0.006793
0 0.4375 0.584918 0.008152 0.006793
0 0.4375 0.6521740000000001 0.005435 0.008152
0 0.43817899999999993 0.496603 0.006793 0.006793
0 0.438859 0.6236410000000001 0.008152 0.008152
0 0.43953799999999993 0.722826 0.009511 0.008152
0 0.43953799999999993 0.661005 0.006793 0.009511
0 0.439538 0.686821 0.004076 0.006793
0 0.440217 0.557745 0.005435 0.006793
0 0.441576 0.613451 0.008152 0.006793
0 0.441576 0.6093749999999999 0.008152 0.006793
0 0.442935 0.597147 0.005435 0.006793
0 0.44361399999999995 0.574049 0.006793 0.006793
0 0.44361399999999995 0.694973 0.006793 0.004076
0 0.444293 0.651495 0.008152 0.009511
0 0.443614 0.561821 0.004076 0.006793
0 0.444293 0.590353 0.005435 0.006793
0 0.444293 0.669158 0.005435 0.006793
0 0.444973 0.684783 0.004076 0.008152
0 0.44633199999999995 0.671875 0.006793 0.009511
0 0.447011 0.703125 0.005435 0.006793
0 0.44836999999999994 0.591712 0.005435 0.006793
0 0.449728 0.605978 0.008152 0.008152
0 0.449728 0.563179 0.005435 0.006793
0 0.451087 0.57269 0.005435 0.006793
0 0.45312499999999994 0.6942929999999999 0.006793 0.005435
0 0.45380400000000004 0.5923910000000001 0.008152 0.008152
0 0.453125 0.7038040000000001 0.004076 0.008152
0 0.45380399999999993 0.6677990000000001 0.005435 0.006793
0 0.454484 0.5638590000000001 0.004076 0.008152
0 0.454484 0.679348 0.004076 0.005435
0 0.45516299999999993 0.6630429999999999 0.005435 0.005435
0 0.45584199999999997 0.6209240000000001 0.006793 0.008152
0 0.45720099999999997 0.644022 0.009511 0.008152
0 0.456522 0.6908970000000001 0.005435 0.006793
0 0.45787999999999995 0.714674 0.005435 0.005435
0 0.459239 0.7051629999999999 0.005435 0.005435
0 0.459239 0.683424 0.005435 0.005435
0 0.459918 0.674592 0.006793 0.006793
0 0.460598 0.6501360000000002 0.008152 0.006793
0 0.460598 0.7099180000000002 0.008152 0.004076
0 0.460598 0.584918 0.005435 0.006793
0 0.461957 0.5597830000000001 0.005435 0.008152
0 0.46399499999999994 0.6012229999999998 0.009511 0.009511
0 0.463315 0.6881790000000001 0.005435 0.006793
0 0.463315 0.6820649999999999 0.005435 0.005435
0 0.463315 0.714674 0.005435 0.005435
0 0.463315 0.5638590000000001 0.005435 0.008152
0 0.464674 0.5767659999999999 0.005435 0.006793
0 0.465353 0.69769 0.006793 0.006793
0 0.466033 0.6705160000000001 0.005435 0.006793
0 0.467391 0.6379079999999999 0.005435 0.006793
0 0.46875 0.6888590000000001 0.005435 0.008152
0 0.47078799999999993 0.6936140000000001 0.006793 0.006793
0 0.47214699999999993 0.6250000000000001 0.006793 0.008152
0 0.47214699999999993 0.671875 0.006793 0.006793
0 0.472826 0.683424 0.005435 0.005435
0 0.47350499999999995 0.689538 0.006793 0.006793
0 0.47486399999999995 0.580842 0.009511 0.009511
0 0.488451 0.579484 0.012228 0.006793
