1 0.7116069793701172 0.5000660834105118 0.01493934963060462 0.01678871071856955
1 0.6410868686178456 0.7529755053312881 0.01223356827445652 0.013379387233568274
1 0.6315485912820568 0.14708056138909384 0.011877142864724865 0.013203486152317211
1 0.6572846744371498 0.4603614236997522 0.011773192364236584 0.022133402202440346
1 0.9135316351185674 0.35156864834868395 0.01030366317085598 0.01081837519355442
1 0.7470727174178414 0.403677339139192 0.012817880381708559 0.012385948844577954
1 0.9006030248559038 0.718800337418266 0.011707513228706692 0.01111602783203125
1 0.6237220764160156 0.5546813840451448 0.013835824054220448 0.014346039813497791
1 0.9113433464713718 0.5556140878926152 0.011350009752356487 0.011675150498099949
1 0.6204389890590908 0.5900469257899491 0.010718798596663512 0.010897418914350594
1 0.6212145141933275 0.04631645264832869 0.012698256451150646 0.012773855872776196
1 0.689866480620011 0.4300424793492193 0.011037992394488792 0.011755062186199684
1 0.6475554963816768 0.4788461146147355 0.012434461842412535 0.012969597526218579
1 0.635258674621582 0.26767721383467963 0.010905970697817595 0.014692824819813604
1 0.6493614341901697 0.42903217543726385 0.01152380653049635 0.012670174888942554
1 0.810335988583772 0.36471968241359876 0.0127716064453125 0.014655400877413542
1 0.6425568953804347 0.21199405711630115 0.012818460879118546 0.011964113815971043
1 0.725443320316144 0.3937277962098045 0.009771302762897243 0.009846156104928123
1 0.6551604478255563 0.4018826692000679 0.011816522349481997 0.01237927312436311
1 0.6410493021425994 0.3050679434900698 0.010606185249660328 0.010888991148575493
1 0.6807463894719663 0.7105617523193359 0.012111290641452954 0.01270194675611413
1 0.6897248599840247 0.5400053521861201 0.010553981946862263 0.01204681396484375
1 0.6848902702331542 0.2149219098298446 0.013742571291716202 0.014155926911727242
1 0.6090653460958729 0.36791225101636804 0.012451669444208559 0.013834994772206182
1 0.6194684194481891 0.6084245598834493 0.01583062047543733 0.016326821368673573
1 0.6209041761315387 0.6876793529676355 0.011998383895210598 0.013366408970045008
1 0.6584380605946417 0.15889353855796481 0.011538132377292797 0.01081469784612241
1 0.6159556015678074 0.33953540221504547 0.012209519096042797 0.012256954027258831
1 0.6201034421506135 0.3800520067629607 0.012598327968431555 0.012915777123492699
1 0.7243313582047172 0.55835077036982 0.011008718739385191 0.01076184148373811
1 0.642356198766957 0.6102965189063031 0.01319866595060929 0.01414253400719684
1 0.7583062959753949 0.38864484558934753 0.012247085571289062 0.013076937716940174
1 0.6252026143281356 0.30214187373285706 0.01026166003683339 0.013482425523840862
1 0.644747547481371 0.7752525910087255 0.01237350961436396 0.013393650884213655
1 0.6554691480553667 0.8279653424802035 0.012083551158075747 0.011798568393873133
1 0.6811869662740956 0.5170220499453337 0.01103873874830163 0.011938841446586277
1 0.7923956331999407 0.44534849083941913 0.012144503386124321 0.01319097435992697
1 0.8504104199616804 0.40947080695110827 0.011857157168181046 0.012583856997282608
1 0.6311968305836553 0.4471798046775487 0.01305078423541525 0.012652252031409222
1 0.8886575076891028 0.4790465728096339 0.011702537536621094 0.01232810642408288
1 0.8580198080643362 0.37279332202413806 0.012240326922872791 0.012209602024244226
1 0.7250400417162401 0.5882837207910705 0.009277799523474139 0.01061776296524274
1 0.816440022510031 0.4342939750007961 0.013470400934634 0.013569334278935969
1 0.6372339414513629 0.49405860900878906 0.022083199542501698 0.014616675998853601
1 0.6276063504426375 0.6712825401969578 0.012998166291610054 0.01324914849322775
1 0.9099862057229747 0.4525133423183275 0.010692347650942595 0.010840498882791271
1 0.7364968838899031 0.16737491151560907 0.010377469270125679 0.009986918905506964
1 0.6704278614210046 0.4819088811459749 0.011992247208305027 0.013491754946501358
1 0.7063180260036304 0.38583914352499926 0.010390074356742527 0.010456059290015179
1 0.6453068878339685 0.4000207574471183 0.02131248557049295 0.015550048454948093
1 0.6524884597114895 0.13053648886473282 0.011322601981784985 0.011465207390163257
1 0.8331744981848676 0.38611747907555616 0.01235597029976223 0.01236401433530061
1 0.6340846704400104 0.3220352222738059 0.011546363001284391 0.012662167782368868
1 0.8173579547716223 0.5755049353060516 0.011366512464440388 0.011349532915198284
1 0.6967338271763013 0.6037889045217762 0.011107610619586449 0.011926754661228344
1 0.6669354335121487 0.6527112877887228 0.011401197184687075 0.011238429857336956
1 0.8170704634293265 0.3520970642566681 0.011492936507515285 0.012038171291351318
1 0.8574306239252505 0.475883582363958 0.011993988700534985 0.013466513675192127
1 0.8726552258367124 0.4790367665498153 0.011463953101116676 0.012553380883258324
1 0.8926724765611731 0.6013504629549773 0.010957095933997112 0.011151707690695057
1 0.9219609965448794 0.6083973594333814 0.009458873582922894 0.01089203875997792
1 0.6328010351761527 0.29082447549571167 0.010639729707137398 0.01132525568423064
1 0.7069643062093983 0.5845779957978623 0.010670910710873812 0.01135390737782354
1 0.7803461655326511 0.47358131926992664 0.013124383014181385 0.0129189802252728
1 0.7380894785342009 0.5305611983589504 0.013023791105850883 0.011695281318996265
1 0.7035721903261931 0.5469859061033828 0.011825727379840355 0.011464264081872028
1 0.6363496780395508 0.02072823112425597 0.012377946273140285 0.013095994358477385
1 0.8274684781613557 0.4735998692719833 0.010968540025793987 0.011721445166546364
1 0.6741093345310378 0.1519530907921169 0.010472256204356318 0.011009993760482124
1 0.6275609472523564 0.1841674058333687 0.011914543483568274 0.012060745902683422
1 0.7816625678020975 0.37395171497179114 0.013309976328974184 0.012689196545144787
1 0.6592843221581499 0.14364110386889917 0.01115280648936396 0.010912283607151196
1 0.8519301829130754 0.5717200092647386 0.011195763297702954 0.01119740112968113
1 0.7833290514738664 0.3946980600771697 0.012460211048955503 0.013066333273182745
1 0.6983589918717092 0.1009496139443439 0.010396293971849524 0.011879247167836065
1 0.6329561731089717 0.36616200986115827 0.012760079425314198 0.012456893920898438
1 0.6667962696241295 0.714391625445822 0.011042885158372961 0.011616748312245245
1 0.7822462164837382 0.4128246825674306 0.010606599890667458 0.011303383371104364
1 0.8009180815323539 0.5372701313184656 0.010511812956436821 0.011570308519446331
1 0.6545664538507876 0.6017365662947946 0.011471001998237942 0.012411822443423063
1 0.6663466018179188 0.803634083789328 0.009589547696320908 0.00968331876008407
1 0.6425115129222041 0.5049040421195652 0.01187585747760275 0.011945475702700407
1 0.6756965181101924 0.30166191640107526 0.010827976724375849 0.011671004088028618
1 0.8168262191440747 0.5592350337816321 0.012104905169943104 0.01233598460321841
1 0.7326437494029169 0.3235165062158004 0.012299662050993546 0.014311111491659412
1 0.9097206074258556 0.7325864874798319 0.011150733284328296 0.012273207954738453
1 0.6276596732761549 0.35247870113538654 0.012327360070270042 0.012301880380381708
1 0.645949653957201 0.24521225431691046 0.01119505840799083 0.012445512025252632
1 0.6825112881867783 0.3274642603633845 0.012148318083389946 0.011968180132300957
1 0.8751743358114491 0.6058358524156653 0.010714696801227074 0.010968540025793987
1 0.8608929592630139 0.3947178384532099 0.012308784153150476 0.012396024621051292
1 0.7565062149711277 0.6301940005758534 0.014768766320270042 0.015533778978430706
1 0.6111982801686162 0.019811085384825 0.011110927747643513 0.012310957131178482
1 0.6568080031353496 0.23383687890094262 0.012431808139966883 0.011967824852984886
1 0.6988682332246199 0.37651935608490655 0.010312412096106487 0.010700894438702126
1 0.7322356597236965 0.6258292198181152 0.011127471923828125 0.011778002199919327
1 0.6162718689959982 0.5159943829412046 0.012944304424783459 0.014396128447159477
1 0.6587329118148142 0.4660428555115409 0.012312350065811821 0.013459920883178711
1 0.7320408199144446 0.48543678677600355 0.012712063996688179 0.013373882874198582
1 0.8081971251446268 0.44758109424425213 0.011745826057765796 0.011753600576649542
1 0.6577913242837659 0.7058635172636614 0.009406753208326258 0.009747919828995415
1 0.7768380123635997 0.4448211089424465 0.010875701904296875 0.012080399886421535
1 0.6256785392761232 0.3182904305665389 0.011073692985202954 0.0121031844097635
1 0.757628399392833 0.5050973892211914 0.012148815652598505 0.011955924656080164
1 0.6612723391989002 0.6129485420558763 0.010987406191618546 0.011518644249957542
1 0.9026354706805685 0.5901313657345979 0.011717962182086449 0.01187735018522843
1 0.8846006808073625 0.5946389488551929 0.010352922522503395 0.011536225028659985
1 0.6829549747964611 0.5297856849172841 0.010279406671938688 0.010971836421800696
1 0.8145510217417841 0.3251841534738955 0.012437405793563179 0.01349249093428902
1 0.8695336010145105 0.4650484168011209 0.01199867414391559 0.011223171068274456
1 0.6436683820641558 0.09485311093537703 0.011665261310079823 0.012174979500148609
1 0.7239026194033417 0.35480707235958264 0.01237761456033458 0.01704820083535236
1 0.6991833603900411 0.6754744571188221 0.010591465493907099 0.01152826392132303
1 0.8774970510731573 0.5352226443912672 0.011093720145847485 0.010956536168637484
1 0.796747000321098 0.47519954909449036 0.01171435480532439 0.01189987555794094
1 0.6688272849373198 0.6391781724017599 0.011754699375318445 0.011971971263056215
1 0.6781001505644426 0.571197509765625 0.013566265935483187 0.013118495111880095
1 0.6624476184015688 0.6723291148310122 0.012873649597167969 0.018571273140285328
1 0.6284515546715778 0.4339783088020656 0.012624823528787365 0.014028176017429516
1 0.6784826776255732 0.4970809687738833 0.012361526489257812 0.012156113334324047
1 0.5969255488851796 0.04524426615756491 0.012269849362580673 0.012619542038959007
1 0.6666432878245477 0.6975750301195228 0.00976400790007218 0.010156880254330843
1 0.8944151298688611 0.36874872085429833 0.010757819300150987 0.011053181774793742
1 0.9195116291875424 0.5706191373908002 0.010207300600798233 0.010829199915346891
1 0.6641782263050909 0.3035911995431651 0.010939307834791101 0.010593683823295261
1 0.6413019014441449 0.048388604236685714 0.011410257090692934 0.012876005276389744
1 0.5886038386303446 0.017106897805048073 0.011668225993280825 0.012427108443301658
1 0.8458498249883237 0.5143126197483228 0.010492822398310122 0.010589267896569294
1 0.6495884501415751 0.38875412940979004 0.010606496230415676 0.010614581730054773
1 0.6692717593649159 0.23195419104202933 0.011080534561820652 0.010654221410336702
1 0.7846408304960832 0.42809506084608 0.011052380437436312 0.011308607847794243
1 0.7102856014085853 0.4017203657523445 0.011095461638077446 0.011920954870141071
1 0.6486331276271653 0.2016433321911356 0.011237517647121265 0.011219211246656336
1 0.8878836631774902 0.6230450402135435 0.011408722918966541 0.011859002320662788
1 0.7189669194428816 0.19886355814726453 0.011475894762122112 0.011728224547012993
1 0.6701798542686132 0.5554679787677267 0.01184249960857889 0.012396190477454144
1 0.6973420226055641 0.5734622996786366 0.01153402743132218 0.011269154755965523
1 0.7532997545988664 0.5894457360972529 0.01273420582646909 0.012154703554899796
1 0.6735995956089187 0.08479413001433662 0.010844894077466883 0.011632603147755499
1 0.6545689624288807 0.8661582780920941 0.011883528336234715 0.012486831001613453
1 0.8935412531313689 0.7783564069996709 0.011315718941066578 0.011135142782460089
1 0.6408973362134851 0.3534127758896869 0.010877194611922554 0.01138007640838623
1 0.9217224535734756 0.698331252388332 0.011674217555833899 0.012109175972316578
1 0.8983637560968813 0.43669112350629724 0.010716852934464165 0.010970105295595915
1 0.8976165730020276 0.5019633873649265 0.010478102642556896 0.010390903638756794
1 0.6481780591218369 0.32419473191966186 0.011776633884595789 0.020908293516739555
1 0.9031192323435907 0.343579281931338 0.010418311409328296 0.010366502015487007
1 0.8330186968264373 0.6133360966392185 0.011154133340586786 0.011391950690228005
1 0.7338075845137887 0.6590402437293011 0.010773078255031421 0.011401798414147419
1 0.6894031607586405 0.384887607201286 0.010221149610436481 0.010576341463171917
1 0.8422686120738154 0.3715243546859077 0.01237413157587466 0.013838643613068954
1 0.665923077127208 0.38856047132740856 0.011068924613620922 0.010577803072722061
1 0.7501752894857655 0.5343763102655825 0.010325929392939028 0.010457826697308083
1 0.7546403511710789 0.519603563391644 0.010974096215289574 0.01102522145146909
1 0.9192391271176545 0.6534888848014501 0.01067377173382303 0.010260996611221977
1 0.8691120976987092 0.3180371989374575 0.010105547697647758 0.009784822878630264
1 0.8560813820880392 0.5482556612595267 0.011164209117060122 0.011341281559156336
1 0.6679650596950366 0.5819291031878927 0.011855001034943954 0.011710830356763758
1 0.6478206282076628 0.6543555674345596 0.01525934882785963 0.014536194179369055
1 0.6654999774435291 0.571760312370632 0.011210980622664742 0.012269165204918903
1 0.905948597451915 0.48931447319362475 0.010317595108695652 0.010757156040357508
1 0.6925554482833199 0.6613894338193147 0.010992506276006285 0.010930019876231318
1 0.8255112689474354 0.6508708622144617 0.010740611864172894 0.011033845984417458
1 0.818062388378641 0.4825706170952838 0.011310287143873133 0.011251760565716286
1 0.679207117661186 0.7279347129490066 0.015010294706925102 0.01243491794752038
1 0.690545082092285 0.05724183891130531 0.010777763698412024 0.01075565296670665
1 0.6614868951880414 0.4288617009701936 0.011011165121327276 0.013319678928541101
1 0.6583330009294592 0.6272733937139097 0.011885000311810036 0.014356488766877548
1 0.7569247121396272 0.44611052326534106 0.010518695997155231 0.011277914047241211
1 0.6941457002059275 0.5021286943684453 0.012518343718155571 0.01251276679660963
1 0.6566951171211575 0.5591699766076129 0.013563736625339672 0.013914771701978601
1 0.8138520406640094 0.5956482990928318 0.010130716406780739 0.010824141295059868
1 0.869232405786929 0.49626540101092786 0.010961159415867016 0.011178286179252293
1 0.7301698560300081 0.6102922377379044 0.011043009550675102 0.01064758715422257
1 0.7730515936146612 0.4957016654636549 0.012081229168435802 0.024181614751401154
1 0.6903489776279614 0.8029451992200769 0.00951248666514521 0.010364242221998133
1 0.6310923617819081 0.5267265672269076 0.015489329462466032 0.019609306169592815
1 0.6596531246019446 0.846648589424465 0.010781412539274796 0.013636547586192255
1 0.7464690830396569 0.04469438221143639 0.011916450832201086 0.011985737344493036
1 0.6873176823491637 0.48552448853202484 0.011191077854322351 0.01179367562998896
1 0.9119983548703401 0.7604720074197521 0.010848294133725374 0.010438670282778532
1 0.883989790211553 0.46669302815976343 0.010978035304857336 0.011687859244968579
1 0.8269570392111073 0.534144059471462 0.011773731397545856 0.012849869935408882
1 0.7100797943446946 0.5698305212933085 0.013696048570715862 0.012171703836192255
1 0.8426806615746539 0.29623855715212616 0.010966964389966883 0.012436763100002125
1 0.6274023885312289 0.33435772812884784 0.011730691661005434 0.011877702630084495
1 0.8261000799096149 0.4981288806251857 0.010786015054453974 0.011385399362315302
1 0.8548059878141983 0.6060782826465109 0.011069422182829483 0.01217993446018385
1 0.7976242562998896 0.45988373652748443 0.011471789816151495 0.01183908918629522
1 0.709717667621115 0.28346914830415143 0.011026050733483356 0.010563580886177395
1 0.9068932740584665 0.24346337111099906 0.010145850803541101 0.009945910909901495
1 0.9182531315347424 0.8531665802001953 0.00980688178020975 0.009476122648819633
1 0.6986351635145105 0.28616400386976165 0.010502483533776325 0.011296044225278109
1 0.8839988098556362 0.5771763333219824 0.010754997171126147 0.009150641708003079
1 0.6912909798000169 0.31427842637766956 0.011189668074898098 0.010578425034232761
1 0.721883027449898 0.42720384183137305 0.011883942977241848 0.012508931367293648
1 0.8621487824813181 0.5341190669847571 0.01136804663616678 0.010515130084493885
1 0.6822589169377867 0.01658262182836947 0.01069039883820907 0.010119156992953758
1 0.9101217518682064 0.31860075826230255 0.010333766107973845 0.02142163981562075
1 0.6777801720992379 0.09950726965199345 0.011816895526388416 0.011363381924836533
1 0.803711227748705 0.571416885956474 0.011736413706903872 0.01256542620451554
1 0.7651384187781294 0.6478801810223124 0.012154205985691235 0.013068323550016983
1 0.8375938042350438 0.5478086471557618 0.011001047880753227 0.011419793833856997
1 0.6594124669614045 0.3167661583941916 0.01151176120923913 0.011667873548424763
1 0.8007547544396441 0.5031449069147524 0.010474495265794836 0.011449689450471298
1 0.8644922919895337 0.5641348258308743 0.011160062706988792 0.011966912642769192
1 0.6888550053472104 0.1484399878460428 0.009661301322605299 0.010077165520709495
1 0.7129943681799847 0.5966214304384978 0.010477231896441917 0.01101286514945652
1 0.6808950590050739 0.6762467259946078 0.011099608048148777 0.012891852337381115
1 0.8070783200471296 0.6501155832539434 0.011525527290675953 0.01085706379102624
1 0.769601241402004 0.4614744601042374 0.012358292289402172 0.012999907783840015
1 0.8753911723261295 0.5243733032889988 0.011528678562330164 0.011446538178817085
1 0.6312477692313816 0.1672611081081888 0.011744126029636547 0.012353762336399243
1 0.692274985106095 0.3016112887341043 0.010862308999766474 0.01080527512923531
1 0.7595031779745349 0.35591114863105444 0.01184094470480214 0.011736087177110754
1 0.9176825646939671 0.40509208624688126 0.009538567418676912 0.008859111383402266
1 0.6421420263207477 0.5639092922210692 0.013628959655761719 0.013608994691268257
1 0.6660992166270381 0.20839136579762335 0.011132115903108017 0.012688781904137653
1 0.6747513853985331 0.05797405087429544 0.010238854781441067 0.013501296872678011
1 0.7404300440912661 0.19985720385675843 0.011626616768215015 0.010988836703093155
1 0.9293808729752249 0.46500214804773743 0.010526408319887907 0.01119015527808148
1 0.9179650182309358 0.5380085032919179 0.010968913202700407 0.011447699173637058
1 0.6694567203521729 0.4943000907483308 0.011092911595883577 0.011716853017392366
1 0.659791086031043 0.5047160127888555 0.011357037917427395 0.012140211851700493
1 0.7071106952169667 0.29725966246231744 0.011473116667374321 0.011831366497537365
1 0.6769476766171663 0.6659832000732422 0.011098612909731657 0.011255264282226562
1 0.8116599787836489 0.5447387487991996 0.011390271394149117 0.011556832686714504
1 0.9123716976331628 0.5811807280001433 0.010420965111773949 0.010895086371380348
1 0.8750933356907056 0.3313888551100441 0.011014026144276495 0.010902447545010109
1 0.665061681166939 0.7614533382913341 0.011919311855150305 0.012738518092943274
1 0.6675537358159604 0.3344882778499438 0.013176378996475883 0.013565581777821417
1 0.6777055989141049 0.651439563087795 0.014987862628439198 0.01103761921758237
1 0.8680434848951257 0.4130917683891628 0.012008501135784645 0.011635044346684996
1 0.7568312935207202 0.7267407956330674 0.00959039771038553 0.009432087773862093
1 0.7706856312959092 0.34577917080858467 0.011379200479258661 0.011768671481505684
1 0.7845619035803754 0.651550230772599 0.012280505636463995 0.012208565421726391
1 0.8942795629086701 0.8108526312786601 0.012152962062669836 0.011839493461277172
1 0.8678363302479619 0.5487568378448487 0.010709016219429348 0.011459371317987856
1 0.9155047250830609 0.2176890269569729 0.010112803915272589 0.01086203948311184
1 0.8614619918491531 0.5081407090891963 0.011633375416631285 0.011309831038765285
1 0.8830134557641071 0.564411681631337 0.010931636976159138 0.010558294213336449
1 0.6330806068752124 0.4083539921304454 0.01663282643193784 0.017230199730914574
1 0.6661264585412067 0.8353233337402344 0.010533042576002039 0.010494149249532948
1 0.8173081563866657 0.3946031487506369 0.012112285779870075 0.012277188508406929
1 0.7085352358610733 0.36258038230564277 0.011682261591372282 0.011640134065047554
1 0.7773966374604597 0.5913014826567277 0.012604464655337126 0.012680261031441067
1 0.7622243425120478 0.10504379479781441 0.010974510856296704 0.0115387543388035
1 0.6465458973594334 0.7409314901932426 0.011217220969822094 0.011563466942828636
1 0.9093942020250403 0.47784029919168225 0.010838840318762737 0.01089875594429348
1 0.8005729965541672 0.33487584279931115 0.012052909187648609 0.011857841325842815
1 0.7231070269709048 0.09163571181504623 0.010172843933105469 0.01094959611478059
1 0.9276029752648394 0.6847935344861901 0.01136340265688689 0.01216726717741593
1 0.8771281864332117 0.8377061097518258 0.012676239013671875 0.012904789136803669
1 0.8804576707922894 0.505633312722911 0.011453213899031929 0.012735947318699047
1 0.7397839297419009 0.602352992348049 0.012138159378715183 0.011977942093558933
1 0.6527620191159456 0.6382197297137716 0.011086298071819801 0.011002706444781761
1 0.7900770436162534 0.492117218349291 0.012786533521569294 0.012254051540208899
1 0.677405772001847 0.5969714703767197 0.012157688970151155 0.012196084727411684
1 0.7527880046678626 0.46631421213564667 0.01211473216181216 0.014182256615680199
1 0.8009416746056598 0.58793016102003 0.010601375413977581 0.01085725037947945
1 0.6902621725331182 0.271328065706336 0.009849133698836617 0.010177218395730724
1 0.6252331733703613 0.7056271096934443 0.012064933776855469 0.012442049772843071
1 0.6406449545984683 0.5505014709804369 0.01292326139367145 0.018500701240871265
1 0.6480488051538883 0.41656908781632135 0.012299724247144617 0.012068043584408968
1 0.7082134122433871 0.4743922171385392 0.010785766269849695 0.011134147644042969
1 0.7394468887992527 0.6992856730585513 0.009760400523310122 0.009769854338272758
1 0.6568400756172512 0.2774866663891336 0.011223005211871605 0.01117637883061948
1 0.7275779972905698 0.013563580487085425 0.011593777200450068 0.011538981095604275
1 0.6590219269628109 0.25950673352117126 0.010840229366136633 0.012965223063593325
1 0.7934644533240277 0.5538735389709472 0.01204407733419667 0.012459091518236242
1 0.7740171473959218 0.5024410330730936 0.011174865390943445 0.011511263640030571
1 0.8285218943720278 0.5872525754182236 0.019194561502207882 0.013470981432043987
1 0.8402924123017685 0.5987886656885562 0.010886855747388758 0.011415212050728176
1 0.7845672109852666 0.350550537524016 0.011905670166015625 0.012690564860468325
1 0.6739714456641156 0.3555030796838843 0.010012460791546364 0.011403130448382835
1 0.817294514697531 0.6384850792262866 0.010535986527152683 0.01112042302670686
1 0.7963905956434167 0.4117375171702842 0.01136916616688604 0.011852031168730362
1 0.7130512569261634 0.6389800569285518 0.011582250180451767 0.011809597844662874
1 0.9280540424844494 0.3877183406249337 0.010284216507621433 0.010232966879139776
1 0.6917859782343325 0.44696976827538537 0.011110057001528532 0.01132822036743164
1 0.7058331448098888 0.6184410841568656 0.011012284652046535 0.012073599773904552
1 0.8469694179037341 0.6219951380854067 0.011245934859566067 0.011547088623046875
1 0.6704573112985364 0.5350327699080758 0.01127556095952573 0.012226187664529552
1 0.7028453868368396 0.6303604167440663 0.011443055194357166 0.013232231140136719
1 0.7877090495565663 0.6377617483553679 0.011102469071097996 0.011505645254383917
1 0.7747461484826129 0.6986924047055451 0.010091615759808083 0.00956452411154042
1 0.8470638731251592 0.7053692859152089 0.010283636010211449 0.010059688402258831
1 0.9131481543831204 0.41925500268521515 0.009762763977050781 0.010267579037210216
1 0.6833968577177627 0.5546171146890392 0.011457816414211109 0.012512994849163551
1 0.7353940839352815 0.4523984608442887 0.010973018148671026 0.011071754538494606
1 0.7295558763586958 0.22658219544783884 0.010567374851392664 0.010717765144679859
1 0.7375377984254832 0.39233272122907736 0.009339124762610247 0.01036158550125277
1 0.6586766242980957 0.4405493321626083 0.011387078658394192 0.012053240900454313
1 0.8757392634516177 0.6727915639462679 0.011182453321373981 0.013167256894318954
1 0.7365612983703614 0.5861290952433711 0.011159606601880945 0.01100301742553711
1 0.8703719843988833 0.8232329824696417 0.012945175170898438 0.012953219206436821
1 0.6655407470205554 0.5974812196648639 0.010963087496550186 0.011214857516081436
1 0.9202325655066449 0.3022344527037247 0.010373903357464333 0.01037056549735691
1 0.648095358972964 0.06338318016218103 0.01065664706022843 0.011032083760137144
1 0.90690220957217 0.2943784568620765 0.010048700415569801 0.010012149810791016
1 0.7081286388894786 0.2303862468056057 0.00982466987941576 0.010643150495446247
1 0.8470887101214865 0.5307056592858356 0.011408888775369396 0.012298749840777855
1 0.754854430323062 0.34068577185921045 0.011785216953443445 0.01307696881501571
1 0.8398894019748853 0.34876997574515967 0.012777826060419497 0.012008086494777515
1 0.6752607096796451 0.31571077263873554 0.011770911838697351 0.01119783650273862
1 0.6503150152123492 0.520591860232146 0.012305840201999829 0.022188767142917797
1 0.6670219794563625 0.24835976310398267 0.010732609292735224 0.011554800945779552
1 0.8281884815381921 0.3092693660570227 0.011591952780018682 0.012241861094599184
1 0.6621989374575408 0.21710163614024286 0.01114331121030061 0.01230596459430197
1 0.7316076237222424 0.7245197088822074 0.009763427402662195 0.009600805199664572
1 0.8614344389542288 0.8397359433381455 0.012761820917544157 0.013003971265709919
1 0.644830382388571 0.4921464298082434 0.011252092278521995 0.012061119079589844
1 0.8318148695904276 0.4608751587245775 0.010888431383215862 0.011253522789996605
1 0.6500077662260637 0.79021984597911 0.010587319083835766 0.011878138003141983
1 0.9270902301954187 0.842910559281059 0.011498078056003735 0.012324540511421535
1 0.8630329422328784 0.6741356642349906 0.010535654814346977 0.010945278665293818
1 0.9237939585810122 0.7303873974344006 0.01128022567085598 0.012410039487092392
1 0.9256044678066089 0.551324056542438 0.011525983395783798 0.011922089949898098
1 0.8565991235815961 0.5230114770972211 0.011401010596233864 0.011178182519000511
1 0.7107485066289486 0.07657024134760318 0.011083354120669157 0.010688377463299294
1 0.7833108072695525 0.6844138062518574 0.010355161583941917 0.010683349941087805
1 0.8139924381090247 0.7325097166973613 0.009510413460109545 0.008864485699197521
1 0.6835029850835386 0.6352527245231296 0.011075641797936481 0.011419669441554859
1 0.6772405790246051 0.41763946284418524 0.012551929639733356 0.012616572172745415
1 0.657349617584892 0.177240921103436 0.01168004326198412 0.013323846070662788
1 0.8793034346207328 0.8673540198284647 0.011927646139393682 0.012772767440132473
1 0.6740757278774094 0.168185223703799 0.01029731916344684 0.011094217715056046
1 0.7033249398936396 0.2434987503549327 0.009977589482846468 0.010464564613674
1 0.8773322727369226 0.4333375640537429 0.010844023331351902 0.011382517607315727
1 0.7532937837683638 0.14100465048914368 0.010824452275815218 0.011651153149812118
1 0.9199816662332286 0.832212323727815 0.011868684188179348 0.012247085571289062
1 0.7337020583774734 0.11621955684993578 0.011494138966435972 0.01054580315299656
1 0.5854099315145741 0.032431965288908585 0.011890369912852411 0.013107061386108398
1 0.8793191287828528 0.35940072977024584 0.01203018686045771 0.013187198535255764
1 0.8411863160340866 0.4764785409463383 0.010465787638828543 0.010394540979052062
1 0.7275407210640285 0.7766841183538022 0.009298075800356657 0.008934808814007303
1 0.7393885488095491 0.8223953661711321 0.011274337768554688 0.01316908131475034
1 0.8891005723372751 0.34551991004010907 0.010456748630689539 0.011060855958772741
1 0.6415553507597549 0.7280110276263693 0.011463538460109546 0.012608942778214165
1 0.7036250777866531 0.46061407483142347 0.010900124259617016 0.010838228723277216
1 0.646902602651845 0.26439596259075665 0.010161814482315727 0.010799905528192934
1 0.7601470532624617 0.09106297337490578 0.011516156403914742 0.011817450108735458
1 0.7245246016460917 0.4697829588599827 0.010932963827381964 0.010749744332355003
1 0.7988958151444144 0.6247548953346584 0.010995906332264776 0.011096353116242783
1 0.6428159423496413 0.16204290804655655 0.012038313824197521 0.01332581561544667
1 0.8112340595411217 0.5270040138908054 0.011750511501146399 0.011852305868397589
1 0.9173565118209176 0.33506238687297574 0.018290022145146908 0.01288458121859509
1 0.675357030785602 0.3731472181237262 0.011280806168265965 0.01090978539508322
1 0.6783565230991528 0.2886988702027694 0.013542216757069464 0.021149448726488197
1 0.7600229926731275 0.4332982405372288 0.010770963585895042 0.011220320411350414
1 0.8374251282733419 0.49016336772752844 0.011199412138565727 0.010985872019892153
1 0.7001521276391071 0.3987874984741211 0.010530430337657099 0.010898673016092052
1 0.6891715837561566 0.23379563248675805 0.010103225708007812 0.010345811429231064
1 0.8079053629999575 0.611010333766108 0.012557485829228941 0.012308099995488707
1 0.6348238198653512 0.382114114968673 0.012326821036960766 0.012001628461091415
1 0.7543265508568805 0.4175046837848166 0.011758597000785496 0.011652490367060122
1 0.671215938485187 0.5167148113250731 0.014036074928615406 0.012411967567775562
1 0.6580611311871073 0.7292298234027363 0.012035825978154722 0.010759478029997452
1 0.7164837173793628 0.22005131970281183 0.010121179663616676 0.010840270830237347
1 0.8191035312155018 0.7026244661082391 0.009343105813731318 0.009512320808742357
1 0.6832124668618907 0.471105694770813 0.011090278625488281 0.012073838192483654
1 0.8275628504545791 0.5655191462972889 0.010905017023501188 0.011502431786578636
1 0.6890465694925061 0.4093334830325583 0.01035333716351053 0.010311551716016687
1 0.8590432249981426 0.4452210975729901 0.010503395743992016 0.011076336321623428
1 0.8584792095681896 0.31199676057566766 0.009654832922894022 0.010299164315928583
1 0.7467224494270656 0.4947086728137473 0.011085800502611242 0.011086691980776579
1 0.7425186945044477 0.5136359981868578 0.010699520940366 0.011360396509585173
1 0.8700857784437097 0.4499031305313111 0.011217075845469599 0.011591050935828167
1 0.8690827411154042 0.23736315188200577 0.009426365727963655 0.010588645935058594
1 0.6740467859351117 0.191915978556094 0.010555391726286514 0.013185563294783882
1 0.7264040864032246 0.7905339572740637 0.009086899135423742 0.0093084832896357
1 0.7362482651420261 0.4663784141125886 0.011511844137440557 0.011491018792857294
1 0.7105243931645934 0.1808432910753333 0.009142585422681726 0.009468120077381964
1 0.7626499922379203 0.5318704584370488 0.011123159657353941 0.010759042656939964
1 0.6426396991895593 0.44186857990596606 0.013370016346807066 0.015977372293886932
1 0.7974087051723315 0.42626073567763617 0.010949715324070141 0.011599323023920473
1 0.9199636293494183 0.23334004568017047 0.010732816613238792 0.010232116865075153
1 0.9055643081665039 0.698980248492697 0.011947217194930367 0.011317709217900816
1 0.6885059190833052 0.36946645767792413 0.011413988859757133 0.012733775636424189
1 0.854335349539052 0.6896553039550781 0.011485182720681896 0.01115616508152174
1 0.673514635666557 0.13796417609505032 0.012392666028893513 0.01112923414810844
1 0.887482332146686 0.42543965837229847 0.009991645812988281 0.010301610697870668
1 0.6900507678156313 0.6457748931387195 0.011011165121327276 0.011051779207975967
1 0.900326272715693 0.6780689073645552 0.010844686756963316 0.014789995939835258
1 0.7913438548212467 0.7607461887857189 0.010609336521314539 0.010453224182128906
1 0.8579810391301693 0.5865304366402004 0.011357224505880604 0.01181818091351053
1 0.709349839583687 0.11362711761308752 0.00957414378290591 0.009745504545128864
1 0.7297284499458645 0.18643435187961743 0.01119232177734375 0.012557485829228941
1 0.7936655956765881 0.66367012521495 0.011322850766389267 0.011230634606402855
1 0.7858825559201448 0.4574664364690366 0.010987862296726391 0.011331682619841202
1 0.6969411891439686 0.26270275530607806 0.009351605954377548 0.010121345520019531
1 0.7165543929390286 0.6771754181903343 0.011224249134893003 0.01104135098664657
1 0.8450412750244141 0.581805477971616 0.010691020799719769 0.011189502218495245
1 0.7317773155544116 0.6711657358252485 0.010025604911472485 0.009933264359183933
1 0.8959564946218204 0.833857304870457 0.009557556318625678 0.008452242824091781
1 0.9206099302872367 0.3788588928139728 0.010080835093622622 0.010958785596101181
1 0.7913343595421831 0.5806124314017918 0.01206696551779042 0.01293107737665591
1 0.8633025210836659 0.3409268311832262 0.009959262350331182 0.010052152301954187
1 0.8133780852608059 0.4681996677232826 0.012418746948242188 0.012489526168159817
1 0.7100218277391687 0.7472507545116955 0.008836870193575522 0.008229775200364999
1 0.8855411073435908 0.40638025428937824 0.0101617315541143 0.011052038358605427
1 0.8744553897691809 0.3831493310306383 0.011665551558784817 0.015618402024973993
1 0.6968025968382382 0.5902689474377858 0.008886334378457702 0.010395208271191496
1 0.8263955945553987 0.6003212203150209 0.011015643244204313 0.01082530228987984
1 0.7192972224691639 0.12972825506459112 0.01038422791854195 0.01066608014314071
1 0.7657471325086511 0.761143041693646 0.009599063707434612 0.00946870057479195
1 0.6354201358297596 0.25633828536323877 0.011293825895889946 0.015531415524690048
1 0.8104377829510233 0.4931656174037768 0.01113816966181216 0.011827593264372452
1 0.9130030720750856 0.8086225662776546 0.008980749876870833 0.009904361336308475
1 0.6584348885909371 0.11899034873298975 0.010629695394764776 0.011529611504596214
1 0.8364893457163936 0.6295639328334642 0.011026216589886208 0.011733055114746094
1 0.8655854930048403 0.5977080386617909 0.011595518692680027 0.011394251947817595
1 0.7401155800198193 0.5692510723610148 0.010173879872355154 0.010893922358261823
1 0.7286168388698411 0.7524662432463274 0.011714023092518682 0.01103649968686311
1 0.8976748300635298 0.3036520999410878 0.009455763775369396 0.009809825731360394
1 0.7543645527051843 0.8084103957466457 0.010612570721170177 0.009666608727496603
1 0.7641341582588527 0.03535307490307352 0.011592616205630095 0.011700231096018915
1 0.7098623773326044 0.8159644500068997 0.009908095650050951 0.009592222130816916
1 0.6984476006549336 0.12056316500124722 0.009749951569930367 0.009617494500201681
1 0.7393861024276072 0.3392303631357525 0.012211675229279892 0.011555937321289726
1 0.8826886052670686 0.6531498846800432 0.01217750881029212 0.011983062909997028
1 0.7060679560122283 0.269004780313243 0.009718272996985394 0.010509242182192595
1 0.6671417899753735 0.44520341831704846 0.011159233424974524 0.011185749717380688
1 0.7265523205632749 0.5754247333692468 0.011477802110754925 0.011487794959026833
1 0.7036893056786577 0.34832713655803516 0.010681442592454992 0.010652593944383703
1 0.6451989464137864 0.6707513850668202 0.012779069983440895 0.01299074421758237
1 0.7998615347820781 0.399169253266376 0.011745701665463655 0.011496264001597528
1 0.7198058003964631 0.6223807542220406 0.011693539826766304 0.012013476827870245
1 0.6743061438850735 0.1826576875603717 0.0096594354380732 0.010103951329770296
1 0.6498214472895083 0.18797945976257324 0.011676290760869566 0.01369308388751486
1 0.7844981939896293 0.7323351735654084 0.009580985359523607 0.009029637212338655
1 0.6304279617641284 0.4224451987639717 0.013084370156993036 0.01676531459974206
1 0.7631399735160496 0.4045590732408606 0.01312355373216712 0.012536297673764437
1 0.7407174525053606 0.15017855685690176 0.010855674743652344 0.010014057159423828
1 0.8978197470955227 0.4711381145145582 0.010631022245987602 0.010581866554591968
1 0.7249258082845936 0.8288963981296706 0.009143539096998133 0.008860049040421196
1 0.8961820187775986 0.23019122040790063 0.011118681534476902 0.011216391687807829
1 0.6771041206691577 0.7464970505755879 0.010890960693359375 0.010841742805812671
1 0.7155797999838124 0.2505990629610808 0.009618385978367018 0.010158476622208305
1 0.6966050189474354 0.5616534067236859 0.011416227921195652 0.011509148970894192
1 0.8844693640004033 0.24157168554223105 0.010537935339886208 0.010423681010370668
1 0.7386873701344366 0.4187825037085492 0.012254341788913891 0.015310411867888077
1 0.647213541943094 0.5296828435814899 0.010564265043839165 0.011760338493015454
1 0.8428219090337338 0.4625932185546211 0.010447792384935461 0.01095171596692956
1 0.8348240023073943 0.5198430911354397 0.010769844055175781 0.010878625123397163
1 0.814794975778331 0.37411917810854706 0.01148534857708475 0.013906313025433083
1 0.6949914849322774 0.46976724914882495 0.010958961818529211 0.011915517889935036
1 0.6335172238557235 0.6855752986410389 0.010758275571076767 0.01141884015954059
1 0.92273007268491 0.6696182748545771 0.012971463410750679 0.012369736381199047
1 0.7607649512912915 0.5561703599017599 0.010962776515794836 0.011106449624766474
1 0.758119292881178 0.4804593687472136 0.010504515274711277 0.011362096537714418
1 0.647767046223516 0.6236392518748408 0.011476558187733526 0.012039723603621773
1 0.6619280317555303 0.07103989176128221 0.010822918104088825 0.011372664700383726
1 0.6738149808800737 0.6103342201398767 0.011065690413765285 0.0247723330622134
1 0.6854457025942595 0.3465836773747983 0.010974635248598845 0.01202944050664487
1 0.7292406040689221 0.643547534942627 0.011706932731296704 0.012206077575683594
1 0.7364511282547659 0.7925993670587954 0.009186661761739979 0.009068654931109884
1 0.6900268637615702 0.7799290574115254 0.00951385498046875 0.00903158602507218
1 0.8906947218853495 0.3321490459468054 0.010603655939516813 0.010737021980078323
1 0.6811441131260083 0.050231669260107956 0.0095488921455715 0.009719174841175909
1 0.9084357386050017 0.7465710639953613 0.011066768480383831 0.01063011003577191
1 0.7761039526566214 0.5451131592626157 0.011449938235075577 0.012520230334738026
1 0.9315303926882536 0.31096505082171894 0.009380464968474014 0.01051374103711999
1 0.7083271275395934 0.8458773778832477 0.009236045505689539 0.009120153344195822
1 0.7765054288117783 0.5589009678882101 0.011279064676036005 0.010850512463113537
1 0.7975033055181089 0.5159925896188488 0.012733874113663383 0.012655942336372707
1 0.8006919777911642 0.7517059782276982 0.010816408240276833 0.0101922491322393
1 0.679099580515986 0.443632519763449 0.014117697010869566 0.023674716120180878
1 0.7135506505551545 0.31387379895085876 0.012050296949303669 0.011701646058455757
1 0.8470003708549168 0.3160867691040039 0.01123411759086277 0.011192404705545177
1 0.7964460538781206 0.7231705292411472 0.009732536647630774 0.009614612745202106
1 0.7799367282701575 0.5130660015603771 0.010873172594153362 0.010883745939835258
1 0.7022038750026536 0.06364932267562202 0.01018449534540591 0.009902031525321629
1 0.8034659675929856 0.681000564409339 0.00970558498216712 0.010728131169858187
1 0.8148027710292649 0.5071067291757335 0.011118805926779041 0.011183220407237177
1 0.7033343522445016 0.325535888257234 0.010787466297978941 0.011727934298307999
1 0.905901639357857 0.5195058636043383 0.010122672371242359 0.010724046955937925
1 0.88763079435929 0.6391415803328805 0.011079456495202106 0.011136594025985054
1 0.6758057345514712 0.38972124846085265 0.010600007098654041 0.011624626491380774
1 0.6869126195492952 0.13314500062362009 0.009866714477539062 0.010150536246921704
1 0.7557274569635806 0.6541323869124703 0.011782563250997791 0.011861386506453804
1 0.903578343598739 0.7953524589538574 0.009650106015412704 0.010563767474630604
1 0.9139532420946205 0.5268801813540251 0.009573563285495924 0.010084318078082542
1 0.8751381169194761 0.6418786463530166 0.010714738265327785 0.010723653046981148
1 0.6965809075728707 0.013909049008203589 0.01119095346202021 0.01118981967801633
1 0.6829842899156653 0.031909130189729774 0.00952384782874066 0.010501278483349342
1 0.8328139470971149 0.722647998643958 0.010417647983716883 0.01067327416461447
1 0.6596728407818339 0.6671853272811227 0.010825903519340183 0.011306679767111073
1 0.7114466376926587 0.48334617200105084 0.013187159662661345 0.015638475832731827
1 0.712980664294699 0.6932812151701553 0.010690315910007641 0.011761955592943274
1 0.8141516187916631 0.6644175778264585 0.013430512469747791 0.011173787324324898
1 0.8054491333339524 0.6375708061715831 0.010870850604513416 0.01099600999251656
1 0.8314648918483567 0.7060556411743164 0.009678384532099184 0.00904257401176121
1 0.7011553515558658 0.5126708694126295 0.012419783550760021 0.01223742443582286
1 0.892305146092954 0.7913118238034456 0.012459837872049084 0.011840115422787874
1 0.9023634454478389 0.54266445533089 0.010269496751868206 0.010601188825524372
1 0.9211326889369797 0.5949729318204134 0.010479014852772589 0.010447522868280825
1 0.8588005978128185 0.49380500420280127 0.015558242797851562 0.01237655722576639
1 0.7150350238965906 0.6106489844944165 0.011100603186565895 0.01113816966181216
1 0.6892265236896019 0.8614777274753735 0.009695716526197351 0.009731043940005095
1 0.9232318090355914 0.7505410235861073 0.009583804918372112 0.010654947032099184
1 0.6460080872411313 0.07869631052017212 0.011376691901165505 0.011412750119748323
1 0.7449429138847019 0.6446512678395147 0.012609067170516304 0.013223689535389776
1 0.8144944232443104 0.6902237560438074 0.010136148203974184 0.010290601979131285
1 0.904835555864417 0.8368322952933934 0.009235340615977411 0.008817921514096468
1 0.8564155620077382 0.2649067381153936 0.008502669956373133 0.008923696435016134
1 0.9243553825046706 0.49810215701227606 0.012054111646569294 0.011681121328602667
1 0.8622503073319144 0.2522034023119056 0.009785652160644531 0.009850253229555876
1 0.7210356670877208 0.7365883122319762 0.011742135752802309 0.01203429180642833
1 0.7026646862859312 0.33628401030664856 0.010199961454971977 0.010707160700922426
1 0.683996635934581 0.3566887262074844 0.01048415640126104 0.009898846564085587
1 0.7056531076845916 0.444846422775932 0.012299164481784985 0.01128076470416525
1 0.6356272593788479 0.5849701736284338 0.01507524822069251 0.015780055004617443
1 0.9006584830906079 0.28119259295256244 0.009319305419921875 0.010228861933169157
1 0.7692584576814072 0.42613725040269934 0.010935576065726902 0.01135761841483738
1 0.7858228268830671 0.6132677948993185 0.013569873312245245 0.019917902739151665
1 0.7125178420025368 0.786911031474238 0.009041122768236242 0.00895827749501104
1 0.8424268805462383 0.6748532419619352 0.01252182670261549 0.017775825832201088
1 0.6396431300951086 0.3397146515224291 0.010994372160538383 0.010806747104810633
1 0.7263045725615129 0.1429814203925755 0.009481886158818785 0.009582426237023395
1 0.6324989899345066 0.707999498947807 0.011826722518257473 0.010934373606806215
1 0.7052698757337488 0.04250805403875268 0.012900435406228771 0.015135482601497486
1 0.6849226951599122 0.6244709284409232 0.010059066440748133 0.010751620582912281
1 0.8192835268766985 0.610067191331283 0.011471623959748642 0.011409033899721891
1 0.7155601460000743 0.04130338585895041 0.009741783142089844 0.010258539863254711
1 0.8299415837163511 0.36498044884723163 0.012689424597698708 0.013580488122027855
1 0.6379617089810579 0.07022163919780565 0.011083499245021656 0.011432269345159117
1 0.8656983997510828 0.6515754409458328 0.011850688768469769 0.010697613591733187
1 0.7476512867471446 0.4516493600347768 0.01199104474938434 0.01262012771938158
1 0.7151429756827976 0.5515125834423563 0.0106817743052607 0.010800423829451851
1 0.6462346678194792 0.32975298911333084 0.011536618937616762 0.011965397259463434
1 0.8542429053265116 0.4527861242708952 0.011903679889181385 0.013938012330428413
1 0.7336006371871285 0.37371753609698755 0.013018525165060291 0.011607584745987602
1 0.841094970703125 0.45104078624559485 0.010915756225585938 0.011639346247134
1 0.7215575135272482 0.6647761179053265 0.010642798050590183 0.010974096215289574
1 0.6553886144057565 0.2957143887229588 0.010582488516102667 0.010664255722709324
1 0.6728978986325471 0.6888505479563837 0.010212400685185972 0.010374193606169327
1 0.759552520254384 0.614594148552936 0.013041496276855469 0.013027066769807236
1 0.733270728069803 0.05848394528679226 0.009668847788935122 0.00986003357431163
1 0.7058775113976519 0.6632420913032866 0.011794131735096807 0.011837669040845789
1 0.6782075840493907 0.8436457385187563 0.012575854425844938 0.009587122046429178
1 0.7446029289909031 0.4262136894723643 0.014880512071692425 0.015465674193009087
1 0.8882271725198497 0.312129663384479 0.009043735006581182 0.009974521139393682
1 0.8658722379933232 0.2631662824879522 0.009275892506475035 0.00904157887334409
1 0.774755975474482 0.6302773848823879 0.012553671131963316 0.012688263602878735
1 0.888892007910687 0.44800378965294874 0.011701418005901833 0.014907463737156079
1 0.7742298167684804 0.7719255944956904 0.009732661039932915 0.009503240170686142
1 0.6524092218150264 0.029948207347289372 0.010911775671917458 0.012030630008034084
1 0.7181632829749066 0.23587187476780103 0.009461610213569973 0.009964942932128906
1 0.8303327353104302 0.6908193049223526 0.008930081906525986 0.010072998378587805
1 0.7719087600708007 0.5178595314855161 0.01505005877950917 0.01250978138135827
1 0.7455506324768066 0.7505744436512822 0.009564731432043987 0.00971296559209409
1 0.8585208809894064 0.23949929942255432 0.010548550149668818 0.011730484340501867
1 0.9250827664914338 0.3557335928730343 0.011957707612410835 0.01135635116825933
1 0.7490941337917163 0.3283001845297606 0.011471623959748642 0.012282830217610235
1 0.7725947628850522 0.6045179159744926 0.012927055358886719 0.01273897419805112
1 0.6783113272293753 0.07028703585914943 0.012827624445376188 0.010528336400571077
1 0.8311474219612454 0.6635508744612985 0.010363744652789574 0.010248930557914402
1 0.7196168484895127 0.7639065618100374 0.010618624479874321 0.010432036026664402
1 0.7782945840255074 0.32998428137406066 0.012043538300887398 0.01247101244719132
1 0.665194324825121 0.37314205584318744 0.011075434477432915 0.010458365730617359
1 0.8928741786790931 0.5118590334187383 0.010723777439283289 0.01089011067929475
1 0.7519915414893109 0.5458751139433486 0.0110162237416143 0.011631385139797046
1 0.9091824033985967 0.6639333393262781 0.010942251785941746 0.012351492176885191
1 0.9155967546545941 0.43920310683872393 0.011219356371008831 0.011099753172501274
1 0.7308242839315663 0.4980822594269463 0.011261940002441406 0.012220932089764137
1 0.8976045276807703 0.6548590349114458 0.010940054188603941 0.011264821757440981
1 0.67867780768353 0.7924552585767664 0.012981166010317595 0.011479253354279892
1 0.7038150040999703 0.6458766564078953 0.011107237442680027 0.011248173921004585
1 0.8906684958416483 0.5512555578480596 0.011209985484247622 0.010836145152216372
1 0.9249022110648777 0.36951637268066406 0.011211395263671875 0.011546425197435461
1 0.6415311149928882 0.6503422778585682 0.011860640152640965 0.012303310891856318
1 0.6442911417587942 0.7084429782369862 0.010441510573677395 0.010751724243164062
1 0.8903349793475606 0.8234004974365234 0.009880770807680876 0.00964454982591712
1 0.7266607077225393 0.8189191196275794 0.009333195893660835 0.009026527404785156
1 0.810566757036292 0.6744689526765244 0.010550167249596638 0.010035307511039402
1 0.6498014512269392 0.7197344199470851 0.010816138723622198 0.011309209077254585
1 0.8425702634065049 0.5009445833123248 0.010841950126316235 0.010698795318603516
1 0.8731193749800973 0.3700999773066977 0.010592460632324219 0.01075720268747081
1 0.6323618681534476 0.6434967206872028 0.011372856471849524 0.012732132621433422
1 0.92525343272997 0.32305444291104446 0.011210856230362602 0.011219200232754583
1 0.7199752849081288 0.25880596948706586 0.011018711587657099 0.01083031944606615
1 0.9163855677065642 0.2709125124889871 0.010213934856912365 0.010004603344461193
1 0.8531476933023204 0.6338855494623599 0.010443687438964844 0.010916585507600204
1 0.7430382189543349 0.555867733314477 0.011126808498216711 0.015638309976328976
1 0.6469130723372751 0.6859047516532566 0.010773119719132133 0.010719631029211956
1 0.8487575572469959 0.5579142155854598 0.011362946551779041 0.013116960940153702
1 0.8905152237933615 0.21764296034108038 0.009690533513608187 0.01056465895279594
1 0.7225556373596191 0.8439450056656546 0.009149592855702276 0.00914490741232167
1 0.7246781224789826 0.16087549665699835 0.009852699611497961 0.009740083113960598
1 0.9082095316181023 0.6311924637550721 0.011045579495825613 0.009722901708185728
1 0.913275946907336 0.5079672308321991 0.010157170337218559 0.009414118737472535
1 0.8775304711383322 0.5543281099070674 0.010411884473717731 0.011686781178350035
1 0.7119048574696417 0.7090767570163892 0.009781713071076767 0.010431787242060122
1 0.8512205038071348 0.3464333262377407 0.008664006191887322 0.008864490314938835
1 0.8586304498755415 0.27628440442292584 0.009042366691257643 0.009582104890242867
1 0.6635279862777048 0.4170437636582748 0.011362324590268343 0.011968602304873259
1 0.7418240671572478 0.6855760657269022 0.010046585746433422 0.01015870467476223
1 0.715409983759341 0.4431662559509278 0.010739616725755774 0.011128757310950237
1 0.8779740126236626 0.4176605577054231 0.010016151096509851 0.010890276535697605
1 0.8664157701575238 0.6227125084918478 0.010352259096891983 0.010868901791779892
1 0.6968298373015029 0.7663007819134257 0.012816719386888586 0.012957531472911005
1 0.7035429374031398 0.41222890304482507 0.01090078768522843 0.010538375895956287
1 0.6871461453645127 0.8327175223309061 0.009521318518597147 0.009332822716754416
1 0.7338381642880646 0.5106507487919019 0.010039619777513586 0.010931533315907354
1 0.8479588342749556 0.42307521467623505 0.011250578838845959 0.010660658711972444
1 0.9192566457002058 0.3945981056793877 0.009924308113429857 0.011106377062590225
1 0.7454103594240935 0.6654247201007345 0.01112129377282184 0.01080595928689708
1 0.8039238349251125 0.6977212325386382 0.009806715923806896 0.009871358456818954
1 0.7628412454024606 0.07504302263259886 0.010798288428265114 0.011049566061600395
1 0.6310755688211193 0.6244435725004777 0.013474008311396059 0.013294427291206692
1 0.7633822067924169 0.3284709038941756 0.012891852337381115 0.012312370797862177
1 0.6893198593803074 0.0870182410530422 0.009731624437415081 0.009446641673212465
1 0.7278978513634723 0.04295898779578831 0.010874126268469769 0.01150103755619215
1 0.8238523317419966 0.5156745910644531 0.01151715154233186 0.010953986126443615
1 0.8636232044385828 0.22093401784482208 0.00980551346488621 0.010364988575810972
1 0.7560200276582136 0.742133721061375 0.009758949279785156 0.009747132011081861
1 0.6746884428936503 0.6283225598542587 0.010570318802543308 0.01112340844195822
1 0.8732647273851477 0.25192384097887116 0.010081747303838316 0.009671480759330418
1 0.8935692413993505 0.39675742387771606 0.010601458342179008 0.010638812313909117
1 0.9211562807251975 0.47718950373372165 0.009653627893797487 0.011429899011953248
1 0.6778222581614619 0.45193433761596685 0.011351668316385021 0.011766765428626019
1 0.6944923400878907 0.8165561427240787 0.012806602146314539 0.01146971661111583
1 0.8910441191300101 0.538874802382096 0.011110554570737093 0.0110845773116402
1 0.6935464610224185 0.6980324206144914 0.011736496635105297 0.013844282730765965
1 0.7214961051940918 0.3813893976418869 0.012036904044773266 0.011971292288407036
1 0.6533252467279849 0.7613790760869565 0.01336669921875 0.012299910835597828
1 0.6956180489581564 0.5240937834200651 0.010903814564580503 0.010217728822127632
1 0.800778285316799 0.7107554725978686 0.009656781735627548 0.010137392126995583
1 0.766724337702212 0.47722865187603497 0.013112773065981657 0.012318714805271313
1 0.7376486736795177 0.13507145384083624 0.010582467784052309 0.010322073231572691
1 0.7477658105933148 0.7832140300584876 0.008923862291418987 0.008801667586616848
1 0.6475108395452086 0.3773238347924274 0.011022443356721298 0.011703698531441067
1 0.6700084727743396 0.10225080925485361 0.014509325442106827 0.01343388142793075
1 0.7207473879275115 0.45715281756027887 0.011112005814262058 0.011347138363382091
1 0.651542041612708 0.6952957485033118 0.010644912719726562 0.009918544603430706
1 0.7580903716709304 0.7731829726177715 0.009578414585279383 0.009219750114109205
1 0.8516666370889415 0.3374909026467282 0.009262623994246773 0.0109405271385027
1 0.7042016568391218 0.8707647738249407 0.011696193529211956 0.010698898978855297
1 0.7382172086964482 0.7120677491892939 0.010304036347762398 0.009616810342539911
1 0.7534518449202828 0.6957654331041419 0.011663768602454144 0.011298179626464844
1 0.648188248924587 0.28810645186382794 0.01026147344838018 0.012533457382865574
1 0.6753298510675845 0.8100963675457499 0.00960652724556301 0.01025025740913723
1 0.6598247859788977 0.746799655582594 0.011531829833984375 0.013818035955014437
1 0.903017002603282 0.6235735001771346 0.010490334552267323 0.011272077975065811
1 0.8483431235603665 0.6611006674559221 0.010805088540782099 0.011278131733769957
1 0.7371598948603091 0.7390916243843411 0.009725073109502378 0.010057117628014606
1 0.671973705291748 0.87140066727348 0.01229406439739725 0.01215462062669837
1 0.7217823733454165 0.601306438446045 0.01101058462391729 0.01052230337391729
1 0.7327330216117527 0.8085656580717668 0.009042491083559782 0.008669687354046366
1 0.7289433271988578 0.21371640329775604 0.01101759205693784 0.012510050898012907
1 0.8921086269876233 0.5262377780416737 0.011855001034943954 0.011538132377292797
1 0.6574289798736571 0.816138329713241 0.010643772456956946 0.0105011566825535
1 0.8024092549863069 0.3850141608196756 0.013891054236370583 0.014635500700577446
1 0.7501885579979938 0.6768989355667777 0.01160982380742612 0.013306120167607847
1 0.8277559073075004 0.4176035652989927 0.011188963185185972 0.01083442439203677
1 0.7177794912587041 0.5369253573210344 0.010772290437117867 0.011904094530188519
1 0.667554990105007 0.863650425620701 0.010163244993790337 0.010313656019127888
1 0.9327900927999744 0.4790099392766538 0.009654335353685461 0.01150649526844854
1 0.655792982681938 0.3456111323574315 0.011795873227326767 0.01146470852520155
1 0.7030484158059825 0.8320209461709728 0.009291773257048233 0.00926859482474949
1 0.605594655741816 0.034964948892593384 0.011392137278681215 0.011325942433398704
1 0.9136538505554199 0.6186762063399606 0.010104925736137058 0.011185065559718921
1 0.7548466765362284 0.7099314565243928 0.010173341502314028 0.009563446044921875
1 0.7646245541779892 0.7888425536777663 0.011126476785411005 0.010499746903129246
1 0.684800210206405 0.5858541156934656 0.011379863904870075 0.011623921601668648
1 0.7315174185711405 0.5440551612688147 0.012403322302776833 0.012862848198932152
1 0.6994973472926926 0.7914674800375233 0.008400460948114809 0.008794494297193445
1 0.7332737342171047 0.8354445747707202 0.009252589681874151 0.008320269377335258
1 0.9274643193120542 0.7107212232506793 0.009690906690514606 0.01027754078740659
1 0.89507241871046 0.31823020396025287 0.009990650674571161 0.010289959285570227
1 0.7143077435700789 0.8364801614180857 0.00849715523097826 0.008795821148416271
1 0.638364895530369 0.6955976900847063 0.0109551885853643 0.010284838469132133
1 0.8144764277831462 0.413669104679234 0.0093693934732214 0.0080130440423875
1 0.8978597599527112 0.576684972514277 0.011267910832944124 0.011732806330141813
1 0.7205654227215311 0.7138177000957987 0.011363734369692595 0.012274576270061989
1 0.7775130479232125 0.573748723320339 0.01368315323539402 0.014707129934559698
1 0.7270639461019764 0.24525655870852264 0.010419140691342562 0.010307083959164827
1 0.6691261685412863 0.8218060369076935 0.010049674821936565 0.010173134181810461
1 0.907185347183891 0.3789265881413999 0.010075776473335598 0.010329495305600374
1 0.7711320338041887 0.7315198234889819 0.009167754131814709 0.009901046752929688
1 0.8421517662380054 0.6489081901052723 0.010717060254967731 0.011671211408532185
1 0.9245939047440238 0.7747097430021868 0.010476692863132641 0.010047580884850544
1 0.656223380047342 0.33244435683540674 0.011205922002377718 0.011962600376295008
1 0.6755055344623068 0.4396089522734933 0.007684583249299422 0.009947911552760912
1 0.6837646857551907 0.8769055656764817 0.011935234069824219 0.011175487352454144
1 0.7799817790155825 0.6697994107785432 0.012714717699133831 0.012267361516537874
1 0.7911624701126762 0.6970336748206097 0.009706538656483526 0.010211944580078125
1 0.9272369094516919 0.8842075389364491 0.00981351603632388 0.009744685629139776
1 0.687196151069973 0.25547590463057807 0.009743400242017664 0.009771118993344515
1 0.7185720775438392 0.6533753768257472 0.01125775212826936 0.01123784935992697
1 0.9287975352743396 0.8599241090857465 0.009510579316512398 0.010057117628014606
1 0.77877546393353 0.5274588543435802 0.009736019632090693 0.010958049608313519
1 0.9194534550542417 0.4618210429730623 0.00994010593580163 0.011005100996597954
1 0.671475140944771 0.02160603326299916 0.010372369185737942 0.010471328445102856
1 0.8112415438113004 0.6261586935623832 0.01065075915792714 0.011175860529360563
1 0.6547510312951129 0.5838768482208252 0.012571583623471468 0.012181053990903109
1 0.9209914000137992 0.2598732969035273 0.011165287183678669 0.010686107303785242
1 0.6420303220334261 0.578472085621046 0.01128549161164657 0.012451648712158203
1 0.9173558276632557 0.7158920039301333 0.010253574537194294 0.011495258497155231
1 0.8892778313678242 0.28567902938179346 0.009309105251146399 0.009266189906908117
1 0.9312911448271379 0.7851533682450004 0.009220579396123472 0.009531062582264776
1 0.7500252931014353 0.578405297320822 0.010544652524201767 0.01078895900560462
1 0.7117769407189409 0.10247555504674496 0.012133639791737432 0.01188256429589313
1 0.7692039738530699 0.7458909698154614 0.009808415951936142 0.00981592095416525
1 0.6390489702639373 0.28094920904740045 0.011081737020741339 0.012302460877791695
1 0.9282443212426226 0.27119198052779486 0.009948771932850714 0.010994558748991592
1 0.9297866406648054 0.7635893614395806 0.009568753449813179 0.009695882382600204
1 0.876293016516644 0.3072212260702382 0.00991132984990659 0.009544082309888758
1 0.7028393952742867 0.7185255548228388 0.012007340140964672 0.012936882350755774
1 0.748343094535496 0.48279457506926166 0.01135328541631284 0.011915165445078974
1 0.8082335928212039 0.7414936604707136 0.008954338405443274 0.009000819662342901
1 0.8801047076349673 0.3750339331834213 0.009810447692871094 0.010432336641394573
1 0.8333668708801268 0.5088714620341426 0.009815340456755264 0.011466627535612686
1 0.6817578440127164 0.11932134109994641 0.009486488673997961 0.010155294252478558
1 0.8282334700874661 0.679503461588984 0.00905708644701087 0.009606693101965862
1 0.8111570399740466 0.714890189792799 0.009796349898628567 0.010009599768597145
1 0.6547835598821226 0.09459257125854492 0.012452125549316406 0.011115530262822691
1 0.787184300629989 0.7468607322029446 0.01496961842412534 0.010550333105999489
1 0.6867703562197478 0.3980186374291129 0.010889053344726562 0.01081846589627473
1 0.6628941453021505 0.7817593450131624 0.010280567666758661 0.011022567749023438
1 0.6912246165068252 0.6898558243461277 0.010803429976753567 0.010060683540675953
1 0.6005361494810685 0.02662087005117665 0.010360448256782864 0.011520390925200089
1 0.7021969919619354 0.13692539671193 0.010214515354322351 0.011242265286652939
1 0.6326492351034413 0.5131840913192086 0.01214388142461362 0.01330242986264436
1 0.9329420379970386 0.508126341778299 0.009330459263013758 0.011077383290166441
1 0.9047203893246857 0.6458586402561355 0.010073786196501358 0.01048353443975034
1 0.7639955023060674 0.5460030928902004 0.010936654132345448 0.01131074324898098
1 0.7131569074547808 0.5250589329263439 0.013463061788807745 0.012869586115298063
1 0.729724987693455 0.4409311439680017 0.011049395022184952 0.01048135757446289
1 0.8789327870244565 0.2631865273351255 0.010279862777046535 0.011070520981498386
1 0.6949169946753462 0.22356122473011847 0.010137267734693445 0.010282516479492188
1 0.7263955240664275 0.6981722168300464 0.010703625886336617 0.011245354362156079
1 0.6677718369857126 0.2905238503995149 0.010727011639138927 0.010769325753916864
1 0.7754637884057086 0.7119607303453528 0.00980928669805112 0.009873307269552479
1 0.7317249878593113 0.10508319087650467 0.009870860887610394 0.01029826247173807
1 0.8418572467306386 0.6960722467173701 0.009497518124787704 0.009482259335725204
1 0.7473034236742103 0.7689675662828528 0.008615742559018343 0.008677316748577616
1 0.933170691780422 0.7208738119705863 0.008580083432404892 0.010174419568932575
1 0.6532318488411282 0.020380940126336143 0.009463807810907778 0.01058358213175898
1 0.6770647712375806 0.7709555211274521 0.011707222980001698 0.011159523673679516
1 0.6709443382594895 0.03529769311780515 0.011007806529169497 0.010656945083452307
1 0.6589756426603899 0.014110871955104498 0.011965461399244226 0.012037692510563393
1 0.7083676586980404 0.16354636524034583 0.009073962336001188 0.008907131526781164
1 0.9018842655679454 0.6873173506363578 0.010796878648840862 0.010247189065684443
1 0.685607557711394 0.6097673436869746 0.012227058410644531 0.01204749812250552
1 0.8290439066679582 0.40928061112113623 0.011806114860202954 0.013224145640497622
1 0.6908416748046875 0.1708527025969132 0.008865024732506794 0.00908685767132303
1 0.9323672833650007 0.6480974943741507 0.009471893310546875 0.010802393374235733
1 0.9231578163478686 0.5149335446565048 0.010023531706436821 0.010387171869692595
1 0.6619329245194144 0.7939812618753186 0.010424779809039574 0.009817538054093071
1 0.8659775982732357 0.2957741799561874 0.008848314699919327 0.009620189666748047
1 0.9300679331240447 0.5222944176715353 0.009941681571628736 0.010353171307107677
1 0.7641680344291355 0.6701911843341329 0.013591766357421875 0.013074377308721128
1 0.671170649321183 0.7814957369928774 0.009840592094089674 0.010009309519892153
1 0.9234328684599504 0.6261731748995575 0.01068276944367782 0.010799262834631878
1 0.9320393023283586 0.4520537127619204 0.009535084600033968 0.010110398997431215
1 0.9331108383510425 0.6964288172514543 0.009017654087232508 0.010231971740722656
1 0.9311782795449963 0.6051357725392217 0.009120567985202955 0.012298874233079992
1 0.7485252255978792 0.01573378657517226 0.012826878091563349 0.013414454848869987
1 0.8896306079366932 0.8589721347974695 0.00936027195142663 0.01016260230022928
1 0.7002310130907142 0.03808729544929836 0.009731375652810802 0.010013393733812414
1 0.8637118754179582 0.6122974520144255 0.011229183362877888 0.010787922403086786
1 0.8368866547294285 0.6441598145858102 0.011270523071289062 0.012661850970724354
1 0.9031326667122218 0.25465910331062647 0.01089340707530146 0.009969690571660582
1 0.8728500034498132 0.5750928754391879 0.01239378555961277 0.012191482212232508
1 0.7277907288592794 0.6870566243710725 0.011156869971233864 0.010278121284816578
1 0.9327809499657672 0.5617839253467062 0.01011446247930112 0.011073133219843325
1 0.933878215209123 0.7527402219570366 0.00590237144844323 0.008080058511407464
1 0.9008330676866615 0.4268099069595337 0.009658606156058933 0.011023034220156462
1 0.912923066512398 0.2821861764659052 0.010222974030867867 0.010239891383958899
1 0.7700531171715778 0.6857417355413021 0.010626419730808422 0.009825457697329313
1 0.6653271136076555 0.3611131686231364 0.011356768400772758 0.010960965052894924
1 0.6839403691499129 0.7648584531701129 0.009238408959430197 0.009194083835767664
1 0.6692967829496965 0.26533612997635553 0.009911785955014437 0.010839565940525219
1 0.7513550053472104 0.061319537784742265 0.010586697122325068 0.010606413302214249
1 0.6341198008993397 0.6315843333368716 0.012124559153681215 0.012529621953549593
1 0.6900044731471848 0.7363313177357549 0.008803740791652514 0.008871824845023777
1 0.7053104898203975 0.7984913121099058 0.008977972942849865 0.008521453193996264
1 0.8940736518528912 0.871599174110964 0.009195907592929157 0.009193539713098968
1 0.6550742957902991 0.37047914577567065 0.010076916736105213 0.010327437649602476
1 0.6927153338556704 0.7555107241091521 0.009960713593856148 0.009235008903171705
1 0.8424312550088634 0.43609594262164564 0.013776903567106827 0.010385575501815132
1 0.9097969221032184 0.2561397345169731 0.008943060170049253 0.009997409322987432
1 0.7423012157107497 0.029638917950497078 0.007592282668750625 0.009648548613781671
1 0.8393700433814009 0.5691067757813826 0.011546964230744736 0.011787310890529468
1 0.9293218488278597 0.8997463143390158 0.010450238766877548 0.012479616248089333
1 0.7425085772638735 0.7785200450731361 0.0134283563365107 0.01174951636272928
1 0.706949586453645 0.7317591542782991 0.009112192236858866 0.008990660957668139
1 0.6547088822076477 0.04343521441744962 0.007667581309831398 0.00871971590944468
1 0.9044961929321288 0.779692670573359 0.009493952212126358 0.009902912637461786
1 0.7381680322730023 0.7642199267511783 0.009100914001464844 0.009107299472974695
1 0.749778291453486 0.3192189465398374 0.010889219201129417 0.012114898018215015
1 0.6666954496632451 0.27961799372797425 0.010068105614703636 0.010770300160283628
1 0.7034183585125467 0.42470289313274884 0.010934995568316917 0.01348313041355299
1 0.9064669609069824 0.3937770309655563 0.0160301457280698 0.011404737182285473
1 0.7014866911846659 0.1736909358397774 0.009389918783436651 0.009502545646999193
1 0.9318444832511568 0.535043363985808 0.01002340731413468 0.010668754577636719
1 0.8939107813212886 0.35575160918868476 0.00988106080765777 0.01020977063407984
1 0.7780944368113641 0.7569391831107762 0.009104479914126188 0.01001175590183424
1 0.65453026605689 0.8037913156592329 0.011196115742559019 0.011937224346658459
1 0.7389899129452913 0.38033011166945746 0.011001918626868206 0.012644508610601011
1 0.6619199984176511 0.5384843457358164 0.009133855737121261 0.007528582579014275
1 0.8577003259247051 0.43513255312542753 0.00783186124776931 0.009196596842296885
1 0.6516306711279828 0.30707339618517004 0.011649297631305199 0.012384393940801207
1 0.8226637840270996 0.6236937046051025 0.01088950944983441 0.013685661813487177
1 0.6931078952291737 0.07538808428722879 0.009369062340777853 0.009392271871152132
1 0.6520322716754415 0.3561789056529169 0.012717868970788044 0.01185508396314538
1 0.7162582770637844 0.1540853925373243 0.009665655053180197 0.009210078612617825
1 0.6544511729116883 0.5364554010829821 0.010316578492049868 0.010595649126946409
1 0.9331315911334493 0.3395245800847593 0.008622128030528193 0.011404452116593071
1 0.7282087491906207 0.06810226906900821 0.009911993275518003 0.010355311891307001
1 0.8371506773907207 0.6825907541357954 0.00926171178403108 0.00989520031472911
1 0.9071913594784944 0.2292341874993366 0.010498461516007133 0.00935021690700365
1 0.7877400232397992 0.5336598624353823 0.010709969893745754 0.01077048674873684
1 0.7719165345896846 0.4130292094272116 0.010613690251889437 0.011685236640598461
1 0.7879291202711023 0.7118260342141857 0.010111352671747622 0.009866133980129076
1 0.8977790708127229 0.4572230370148369 0.01058748494023862 0.010291648947674294
1 0.6640545803567638 0.34881915216860565 0.010646405427352242 0.013953001602836277
1 0.923606603041939 0.42006147426107654 0.010265723518703296 0.010750729104746943
1 0.9293396991232167 0.42767542859782337 0.009800786557404892 0.01105858968651813
1 0.7294631620905911 0.030047749802268684 0.008558521022221011 0.007868468548047626
1 0.9223346710205078 0.3384056803972824 0.010335010030995245 0.010838153569594673
1 0.7206844661546791 0.8068742337434189 0.011480414349099865 0.011775638746178669
1 0.8540018952411154 0.6469928699990978 0.011529051739236584 0.009817828302798063
1 0.8894765895345936 0.2728939782018247 0.010165960892387058 0.009350341299305792
1 0.9095647231392238 0.3244209691234257 0.009519162385360054 0.009567797183990479
1 0.7545423093049424 0.7977368727974272 0.009868124256963316 0.009812230649201767
1 0.8235359813856041 0.7223802234815515 0.009163193080736242 0.009804352470066236
1 0.7590839966483739 0.5776776438174039 0.014454136724057405 0.01358355646548064
1 0.6809192533078401 0.46065398921137274 0.010536401168159817 0.010716852934464165
1 0.678177543308424 0.27232640722523566 0.011043548583984375 0.012662846109141474
1 0.8930342923039976 0.3831079394921013 0.011079746743907099 0.013554671536321226
1 0.7160286696060844 0.3500307804864386 0.015119967253311821 0.01651555429334226
1 0.7121345063914424 0.5324354690054188 0.014939639879309612 0.014677566030751104
1 0.7046229321023693 0.15231117994888968 0.009925344715947691 0.01062563191289487
1 0.9320239398790442 0.5747073422307554 0.008970882581627888 0.010002841120180876
1 0.7125147736590841 0.14365063024603802 0.009769647017769192 0.00964827122895614
1 0.9011790648750637 0.8744831085205078 0.009686428567637568 0.009815216064453125
1 0.6821076351663341 0.8248450445092241 0.008724212646484375 0.008857768514881964
1 0.7074489178864851 0.7575088791225268 0.009279416955035666 0.009006127067234205
1 0.6714186253754988 0.11629085955412492 0.012461994005286175 0.010537728019382641
1 0.7412137985229492 0.08308583238850467 0.012252724688986073 0.00945604365804921
1 0.9328362216120181 0.39893584925195447 0.008958609207816746 0.010349786799886952
1 0.922330027041228 0.799236712248429 0.009205527927564539 0.010012585183848505
1 0.815151173259872 0.42290951027719975 0.008952762355072162 0.00903132536529221
1 0.67608236229938 0.2612736225128173 0.010663737421450407 0.011442453964896824
1 0.9325607755909795 0.8268697780111561 0.008240699768066406 0.009563487509022589
1 0.9117770816968835 0.49761896548063866 0.010142367819081182 0.010825281557829483
1 0.8957516825305284 0.4119926361705219 0.007871832972491432 0.005556804764931181
1 0.8972761320031207 0.2665041840594748 0.01111279363217561 0.009419316830842392
1 0.9271072926728623 0.44154853406159766 0.010256601416546364 0.011350507321565048
1 0.8239493577376656 0.5886223627173383 0.010905307272206182 0.011614716571310291
1 0.9260102354961891 0.2923721852509872 0.009483627651048742 0.010640227276345959
1 0.6486449656279192 0.5875298458596935 0.011877516041631285 0.01188294783882473
1 0.6979261688564133 0.20127020711484161 0.014185324959132984 0.01620757061502208
1 0.9130702017079615 0.8660876198715713 0.011053043863047724 0.011107817940090015
1 0.6917372371839441 0.84716971024223 0.013893915259319801 0.009793654732082201
1 0.9333018219989279 0.4108737137006676 0.009171568829080334 0.011716904847518257
1 0.9237256464750871 0.6383298687312915 0.015235030132791271 0.010028859843378481
1 0.9319916808086893 0.5864403351493503 0.009025532266368036 0.010076522827148438
1 0.852649066551918 0.28233677662437573 0.007786957036149016 0.009198472244628275
1 0.9325880175051482 0.6359283716782279 0.009078772171683933 0.010769823323125425
1 0.71273542487103 0.017038696162078693 0.010552613631538723 0.01496049437833869
1 0.6839116137960682 0.16209815377774445 0.009327847024668818 0.009163472963416058
1 0.7440378769584324 0.728218700574792 0.009380921073581861 0.009811069654381794
1 0.8704233996350398 0.27773905328081466 0.006901367353474526 0.00799076472229626
1 0.924323621003524 0.2848676702250605 0.009652345076851223 0.012243457462476648
1 0.9229416225267493 0.8143724565920623 0.009229660034179688 0.009490759476371433
1 0.7744645865067191 0.5779565002607263 0.011842520340629246 0.012494937233302906
1 0.6574416160583496 0.3823783086693805 0.012046772500743036 0.013135619785474695
1 0.7114576049472976 0.43207561451455817 0.010497341985287874 0.010824949845023777
1 0.9027247014253035 0.8624957333440366 0.010033773339313011 0.009407499562139097
1 0.7151220570439877 0.8580016675202744 0.00887862495754076 0.009346588798191236
1 0.9330623046211574 0.6161765119303828 0.009496440058169157 0.0119670992312224
1 0.6458157456439474 0.11511469405630359 0.010056827379309612 0.010568774264791737
1 0.8701095581054688 0.6339667361715565 0.010092776754628057 0.011345075524371605
1 0.9133207901664402 0.7801756236864172 0.010776022206182066 0.009647535241168478
1 0.9329506003338359 0.6579386669656505 0.009098882260529892 0.010232427845830503
1 0.9093151092943834 0.4638743052359283 0.010051561355608696 0.008854879313146867
1 0.8956181484719982 0.8503867024960725 0.010062590889308765 0.009633105734120245
1 0.8602874175361965 0.6383792006451151 0.010351761527683422 0.011286072109056555
1 0.6474449427231498 0.36449633473935333 0.010122941887896995 0.011477636254352074
1 0.7502815205117931 0.07277328812557718 0.009130602297575577 0.010531275168709133
1 0.9324657398721448 0.803399832352348 0.008098312046216883 0.009718272996985394
1 0.7036493964817212 0.7818334620931874 0.008195213649583899 0.008576393127441406
1 0.7439076796821925 0.062160072119339646 0.010070386140242867 0.01024490854014521
1 0.6967235648113749 0.45793266400046967 0.012268232262652855 0.011542994043101435
1 0.9261970727340035 0.8740740444349205 0.009750573531441067 0.01036847156027089
1 0.6444006588148035 0.6385991780654244 0.014072293820588486 0.011553038721499235
1 0.8797598092452339 0.2949053204577902 0.009176378664763077 0.009201070536737856
1 0.9165562132130496 0.8782003651494565 0.009899429653001867 0.010216256846552309
1 0.8693023741354332 0.216484476831185 0.009087521096934443 0.010371208190917969
1 0.7638638330542524 0.6996078905851946 0.013019354447074558 0.009172688359799593
1 0.9117996381676715 0.6423575152521548 0.010452436364215355 0.010574713997218921
1 0.8956664539006011 0.42006523585587535 0.008414475150887009 0.009819558768081348
1 0.9197797982589059 0.7917511566825535 0.009368440379267153 0.011636651080587635
1 0.6954264848128608 0.1835351923237676 0.01015198749044667 0.009938592496125595
1 0.9073920243720788 0.3672965514331025 0.008795653053474657 0.009150209727852732
1 0.694739113683286 0.0245607456435328 0.009522686833920687 0.009896529757458231
1 0.7188940877499788 0.17298652814782184 0.008332211038340693 0.011270274286684782
1 0.6777699719304623 0.8592812704003374 0.01178579745085343 0.009372918502144192
1 0.7702432300733483 0.7216701507568359 0.009741907534391983 0.009127658346424932
1 0.9325944651728091 0.8155354416888693 0.008182276850161345 0.010952949523925781
1 0.7121884511864703 0.8664085139398989 0.008238875347635021 0.01026816990064538
1 0.7023348792950417 0.7377335603492737 0.008836870193575522 0.008229775200364999
1 0.6920856147028721 0.7428582033598085 0.008836870193575522 0.008229775200364999
1 0.7543132925839007 0.7575000405327647 0.008836870193575522 0.008229775200364999
1 0.7810345895563422 0.7219935853883455 0.008836870193575522 0.008229775200364999
1 0.8278883705491166 0.7139405749432193 0.008836870193575522 0.008229775200364999
1 0.906299736520441 0.8507420406077019 0.009235340615977411 0.008817921514096468
1 0.9058179245406939 0.4068679931599867 0.009702058792522667 0.008485172199521962
1 0.864289138876814 0.4347665071961035 0.00783186124776931 0.009196596842296885
1 0.9158110631442181 0.3680286432917503 0.008795653053474657 0.009150209727852732
1 0.867807824093266 0.30492532818928514 0.008848314699919327 0.009620189666748047
1 0.8571925143370902 0.2902834910163287 0.008848314699919327 0.009620189666748047
1 0.8724155054082442 0.28819351149355826 0.007786957036149016 0.009198472244628275
1 0.8766461674231425 0.27920323699811034 0.006901367353474526 0.00799076472229626
1 0.8762572322515482 0.21611843090186109 0.009087521096934443 0.010371208190917969
1 0.881564887129635 0.22106005094773365 0.006525204948893259 0.008540978544298737
1 0.6859093105487033 0.18243705453579584 0.01015198749044667 0.009938592496125595
1 0.7195854656372578 0.18042380192451402 0.007223626178401355 0.006644179132210359
1 0.6620297854877687 0.04782776556933656 0.007667581309831398 0.00871971590944468
1 0.7342217492226699 0.02528915272105787 0.008558521022221011 0.007868468548047626
