1 0.41372299999999995 0.222147 0.009511 0.012228
1 0.415761 0.21127699999999996 0.008152 0.009511
1 0.42187499999999994 0.184103 0.006793 0.012228
1 0.430027 0.218071 0.009511 0.009511
1 0.432065 0.19293499999999997 0.008152 0.008152
1 0.433424 0.175951 0.008152 0.009511
1 0.43817899999999993 0.148777 0.009511 0.009511
1 0.44633199999999995 0.137228 0.006793 0.01087
1 0.44836999999999994 0.153533 0.008152 0.01087
1 0.44836999999999994 0.18138599999999996 0.008152 0.009511
1 0.449728 0.201087 0.01087 0.008152
1 0.456522 0.16915799999999998 0.01087 0.009511
1 0.45856 0.218071 0.012228 0.012228
1 0.46399499999999994 0.144701 0.009511 0.012228
1 0.466712 0.161005 0.009511 0.009511
1 0.467391 0.091712 0.01087 0.009511
1 0.46875 0.186821 0.01087 0.006793
1 0.46875 0.20788 0.008152 0.008152
1 0.470788 0.112092 0.012228 0.012228
1 0.47078799999999993 0.13315199999999996 0.006793 0.013587
1 0.47214699999999993 0.220788 0.009511 0.009511
1 0.47622299999999995 0.069973 0.009511 0.012228
1 0.476902 0.174592 0.008152 0.006793
1 0.482337 0.149457 0.008152 0.01087
1 0.48301599999999995 0.084239 0.009511 0.008152
1 0.48369599999999996 0.122962 0.005435 0.012228
1 0.48573399999999994 0.101902 0.009511 0.008152
1 0.48573399999999994 0.186821 0.009511 0.006793
1 0.48709199999999997 0.05163 0.006793 0.01087
1 0.492527 0.20652200000000004 0.009511 0.01087
1 0.49524499999999994 0.029212000000000002 0.009511 0.009511
1 0.497283 0.071332 0.013587 0.009511
1 0.49524499999999994 0.057745 0.006793 0.009511
1 0.502038 0.112092 0.006793 0.012228
1 0.502038 0.19837 0.006793 0.008152
1 0.504755 0.04143999999999999 0.012228 0.012228
1 0.5047549999999998 0.027174 0.006793 0.01087
1 0.5074729999999998 0.125 0.009511 0.01087
1 0.5129079999999999 0.014266 0.006793 0.004076
1 0.5129079999999999 0.16779899999999998 0.006793 0.009511
1 0.516304 0.151495 0.01087 0.009511
1 0.516304 0.04143999999999999 0.008152 0.009511
1 0.5169839999999999 0.029891 0.009511 0.008152
1 0.5203800000000001 0.08559800000000001 0.01087 0.008152
1 0.5203800000000001 0.122283 0.01087 0.01087
1 0.5203800000000001 0.106658 0.008152 0.012228
1 0.52106 0.170516 0.006793 0.004076
1 0.523777 0.13858699999999996 0.009511 0.013587
1 0.525815 0.03940199999999999 0.008152 0.01087
1 0.525815 0.188859 0.008152 0.008152
1 0.5312500000000001 0.018342 0.008152 0.012228
1 0.531929 0.204484 0.009511 0.009511
1 0.5332880000000001 0.08016300000000001 0.012228 0.01087
1 0.533288 0.106658 0.009511 0.009511
1 0.535326 0.220788 0.01087 0.012228
1 0.5360049999999998 0.046196 0.009511 0.008152
1 0.5360049999999998 0.128397 0.006793 0.009511
1 0.5360049999999998 0.16576099999999996 0.006793 0.008152
1 0.5380430000000002 0.146739 0.008152 0.01087
1 0.5387229999999998 0.05978300000000001 0.009511 0.008152
1 0.540082 0.014266 0.006793 0.004076
1 0.5441579999999999 0.21059800000000004 0.006793 0.01087
1 0.5455159999999999 0.033288000000000005 0.009511 0.009511
1 0.5455159999999999 0.19565200000000002 0.006793 0.01087
1 0.5482339999999999 0.144701 0.009511 0.012228
1 0.549592 0.18138599999999996 0.006793 0.009511
1 0.550272 0.118886 0.008152 0.009511
1 0.55231 0.050272 0.012228 0.01087
1 0.55231 0.067255 0.009511 0.009511
1 0.55231 0.16032600000000002 0.006793 0.01087
1 0.555027 0.10462000000000002 0.009511 0.008152
1 0.5557069999999998 0.021739 0.005435 0.01087
1 0.556386 0.188179 0.006793 0.006793
1 0.557745 0.034647000000000004 0.006793 0.009511
1 0.559103 0.08288000000000001 0.006793 0.01087
1 0.560462 0.203125 0.006793 0.009511
1 0.5625000000000001 0.219429 0.01087 0.009511
1 0.563179 0.137908 0.006793 0.009511
1 0.5652170000000001 0.061821 0.01087 0.009511
1 0.566576 0.028533 0.008152 0.01087
1 0.5672549999999998 0.046196 0.006793 0.01087
1 0.5686139999999998 0.11209200000000001 0.009511 0.009511
1 0.5706520000000002 0.18070699999999998 0.01087 0.008152
1 0.5726900000000001 0.094429 0.012228 0.009511
1 0.57337 0.084239 0.013587 0.008152
1 0.571332 0.15625 0.006793 0.01087
1 0.5754079999999999 0.122962 0.006793 0.009511
1 0.576087 0.074728 0.008152 0.01087
1 0.577446 0.19293499999999997 0.01087 0.008152
1 0.5781250000000001 0.108016 0.012228 0.009511
1 0.5808420000000001 0.173234 0.012228 0.009511
1 0.582201 0.16372299999999998 0.009511 0.009511
1 0.582201 0.139266 0.006793 0.009511
1 0.5869570000000001 0.18070700000000003 0.01087 0.01087
1 0.596467 0.131793 0.013587 0.008152
1 0.597147 0.16576099999999996 0.009511 0.008152
1 0.5998639999999998 0.14606 0.006793 0.009511
1 0.8425239203617457 0.1610719601808728 0.008152 0.013587
1 0.8532862809948003 0.1235333606330549 0.009511 0.009511
1 0.8561768805426183 0.1529199601808728 0.009511 0.01087
1 0.8558703606330549 0.16620044027130923 0.006793 0.01087
1 0.8582148805426186 0.1815848805426185 0.008152 0.01087
1 0.8630368407234913 0.13773340045218208 0.008152 0.012228
1 0.8669595807687088 0.162123440271309 0.01205440045218316 0.009643920361745904
1 0.864901241175673 0.12248188054261844 0.009511 0.012228
1 0.8669809203617453 0.19449288054261843 0.005435 0.009511
1 0.8674193606330547 0.10104940045218208 0.008152 0.009511
1 0.8743209999999999 0.150136 0.009511 0.009511
1 0.8744529203617455 0.18040048009043652 0.009511 0.01087
1 0.879076 0.101902 0.008152 0.01087
1 0.8760767610852368 0.11507484072349128 0.009511 0.012228
1 0.8764502411756732 0.1343374004521821 0.01087 0.008152
1 0.8795154402713087 0.06760714049740012 0.006661079638253644 0.01178955972869073
1 0.883152 0.16372299999999998 0.008152 0.009511
1 0.8825389601808722 0.08272674004521814 0.009378079638253236 0.011176519909563466
1 0.8888518407234913 0.1281564402713092 0.008152 0.01087
1 0.8918094004521819 0.10889488054261844 0.009511 0.012228
1 0.8924894004521821 0.013039920361745633 0.009378079638254636 0.004689039819127175
1 0.89538 0.054348 0.01087 0.01087
1 0.8960600000000001 0.144701 0.012228 0.009511
1 0.894701 0.16032600000000002 0.006793 0.01087
1 0.8928618805426186 0.07591340045218205 0.006793 0.01087
1 0.8926213208139275 0.04211999999999999 0.008152 0.01087
1 0.8989758805426186 0.17744192036174555 0.008152 0.009511
1 0.9021740000000001 0.100543 0.008152 0.008152
1 0.9013204004521822 0.08338540045218204 0.006793 0.012228
1 0.9037978407234911 0.18967092036174563 0.008152 0.009511
1 0.906929 0.139946 0.009511 0.01087
1 0.908288 0.02106 0.009511 0.009511
1 0.9066021404973995 0.12287470022609095 0.009551679186072881 0.013015639366945107
1 0.908967 0.013719920361745639 0.008152 0.005435
1 0.9081144004521816 0.06355248009043624 0.009245159276508848 0.013586999999999965
1 0.9092328407234912 0.038788960180872814 0.01087 0.01087
1 0.9101524004521819 0.15485032081392766 0.008152 0.01087
1 0.914402 0.103261 0.008152 0.01087
1 0.9141624402713091 0.1714608407234913 0.009511 0.01087
1 0.9177786604069637 0.04781984072349111 0.008325599547818661 0.013586999999999965
1 0.917012360633055 0.08029592036174567 0.006793 0.01087
1 0.9217014004521821 0.17961284072349126 0.006793 0.008152
1 0.9249654800904362 0.1564488805426185 0.01087 0.009511
1 0.924244800904364 0.13593596018087278 0.014946 0.009511
1 0.9250314402713091 0.022924400452182053 0.006793 0.01087
1 0.9247908805426184 0.12013736063305488 0.008152 0.01087
1 0.92731 0.09578800000000001 0.009511 0.009511
1 0.9283614800904363 0.013346440271309233 0.009511 0.004076
1 0.927881360633055 0.07139796018087281 0.006793 0.008152
1 0.9283177176429719 0.05910299999999999 0.008152 0.009511
1 0.9332579158399252 0.08489371900519953 0.006793 0.01087
1 0.9332579158399252 0.04382005112367854 0.006793 0.01087
