0 0.409647 0.349864 0.014946 0.014946
0 0.415082 0.444293 0.012228 0.01087
0 0.420516 0.36616800000000005 0.014946 0.012228
0 0.429348 0.441576 0.013587 0.013587
0 0.43002700000000005 0.41711999999999994 0.014946 0.01087
0 0.442935 0.24388599999999996 0.013587 0.014946
0 0.450408 0.297554 0.014946 0.013587
0 0.449728 0.318614 0.01087 0.012228
0 0.45244599999999996 0.332201 0.013587 0.012228
0 0.45856 0.23980999999999997 0.012228 0.014946
0 0.460598 0.22282600000000002 0.013587 0.016304
0 0.5699729999999998 0.21195699999999998 0.009511 0.013587
0 0.5794839999999999 0.21127699999999996 0.009511 0.012228
0 0.58288 0.296875 0.013587 0.014946
0 0.601902 0.29619599999999996 0.013587 0.013587
0 0.6141300000000001 0.288723 0.01087 0.012228
0 0.6263590000000001 0.279891 0.01087 0.013587
0 0.686821 0.24524499999999996 0.012228 0.014946
0 0.6970109999999999 0.24116800000000002 0.01087 0.017663
0 0.7072009999999999 0.238451 0.009511 0.014946
