1 0.87394589362928 0.3294879108952234 0.008831521739130434 0.00842391304347826
1 0.8674241544988449 0.3451808456778319 0.010190217391304348 0.009646739130434782
1 0.8728589371075408 0.28906671524304933 0.008016304347826088 0.008288043478260869
1 0.8608344805858016 0.32072432393870137 0.00842391304347826 0.007744565217391305
1 0.8844078501510195 0.3065938891560927 0.009103260869565217 0.009103260869565217
1 0.8814722418844549 0.3425673400239477 0.01046195652173913 0.009782608695652175
1 0.8978589371075408 0.2848547587213101 0.009646739130434782 0.009918478260869565
1 0.8715681762379758 0.3121645413300058 0.00842391304347826 0.008288043478260869
1 0.8855627414553672 0.28478682393870147 0.008695652173913044 0.008695652173913044
1 0.8695460005721176 0.2987774222029922 0.008967391304347826 0.008559782608695651
1 0.8972962420274843 0.3138589439421226 0.01046195652173913 0.010733695652173914
1 0.8615339114673403 0.3568457935210241 0.011141304347826087 0.0125
1 0.8827774153684105 0.3178031282865275 0.009103260869565217 0.008152173913043478
1 0.8501007849336278 0.30822432393870147 0.008695652173913044 0.008016304347826088
1 0.8722379156544692 0.36939971982280684 0.009763391876464694 0.008899704811686358
1 0.8566904588466709 0.33376780219957086 0.009646739130434782 0.009103260869565217
1 0.8902097436723219 0.3255511638771227 0.01046195652173913 0.010733695652173914
1 0.8905178522964593 0.29324371405672744 0.01046195652173913 0.010733695652173914
1 0.9006854368929967 0.30278210400370126 0.01046195652173913 0.010733695652173914
1 0.8569340122654728 0.30062827401567505 0.01046195652173913 0.010733695652173914
1 0.887744874679222 0.2717054141764638 0.01046195652173913 0.010733695652173914
