1 0.8872030092322308 0.055259432481682816 0.010474246481190557 0.012900419857191004
1 0.9038335551386294 0.7602721711863643 0.011411418085512907 0.011352497598399286
1 0.6992053778275199 0.4677473410316136 0.01135805378789487 0.013649598411891773
1 0.7997786480447521 0.7378161679143492 0.00956900223441746 0.010154433872388758
1 0.7496999864992888 0.8188236070715863 0.011958868607230808 0.013084909190302309
1 0.7141436286594558 0.49102905522222107 0.011717671933381454 0.011904053066087805
1 0.861315561377484 0.2422187846639882 0.010269994321076767 0.010917207469110903
1 0.6701351248699686 0.34803026655445934 0.011436379474142323 0.011198971582495647
1 0.6561482263647992 0.8718051081118376 0.010975091353706692 0.011404452116593071
1 0.9204692218614661 0.20173734167347784 0.011683049409285835 0.013179405875827954
1 0.657807920290076 0.568319030430006 0.009894184444261633 0.010621692823327106
1 0.8850848156472912 0.5368428437606149 0.011388861614724865 0.012376287709111753
1 0.6227943586266559 0.5975117787070896 0.010689196379288383 0.02045044691666313
1 0.8182923897452977 0.5587125964786697 0.009801159734311312 0.009867605955704399
1 0.3603964059249214 0.4047777367674786 0.010242565818454907 0.011356058328048042
1 0.6119218079940133 0.8515901772872262 0.01029230200726053 0.012246878250785496
1 0.9018890961356785 0.638872011848118 0.010840872059697691 0.010611762171206266
1 0.6494718219922937 0.39363087260204815 0.01084335990574049 0.01096107648766559
1 0.791018817735755 0.7859703146893046 0.011228810185971468 0.011077715002972145
1 0.8100575778795325 0.802006721496582 0.00944531482198964 0.010831086531929348
1 0.6786349545354429 0.4848880819652392 0.012771979622218921 0.011382071868233059
1 0.9325090698573899 0.1207918239676434 0.010640061419943104 0.012904571450274925
1 0.6239777440610139 0.843400416166886 0.010519193566363792 0.011270688927691917
1 0.6763642974521804 0.5059785842895508 0.009654708530591883 0.010541915893554688
1 0.8681414231010105 0.18309620152349054 0.011453545611837635 0.011659124623174253
1 0.681214021599811 0.47366949786310614 0.010157004646632984 0.010988836703093155
1 0.6500730721846872 0.0922008286351743 0.011031233746072521 0.011761520219885784
1 0.35055641506029217 0.4757295328637828 0.011691134908924932 0.012326727742734163
1 0.7558616555255392 0.5851210925890051 0.012062653251316235 0.01136941495149032
1 0.6980357584745989 0.5656359195709227 0.009936996128248133 0.010311271833336872
1 0.816253910893979 0.5230328414751135 0.009974769923997961 0.010413066200588062
1 0.8489390870799188 0.622022587320079 0.011237061542013416 0.012586759484332542
1 0.7650996083798616 0.8032839194588042 0.011548498402471128 0.011434430661408798
1 0.92108212346616 0.37779418281886884 0.012465269669242527 0.012555661408797554
1 0.6482907481815503 0.450283257857613 0.010175352511198624 0.01028541896654212
1 0.7410579349683679 0.54869472462198 0.01235862400220788 0.010062196980351988
1 0.6571414056031601 0.6207952084748641 0.010616074437680452 0.021936582482379417
1 0.9068880910458772 0.40866204966669495 0.01300886402959409 0.013597156690514606
1 0.6642952794614044 0.5990735966226329 0.010172968325407608 0.011014399321182915
1 0.8755738216897716 0.30351998495019006 0.01011583079462466 0.011431548906409222
1 0.7858540078868037 0.647851031759511 0.010811681332795517 0.01051355444866678
1 0.6404682967973792 0.5493849567745042 0.010852544204048489 0.010133805482283882
1 0.8908125421275264 0.37670789594235626 0.010502110356869905 0.01359303101249363
1 0.9055419797482698 0.5478151466535486 0.011212348937988281 0.012926288273023523
1 0.9279914524244226 0.1390483120213384 0.011836010476817255 0.012705004733541737
1 0.7783027939174487 0.5199149795200513 0.011811422265094261 0.011234407839567764
1 0.7661591612774393 0.905580479165782 0.010646944460661514 0.01157304515009341
1 0.6765092974123748 0.5239552933236827 0.01034093939739725 0.010577512824017067
1 0.6600370303444243 0.21998740279156231 0.011307902958082117 0.01232953693555749
1 0.675898551940918 0.8556595470594324 0.00964181319527004 0.010480341703995415
1 0.9123290932696798 0.05392404742862866 0.010592004527216372 0.011143062425696331
1 0.7311744689941406 0.6579818310944929 0.011104252027428669 0.01092330269191576
1 0.677835692530093 0.619281001712965 0.012444993723993715 0.010460936504861584
1 0.9183301511018171 0.6642332698987878 0.01088051173997962 0.012362894804581352
1 0.8916266690129819 0.1139685226523358 0.010882045911706013 0.013558273730070694
1 0.7990843938744586 0.6206462797911271 0.011074522267217222 0.021278858184814453
1 0.7331625896951427 0.7862844052522078 0.011306596838909645 0.013003639552904211
1 0.8258342120958412 0.5743990462759266 0.010337124700131624 0.011196281598961872
1 0.6320860489555027 0.34346600265606597 0.015684708305027172 0.01120511215666066
1 0.8779098469278088 0.6702318606169329 0.010609875554623812 0.011299796726392664
1 0.8146318974702256 0.8225581749625828 0.013015042180600374 0.015356768732485563
1 0.5054208092067554 0.054604872413303536 0.01062849293584409 0.010738476462986157
1 0.3498356134995171 0.4112154945083286 0.012414828590724781 0.012021723000899605
1 0.8018442029538362 0.57631138096685 0.009789052216903023 0.0109246710072393
1 0.7881667717643406 0.7085424920786985 0.010439292244289234 0.010885902073072351
1 0.8803130440090015 0.15768896496814228 0.011138750159222145 0.010275954785554306
1 0.8683909955232039 0.5793798177138619 0.009641979051672894 0.010264873504638672
1 0.6869000766588294 0.4545725324879522 0.011463372603706692 0.011733635612156079
1 0.3438589987547501 0.4519184983294944 0.010906488999076511 0.01315759575885275
1 0.7760307063227115 0.6598914291547693 0.00989806133767833 0.011768361796503481
1 0.8708935820538066 0.5961340924967891 0.010277831036111584 0.010799511619236157
1 0.6486548340838887 0.19156675753386124 0.010798371356466541 0.01230132061502208
1 0.802265333092731 0.48988706132640014 0.012211841085682745 0.012191129767376442
1 0.9032369281934656 0.33821011107900867 0.009843328724736753 0.010680996853372326
1 0.7223200176073157 0.4741008903669274 0.011363236800484035 0.012541003849195398
1 0.7990248306937839 0.6580561243969462 0.011456448098887568 0.013066893038542374
1 0.6601410326750383 0.510748116866402 0.010168075561523438 0.010458821835725204
1 0.5212427636851436 0.027968455915865692 0.011355607405952785 0.011407732963562012
1 0.6945108745409094 0.9373668380405591 0.010626170946204144 0.010768102562945824
1 0.7135690398838208 0.5497672661491062 0.010143653206203296 0.009664535522460938
1 0.7862094588901687 0.6141100966412089 0.011259700941002888 0.010752014491869055
1 0.9201654021772866 0.09702942593111899 0.009602024686178873 0.012894048149973763
1 0.655418582584547 0.40582547498785926 0.009963035583496094 0.010894308919491976
1 0.6971538792485776 0.6169130283853282 0.010509739751401155 0.010796712792438011
1 0.6351730719856594 0.198082333025725 0.00945145150889521 0.010170708531918734
1 0.7917137560637102 0.5565831039262854 0.011117769324261208 0.011180732561194378
1 0.62991362032683 0.36372980864151666 0.011684500652810802 0.010882916657820992
1 0.926556918932044 0.08393908324448958 0.011865118275518003 0.013464476751244587
1 0.819543693376624 0.6932410571886146 0.010957261790399965 0.011417015739109204
1 0.8608474938765818 0.45665902676789655 0.012364636296811312 0.0125732421875
1 0.7906095877937649 0.8450814122739045 0.009586375692616339 0.009752439415973166
1 0.6474636015684707 0.41122188257134484 0.012829842774764351 0.023155284964519997
1 0.6384900860164476 0.3800270531488502 0.010579627493153448 0.011259405509285305
1 0.8721308086229407 0.19912653384001355 0.010317926821501358 0.011181333790654722
1 0.7772896808126697 0.7991358508234438 0.010613814644191578 0.011731562407120415
1 0.6303643351015837 0.6230476628179136 0.013180774191151495 0.010530057160750679
1 0.6485914665719738 0.46649922495302953 0.011367818583612856 0.01163719011389691
1 0.7661360865053922 0.6335676131041154 0.01032820991847826 0.010253678197446077
1 0.861580516981042 0.6055388139641803 0.011326748391856318 0.011647079301917034
1 0.6774454116821289 0.4184850195179815 0.014246733292289402 0.013522811557935633
1 0.8587085682412854 0.5718185797981594 0.010211571403171704 0.01079633961553159
1 0.7240602244501528 0.5048323092253312 0.010170895120371943 0.011257171630859375
1 0.9201752206553584 0.7096231087394383 0.01042075779127038 0.012320601421853771
1 0.6645037402277408 0.5580043067102847 0.01031655850617782 0.010635106459907864
1 0.7089129116224206 0.9548460504283076 0.010240347489066746 0.010529144950534985
1 0.665390221968941 0.7164324677508809 0.011251615441363792 0.010881714198900305
1 0.34202626347541815 0.4673682554908421 0.011554238588913628 0.0126595808112103
1 0.8447078621905783 0.5783419609069824 0.010801315307617188 0.010704247847847317
1 0.6418054414832074 0.17587388080099356 0.01016998291015625 0.011051053586213486
1 0.7671824123548424 0.619244793187017 0.010979071907375171 0.012699438178020973
1 0.7585639124331267 0.7344697869342306 0.011206419571586277 0.012055272641389267
1 0.7146576591159985 0.6593095323313838 0.010047332100246265 0.010467156119968579
1 0.7740661786950152 0.6971796699192214 0.010853808859120245 0.011306845623513927
1 0.8587704326795496 0.5881665063940961 0.009710933851159138 0.010813381360924763
1 0.6484577759452489 0.28546585207400116 0.010956639828889267 0.011828733527142067
1 0.5193825804668925 0.7479154959968899 0.009715743686841883 0.009810447692871094
1 0.6534571025682532 0.3784134491630222 0.011773731397545856 0.011106159376061481
1 0.7930052176765774 0.6784531966499661 0.010883953260338825 0.012842675913935122
1 0.631061139314071 0.3124373892079229 0.010922224625297215 0.010448331418244736
1 0.36890254072521045 0.36151172544645227 0.011216044425964355 0.011400621870289679
1 0.8039146920909052 0.5321907271509585 0.011470131252122961 0.011767449586287788
1 0.6675172888714335 0.37820136028787366 0.011207165925399117 0.014081042745838995
1 0.7954584411952805 0.8016321140786876 0.010547679403553839 0.010630441748577614
1 0.9128885061844535 0.6515978108281675 0.012978387915569801 0.011515658834706182
1 0.9308348531308381 0.33541608925746835 0.010307643724524456 0.010923302044039187
1 0.7516099888345471 0.6285062872845194 0.01070565762727157 0.009940520576808764
1 0.8188509941101074 0.7579061881355618 0.011052048724630604 0.01046541462773862
1 0.8152714812237282 0.6591050521187161 0.011017135951829992 0.011041641235351562
1 0.9020900311677351 0.12658838603807532 0.010966342428456182 0.011088039564049763
1 0.9277138917342477 0.2294031226116678 0.010364200757897419 0.01205245308254076
1 0.7362040644106658 0.8433602374532948 0.01175001393193784 0.011782273002292797
1 0.7855329720870309 0.7285036626069443 0.010786678480065388 0.01087325552235479
1 0.7619943826094918 0.7151972107265308 0.011167567709217901 0.012016254922618036
1 0.7532111665476923 0.8944278592648713 0.010608963344408117 0.011044502258300781
1 0.6904361766317616 0.5780610830887504 0.010260084401006285 0.011119220567786175
1 0.6250234479489533 0.580308426981387 0.010181883107060972 0.010091843812362007
1 0.8924586669258449 0.13772881031036377 0.011678032253099524 0.012959262599115786
1 0.37718785327413806 0.37650700755741284 0.011911226355511208 0.022731801737909733
1 0.750616633373758 0.8589499722356382 0.011745577273161514 0.013171527696692425
1 0.6659704498622727 0.5450745872829271 0.009545243304708729 0.010835150013799253
1 0.7342163168865702 0.7675041115802266 0.00993272532587466 0.011511927065641983
1 0.6810184561687967 0.43743757579637604 0.010983674422554348 0.012257161347762398
1 0.8317035592120625 0.6041473202083422 0.011438120966372282 0.01129131731779679
1 0.6489510328873344 0.32032271798538126 0.011121252308721128 0.013705289234285769
1 0.615156536516936 0.9644663644873579 0.010481067325757898 0.01125646674114725
1 0.9020456231158712 0.3804945738419242 0.01233308211616848 0.013421597688094429
1 0.5882024765014648 0.931789087212604 0.01043012867803159 0.009806798852008322
1 0.7599729662356169 0.7505054888517961 0.011074024698008661 0.011347231657608696
1 0.8356635674186375 0.7424668643785559 0.011241125023883324 0.011495963386867359
1 0.6586947441101075 0.11419079096420952 0.01036822277566661 0.011328458786010742
1 0.7485438637111499 0.9223241391389267 0.010336502738620922 0.011207082997197691
1 0.8902131163555643 0.0453371859115103 0.012088982955269192 0.014772837576658829
1 0.8335900514022164 0.6884884005007537 0.010910946389903193 0.011095834814983864
1 0.6235151705534562 0.49176145636517066 0.01071179431417714 0.011529507844344429
1 0.931277440941852 0.35139593482017517 0.009886783102284307 0.010032853354578432
1 0.8646985758905825 0.4922199145607326 0.011637148649796196 0.013431860053020973
1 0.9176764695540719 0.033165555933247444 0.010934746783712635 0.01019145094830057
1 0.7169217648713484 0.6344805489415708 0.010154060695482336 0.010888535043467646
1 0.7714316119318423 0.781631552654764 0.010934788247813349 0.010763831760572351
1 0.6772056662518043 0.6017418944317362 0.011000923488451086 0.012155159660007641
1 0.8667734809543775 0.521514664525571 0.011706393697987432 0.011227524798849354
1 0.7339657078618589 0.7082548970761506 0.011360002600628395 0.010910448820694633
1 0.8418591126151707 0.6576970867488694 0.01049605659816576 0.009937016860298489
1 0.7304527033930239 0.5961320814879044 0.01131878728451936 0.012866621432097061
1 0.6625331070112146 0.3910673468009286 0.01217184896054475 0.010760084442470386
1 0.8806482812632688 0.32159557549849793 0.011870093967603601 0.014081146406090778
1 0.6584852571072786 0.3428127642558969 0.010263836902120838 0.011907809454461803
1 0.6928835744443148 0.6806863701861836 0.011625953342603601 0.010672693667204483
1 0.9054280156674592 0.0436194966668668 0.011362656303074047 0.012189090251922607
1 0.6735875813857369 0.5753654604372771 0.010896122973898182 0.011014896890391474
1 0.6517356374989386 0.8438152437624723 0.010473126950471298 0.01277761873991593
1 0.6406766020733378 0.6371199877365775 0.010893987572711449 0.010624657506528109
1 0.7675068067467731 0.6482778010161028 0.011014772498089333 0.01050729336945907
1 0.8708785305852474 0.4734222992606786 0.011560730312181555 0.010815081389054008
1 0.932713384213655 0.0958031415939331 0.010966259500254755 0.014108004777327827
1 0.6446320595948591 0.9699881802434507 0.009464077327562414 0.009720387666121773
1 0.6660592245019 0.2719428746596627 0.010311582814092222 0.011016742042873218
1 0.8182585135750148 0.5392098115838092 0.009920659272567085 0.009901399197785751
1 0.7288937361344046 0.5782938107200291 0.010713162629500679 0.010933896769648012
1 0.8847304427105448 0.24154411191525665 0.0099938848744268 0.010011569313381031
1 0.7094566303750743 0.5082101821899414 0.010798371356466541 0.010840540346891983
1 0.8914082361304242 0.3496646958848704 0.009657279304836107 0.011451208073159923
1 0.8074637703273608 0.5123135110606318 0.011370617410411005 0.011396822722061821
1 0.7007699427397356 0.47940451165904163 0.011130581731381624 0.010710882103961449
1 0.7825458982716437 0.5686670593593431 0.00987380483876104 0.010529518127441406
1 0.9198261758555537 0.6855789682139521 0.011402213055154552 0.010830174321713655
1 0.8203268258467965 0.7737092142519744 0.010028797647227411 0.010877775109332542
1 0.6323112093884012 0.6089827288752017 0.01040854661361031 0.010157916856848675
1 0.8350101968516473 0.828064835589865 0.010728421418563179 0.011206170786981997
1 0.8066650473553203 0.4733096412990404 0.011962973553201427 0.012361277704653532
1 0.7489993468574856 0.5714089974113132 0.011576693990956182 0.010846303856891136
1 0.8817377712415612 0.4070775405220363 0.012798848359481148 0.012727571570354958
1 0.7526831212251082 0.7924977385479471 0.010569738305133324 0.011038697284200916
1 0.7411294190779977 0.7396385773368503 0.011261318040930706 0.01116578475288723
1 0.9186479662948038 0.34636879969643053 0.011495410075596832 0.011345012643328297
1 0.6352816457333772 0.4955387374629145 0.010296116704526155 0.010031440983647886
1 0.3766145498856255 0.38385565125423926 0.011797822040060291 0.012854125188744587
1 0.36650427268899 0.4171987564667411 0.011711498965387758 0.012253128963968029
1 0.8472140353658923 0.4668464453324028 0.01140154962954314 0.011094010394552479
1 0.7984722800876782 0.6931401957636294 0.010456002276876698 0.010515130084493885
1 0.7191099705903425 0.7336535453796387 0.01048291247823964 0.010597187539805536
1 0.6983164289723272 0.4942995102509208 0.010931388191554859 0.010073298993317978
1 0.8163429550502612 0.6482797290967859 0.010695540386697521 0.010497881018597145
1 0.7860775615857994 0.9445263406504755 0.010443106941554859 0.010682810907778532
1 0.625295410985532 0.3952228245527848 0.01098645251730214 0.01084577518960704
1 0.8623364075370457 0.4811013522355453 0.009869202323581861 0.010779391164365023
1 0.7489777233289635 0.6551460390505585 0.010559621064559273 0.010703750278638758
1 0.6400154569874639 0.15797005010687787 0.010495268780252209 0.012249397194903831
1 0.6665201394454294 0.4537215025528618 0.010611617046853771 0.010285833607549253
1 0.6561225497204323 0.42825046829555347 0.009919933650804602 0.010620137919550356
1 0.7860207557678223 0.693515217822531 0.010147302047066067 0.011381854181704313
1 0.889251543127972 0.4183911240619162 0.01312056831691576 0.011985571488090183
1 0.8193741052047067 0.7097406387329102 0.012794950734014097 0.011222922283670177
1 0.671603721121083 0.6499721900276516 0.011260198510211449 0.011664224707561989
1 0.8773968323417332 0.555533212164174 0.011804248975670856 0.012653910595437756
1 0.6260402513586957 0.5568613384080969 0.010177280591881794 0.010649224986200747
1 0.7859952553458835 0.4955007511636485 0.011710001074749489 0.012131027553392492
1 0.658909217171047 0.017095769877019135 0.011194809623386547 0.011696604282959648
1 0.7719280823417332 0.7405748781950576 0.01074956810992697 0.011991998423700747
1 0.7058150664619778 0.5864414132159689 0.011194394982379417 0.011466648267663044
1 0.5102659308392069 0.7566443733547046 0.009725570678710938 0.01098234757133152
1 0.6354147143985913 0.8864899510922639 0.011033991108769957 0.012264168780782948
1 0.9302652193152386 0.05656510591506958 0.010530969370966372 0.010447009750034496
1 0.73152552480283 0.5164585320845895 0.009959137958029041 0.010028963503630264
1 0.6863655836685844 0.6666683943375298 0.01135917331861413 0.011313314023225204
1 0.8368014667345129 0.5600988657578178 0.009875463402789572 0.010395982991094175
1 0.7559012744737709 0.9517096643862517 0.010779629582944124 0.011072739310886547
1 0.8070074578990106 0.7018747329711914 0.010822213214376698 0.010807949563731318
1 0.8204842235731042 0.6147052930748981 0.010487722313922386 0.01115616508152174
1 0.7706276852151622 0.9369932879572329 0.01058885325556216 0.011386415232782778
1 0.8572207533794901 0.9855567683344302 0.011389400648034138 0.010427143262780231
1 0.8068003447159476 0.676850132320238 0.01123146388841712 0.011395371478536854
1 0.7924636550571609 0.5206780226334281 0.011435177015221638 0.011963222337805706
1 0.9080221342003864 0.16642081737518308 0.01038634258767833 0.011259151541668434
1 0.6429831256037174 0.8613915858061416 0.010782034500785496 0.010877982429836109
1 0.6333814911220386 0.2698057630787725 0.009988411613132643 0.009805679321289062
1 0.7226814187091329 0.9594543913136359 0.011125813359799593 0.011479460674783459
1 0.8022712002629819 0.5924196761587391 0.01004264665686566 0.009664514790410582
1 0.7901832124461298 0.5878175859865934 0.011000550311544666 0.010735719100288723
1 0.49154461985049047 0.7641693612803584 0.009475127510402514 0.009912656701129416
1 0.6656160561934763 0.9657223328300144 0.010739575261655062 0.011725798897121265
1 0.8090119983838953 0.7178863027821416 0.010680820630944294 0.01008581078570822
1 0.820549902708634 0.7971783928249192 0.009630493495775305 0.012256207673445992
1 0.6232711128566575 0.5045649694359821 0.010595943616784138 0.011342463286026665
1 0.7728771956070609 0.5953216034433116 0.012663302214249321 0.019001193668531334
1 0.8024571460226307 0.6403543223505435 0.010875950688901155 0.010073703268299932
1 0.5814468135004458 0.7191253123076067 0.011231878529424253 0.013789840366529383
1 0.655823520992113 0.041454747967098075 0.011629975360372791 0.01153104719908341
1 0.9274311894955842 0.36017938282178796 0.011265962020210598 0.012076460796853771
1 0.7235232021497644 0.5217943502509076 0.009652884110160496 0.009727706079897673
1 0.8304917086725649 0.6653889676798944 0.011081488236137058 0.012156714563784391
1 0.6585195582845936 0.237009742985601 0.010963896046514097 0.011466129966404125
1 0.4886462170144786 0.7807990571726924 0.00904572528341542 0.009701728820800781
1 0.6699654123057492 0.8760315024334452 0.011137672092603601 0.011932538903277855
1 0.8243751940519914 0.47641352466914966 0.012116888295049253 0.013054236121799633
1 0.35266845122627594 0.42772819684899366 0.011694161788277004 0.011929221775220789
1 0.7911533894746199 0.6296490379001782 0.009952918342922045 0.01071768221647843
1 0.6683411494545315 0.4677184716514919 0.011844116708506708 0.010836673819500466
1 0.9018102728802226 0.6599997022877568 0.010630234428074047 0.010620490364406421
1 0.7669287764507793 0.7649581536002781 0.010247313457986584 0.010338285694951597
1 0.8954284502112347 0.25144029700237774 0.010650054268215015 0.010215717813243036
1 0.7200805829918903 0.9279309977655825 0.010319087816321331 0.009770351907481318
1 0.7401651299518087 0.6427823978921642 0.010711669921875 0.010411635689113453
1 0.7690033083376677 0.8904637668443763 0.010038417318592901 0.010287865348484204
1 0.6452334860096807 0.6944025495777959 0.011247469031292458 0.011407976565153702
1 0.7207839592643404 0.8750836330911389 0.01127462801725968 0.011286030644955843
1 0.9032969060151474 0.11167172245357347 0.010899212049401325 0.011770279511161472
1 0.840441081834876 0.5338487521461819 0.010474329409391983 0.010079694830853005
1 0.9013117499973464 0.3564236682394277 0.011604723723038383 0.011719910994819973
1 0.6800214933312456 0.9224914053212041 0.010123791901961617 0.01034645412279212
1 0.6607034517371136 0.6379841721576193 0.010054712710173233 0.010478185570758324
1 0.8970147008481233 0.8222501381583835 0.010296863058338995 0.010943246924358864
1 0.7210476916769275 0.5623229897540548 0.010981684145720108 0.010339985723080843
1 0.7476915276568868 0.7187151494233504 0.011101598324983017 0.011499778084132984
1 0.6243524551391602 0.32811644802922785 0.010895604672639267 0.011387928672458813
1 0.6871366086213486 0.5411818027496338 0.01069243057914402 0.009890908780305283
1 0.8424478821132495 0.4986774299455725 0.009990567746369736 0.00990600171296493
1 0.7488720313362454 0.9394878719163978 0.010406038035517153 0.010618292767068615
1 0.6406353660251782 0.052971604077712356 0.021531478218410328 0.012639600297679071
1 0.7349850198496943 0.9471372314121411 0.011602484661599865 0.011294199072796364
1 0.6229569600976032 0.46397046939186426 0.011877764826235563 0.015656108441560165
1 0.8092184066772461 0.7438483445540719 0.010530140088952106 0.011100188545558765
1 0.6403431685074515 0.3046538518822711 0.009853943534519361 0.010183002637780231
1 0.5333800004876178 0.021892408313958542 0.012545813684878141 0.011937782816264942
1 0.90942731110946 0.21454075108403747 0.010253408680791441 0.010949756788170856
1 0.7931069705797278 0.811817272849705 0.010270118713378906 0.009571614472762398
1 0.6355298187421716 0.4772716812465502 0.010757135308307152 0.01590376314909562
1 0.8351211755172067 0.5917747539022694 0.010609295057213825 0.010811225227687671
1 0.6162656286488408 0.29228573260099994 0.009823260099991508 0.009959386742633322
1 0.9331699661586597 0.24146056175231934 0.009518457495647928 0.010434917781663977
1 0.4781939672387165 0.8047445131384808 0.010616675667140796 0.010771129442297894
1 0.639387555744337 0.846166299737018 0.010491599207339079 0.011133318362028702
1 0.7196588308914847 0.7652307178663171 0.011716220689856487 0.013486530469811481
1 0.909375356591266 0.7475595059602156 0.01028168719747792 0.011105578878651495
1 0.43242951579715894 0.8605087943699048 0.009992734245632006 0.010198012642238453
1 0.9162988870040231 0.12394536578136942 0.011421659718389097 0.011944014093150263
1 0.7426165705141814 0.5864128651826278 0.01115052596382473 0.01136767345926036
1 0.84988954792852 0.5954990490623142 0.010578570158585258 0.011034737462582796
1 0.7490338657213295 0.7657983199409817 0.009944376738175102 0.01072717749554178
1 0.6541360772174337 0.5998639231142792 0.010602951049804688 0.010038707567297894
1 0.8869629528211511 0.5851615200872007 0.011239300603451937 0.01164083895475968
1 0.660593437111896 0.3113639043725055 0.010020898736041527 0.010385388913361923
1 0.9043511929719346 0.26205742877462634 0.009231069813603941 0.01047528308370839
1 0.668862716011379 0.29727769934612774 0.0111846923828125 0.010722450588060461
1 0.8778576850891113 0.6085908205612846 0.010209581126337465 0.010020027989926546
1 0.8104330560435419 0.547916723334271 0.009679213814113451 0.010205642036769703
1 0.5256562958592954 0.8191886155501658 0.009542154229205587 0.009991355564283289
1 0.7798087907874066 0.7720435391301695 0.010416030883789062 0.011026258053986923
1 0.7547073986219324 0.6413377989893374 0.010603407154912535 0.01087182501088018
1 0.8928046848462976 0.07565750246462614 0.010618707408075747 0.01153949032659116
1 0.6639780376268469 0.6888483088949451 0.010987654976222828 0.010874499445376188
1 0.7106258350869884 0.5700736253157906 0.010374857031780739 0.011780365653659985
1 0.7777659789375636 0.5465162215025529 0.00868200219195822 0.009522127068561056
1 0.6101270862247633 0.8868790502133577 0.010855156442393427 0.011345075524371605
1 0.6357169151306152 0.09254429651343306 0.010370420373004417 0.010980730471403702
1 0.7008982533993928 0.6937593791795813 0.01105059748110564 0.013758203257685122
1 0.8704955059549083 0.5089730905449908 0.01037523020868716 0.010405436806056812
1 0.8926961525626802 0.6034648418426514 0.01229696688444718 0.018216609954833984
1 0.8628592491149902 0.5485323719356371 0.011239549388056215 0.011804394100023352
1 0.7586750569550889 0.7743581274281378 0.010093315787937329 0.010134323783542797
1 0.6250312431998875 0.5458428237749182 0.011029036148734715 0.011169205541196077
1 0.48533508051996643 0.7937862769417141 0.010358893353006115 0.010239435278851051
1 0.6401698071023693 0.2517008781433106 0.009307032046110733 0.010275052941363792
1 0.6835410076638927 0.6443539391393247 0.010270906531292458 0.010182650192924168
1 0.7632673926975417 0.8526093648827594 0.010086640067722485 0.011024931202764097
1 0.7600354111712911 0.8376286133475925 0.011392137278681215 0.01092529296875
1 0.6589641052743663 0.2584166837775189 0.009770123854927395 0.010762774426004162
1 0.581096307091091 0.9689883563829504 0.009898164997930113 0.010258094124172046
1 0.6767756835274075 0.5374067347982655 0.010206471318783968 0.010754834050717562
1 0.8867026826609735 0.08834768896517547 0.010076896004054859 0.012669905372287914
1 0.6510203091994576 0.49797416769939923 0.010774633158808168 0.010811639868694801
1 0.5984620426012122 0.02582884417927784 0.01003576361614725 0.010362965905148049
1 0.6678822351538618 0.5304259528284487 0.009994465371836786 0.010805358057436735
1 0.8289501978003462 0.6494903564453125 0.010650593301524286 0.012344526207965355
1 0.7067309047864831 0.93345308303833 0.009748334470002548 0.010362915370775305
1 0.5516663219617761 0.015756745701250824 0.012670226719068445 0.010769584904546324
1 0.3538098736949589 0.4585964161416758 0.011256158351898193 0.011714727982230808
1 0.7815513196198836 0.8896731501040251 0.013454022614852242 0.010938893193783968
1 0.8082223975140117 0.8320474417313285 0.009336554485818615 0.009972821111264437
1 0.6127641097359036 0.04352658339168714 0.01005952254585598 0.009932473949764086
1 0.889989189479662 0.5065334154211957 0.010710177214249321 0.010911195174507473
1 0.6094010394552479 0.8743889850118886 0.01097670845363451 0.010506090910538383
1 0.6253914211107336 0.2241025385649308 0.009632234988005264 0.009804808575174084
1 0.7332273358884065 0.7257079041522482 0.010742975317913551 0.01161745320195737
1 0.7870712072952935 0.9880052442136018 0.010976666989533798 0.01015410215958305
1 0.8676418221515158 0.6935185556826383 0.010319502457328465 0.010247520778490149
1 0.6424980992856233 0.5820998523546301 0.010794763979704483 0.010153936303180199
1 0.6264654968095862 0.1723953589149143 0.009401549463686735 0.009754502254983654
1 0.6544782493425453 0.6494175143863845 0.01145302731057872 0.010964580204175867
1 0.743468491927437 0.5093705965125043 0.01027239923891814 0.011865532916525135
1 0.7392891593601392 0.9632797863172449 0.01121122940726902 0.011271476745605469
1 0.5662914773692256 0.016006495965563732 0.010980108509893003 0.011018951949865921
1 0.8548050756039827 0.5048651487930961 0.011053499968155571 0.010782905246900476
1 0.8854151808697245 0.4919783136119013 0.010959998421047046 0.011319450710130774
1 0.6400599479675293 0.07531545732332312 0.012255502783733864 0.011389043020165485
1 0.59567289767058 0.9536930581797725 0.009812064792798914 0.011005401611328125
1 0.8756364739459493 0.6446174227673075 0.010677669359290081 0.01029149345729662
1 0.6994058360224185 0.7747166882390563 0.011964549189028532 0.01220690685769786
1 0.871878084929093 0.6584632396697999 0.010529808376146399 0.010932321133820908
1 0.7625850594562033 0.5620462065157683 0.009721755981445312 0.010602225428042204
1 0.5265996559806492 0.04580753912096438 0.010010470514712126 0.010791340599889341
1 0.7795101870661196 0.8761482860731042 0.010371788688327954 0.009995792223059612
1 0.7609449676845383 0.6611203318056853 0.011101059291673742 0.011156579722528872
1 0.6415198678555696 0.9173693656921386 0.010651982348898182 0.010927490566087805
1 0.8371859011442764 0.635801304941592 0.011108896006708559 0.011016244473664658
1 0.695150955863621 0.5134051779042119 0.010448041169539742 0.01063736625339674
1 0.36603938496631117 0.3478751707336176 0.011898154797761337 0.012392851321593575
1 0.9131057573401411 0.6956228173297384 0.01027115531589674 0.010519276494565218
1 0.35543618772340857 0.4401854017506475 0.01230751431506613 0.012622128362241
1 0.5975470024606456 0.3339500427246094 0.011054101197615913 0.011549949645996094
1 0.8538656442061716 0.7148820835611095 0.010615763456925102 0.011007350424061651
1 0.7585953422214673 0.67587541497272 0.011625041132387907 0.012297257133152172
1 0.8426276704539424 0.5487930774688721 0.010188185650369396 0.011331827744193699
1 0.7246515025263247 0.8115503062372622 0.011639802352241848 0.011693539826766304
1 0.7310269811879033 0.5351630086484161 0.009083125902258831 0.010697986768639606
1 0.6657636061958645 0.6741324714992356 0.011079290638799253 0.011731189230213995
1 0.6969051983045494 0.9087567536727242 0.009453524713930876 0.010083654652471128
1 0.6455780112225077 0.4053194807923359 0.010187149047851562 0.01125900123430335
1 0.8521277386209241 0.6937253371528957 0.01972049215565557 0.01196388576341712
1 0.6161065619924794 0.5228363016377324 0.014397558958634087 0.0160710915275242
1 0.6775847932566768 0.8916590732076893 0.010928734489109204 0.010612819505774456
1 0.7828847429026727 0.9572919140691343 0.01063400766123896 0.010399984276813011
1 0.9275189275326936 0.027301492898360542 0.011618075163468071 0.012188305025515348
1 0.6566802004109258 0.3663042395011239 0.01152131868445355 0.011283641276152237
1 0.6565662363301153 0.5369884449502696 0.010823353477146313 0.011452011440111242
1 0.7743591640306555 0.5355619036633036 0.009862319282863451 0.010037940481434698
1 0.6523358199907385 0.3046367479407269 0.009687568830407185 0.010480631952700407
1 0.6117999450020168 0.22736175163932468 0.010251501332158628 0.009961729464323624
1 0.7210756592128589 0.7462572429491127 0.010898299839185633 0.010889633842136547
1 0.7541378062704335 0.6086675913437553 0.014039620109226391 0.012287367945132048
1 0.9220980768618376 0.21400419525478198 0.011118349821671196 0.011093160380487856
1 0.8905247605365255 0.6458546493364417 0.01033770519754161 0.010070489800494652
1 0.6912951469421387 0.5966986573260763 0.011160601740298063 0.011873286703358526
1 0.3586367524188498 0.3231846635108409 0.012064519135848335 0.014504820756290272
1 0.7599253032518469 0.5276418146879777 0.010961200879967731 0.01133176554804263
1 0.9084337275961171 0.09942257922628653 0.011384342027747112 0.01028230915898862
1 0.5414536724919858 0.7315977552662725 0.010656066562818445 0.010327339172363281
1 0.8091730449510657 0.8550405294998832 0.00988106105638587 0.0112908819447393
1 0.708380595497463 0.8772046047708263 0.010746458302373472 0.010771129442297894
1 0.6766990578692891 0.8171759688335917 0.010283760402513586 0.011465445808742359
1 0.6323981388755466 0.6501056422357975 0.010274161463198454 0.011463414067807405
1 0.6558904440506643 0.627344566842784 0.01058209460714589 0.01237724138342816
1 0.7372943422068721 0.6162916577380636 0.010217708090077276 0.010819082674772842
1 0.781800249348516 0.9306807103364365 0.011077839395274286 0.011915082516877548
1 0.855610930401346 0.5345048697098441 0.011847869209621265 0.012448642564856487
1 0.6590525171031123 0.662923066512398 0.011535727459451427 0.012008003566576086
1 0.8980539778004522 0.21817252946936566 0.010427433511485224 0.010493402895720108
1 0.740098414213761 0.5297271687051525 0.011163213978643003 0.01202181111211362
1 0.6084465773209281 0.34570492868838104 0.013366118721340015 0.011337072952933933
1 0.584800264109736 0.6908637751703677 0.010956971541694973 0.011838415394658628
1 0.5138103754624076 0.7759175922559656 0.0098187197809634 0.010144109311311142
1 0.6357542742853579 0.020200176731399865 0.00954399938168733 0.011291888744934746
1 0.6840402147044307 0.86719562696374 0.010923012443210766 0.010893116826596468
1 0.6356949806213378 0.594638897025067 0.010372452113939367 0.01022896559342094
1 0.49676169519839086 0.8412359279134998 0.010541418324346128 0.009889727053434952
1 0.6361562376436981 0.5156702476999034 0.010273954142694887 0.010143134904944378
1 0.35645169797150983 0.35500923058261047 0.012284486190132473 0.013020196686620298
1 0.6672112216120182 0.49849373361338745 0.010163555974545687 0.010145270306131115
1 0.6985349655151367 0.9631896018981932 0.010084483934485394 0.010379915652067764
1 0.6553775434908659 0.589198692985203 0.010447149691374405 0.010692098866338316
1 0.895080338353696 0.6731456051702085 0.010231391243312671 0.010520561881687329
1 0.6627259254455566 0.8590312418730364 0.011057439057723335 0.010888348455014437
1 0.7422630061273989 0.8832527243572734 0.010219159333602242 0.01134167546811311
1 0.6230136622553286 0.9518283761065939 0.009763137153957201 0.010045839392620583
1 0.6491378597591235 0.3561414843020232 0.011258063109024712 0.011273301166036854
1 0.8567149120828381 0.6387446341307268 0.010387669438901155 0.011005422343378481
1 0.658643857292507 0.9512499104375424 0.009858649709950323 0.010909370754076086
1 0.7944776700890581 0.5423770987469217 0.011324426402216372 0.011016016421110733
1 0.5094982852106509 0.8461354919101882 0.009870902351711107 0.010258923406186312
1 0.8084655015364938 0.5653589704762334 0.010283511617909307 0.010516664256220278
1 0.6320033488066299 0.0345489836257437 0.010263816170070484 0.010089151237321936
1 0.7898545887159265 0.7471223292143447 0.01038725479789402 0.011223544245180876
1 0.3029676520306131 0.7285125566565473 0.010776188062584919 0.011257835056470789
1 0.8212390567945398 0.5055899205415145 0.011891406515370245 0.011691591014032778
1 0.5401978285416312 0.7061425291973612 0.010330283123513927 0.010871431101923403
1 0.7126071764075239 0.9415403863658076 0.010924131973930027 0.010598970496136208
1 0.6452755720719047 0.9059234494748323 0.01082047172214674 0.011199577994968579
1 0.6333478326382845 0.4334797600041265 0.010057718857474949 0.010023707928864853
1 0.6893983716550081 0.526583775230076 0.009967845419178839 0.010361961696458899
1 0.6761475853298022 0.6310347163158915 0.010016151096509851 0.01032814772232719
1 0.6879003151603367 0.8052556203759235 0.010688408561374829 0.01149123647938604
1 0.6123518736466117 0.5422968346139659 0.011308918828549593 0.01798258657040803
1 0.8451103749482527 0.9617119872051737 0.012522116951320484 0.010194571121879246
1 0.894653030063795 0.9838102382162341 0.013074874877929688 0.012581410615340523
1 0.7834572377412214 0.6640248713286028 0.015353202819824219 0.012775130893873133
1 0.7554414790609608 0.9304266597913659 0.010482580765433933 0.010250962298849354
1 0.6350668720577075 0.45749210793039075 0.010921581931736157 0.01172527022983717
1 0.8950281557829483 0.6074208383974822 0.011018670123556385 0.011859976727029552
1 0.6206364217011825 0.07469638015912927 0.009904737057893173 0.010357473207556683
1 0.6508221418961234 0.5202671133953592 0.010808778845745583 0.010624429453974184
1 0.6763038013292395 0.9698139480922534 0.010338119838548742 0.013461195904275646
1 0.6429901226707128 0.6658735689909563 0.009829790695853855 0.010316848754882812
1 0.8010235247404678 0.7645514322363812 0.01011384051779042 0.011930673018745754
1 0.8449766532234524 0.5179084280262822 0.01098006704579229 0.012203133624532948
1 0.6308532175810441 0.8747520654097848 0.0105621918388035 0.010019675545070484
1 0.8246973286504331 0.5851020502007526 0.010190217391304348 0.010151096012281336
1 0.6674245958742887 0.33233532860227255 0.011522583339525305 0.01065975362839906
1 0.666398463041886 0.9044226563495138 0.010269082110861073 0.011043092478876528
1 0.5410560524981954 0.04804708517116049 0.01005454685377038 0.010220260723777439
1 0.7007424520409625 0.8460788726806642 0.009980284649392834 0.010899253513502039
1 0.6858043256013289 0.5604906393134076 0.010177529376486073 0.010568888291068699
1 0.8101315291031548 0.6036741007929263 0.01254546124002208 0.01088150687839674
1 0.9266415471615999 0.044022421474042145 0.01208396579908288 0.012489243693973705
1 0.53599562852279 0.7200670034989065 0.011199743851371433 0.011854296145231827
1 0.8272912398628566 0.8634341488713804 0.00967208198879076 0.010930310124936312
1 0.8125868258268938 0.8826612596926482 0.010816657024881115 0.0106207391490107
1 0.5476831767870032 0.03658528561177461 0.009862733923870584 0.010463846766430397
1 0.844209380771803 0.6730874103048572 0.010994372160538383 0.011172501937202785
1 0.8776970946270485 0.4832031519516654 0.009907059047533117 0.009879547616709833
1 0.9230534512063733 0.15741342046986456 0.010559745456861414 0.010797542074452276
1 0.7891792007114575 0.6020541191101075 0.010657061701235563 0.010480507560398266
1 0.782657644023066 0.8584718496903129 0.01066452523936396 0.0158928166265073
1 0.6898157078286876 0.8461893537770147 0.011982586072838825 0.010523464368737263
1 0.6888103070466416 0.6187158252881921 0.009330417798913044 0.009890763655952785
1 0.772123502648395 0.7539766767750615 0.01059698021930197 0.011462211608886719
1 0.8842567360919454 0.9846508813940962 0.010983425637950068 0.011911184891410496
1 0.7398552272630775 0.9031022735263992 0.011036582615064539 0.010962900908096977
1 0.6590866835221 0.2913669399593187 0.009756668754245924 0.009765894516654636
1 0.5820766739223315 0.888605449510657 0.009122724118440048 0.010079674098802649
1 0.9219894409179688 0.2477715326392132 0.009444775788680367 0.010128394417140796
1 0.9218972454900326 0.6973221820333729 0.011076097903044327 0.010292965432871943
1 0.7226732088171919 0.6476794118466586 0.010851155156674593 0.010636039402173914
1 0.6737253147622814 0.4401868529941725 0.010328500167183254 0.01592366591743801
1 0.6208937790082849 0.20039974088254184 0.010225275288457457 0.009951612223749575
1 0.5840839717699133 0.39392154890557995 0.01011894060217816 0.010320492412732996
1 0.6585455977398417 0.2053360939025879 0.011653941610585089 0.01228606182595958
1 0.6446449031000552 0.34199584048727283 0.01073945086935292 0.011157533396845278
1 0.8022520023843517 0.7529221203016198 0.009880024453868036 0.010149126467497452
1 0.7575522298398225 0.8831116634866466 0.01021675441576087 0.01082171564516814
1 0.6073363345602284 0.2660404806551726 0.01082810111667799 0.010097482930059019
1 0.8190920041955035 0.6029396575430165 0.010677005933678669 0.01056839072186014
1 0.6444184987441354 0.36809525282486627 0.011168376259181812 0.011487836423127548
1 0.656791230906611 0.48522556864697003 0.021945746048637062 0.011547223381374195
1 0.6193909230439559 0.017222675292388252 0.011569106060525646 0.011352681595346203
1 0.713868866796079 0.8880678052487581 0.010233962017556896 0.009767905525539232
1 0.5819951244022535 0.7621256786844005 0.011173973912778109 0.011939836585003395
1 0.8477989072385042 0.48606716549914813 0.009658606156058933 0.010699614234592602
1 0.9035836510036301 0.32110193371772766 0.009752605272376019 0.012017123077226721
1 0.9275665490523629 0.7536576105200726 0.010519069174061651 0.016448020935058594
1 0.8398743090422256 0.810493344845979 0.010946771372919497 0.011100188545558765
1 0.6335978922636613 0.23190921285878058 0.009900093078613281 0.009485161822775135
1 0.831320057744565 0.5126005981279456 0.011132364687712296 0.010805565377940302
1 0.6274869441986084 0.6706217268238897 0.010957987412162449 0.011019292085067085
1 0.3647111628366553 0.3828520386115364 0.012472033500671387 0.020011793012204376
1 0.5173450656559158 0.8324671828228495 0.009506080461585003 0.010158082713251528
1 0.6397814854331638 0.5363071586774744 0.010733542235001274 0.010458013285761293
1 0.7087715397710386 0.6725689950196638 0.010035058726435122 0.010804860488228176
1 0.6173749902974004 0.24899743950885272 0.009891364885413128 0.009788803432298742
1 0.7065089889194653 0.7465494197347889 0.012213126472804859 0.014197515404742699
1 0.6128204283506973 0.38637445283972693 0.010166313337243122 0.011142357535984204
1 0.7207298900770105 0.6189368496770444 0.011056526847507641 0.011758597000785496
1 0.6477694304093069 0.21587811345639438 0.011005152826723845 0.01041574063508407
1 0.7722322422525157 0.8664622099503225 0.010046627210534138 0.011111383852751358
1 0.6311768034230107 0.11919080174487569 0.00902345906133237 0.01200214676235033
1 0.7190687552742336 0.5860555482947308 0.010673564413319464 0.01095382027004076
1 0.6384037473927373 0.6781913923180621 0.010075735009234886 0.010809359343155571
1 0.9334232288858165 0.7079455126886782 0.009110284888226053 0.010695125745690388
1 0.933333687160326 0.723109245300293 0.009919125100840693 0.011519473531971807
1 0.873539053875467 0.6186738014221191 0.010629902715268343 0.010853850323220959
1 0.625067430993785 0.8582967882571013 0.01127381946729577 0.010750272999639097
1 0.6926153224447499 0.7276234419449514 0.01080459097157354 0.011222756427267323
1 0.8218976933023204 0.6753666711890179 0.01050331281579059 0.011296438134234886
1 0.833743551503057 0.4989775989366615 0.012400419815726902 0.011242037234099014
1 0.719936868418818 0.6989043277242908 0.010798081107761547 0.01176427758258322
1 0.7484727527784265 0.5404750782510509 0.009926505710767664 0.010336378346318785
1 0.6551026468691619 0.553233996681545 0.011261152184527855 0.010546601336935291
1 0.6645893946937893 0.4165354811626931 0.010341125985850458 0.010938271232273266
1 0.6640123180721116 0.4339788996655008 0.01031736705614173 0.010222414265508238
1 0.6116241994111434 0.32167240620955184 0.010384310846743376 0.013242986539135809
1 0.38121549979500147 0.3504605085953423 0.01275176587312118 0.014307353807532269
1 0.5186571867569633 0.8706731588944143 0.010291472725246265 0.010285294574239979
1 0.8903002946273142 0.2753937140755031 0.010257969731869905 0.009732204934825068
1 0.8225264549255371 0.7292534372080928 0.01106788801110309 0.01222991943359375
1 0.8898714107015858 0.364932516346807 0.00979601818582286 0.012794577557107677
1 0.7721651326055112 0.9737164041270381 0.010616551274838655 0.010782490605893343
1 0.6600147848543914 0.4456131561942723 0.010288010472836702 0.010953322700832203
1 0.8911088031271228 0.151803151420925 0.010743348494819973 0.011506930641506031
1 0.902750886004904 0.6743544391963794 0.014386964880901833 0.012519069339918054
1 0.7921161651611328 0.9758109424425208 0.010727260423743206 0.012598742609438688
1 0.8662499137546706 0.23137279178785242 0.010512144669242527 0.011353368344514267
1 0.8797204183495563 0.17960723586704422 0.00990846882695737 0.0104437081710152
1 0.9278585926569743 0.18967017061992875 0.0078527306162311 0.009214933139445873
1 0.5290749798650327 0.837458320285963 0.00930259538733441 0.009639574133831522
1 0.7050139800361965 0.6334691669629968 0.010578487230383831 0.010822793711786684
1 0.8080794085627017 0.7845418142235797 0.010234044945758324 0.00976798845374066
1 0.6284240121426791 0.04535725712776184 0.009983166404392408 0.010473751503488293
1 0.4967914612396903 0.7731385023697561 0.009280463923578676 0.009078896563986073
1 0.8009260011755903 0.8761497787807297 0.011501395184060802 0.010629944179369055
1 0.7553986673769744 0.7015446165333623 0.011635738870371943 0.01109765923541525
1 0.8580130079518195 0.25402886971183447 0.01078344428020975 0.010798309160315472
1 0.9278921251711637 0.7601095282513163 0.010469561037809952 0.01068778659986413
1 0.9061558972234312 0.9849956346594769 0.010574299356211786 0.009566431460173233
1 0.889773016390593 0.5224316845769468 0.009779183760933254 0.010382942531419836
1 0.7094045721966289 0.5348121497942053 0.010536276775857677 0.010483928348707117
1 0.9176023939381476 0.11265930403833804 0.011587018552033798 0.011859220007191534
1 0.6677524836167045 0.6248316661171291 0.01021333362745202 0.011489142542300016
1 0.9041864560998004 0.06882000746934311 0.010938478552776833 0.011745095252990723
1 0.6385501778644064 0.5640767760898756 0.009389462678328804 0.010683847510296364
1 0.8112892482591713 0.5785100874693498 0.009422385174295177 0.009819051493769106
1 0.9013556190159011 0.08395883570546689 0.010765904965608017 0.01072835403939952
1 0.6535062789916992 0.9873756947724714 0.010259960008704144 0.009781837463378906
1 0.6833338737487793 0.515065162078194 0.009907971257748812 0.009853632553764011
1 0.643737264301466 0.030408290417298027 0.0104785794797151 0.010177205438199251
1 0.6108497640360957 0.2812293094137441 0.010184640469758408 0.011732806330141813
1 0.8450104257334834 0.6469317311825961 0.011030611784561821 0.011116857114045517
1 0.5081138921820599 0.8252739906311035 0.009122620458188265 0.009587536687436312
1 0.692250459090523 0.9200123082036558 0.009462107782778532 0.010373654572860054
1 0.6784930436507516 0.5869494313779084 0.010798661605171535 0.011105371558147926
1 0.620532751083374 0.3046850432520327 0.009667085564654806 0.009859313135561735
1 0.7086806919263757 0.6833834648132324 0.009780552076256794 0.010050690692404041
1 0.7087007812831714 0.6472073845241382 0.01071303823719854 0.010657186093537704
1 0.8146879569343899 0.6351738909016484 0.010697696519934612 0.01125030932219132
1 0.9066235708153765 0.20082549426866614 0.011446040609608526 0.012203361677086872
1 0.6454027010046918 0.6219105927840524 0.01105988543966542 0.011653900146484375
1 0.591680091360341 0.015661620251510456 0.010991676993992016 0.01192820914413618
1 0.5270441615063212 0.7850019413491954 0.010039889294168224 0.009542838386867357
1 0.9234331794407056 0.2646818368331246 0.010394801264223845 0.010011797365934952
1 0.586089735445769 0.9483125728109607 0.00956514607305112 0.009674943011739979
1 0.5105686809705652 0.7875405394512675 0.009871565777322521 0.009583970774774965
1 0.6957094773002293 0.6423033320385477 0.01052781809931216 0.010841058648150902
1 0.7831588828045389 0.8368611335754396 0.010256311167841372 0.01071328702180282
1 0.6298204090284265 0.6876511159150496 0.010508495828379755 0.0127837554268215
1 0.6134590687959091 0.029243343550225964 0.009915268939474354 0.011047687219536823
1 0.6402665013852327 0.4414761688398279 0.00996299411939538 0.010119375975235649
1 0.6501600949660592 0.12119173485299817 0.009629767874012823 0.009677586348160454
1 0.469944689584815 0.8232897053594175 0.009721061457758364 0.009227255116338316
1 0.6246667737546174 0.3828308893286664 0.010737709377122961 0.010898631551991339
1 0.6552212445632272 0.6742809751759404 0.010183313618535582 0.010454882746157438
1 0.8288139467654021 0.5294009706248408 0.01017997575842816 0.01767768030581267
1 0.6250294395115066 0.41028901805048407 0.011055407316788383 0.010405830715013586
1 0.6113595340562903 0.40454097934391187 0.010781536931576937 0.011323607486227284
1 0.5082073418990426 0.04254259233889372 0.011075351549231487 0.011913372122723122
1 0.7380059283712636 0.694414760755456 0.011042387589164402 0.011438701463782269
1 0.8958464498105257 0.20305658423382306 0.010025107342263927 0.009505147519318954
1 0.6924146154652471 0.6074467119963274 0.010191461314325747 0.010187563688858696
1 0.6691132628399393 0.2824375214784041 0.011000301526940388 0.010833014612612516
1 0.6245179487311322 0.6355016024216361 0.010734205660612686 0.010823104692542034
1 0.6242979713108229 0.5914601450381072 0.010724855505901833 0.010087966918945312
1 0.6315607195315154 0.07805644688398941 0.00972710485043733 0.010484659153482189
1 0.591225230175516 0.8797646605450175 0.010478434355362602 0.011093181112538214
1 0.9089058585788892 0.7125903834467349 0.011166614034901495 0.013627840125042458
1 0.6292866416599439 0.5353415737981382 0.010653620180876358 0.010653578716775646
1 0.7722367825715437 0.5788312994915507 0.01078771508258322 0.00998414081075917
1 0.6248010345127272 0.21144526937733527 0.01013934093972911 0.010078015534774117
1 0.522217729817266 0.7995153924693232 0.011394044627314028 0.011808561242145042
1 0.9039147833119269 0.2760625714841096 0.009325276250424593 0.010175041530443274
1 0.6349196226700492 0.05506842032722805 0.009672247845193615 0.010817133862039318
1 0.641701418420543 0.14348641167516296 0.011017985965894617 0.010163628536721935
1 0.8997929407202679 0.5351044406061587 0.011946346448815388 0.012263795603876528
1 0.642750594926917 0.042439082394475525 0.009636215541673742 0.01026531924372134
1 0.6047425062760062 0.687244518943455 0.012020028155782948 0.017633230789847996
1 0.8803533471148945 0.1469241017880647 0.01118270210597826 0.011030943497367527
1 0.9331723088803499 0.7355465681656547 0.009778561799422554 0.013813765152640965
1 0.8482388828111731 0.5650350632874862 0.01068127673605214 0.011998736340066662
1 0.4606698855109837 0.8358483521834664 0.009492656458979067 0.008717910103175951
1 0.6679989358653193 0.5870222838028617 0.011184526526409645 0.011049685270889946
1 0.7224218949027681 0.915754857270614 0.010544901308806046 0.010484695434570312
1 0.6644772135693094 0.703332921733027 0.011397341023320738 0.011520012565281079
1 0.612796980401744 0.6564058635545814 0.009769750678020975 0.01039961109990659
1 0.6008128601571788 0.4453380626180898 0.011396014172097912 0.01116707014000934
1 0.5638991231503694 0.04729562220366104 0.010951912921407948 0.013030591218367867
1 0.89511485721754 0.9315728311953337 0.01072203594705333 0.011606713999872622
1 0.8523314517477284 0.7918636487877887 0.01101759205693784 0.012366750965947691
1 0.8215682817542035 0.8508460832678754 0.010342805281929348 0.010471012281334919
1 0.698279857635498 0.5542089006175166 0.009963450224503227 0.0102264984794285
1 0.5831300901330035 0.9052596092224121 0.009849050770635191 0.009364459825598675
1 0.6421426379162333 0.22608371402906335 0.009674963743790337 0.00959641000498896
1 0.9146749247675356 0.08670936200929726 0.011341592539911684 0.011751180109770401
1 0.9157867431640625 0.2309772139010222 0.010884326437245245 0.011810572251029636
1 0.6344452111617379 0.1416453226752903 0.009905980980914572 0.009539821873540464
1 0.7790717871292777 0.8227464841759722 0.009984596915867018 0.01180192698603091
1 0.6827550556348717 0.6543568424556567 0.010556594185207203 0.010537251182224438
1 0.4886406919230585 0.81489026028177 0.009397092072860054 0.009779930114746094
1 0.42577199313951575 0.8755609885506008 0.0099719296330991 0.011200738989788551
1 0.8828224721162214 0.7459615831789763 0.0114714995674465 0.012178462484608526
1 0.5611284919407056 0.028634282557860664 0.00949784983759341 0.010171037653218145
1 0.8045643516208814 0.8969123467155125 0.011051177978515625 0.010732609292735224
1 0.6064300433449124 0.0709661400836447 0.010969970537268597 0.010636547337407652
1 0.5053506312162981 0.8007482860399329 0.009393318839695143 0.011457277380901833
1 0.6193844339121943 0.06319734065429024 0.010040075882621433 0.010014031244360882
1 0.8229768379874851 0.6273024911465853 0.01074844857920771 0.011373540629511293
1 0.639750916024913 0.11175209024678105 0.009931688723356827 0.00958555677662725
1 0.6972190815469493 0.8832120895385742 0.010138428729513416 0.01030407781186311
1 0.678325653076172 0.5524068086043649 0.010933751645295517 0.011424106100331182
1 0.5161045219587244 0.8857885650966479 0.00962798491768215 0.010901699895444124
1 0.8409304204194441 0.48435515942780866 0.013625144958496094 0.012821653614873472
1 0.8975429742232613 0.6281311511993409 0.009891136832859205 0.009898123533829399
1 0.6684424151544984 0.8465135408484418 0.010708145473314367 0.011940168297809105
1 0.8632758182028064 0.6489595952241316 0.012339716372282608 0.010559786920962126
1 0.6897677960603132 0.9779489351355511 0.010081415591032608 0.013868083124575407
1 0.5976508596669072 0.3591251839762149 0.013647908749787704 0.010944573775581692
1 0.8979529919831648 0.0235295885283014 0.010629653930664062 0.012248828359272167
1 0.6088247610175092 0.5062730208687161 0.011146856390911598 0.012338223664656929
1 0.6189337295034657 0.341362933749738 0.010672050973643427 0.01117200695950052
1 0.9324971074643342 0.28117955249288806 0.008854907491932745 0.012350745823072351
1 0.8905908750451129 0.1867425649062447 0.010618209838867188 0.01049636757892111
1 0.6495967118636423 0.10870070042817488 0.011192736418350883 0.009931771651558254
1 0.7944715334021528 0.9632801802262015 0.010467031727666441 0.010674683944038723
1 0.6928874306056809 0.7449273648469346 0.014334720114003057 0.015644322270932404
1 0.8822817387788191 0.2934381339860999 0.009700153184973675 0.009994859280793564
1 0.6378385295038637 0.2153545151586118 0.010755207227623981 0.010389473127282185
1 0.5729712196018385 0.587507786958114 0.012352487315302309 0.01315232981806216
1 0.5300134368564771 0.846866690594217 0.01065274943476138 0.010416030883789062
1 0.775006563767143 0.590108000713846 0.010785185772439709 0.009733200073242188
1 0.6444065259850543 0.017835176509359608 0.011994983838952106 0.011401062426359757
1 0.8514894402545431 0.5539488066797671 0.009908759075662365 0.010814604551895805
1 0.7996854367463484 0.8232395959937054 0.009065545123556385 0.010055749312691067
1 0.701672823532768 0.9879550104555875 0.009557019109311312 0.009425287661345108
1 0.4977681947791058 0.7975710163945737 0.008754315583602242 0.009564607039741848
1 0.7147699646327805 0.8537483422652536 0.011640921882961109 0.010808239812436312
1 0.6663275905277419 0.9272959543311078 0.010243975597879162 0.009613327358079992
1 0.6411351224650508 0.9550580978393555 0.010280671327010445 0.010038707567297894
1 0.6305102265399435 0.2452394236689029 0.009983270064644192 0.010094352390455164
1 0.6468090181765349 0.5099311289579973 0.010294375212296196 0.016718574192212975
1 0.736082533131475 0.7545739464137864 0.011222258858058765 0.01047490990680197
1 0.6204434166783872 0.12780506714530612 0.009402378745701002 0.011245644610861073
1 0.7364318681799847 0.9194659564806067 0.009917549465013586 0.010970613230829653
1 0.5891898196676503 0.42545337780662207 0.010345956553583559 0.010851041130397632
1 0.6461653398430864 0.5697868388632069 0.009600452754808508 0.010286911674167797
1 0.6185826944268268 0.6770102874092436 0.00985885703045389 0.011137672092603601
1 0.8349967832150667 0.6199362796285878 0.010762546373450237 0.01137103205141814
1 0.5942016580830449 0.9875687308933425 0.011006873586903448 0.009567343670388927
1 0.7050406829170559 0.8330579840618632 0.01106950511103091 0.01236061427904212
1 0.5897414373314899 0.9761072034421174 0.010107247725777004 0.009323078653086786
1 0.8550262865812883 0.6711814507194187 0.012939867766007133 0.011202812194824219
1 0.6515605967977771 0.24732647771420685 0.010222186212954313 0.010420591934867527
1 0.617378162301105 0.8645668651746667 0.010845453842826511 0.01072929216467816
1 0.6342679832292639 0.29082770969556726 0.009473779927129332 0.010493776072626528
1 0.3673191796178403 0.39426317940587585 0.011220517365828804 0.014200013616810675
1 0.6286013748334802 0.4420899515566619 0.010770403820535412 0.01045983770619268
1 0.5859794824019723 0.38359000112699426 0.011346112126889437 0.013256140377210535
1 0.5952183163684347 0.404739753059719 0.01094811895619268 0.009638910708220108
1 0.6096411891605542 0.3610197772150454 0.010672299758247707 0.010623061138650646
1 0.8961694344230321 0.06118081704429959 0.010524625363557236 0.011841312698695972
1 0.6457180354906165 0.4861264280650927 0.018765656844429348 0.012817082197769829
1 0.8543729574783988 0.9724325097125508 0.009885000145953634 0.009221615998641304
1 0.6209932824839717 0.6470977741739025 0.011314226233440895 0.010530844978664234
1 0.632167214932649 0.6613374274709949 0.010140336078146229 0.011315159175706946
1 0.6530968209971553 0.9336621657661769 0.011215666066045347 0.01111329120138417
1 0.568582762842593 0.6373880427816639 0.011588013690450916 0.011423484138820484
1 0.47189436269843066 0.8881282391755478 0.009503893230272375 0.010040697844132133
1 0.7743269464244014 0.5602959446285081 0.01051529594089674 0.020656647889510445
1 0.9031755171157074 0.1887592807338873 0.009470560970123719 0.011639253845280204
1 0.5790831835373588 0.015726478851359825 0.011096021403437075 0.01196429651716481
1 0.6000992318858271 0.10854530852773916 0.009989199431046196 0.010541449422421663
1 0.5885262074677841 0.43545006669085956 0.011476392331330673 0.015405095141866932
1 0.8122932599938434 0.7298950527025305 0.010239559671153193 0.01049730052118716
1 0.7450647768766985 0.6083390712738036 0.009670340496560802 0.01141338763029679
1 0.9332503857819932 0.2732386692710545 0.009044730144998302 0.010446817978568699
1 0.6170990674392037 0.26683727554653003 0.01167539928270423 0.015501913817032524
1 0.4634664110515429 0.8755624397941257 0.009879288466080376 0.009123221687648607
1 0.6124833148458729 0.41909006367559015 0.011532576187797215 0.011700505795686142
1 0.921327197033426 0.9476323127746582 0.009608268737792969 0.010294002035389776
1 0.6288158271623694 0.15057376156682556 0.009473572606625765 0.009803875632908033
1 0.8928650565769363 0.9623507209446118 0.009885290394658628 0.010022536568019703
1 0.8969890553018321 0.23717566158460535 0.009968094203783117 0.009990795798923658
1 0.8675941591677458 0.21516100220058273 0.010577367699664574 0.015977838765019955
1 0.48635834714640747 0.8541607234788977 0.009309032688970152 0.010321990303371265
1 0.6444953006246815 0.26250269102013635 0.010141870249872622 0.009515015975288723
1 0.5981227211330248 0.6642736973969834 0.011775721674380095 0.011956961258597996
1 0.5711280470309051 0.6886715888977051 0.011280868364417034 0.013026569200598675
1 0.9174496401911196 0.9225944643435272 0.010664193526558254 0.010749526645826258
1 0.4905792474746704 0.8280569574107294 0.009409914846005648 0.009479439776876698
1 0.43761486592500104 0.877740424612294 0.01014002509739088 0.011154879694399626
1 0.656670736229938 0.4757271849590799 0.010381366895592731 0.011356478152067764
1 0.6625225440315579 0.3231431712274966 0.011481699736221977 0.01342935147492782
1 0.6451293592867644 0.9424372548642366 0.010638713836669922 0.011338607124660328
1 0.6788910160893981 0.8297639929729961 0.012909764828889267 0.011021323826002039
1 0.8431571255559507 0.939040121824845 0.008840021879776665 0.010114628335703974
1 0.7252209704855214 0.5542731285095216 0.01094818115234375 0.017028269560440727
1 0.6718957424163818 0.9140968944715416 0.010041755178700323 0.009266189906908117
1 0.9175157339676566 0.14456102640732474 0.010433155557383661 0.010820710140725841
1 0.6415635710177214 0.6536902448405391 0.011939152427341625 0.01082667060520338
1 0.44661647340525756 0.899352032205333 0.011575263479481573 0.018775774085003395
1 0.696661140607751 0.7957053184509276 0.010255855062733526 0.010668091152025305
1 0.6026846636896548 0.6473326268403428 0.010571313940960426 0.01493234219758407
1 0.892188777094302 0.3222324851414431 0.009723663330078125 0.012325971670772717
1 0.6369861208874247 0.1285422003787497 0.008956017701522163 0.010530150454977284
1 0.630892276763916 0.25784274806147034 0.013766081436820652 0.010260084401006285
1 0.5784330782683 0.9235331079234247 0.010084732719089672 0.009667935578719429
1 0.7663342434427013 0.5445793400640073 0.010126611460810122 0.0099493524302607
1 0.5295391497404679 0.8079275462938391 0.009547523830247961 0.009807420813519022
1 0.6475978934246561 0.23803814597751782 0.01004890773607337 0.011207663494607677
1 0.5385184391685154 0.7471816643424657 0.009447450223176376 0.009684977324112602
1 0.7147041611049487 0.98681292326554 0.011717796325683594 0.010237486466117527
1 0.785224665766177 0.8656068884808086 0.009512942770253057 0.009701189787491508
1 0.6950306685074514 0.8976856314617655 0.01007569354513417 0.010107786759086277
1 0.6394482695538065 0.9775993513024371 0.009733822034752888 0.010801149451214333
1 0.7197266661602518 0.8291481888812521 0.011810758839482847 0.011720035387122112
1 0.5048541815384574 0.8582588278728984 0.01099159406579059 0.010216422702955164
1 0.8147286746812903 0.8647751186204993 0.010051768759022589 0.010004043579101562
1 0.6019098447716754 0.39318869684053503 0.010241052378778872 0.010696758394655973
1 0.8808625677357549 0.2828643736631974 0.009379179581351902 0.009700256845225458
1 0.5258179643879766 0.7731502989064092 0.010223533796227497 0.009972323542055876
1 0.5791843144789987 0.6577262256456458 0.013690720433774202 0.013842168061629585
1 0.6113185260606848 0.9438729493514352 0.009922898334005604 0.010134738424549932
1 0.9295445110486901 0.2543125981869905 0.010265474734099014 0.010431289672851562
1 0.8363375663757324 0.9503360623898713 0.00959889785103176 0.010231391243312671
1 0.593699610751608 0.9174117420030676 0.009601572285527769 0.010094559710958729
1 0.8893667303997538 0.22696715852488636 0.010788295579993206 0.010873151862103005
1 0.5414549371470576 0.7635464046312415 0.009637335072393003 0.009743649026621943
1 0.8694634230240531 0.6289711931477422 0.010122547978940218 0.011025242183519446
1 0.9104454372510081 0.24234273589638877 0.007423284725437904 0.008742984490743974
1 0.45245090774867847 0.8841232631517493 0.009626782458761463 0.008861127107039742
1 0.7562706574149755 0.549820091413415 0.013538443523904552 0.011781816897184952
1 0.5612852469734524 0.7961179277171259 0.011418342590332031 0.011000550311544666
1 0.8919354936350947 0.6884751941846764 0.0113976934681768 0.01889361505923064
1 0.5211843407672384 0.11812881801439368 0.014724316804305367 0.016699334849482
1 0.5533860455388608 0.691626507302989 0.011839369068975035 0.011476682580035667
1 0.8655997981195864 0.2654723188151484 0.009410443513289742 0.010861376057500425
1 0.8629669313845427 0.5582921712294869 0.010527279066002888 0.010012771772301716
1 0.5834320006163224 0.6782017583432405 0.011412309563678245 0.012083302373471468
1 0.922218778859014 0.8333497876706331 0.009800869485606318 0.012171330659285835
1 0.8879149893055791 0.32955822737320617 0.008880532306173573 0.009677265001379925
1 0.6254756346992825 0.28182077407836914 0.010084898575492527 0.009854399639627209
1 0.8095431949781335 0.8169973829518193 0.008850595225458559 0.009660264720087465
1 0.8251684022986371 0.5476835395978845 0.010655776314113453 0.009209860926089079
1 0.6335972703021505 0.41561193051545514 0.01439140153967816 0.015216163966966711
1 0.5437308498050857 0.7824263365372367 0.009982046873673149 0.009835699330205503
1 0.9260978284089463 0.32325370901304745 0.010750231535538383 0.011373923524566319
1 0.7127768267755923 0.7202441796012546 0.011768299600352411 0.011499197586722996
1 0.46987230363099464 0.8527475025342858 0.009738745896712593 0.009154610011888586
1 0.68641357836516 0.9604766265205715 0.010697198950726051 0.01059797535771909
1 0.47400200366973877 0.8424505772797957 0.009231494820636251 0.00935575236444888
1 0.5657050816909127 0.8995274253513503 0.010625030683434528 0.01062451238217561
1 0.7245288102523141 0.9789353868235713 0.010753134022588316 0.010576040848441746
1 0.46151180889295496 0.896571677664052 0.010242648746656336 0.009447719739831013
1 0.864263327225395 0.8171340278957202 0.009451741757600204 0.010041112485139267
1 0.7973110779472019 0.939107957093612 0.010561155236285667 0.010584748309591541
1 0.6304295063018799 0.9251882718956989 0.010170210962710173 0.009797054788340693
1 0.632612943649292 0.9352245538131052 0.010564202847688095 0.012667738873025646
1 0.5985025530276091 0.2917622068653936 0.010066861691682236 0.009519908739172894
1 0.38709453914476477 0.38865665508353187 0.009901876034943954 0.010791109955829124
1 0.6414961607559867 0.43302978121716046 0.01086060897163723 0.009976542514303455
1 0.8899343324744183 0.663076110508131 0.010383274244225544 0.010766319606615149
1 0.6457961434903353 0.13158479462499206 0.009373063626496689 0.013195566509080969
1 0.8100579925205398 0.9461145608321481 0.011355980582859204 0.014575916787852411
1 0.6536877673605214 0.8883886751921282 0.014222932898479958 0.017945165219514267
1 0.47066292555435846 0.9007876230322797 0.00981283187866211 0.009524677110754925
1 0.9221855039181917 0.16913388086401895 0.01047279523766559 0.011233599289603855
1 0.8398362657298213 0.8390134106511655 0.010693881822668987 0.010333475859268852
1 0.5815202671548595 0.404260251833045 0.009891178296959919 0.010405727054761804
1 0.4767308027847954 0.8656635491744332 0.010130716406780739 0.009385606516962465
1 0.918476270592731 0.06558469326599785 0.010879682457965355 0.01206151817155921
1 0.6309357000433881 0.9718002029087234 0.011363464853037958 0.012086163396420687
1 0.45829708161561383 0.8589777117190154 0.010071764821591585 0.010793146879776665
1 0.559500383294147 0.7733865820843242 0.011841359345809273 0.010968083920686142
1 0.6215115215467371 0.9391078119692594 0.01053482553233271 0.010798744533372961
1 0.7017750532730765 0.5447235211082126 0.009986960369607677 0.009604806485383408
1 0.9116753024324831 0.32022401554159485 0.009545563759118117 0.008587422443265269
1 0.567789948504904 0.975643427475639 0.011301289434018343 0.009813433108122452
1 0.6906238431515901 0.9492458053257153 0.010681193807850714 0.011067307513693104
1 0.7198038101196289 0.5407425217006517 0.009581109751825747 0.00975488579791525
1 0.8774900229080863 0.7062012008998704 0.01064611517864725 0.011160270027492359
1 0.7963876724243164 0.856866919476053 0.009728058524753736 0.01055468683657439
1 0.5852355335069739 0.3575005388778189 0.011619733727496605 0.012850898763407831
1 0.619569384533426 0.4489550901495892 0.011061502539593239 0.010716500489608101
1 0.5945174486740775 0.08808744472006091 0.011085365129553753 0.014362936434538467
1 0.523676001507303 0.06172491415687229 0.009713463161302649 0.009657377782075302
1 0.8812832832336426 0.2117347302644149 0.010084857111391813 0.009950140248174253
1 0.8777807484502377 0.8220272064208984 0.01036046898883322 0.009567841239597486
1 0.5952846692956012 0.4173385993294093 0.010803305584451427 0.010255772134532099
1 0.8091683595076852 0.7732368759486987 0.010099162226137907 0.010778136875318445
1 0.7164980224941089 0.9023900239363961 0.01004579792851987 0.014207674109417458
1 0.9093941398288894 0.3086921235789423 0.009959179422129755 0.009772964145826258
1 0.9223259635593579 0.8221095126608142 0.01091401473335598 0.011647514674974524
1 0.580328837684963 0.956884239030921 0.01083925495976987 0.010672818059506624
1 0.8854439154915187 0.6368858503258746 0.01010733065397843 0.010419596796450407
1 0.89187593045442 0.34028039807858673 0.009466005408245584 0.01239919662475586
1 0.9150316818900731 0.96078288036844 0.009229908818783968 0.008865273517111073
1 0.6734393679577372 0.9457221653150476 0.015579534613567848 0.016451462455417797
1 0.7971485179403554 0.7174203706824263 0.011536846990170687 0.01055982838506284
1 0.8994255895199983 0.17730915028115973 0.010497549305791441 0.011291814887005348
1 0.522241385086723 0.0754848511322685 0.011185355808423914 0.012457101241402004
1 0.4996227440626725 0.8166730507560398 0.010125398635864258 0.010019675545070484
1 0.6043517382248588 0.5762150183967922 0.013886887094248896 0.01421907673711362
1 0.907578530518905 0.13926228233005689 0.010465248771335766 0.01185371564782184
1 0.8816340487936268 0.5171110008073889 0.009844489719556726 0.011164146920909052
1 0.7799100875854492 0.6346547292626422 0.010268584541652515 0.011376712633215862
1 0.6066591428673785 0.6275422469429348 0.011255430138629417 0.011421037756878395
1 0.8806058220241382 0.5042308828105098 0.010041112485139267 0.010507023852804432
1 0.5718192743218463 0.9100159976793372 0.012936654298201851 0.009943796240765116
1 0.624067793721738 0.25556605795155407 0.01036413856174635 0.01071855296259341
1 0.7131435145502505 0.976562624392302 0.009994423907736073 0.010027429331903872
1 0.845048427581787 0.9249422031900157 0.00897229236105214 0.009966767352560291
1 0.8895689922830333 0.6179724776226542 0.009157097857931385 0.009094777314559273
1 0.9039445960003397 0.1540552688681561 0.011538547018299932 0.011429962904556938
1 0.5851462198340375 0.5025573813396952 0.011057190273119055 0.01102447509765625
1 0.6004236470098081 0.5400532224903936 0.010121304055918818 0.011023687279742699
1 0.5123166830643363 0.06819756393847258 0.009986835977305536 0.010525822639465332
1 0.4482236478639685 0.8709512793499491 0.009530077809872835 0.009805845177691916
1 0.8840455801590629 0.6864672743755839 0.00998924089514691 0.01006553484045941
1 0.6252645927926769 0.16057982133782428 0.009225119715151579 0.010881703832875128
1 0.605999055116073 0.13277959305307138 0.009625600731891134 0.009213333544523819
1 0.5924858010333517 0.898107507954473 0.011037660681683083 0.010860816292140796
1 0.8562339285145636 0.6578465544659159 0.010203071262525476 0.010141331216563349
1 0.6933441576750381 0.4846547738365505 0.011017923769743546 0.010480828907178797
1 0.5879507790441099 0.029454051152519554 0.009164747984512993 0.01000079642171445
1 0.5655571377795675 0.7458531338235607 0.013468182605245838 0.010850077090056046
1 0.8397919198741084 0.8788830301036006 0.010746499766474184 0.010229525358780571
1 0.5634801802427872 0.8096558322077212 0.011029015416684359 0.010737336200216541
1 0.551239480143008 0.7512072272922683 0.00991839947907821 0.009682282157566236
1 0.5396791852038839 0.7910671026810355 0.009677824766739555 0.009624025096064028
1 0.70470144437707 0.6616987767426865 0.00946206631867782 0.009026154227878736
1 0.9275800210406419 0.06663621187665295 0.00810685420089094 0.007977923193244352
1 0.4871055561563243 0.8759707160617993 0.010379003441852074 0.008891976397970448
1 0.8922965422920559 0.7171813716059147 0.010114918584408968 0.009453649106233017
1 0.6089152253192404 0.12084026958631432 0.009806384211001188 0.009653754856275476
1 0.5963060648544974 0.3749945682028066 0.01704616131989852 0.013885415118673573
1 0.6099452661431354 0.21299706334653107 0.009949456090512484 0.009534669959026834
1 0.6212027280226998 0.09632824814837912 0.010023552438487177 0.01269929305366848
1 0.5612283374952234 0.0943118903947913 0.010921229486880095 0.01048197953597359
1 0.8668022570402727 0.9653200688569441 0.009775161743164062 0.00962692758311396
1 0.6269842541736105 0.18824880019478177 0.009695861650549847 0.00923355765964674
1 0.3754985643469769 0.3049555757771368 0.011487380318019703 0.01180323310520338
1 0.48160042451775587 0.833437691564145 0.00916705960812776 0.01052105945089589
1 0.4613409871640413 0.8213335534800654 0.009491485098133917 0.009740829467773438
1 0.5666735483252484 0.7628940706667692 0.011249003203018852 0.01232159656027089
1 0.924124406731647 0.28997452362723974 0.009731500045112942 0.00916563946267833
1 0.45358806589375367 0.9023667418438454 0.009004914242288341 0.009552292201829992
1 0.8509827074797258 0.9492430686950684 0.010088215703549593 0.010772497757621433
1 0.9142042242962383 0.020544132460718574 0.014486395794412365 0.013035494348277216
1 0.5792548138162364 0.9880114016325576 0.010409147843070652 0.0074682650358780574
1 0.6856099004330842 0.9083260453265646 0.011256756989852242 0.009614239568295687
1 0.7135719838349717 0.5213411890942118 0.013438888218091883 0.011667313783065132
1 0.587273535521134 0.4876895883808966 0.012208316637122112 0.01246599529100501
1 0.4760968115018761 0.7821734262549359 0.009490997894950535 0.012926640717879585
1 0.7377630731333857 0.9861112055571182 0.013833667920983356 0.012750169505243715
1 0.6114515117976975 0.08628714602926502 0.010041382001793903 0.013089366581128992
1 0.5731628044791843 0.07070122335268103 0.01018287824547809 0.011277639347573986
1 0.5689902201942776 0.9372953124668288 0.010048887004023012 0.010682188946267834
1 0.6009376774663511 0.6929771381875743 0.010854223500127378 0.010116867397142492
1 0.5619363577469535 0.9193684329157291 0.011692171511442764 0.01052404486614725
1 0.6829483820044476 0.7139625134675398 0.011362697767174763 0.014284631480341372
1 0.8755704423655634 0.8390032519464906 0.01002514880636464 0.010021334109099014
1 0.634346578432166 0.06573398476061613 0.009361287821894106 0.010284004004105278
1 0.5624418673308 0.9570455343826958 0.010706694229789402 0.00966631847879161
1 0.6135370524033256 0.5264149645100469 0.010094829227613367 0.010293110557224438
1 0.6488171038420305 0.48544180911520257 0.01356705375339674 0.011118059572966202
1 0.4894862019497415 0.8900176338527515 0.009463527928227964 0.010309799857761547
1 0.885429568912672 0.7325493978417438 0.009983933490255604 0.01009431092635445
1 0.9074069520701532 0.7320740119270657 0.009495154671047045 0.008571832076362942
1 0.5263703491376794 0.764826774597168 0.009966373443603516 0.010407820991847828
1 0.8723372583803923 0.9867272169693655 0.012920379638671875 0.010322487872579823
1 0.8207891505697499 0.7444173149440598 0.009904902914296026 0.010157875392747961
1 0.8905557549518086 0.7661863824595578 0.012589993684188179 0.012228675510572351
1 0.5469391967939294 0.8159583755161453 0.010598783907682999 0.00995797696320907
1 0.5708434789077096 0.02807758165442425 0.009440152541450832 0.010526429051938265
1 0.6112155188684878 0.3073066524837328 0.010549897732942001 0.01022879973701809
1 0.8769456614618716 0.809574085733165 0.010929605235224184 0.011041309522545856
1 0.9078780879145083 0.018294136161389557 0.011630597321883492 0.011737193750298542
1 0.6318978641344153 0.17976042498712952 0.009312049202297045 0.01017817207004713
1 0.6084445144819177 0.5497443572334622 0.010523941205895466 0.011164374973462976
1 0.6323557625646177 0.9634158922278364 0.009694576263427734 0.012224777885105297
1 0.651168149450551 0.4345696490743886 0.011035276495892067 0.010199339493461277
1 0.8299127039702041 0.5370365640391475 0.009694016498068104 0.009151458740234375
1 0.9072355394778044 0.22684468393740445 0.010646032250445824 0.010875038478685461
1 0.8022615391275159 0.6281591083692468 0.010894236357315727 0.010967005854067595
1 0.9068992241569188 0.9525237498076067 0.009570204693338146 0.00973058783489725
1 0.664829565131146 0.9378648840862772 0.009269921675972317 0.011859645014223845
1 0.6042120664016061 0.637768382611482 0.010837865912395973 0.009974956512451172
1 0.33930023856784985 0.767522148464037 0.009692855503248133 0.00922393798828125
1 0.913489238075588 0.941312893577244 0.009932600933572521 0.010640476060950237
1 0.8974696449611497 0.28618677802707837 0.009970955226732336 0.009943340135657269
1 0.500990338947462 0.8751742943473484 0.009988598201585852 0.009720304737920347
1 0.8801659086476201 0.23047570560289463 0.010203278583029041 0.010211260422416355
1 0.9333210613416589 0.1740839066712753 0.008710570957349695 0.010150639907173489
1 0.636288083117941 0.806367127791695 0.012102666108504585 0.013085987256920856
1 0.8955898284912109 0.8029165060623832 0.011042553445567255 0.009913610375445822
1 0.572557024333788 0.8851082221321438 0.010403819706128992 0.010017851124639097
1 0.5940611258797024 0.24590576213339102 0.011870964713718579 0.010859966278076172
1 0.8736194320346997 0.6354354879130488 0.011336824168329653 0.012849496758502464
1 0.6965598438097083 0.6548597708992336 0.011198168215544327 0.010829386503800102
1 0.5339779646500297 0.03694513180981512 0.012410371199898098 0.009308739848758863
1 0.6190879448600437 0.4715789090032163 0.01090302674666695 0.010979569476583729
1 0.9324486981267515 0.15996498128642206 0.009642601013183594 0.011651236078013544
1 0.4352836194245712 0.8500403528628142 0.010359225065811821 0.011583162390667458
1 0.6049391290415889 0.9726369899252186 0.010006448496942934 0.009602712548297384
1 0.8658949810525646 0.8280864176542864 0.009696048239003057 0.00962128846541695
1 0.5973802442136018 0.3188316925712254 0.010114628335703974 0.011539915333623472
1 0.5397049758745276 0.8034265559652577 0.009678032087243122 0.014184329820715862
1 0.5940113171287205 0.30471461752186646 0.009905960248864216 0.00950796707816746
1 0.8381720625835918 0.866698348003885 0.009793696196182915 0.010053220002547554
1 0.9139605812404465 0.25884503903596295 0.011545678843622622 0.010027843972911005
1 0.8326881864796515 0.93982107742973 0.010819518047830334 0.009573563285495924
1 0.9027787291485331 0.9716918157494586 0.009636878967285156 0.009461485821267834
1 0.8963151392729387 0.029978170343067333 0.009926878887674084 0.010755012864651888
1 0.4440005758534307 0.8490475364353347 0.008896371592646059 0.009393940801205843
1 0.5989904300026272 0.1932518793189007 0.009830412657364555 0.011374307715374489
1 0.9334758468296218 0.3001423607701841 0.007812209751295008 0.008695996325948963
1 0.61510677959608 0.36966867032258405 0.010234231534211533 0.010089957195779552
1 0.6321365004000457 0.9487081195997156 0.010307622992474098 0.015487753826638927
1 0.8174408000448475 0.7872281074523926 0.010358520176099695 0.009862277818762737
1 0.700503224911897 0.5241991747980532 0.009923188582710598 0.009898351586383322
1 0.8761918855750043 0.7216494809026303 0.011502556178880774 0.010357193324876867
1 0.9181611226952594 0.9337309132451597 0.011156040689219599 0.009787600973378057
1 0.5468077763267185 0.7396518043849778 0.010279095691183338 0.009238284567128057
1 0.5869829654693604 0.5471345652704653 0.010485296664030655 0.01001175590183424
1 0.87755126538484 0.9531045374662979 0.012871078822923742 0.010914387910262398
1 0.8628447574117908 0.7062801692796791 0.009404887323794157 0.00949295707370924
1 0.8303485124007516 0.900685517684273 0.01110765208368716 0.011195307192595108
1 0.31949702553127124 0.7321075356524922 0.009926049605659817 0.008786574653957201
1 0.5520188290139904 0.8023288975591244 0.011904757955799932 0.013085655544115149
1 0.575261986773947 0.9437340031499448 0.010166831638502039 0.009929491126019022
1 0.5625202448471732 0.9459355395773182 0.009788658307946247 0.009998155676800272
1 0.5791899017665698 0.780178049336309 0.013032705887504246 0.011162592017132301
1 0.5679745985114056 0.6091493938280188 0.012203237284784731 0.01299285888671875
1 0.8868266603221064 0.19579437504643982 0.010817196058190388 0.013647784357485563
1 0.6369875824969747 0.5748982014863387 0.00891001328178074 0.009096187093983526
1 0.5504410577856976 0.7207589564116104 0.011115986367930536 0.014996694481891136
1 0.8694562911987305 0.26882869264353876 0.00927759253460428 0.009403705596923828
1 0.5124313105707583 0.8570995538131051 0.011182370393172554 0.009170490762461786
1 0.8781979602316151 0.9415849188099736 0.010633717412533968 0.010587360547936481
1 0.5732779502868653 0.5473935915076215 0.012420364048170008 0.010334512461786684
1 0.6020957283351731 0.48932560630466626 0.012199070142663044 0.013187491375467052
1 0.9122081217558486 0.27097695806752087 0.009576921877653702 0.010552572167438011
1 0.5591171306112538 0.9881659176038659 0.012338513913361923 0.008568349091903023
1 0.8748289605845576 0.7334287062935207 0.010270906531292458 0.009999648384425951
1 0.4941341358682383 0.08312945003094882 0.009580321933912195 0.009793400764465332
1 0.5819361313529636 0.4520193493884543 0.009948067043138586 0.01216645862745202
1 0.8496026785477346 0.91386428086654 0.00857556384542714 0.010122921155846638
1 0.5696193342623503 0.4526337437007738 0.012329205222751782 0.015314205833103344
1 0.8222147070843241 0.9141066592672596 0.01275634765625 0.009721755981445312
1 0.5567948714546536 0.5664555300836978 0.013380714084791101 0.012657704560653023
1 0.5420484957487687 0.023074371659237407 0.009437395178753397 0.009470081847646961
1 0.5590583034183668 0.9361049195994502 0.00971364974975586 0.010192663773246433
1 0.363108973140302 0.38732191531554505 0.010041659292967423 0.011348086854685907
1 0.6114665632662565 0.19451558071634042 0.009706227675728176 0.009415958238684612
1 0.9121330924656079 0.9696482782778534 0.008102748704993206 0.008442588474439539
1 0.9119229524031929 0.8086661255877953 0.011553888735563858 0.009196944858716883
1 0.32420193630716077 0.743708444678265 0.01022550334101138 0.010445885036302649
1 0.5805303946785305 0.5345093478327212 0.011416518169900646 0.011073278344195824
1 0.6100457751232645 0.09763298863949985 0.011168086010476818 0.010762318320896313
1 0.5282086185787035 0.7548385081083877 0.00911407885344132 0.012191979781441067
1 0.6079947326494299 0.9086751730545707 0.014081063477889351 0.01419892518416695
1 0.5063232546267302 0.8952890479046367 0.009329961693805197 0.009596534397291101
1 0.6759051654649818 0.7078218874724016 0.006885321243949558 0.010230520497197691
1 0.6036525083624799 0.17859352153280508 0.008543740148129671 0.007899097774339758
1 0.8627506131711213 0.8419326491977859 0.01006006157916525 0.010868528614873472
1 0.5749543231466542 0.04149379030517911 0.010152236275050953 0.008425067300381868
1 0.6021068614462147 0.9357635871223782 0.010087759598441746 0.009960381881050442
1 0.3132080306177554 0.7543920019398564 0.007800661999246349 0.009550094604492188
1 0.6372184027796206 0.5242108884065049 0.009782355764637823 0.010241052378778872
1 0.5756916585175887 0.09235980199730914 0.009416372879691746 0.010512662970501442
1 0.49470051475193194 0.10544456606325894 0.01378357928732167 0.014506858328114386
1 0.6231430924457052 0.11194763494574506 0.010066695835279383 0.009495538213978643
1 0.7725077504697052 0.5690304507379946 0.00967896502950917 0.00949722787608271
1 0.8867095808045423 0.3027293877070705 0.009110563878535817 0.008061634579498341
1 0.30908206234807556 0.7398401135983674 0.009895469831383747 0.010269869928774626
1 0.551502746084462 0.8263067784516707 0.009819860043733017 0.008838943813158117
1 0.8794678021604142 0.25156404269902 0.009943347824564608 0.0103105798518019
1 0.5665707484535549 0.7275558969248896 0.014981290568476137 0.016654056051503056
1 0.8994398946347444 0.7871163824330205 0.011020245759383492 0.015718460083007812
1 0.49127398366513453 0.8665311854818591 0.009155853934909986 0.009142626886782438
1 0.5783187824746837 0.418802287267602 0.01049792248269786 0.01033305085223654
1 0.9117894060084467 0.17671912436684284 0.010086907799633922 0.010678411458720614
1 0.8589041751364003 0.8596044208692467 0.010969493700110394 0.011347978011421535
1 0.6415734498397164 0.10106213714765466 0.009429351143215014 0.010683609091717262
1 0.5878358923870585 0.6204642938530963 0.010721040808636208 0.012039537015168564
1 0.5834724695786185 0.4137495237848033 0.010202677353568699 0.011384062145067297
1 0.6705763339996338 0.42232319583063543 0.012442899786907692 0.011279873225999914
1 0.5028521703637164 0.07697101779606032 0.009795437688412874 0.008807576220968494
1 0.5991118472555409 0.5913184622059697 0.015215334684952446 0.01861721536387568
1 0.8865112014438796 0.2622336304706076 0.011866652447244396 0.00935475722603176
1 0.7247008448061736 0.8963281590005627 0.00945182468580163 0.008835875469705334
1 0.5796563728995945 0.5690004514611285 0.012399963710619055 0.012670765752377718
1 0.5897771793863048 0.5193675911944845 0.010784356490425442 0.011796453724736753
1 0.9096902142400326 0.8287947281547214 0.01052694735319718 0.01443456566852072
1 0.6509639387545378 0.559939197871996 0.010336025901462719 0.011700381403384
1 0.6160049438476564 0.15567586214646048 0.009155605150305706 0.014051406279854153
1 0.4588540740635084 0.9151064001995586 0.010012833968452785 0.00943955131199049
1 0.7633829531462295 0.5730646382207457 0.009827821151069973 0.009840343309485394
1 0.5355885650800623 0.9352232269618823 0.00977783617766007 0.011125440182893173
1 0.5940703827401866 0.04786327999571095 0.009194602137026579 0.008932986985082212
1 0.8937751106593919 0.737487668576448 0.009251801863960598 0.009261753248131794
1 0.8078725856283435 0.5855736628822659 0.00991070788839589 0.010121449180271313
1 0.8599409227785856 0.9163253203682278 0.009243135866911514 0.00994309135105299
1 0.873052742170251 0.2234455917192542 0.011093595753545347 0.012137641077456266
1 0.6149240369382113 0.13982768680738367 0.008437820102857508 0.01005776032157566
1 0.5028353981349779 0.7853975296020507 0.01549040752908458 0.009089594301970108
1 0.8943214209183401 0.6821082363957944 0.00935964998991593 0.010972188866656761
1 0.4379317242166271 0.1260186589282492 0.014364574266516644 0.012458842733631964
1 0.8323786776998768 0.5476991715638534 0.012577886166779892 0.01065782878709876
1 0.7898767927418584 0.8260736672774607 0.013582271078358526 0.010854182036026665
1 0.8608957788218622 0.9293984330218771 0.009896983271059782 0.00855806599492612
1 0.6146540434464164 0.23752840705539868 0.009114223977793818 0.011668122333029041
1 0.3290443627730659 0.7595851525016453 0.009395392044730808 0.010160902272100035
1 0.8543817271356998 0.8083334591077722 0.010166997494904892 0.009860453398331352
1 0.888905480723855 0.1658469296448068 0.009463096882067385 0.010009203182522537
1 0.557700488878333 0.9555248799531355 0.009111445883046026 0.00793220685875934
1 0.6110850520755934 0.17034002490665603 0.011117416879405146 0.01343522901120393
1 0.6080020406971807 0.02200571803942971 0.009509293929390285 0.010909237291501917
1 0.6258122195368228 0.5686383869337 0.009254248245902683 0.010076978932256285
1 0.8636000052742339 0.6678546822589375 0.010831708493440048 0.011351958565090015
1 0.581307784370754 0.8134065918300464 0.009863646134086277 0.010603573011315388
1 0.5909993544868801 0.13171990021415378 0.008676528930664062 0.009922048319940981
1 0.4947093258733335 0.14367440472478454 0.012904747672702954 0.01518027678779934
1 0.7003710788229237 0.9767403187959092 0.01224957341733186 0.010965305825938349
1 0.4422426845716394 0.16780538144318957 0.011244525080141813 0.011454167573348335
1 0.47183683644170343 0.13467334146084992 0.012301071830417797 0.01212315974028214
1 0.9213594975678816 0.2759570557138194 0.011849154596743376 0.009021904157555622
1 0.5548418086508046 0.9732130299443783 0.009026361548382303 0.008821238642153532
1 0.8919018662494161 0.946909821551779 0.010583089745563011 0.015596555626910667
1 0.613535217616869 0.16522814398226532 0.008523858111837635 0.009981995043547257
1 0.8573928915936014 0.9617524147033691 0.015249252319335938 0.009885166002356487
1 0.38830987266872236 0.37151403012483014 0.009296375772227411 0.009811816008194633
1 0.5132472618766453 0.9340131179146145 0.011163462763247282 0.011794463447902515
1 0.5930910525114641 0.45394321109937585 0.011166904283606487 0.010502856710682745
1 0.5606896877288818 0.5524630753890328 0.01188914672188137 0.013414797575577446
1 0.565515373064124 0.517629333164381 0.009866341300632643 0.010703377101732336
1 0.6206053650897482 0.27484798431396484 0.010062964066215183 0.010519400886867359
1 0.5660011975661569 0.6713213402292004 0.015180981677511463 0.013983332592508068
1 0.6093632241953975 0.9295116092847742 0.007931584897248642 0.008836746215820312
1 0.6146939733754033 0.47461773001629376 0.011231256567913551 0.009663747704547384
1 0.5814612533735193 0.6153042627417523 0.009717132734215778 0.011323970297108526
1 0.6015175218167512 0.43112894763117254 0.011546528857687244 0.014606683150581692
1 0.552118964817213 0.7053215607352878 0.01093731755795686 0.013726192971934443
1 0.9126314494920813 0.8445923224739407 0.012190943178923233 0.010066529978876528
1 0.9303039675173552 0.17854502926702087 0.009559424027152683 0.010710944300112516
1 0.445192813873291 0.15352389605148978 0.010390779246454653 0.009960537371428116
1 0.5378134146980618 0.08828969623731531 0.0106652715931768 0.011178949604863707
1 0.5458224752674932 0.7739487730938456 0.009425204733143682 0.011431279389754585
1 0.4938246270884638 0.8583160690639331 0.009048959483271059 0.008668526359226393
1 0.3829818592004958 0.28644426745527424 0.011487380318019703 0.01180323310520338
1 0.3881020083107981 0.26438824051858695 0.011487380318019703 0.01180323310520338
1 0.39164672692562286 0.25454179992185155 0.011487380318019703 0.01180323310520338
1 0.3947975879165781 0.23287963060903372 0.011487380318019703 0.01180323310520338
1 0.40779488950426873 0.21436832228717118 0.011487380318019703 0.01180323310520338
1 0.4146726509007803 0.1725316729296226 0.011244525080141812 0.011454167573348337
1 0.5131370568681339 0.14220463589167767 0.011244525080141812 0.011454167573348337
1 0.5257405008319552 0.156777367974846 0.011244525080141812 0.011454167573348337
1 0.5442518091538177 0.07564269745774657 0.011244525080141812 0.011454167573348337
1 0.8861181972833734 0.31100875700343483 0.009110563878535817 0.008061634579498341
1 0.897945867706751 0.3065733805946682 0.009110563878535817 0.008061634579498341
1 0.8976501759461664 0.2968155524953816 0.009110563878535817 0.008061634579498341
1 0.9068166205242839 0.28705772439609506 0.009110563878535817 0.008061634579498341
1 0.9168701403841548 0.2861706491143418 0.009110563878535817 0.008061634579498341
1 0.9159830651024014 0.2941543266501217 0.009110563878535817 0.008061634579498341
1 0.9242624343987658 0.3056863053129149 0.009110563878535817 0.008061634579498341
1 0.9204184415111679 0.3133742910881103 0.009110563878535817 0.008061634579498341
1 0.9119709941930674 0.32968615188029693 0.009545563759118117 0.008587422443265269
1 0.8792141192980171 0.2732640690523054 0.00927759253460428 0.009403705596923828
1 0.8738916676074971 0.24310350947269244 0.00927759253460428 0.009403705596923828
1 0.8794678021604143 0.2613218707983065 0.009943347824564608 0.0103105798518019
1 0.8803548774421678 0.2015921351602494 0.009943347824564608 0.0103105798518019
1 0.9071928278845793 0.24766518758690878 0.007423284725437904 0.008742984490743974
1 0.9124826211065834 0.18967017061992875 0.0078527306162311 0.009214933139445873
1 0.8875426816405225 0.17671912436684284 0.010086907799633924 0.010678411458720614
1 0.8968891582596348 0.1649598543630535 0.009463096882067385 0.010009203182522537
1 0.8956229860487785 0.10368249054426887 0.006053723559166514 0.009050055262376159
1 0.8953272942881941 0.09096774483913789 0.006053723559166514 0.009050055262376159
1 0.9225532611107065 0.07166297180658844 0.00810685420089094 0.007977923193244352
