1 0.18129714675571607 0.98651006947393 0.011108667954154636 0.010670703390370245
1 0.1298098201337068 0.7342975450598676 0.011215303255164105 0.010331858759341032
1 0.1290077903996343 0.7884147063545559 0.010855933894281801 0.01143969660219939
1 0.0968521729759548 0.9855903542560078 0.009703687999559485 0.009898890619692595
1 0.14386495818262512 0.7377989395805027 0.010749412619549294 0.010923966117527172
1 0.12989927374798318 0.9036822111710258 0.009963222171949304 0.01032257080078125
1 0.15942323207855227 0.9305679901786472 0.010427837786467178 0.012182401574176292
1 0.1519962912020476 0.9487911307293436 0.010901554771091625 0.010835481726604958
1 0.2212561835413394 0.9698127663653829 0.011698867963707966 0.015184651250424593
1 0.20827315164648968 0.9868584093840225 0.015107382898745329 0.014056744782820992
1 0.23939356596573538 0.9818295603213103 0.01192536561385445 0.012651609337848167
1 0.1679376571074776 0.9455885265184485 0.011139258094455883 0.011187594869862432
1 0.0880241160807402 0.747204407401707 0.010541962540667991 0.010946356731912365
1 0.12596122078273608 0.773102967635445 0.011783952298371689 0.011370617410411005
1 0.13006985187530518 0.6747428645258363 0.010437478189883024 0.010306648586107336
1 0.08508216557295425 0.7867343736731488 0.010326556537462317 0.01135651961616848
1 0.1097660375678021 0.8862461836441703 0.010111290475596552 0.01116205298382303
1 0.13843574731246286 0.6952242229295814 0.009987333546514097 0.010773285575534985
1 0.152862082356992 0.913273230842922 0.010002281354821247 0.010214847067128057
1 0.17183312125827957 0.9679202204165253 0.011019375013268513 0.011681432309358017
1 0.13997940913490628 0.9164360917132833 0.010445045388263206 0.011138542838718579
1 0.1171225879503333 0.9612976986428966 0.011438369750976562 0.010676923005477242
1 0.16005974230558975 0.9809042889138928 0.011773441148840862 0.011271103568699047
1 0.12045662299446437 0.7538660712864089 0.010830443838368292 0.01088988262674083
1 0.2024695562279743 0.9824805052384085 0.008368160413659138 0.009931315546450407
1 0.10957461336384648 0.7956026740696118 0.011927822361821714 0.012026828268299932
1 0.10940873622894287 0.9858838786249575 0.011186382044916567 0.00919342041015625
1 0.18860416826994522 0.9768374069877293 0.011934197467306385 0.011125149934188179
1 0.1297147222187208 0.9857169026913851 0.013780023740685505 0.00961577374002208
1 0.12631956390712573 0.9400450665017833 0.010115416153617527 0.01286713973335598
1 0.140646421391031 0.98520274784254 0.011515710664832073 0.00951460133428159
1 0.13131825301958167 0.9653625695601754 0.009435726248699686 0.011504339135211449
1 0.07786883737729944 0.8782080360080884 0.011153640954390816 0.01170672541079314
1 0.10094496996506401 0.7170394399891729 0.009309053421020508 0.011598006538722828
1 0.10086498053177544 0.7100888542507007 0.009609180948008661 0.01118145818295686
1 0.07840569122977879 0.8274058051731277 0.00983769997306492 0.010003711866295856
1 0.14051279814346976 0.968347051869268 0.011825043222178583 0.010879184888756794
1 0.11429138287254002 0.695568665214207 0.009254839109337849 0.009926671567170517
1 0.1281658359195875 0.6851328352223273 0.009100685948910921 0.008777494015900986
1 0.1416385795759118 0.7260839213495669 0.009402855582859205 0.00935189620308254
1 0.07797283711640732 0.8429605235224186 0.009420861368593962 0.010580311650815218
1 0.11943835797517197 0.6871676030366318 0.01033950888592264 0.009336181308912195
1 0.10103334032970926 0.9723573767620585 0.008309644201527472 0.00910850193189538
1 0.07577090159706447 0.8148336410522461 0.010203900544539742 0.010912107384723167
1 0.1409643732983133 0.9316681986269744 0.009303507597550102 0.009634432585343071
1 0.1015515379283739 0.7311182022094725 0.009704517281573751 0.010449699733568274
1 0.06967652880627176 0.9187524007714313 0.007821580638056215 0.009158134460449219
1 0.13860264550084656 0.9503929926001509 0.009169464525969132 0.009357908497685972
1 0.12647379481274149 0.9509885829427968 0.009388042532879374 0.009092952894127888
1 0.08006193067716516 0.9834481114926545 0.010494838590207308 0.011077383290166441
1 0.14088129328156218 0.7072073981781684 0.009987333546514099 0.010773285575534985
1 0.13122138670361982 0.7094083895503586 0.006808123786684958 0.005882193637334788
1 0.1251075217808715 0.7050064068059798 0.006808123786684958 0.005882193637334788
1 0.11544761520292926 0.7116093809225483 0.0080308967712345 0.007838630412613576
1 0.11862682496275838 0.7235925561711352 0.0080308967712345 0.007838630412613576
1 0.12571890827314638 0.721391564798946 0.0080308967712345 0.007838630412613576
1 0.11300206923382994 0.7431569239239302 0.0080308967712345 0.007838630412613576
1 0.08726591179898473 0.8385585407780398 0.009420861368593962 0.010580311650815218
1 0.09044512155881385 0.8586120177246543 0.009420861368593962 0.010580311650815218
1 0.08543175232216021 0.8501748841312624 0.006730760802584734 0.007401101890987681
1 0.09558076809392241 0.8691278653917816 0.009420861368593962 0.010580311650815218
1 0.08824413018662444 0.8771981670898096 0.009420861368593962 0.010580311650815218
1 0.0965589864815621 0.8913823337105856 0.009420861368593962 0.010580311650815218
1 0.10389562438886005 0.9018981813777127 0.009420861368593962 0.010580311650815218
1 0.0884886847835344 0.9051996684359972 0.009420861368593932 0.008868429472445016
1 0.10666658704153964 0.9156653864196126 0.009963222171949304 0.01032257080078125
1 0.1122913427704681 0.928626780055839 0.009963222171949304 0.01032257080078125
1 0.10348737728171054 0.9335178719940377 0.009963222171949304 0.01032257080078125
1 0.08881410146711463 0.9186000415825321 0.009963222171949304 0.01032257080078125
1 0.10006361292497154 0.9472129294209941 0.009963222171949304 0.01032257080078125
1 0.10104183131261125 0.9618862052355901 0.009963222171949304 0.01032257080078125
1 0.0794404730786558 0.8053976000995826 0.010203900544539743 0.010912107384723167
