0 0.22450730888935 0.9160946090184815 0.007472826086956524 0.007336956521739131
0 0.07083883062848045 0.7339614568445691 0.01046195652173913 0.01046195652173913
0 0.2244393741067413 0.7958500438010906 0.00842391304347826 0.008967391304347826
0 0.17104263497630648 0.9173853698880472 0.010326086956521738 0.010733695652173914
0 0.14998285236761089 0.9619505872793515 0.011141304347826087 0.011820652173913043
0 0.0700236132371761 0.9518962394532644 0.01046195652173913 0.011005434782608695
0 0.0921024175850022 0.940211456844569 0.010869565217391304 0.011277173913043479
0 0.1736241567154369 0.9529831959750034 0.011684782608695652 0.011820652173913043
0 0.15793122193282824 0.9304967829315254 0.009918478260869565 0.010869565217391304
0 0.22522123156420382 0.9285551745100149 0.00849063291116191 0.010518957070022365
0 0.11241491758500217 0.9698310220619599 0.011005434782608695 0.011005434782608695
0 0.12559426541108917 0.9792060220619604 0.011005434782608695 0.01046195652173913
0 0.17581021890816573 0.9385810220619603 0.009510869565217392 0.01046195652173913
0 0.28102904801978473 0.8192196090184821 0.009918478260869565 0.010054347826086957
0 0.07491491758500218 0.9872223264097864 0.010733695652173914 0.01154891304347826
0 0.10623285236761087 0.9875620003228295 0.011141304347826087 0.011956521739130435
0 0.30813502628065426 0.9798174351054384 0.009782608695652175 0.00923913043478261
0 0.18850187410674124 0.8517603698880469 0.008288043478260869 0.008831521739130434
0 0.18976170487231486 0.933485913366308 0.00972074848766874 0.012228260869565218
0 0.30317578715021953 0.8672495003228298 0.010733695652173914 0.010733695652173914
0 0.21465676541108908 0.9320592829315255 0.010054347826086957 0.010733695652173914
0 0.08653176541108915 0.7667060220619603 0.011684782608695652 0.012092391304347827
0 0.28823013497630656 0.8520321090184819 0.010190217391304348 0.010190217391304348
0 0.1512056784545674 0.946461456844569 0.011141304347826087 0.011820652173913043
0 0.09481980888935002 0.7835538481489169 0.008695652173913044 0.008288043478260869
0 0.17644891731086051 0.8915082922887595 0.010812564669108076 0.010609975236207042
0 0.26458883062848054 0.8185402611923951 0.009103260869565217 0.009782608695652175
0 0.21145339866012583 0.8026038316822103 0.010733695652173914 0.010733695652173914
0 0.23886857750771842 0.8076807166539867 0.010733695652173914 0.010733695652173914
0 0.2500377244456265 0.8164806506050657 0.010733695652173914 0.010733695652173914
0 0.25409923242304766 0.8269728795467369 0.010733695652173914 0.010733695652173914
0 0.26526837936095576 0.8347574365034609 0.010733695652173914 0.010733695652173914
0 0.2764375262988638 0.8960185151628961 0.010733695652173914 0.010733695652173914
0 0.29843736117656156 0.8767263522701456 0.010733695652173914 0.010733695652173914
0 0.189855710099215 0.8460065669200338 0.008288043478260869 0.008831521739130434
0 0.1915480050898071 0.8378835509651915 0.008288043478260869 0.008831521739130434
0 0.16379436724409616 0.8710525327807974 0.008288043478260869 0.008831521739130434
0 0.20170177503335995 0.8724063687732712 0.008288043478260869 0.008831521739130434
0 0.2071171190032548 0.8253605680348097 0.008288043478260869 0.008831521739130434
0 0.1878249561105044 0.822314437051744 0.008288043478260869 0.008831521739130434
0 0.19764026705593885 0.8470219439143891 0.008288043478260869 0.008831521739130434
0 0.19439630584647788 0.947169761722469 0.010326086956521738 0.010733695652173914
0 0.21538076372982037 0.9106161899256787 0.010326086956521738 0.010733695652173914
0 0.18088710387994214 0.938242563063842 0.009510869565217392 0.01046195652173913
0 0.3108007294215272 0.9654771821919206 0.011507605936026516 0.014215277920973933
0 0.09899925694963985 0.7925246341534046 0.012522982930381801 0.008799933951079026
0 0.07632250407570527 0.7123098515993371 0.009138392949197528 0.009476851947315908
