0 0.87895406787392 0.7079676748062479 0.009230699948684418 0.008307629953815905
0 0.8703387479218148 0.7119676447840111 0.008615319952105268 0.007692249957237039
0 0.8648003279526041 0.7175060647532218 0.009846079945263285 0.010153769943552788
0 0.878492532876486 0.7324290296702614 0.005846109967500013 0.00861531995210541
0 0.8857232478362889 0.7310444246779588 0.0079999399555264 0.008307629953816047
0 0.8655695529483277 0.746275079593288 0.005846109967500013 0.00861531995210555
0 0.8721848879115516 0.7518134995624988 0.0067691799623686676 0.007384559958947392
0 0.8546465580090512 0.7447366296018407 0.0079999399555264 0.009230699948684418
0 0.8524927280210249 0.7547365545462487 0.0049230399726316425 0.008923009950394913
0 0.8609542029739856 0.7535057945530907 0.00707686996065803 0.00707686996065803
0 0.8734156479047095 0.7610441995111831 0.00861531995210541 0.007999939955526543
0 0.8869540078294466 0.7199675847395375 0.00861531995210555 0.007076869960658172
0 0.866646467942341 0.7608903545120381 0.007384559958947676 0.006461489964079164
