1 0.3746913645578467 0.6987733633621878 0.013887918513754139 0.014191544574239979
1 0.3524700869684634 0.4260072552639505 0.014411636020826258 0.014720284420510998
1 0.4274597997250764 0.37694868834122375 0.014584085215692934 0.014937773994777515
1 0.4201782889988111 0.6077290203260339 0.013161617776621943 0.012256995491359546
1 0.39144509771595837 0.2851847151051397 0.013069608937139097 0.013816418855086617
1 0.35424874787745275 0.34566662622534716 0.012854376564855162 0.013424520907194717
1 0.4355684156003205 0.5128675854724386 0.013056340424910835 0.014892184216043224
1 0.33564109096060635 0.07794556151265683 0.013526258909183998 0.014431191527325173
1 0.433978910031526 0.535832684973012 0.012674829234247622 0.013621350993280825
1 0.3325762138094591 0.2463520506153936 0.01338518994010013 0.012826587842858356
1 0.35025089979171753 0.5479174696880839 0.011925920196201489 0.01230484506358271
1 0.3270119169484014 0.51693144051925 0.01205970930016559 0.012241923290750256
1 0.3506777286529541 0.29253026713495667 0.01291434661201809 0.01325362661610479
1 0.3436577942060387 0.4878401756286621 0.012936281121295433 0.013798133186672046
1 0.34429317712783813 0.5320611207381539 0.012562466704327126 0.013319761856742527
1 0.250210254088692 0.1133811784827191 0.012193244436512823 0.012462242789890454
1 0.36821656771328143 0.7837797247845194 0.01181350324464881 0.012537914773692255
1 0.4256892100624416 0.39612391461496765 0.0177044039187224 0.019606025322623875
1 0.3915747766909392 0.37744974053424335 0.01118668265964674 0.01202417456585428
1 0.2667797130087148 0.4291851987009463 0.010359390922214672 0.011062549508136253
1 0.2660629127336585 0.03246357129967731 0.012735346089238707 0.012178053026613981
1 0.3715872246286143 0.3597915172576905 0.015352186949356743 0.01379952223404594
1 0.3539379161337148 0.5189240704412046 0.01271218838899032 0.013405302296514097
1 0.40546537482220196 0.42956603091696033 0.013053811114767323 0.012699583302373472
1 0.416841921599015 0.4162380591682766 0.012986390487007473 0.013842914415442425
1 0.35742613154908887 0.7467662147853684 0.012196014756741732 0.012917891792629078
1 0.19868185209191364 0.4228440419487331 0.010991137960682745 0.011409624763157055
1 0.31746050585871155 0.2881224155426026 0.014329889546269957 0.016819725865903107
1 0.3730293356853982 0.23271475667538852 0.012447025464928669 0.012983819712763247
1 0.3553549064242321 0.3589534111644911 0.011431935040847115 0.011927848276884659
1 0.43735767965731415 0.5909721851348877 0.01379283614780592 0.014164281928020973
1 0.3712402582168579 0.3432084373805834 0.012544269147126572 0.012898237808890965
1 0.3724591706110084 0.851054336713708 0.012017887571583624 0.01345000059708305
1 0.250186826871789 0.3983663683352264 0.013921302297840948 0.011489329130753227
1 0.34243009401404334 0.4103272686833921 0.014184827389924423 0.013579285663107166
1 0.4104622757953147 0.5405149874479873 0.012210887411366339 0.012738849805748981
1 0.31684763535209326 0.38579689938089134 0.012177799058997112 0.012456271959387737
1 0.33506134767895157 0.3479544960934183 0.011965627903523653 0.012841587481291397
1 0.40061788973600976 0.52890450021495 0.013138232023819633 0.013531560483186142
1 0.41957857297814405 0.5096582537112029 0.011893521184506624 0.023032934769340187
1 0.33474200704823365 0.44158599169357965 0.014253243156101391 0.012967327366704527
1 0.4256844935209855 0.6572202184925908 0.011819715085236923 0.012523236482039742
1 0.35011495714602264 0.31464805810347846 0.013905628867771313 0.01297815986301588
1 0.3250360462976538 0.48582431544428284 0.012036235436149265 0.016630877619204315
1 0.36699069064596423 0.5086617988088856 0.012386612270189367 0.013310619022535242
1 0.3636636112047278 0.328173305677331 0.013391121574070141 0.017652760381283966
1 0.3304838223949723 0.3844567355902299 0.011994875643564306 0.01253597114397132
1 0.408838645271633 0.35203966887100885 0.014184868854025135 0.013665655384893003
1 0.21663388998612113 0.0773097769073818 0.012223057124925696 0.013177234193553095
1 0.44799390046492865 0.6055180093516475 0.013423836749532948 0.014196147089419157
1 0.39295636052670685 0.509585307992023 0.013705377993376358 0.012676715850830078
1 0.398546260336171 0.3652934406114662 0.013574019722316578 0.0138085821400518
1 0.29381953115048615 0.5032705846040145 0.011515658834706182 0.011409966841987942
1 0.1568367118420808 0.05419135611990224 0.011767190435658331 0.01238361648891283
1 0.3343803053316862 0.5640049706334653 0.013273384260094685 0.013171424036440641
1 0.41255031720451685 0.39211442677871033 0.012251952420110289 0.012215002723362133
1 0.3387958381486976 0.26468772473542584 0.011840094690737516 0.012243105017620583
1 0.35318281728288403 0.21070165219514267 0.011985314928967018 0.012748137764308765
1 0.2758472898732061 0.3477670835412067 0.013216765030570652 0.011870757393215015
1 0.3675437919471575 0.37204839872277307 0.012285499469093655 0.01180124282836914
1 0.3877497134001359 0.4959856530894403 0.013651225877844769 0.014048286106275476
1 0.39828790011613263 0.3282493596248653 0.01187456690746805 0.012550253502052765
1 0.38009866424228833 0.30063942204351013 0.012382818304974098 0.012245385543159817
1 0.3603327494600545 0.8625143714573071 0.012074167313783066 0.012304637743079144
1 0.3249031875444496 0.45738023260365357 0.012742851091467815 0.013409282850182575
1 0.35835581240446673 0.15396068407141641 0.013179779052734375 0.01335745272429093
1 0.35161870070125745 0.9528632785962976 0.011645822421364162 0.013449378635572351
1 0.36936117903045984 0.1440100514370462 0.012605757816978123 0.01315698416336723
1 0.44333609290744946 0.6421869319418202 0.012602806091308594 0.014729914457901665
1 0.32845609084419586 0.21893701346024222 0.011333507040272589 0.01157422687696374
1 0.23553000325741977 0.6078013026196024 0.010610746300738792 0.010754937710969345
1 0.3404636454323063 0.590624477552331 0.011979337619698566 0.013254414434018343
1 0.3024162727853526 0.5295027338940165 0.010709368664285412 0.010905908501666527
1 0.3860125774922578 0.43596889143404755 0.011328733485677967 0.012468182522317638
1 0.3749068949533545 0.39985979899116186 0.011768387711566429 0.011884196944858715
1 0.30905195941095764 0.15253031772115958 0.011960008870000425 0.01209885141123896
1 0.32572263220082154 0.10629361090452774 0.01264791903288468 0.014096415561178455
1 0.3294736820718516 0.13462898523911185 0.012850927269977074 0.014035193816475246
1 0.4200875810954882 0.4011303005011185 0.010928122893623684 0.012114073919213337
1 0.3653657125390094 0.5557912743609884 0.012219511944314709 0.012913247813349184
1 0.3414456002090288 0.9184139915134595 0.011274703170942224 0.011673139489215355
1 0.409207574699236 0.4943192108817723 0.019533939983533775 0.01480840600055197
1 0.33591538926829456 0.3253377844458041 0.018271881601084835 0.016520875951518185
1 0.3777469966722571 0.6399376392364502 0.01179015118142833 0.011825872504192848
1 0.3640132365019425 0.12157459880994713 0.013304959172787874 0.015402192654817001
1 0.4091926916785862 0.5886040770489237 0.021766569303429642 0.012635313946267834
1 0.27661435500435205 0.2544712502023448 0.011837917825450068 0.013713774473770805
1 0.40003413480261096 0.415064547372901 0.011800066284511402 0.012362179548844048
1 0.3654150755509087 0.41067660891491437 0.011256549669348675 0.011870871419491976
1 0.4165471947711447 0.5922550844109576 0.012556158978006115 0.012390655020008917
1 0.16983862026878022 0.4903441097425377 0.010533944420192554 0.010756160901940388
1 0.21679488472316577 0.6680722029312797 0.010504805523416271 0.013850170633067255
1 0.332564581995425 0.2994971793630849 0.012353897094726562 0.012985706329345703
1 0.33330439614213025 0.286831866139951 0.011950101541436237 0.012698899144711702
1 0.26184888508008874 0.6328326722849971 0.011826639590056046 0.012137247168499489
1 0.38822159559830377 0.6828959506490955 0.012618811234183933 0.012441220490828804
1 0.420339998991593 0.4633650572403618 0.01510694752568784 0.013586376024329144
1 0.424160853676174 0.5459252025770105 0.012075299802033798 0.012642279915187671
1 0.38821838990501734 0.35365665477255115 0.012513715287913446 0.012744716975999914
1 0.26682507473489514 0.36319608273713483 0.010466451230256454 0.010730660480001698
1 0.19966119268666144 0.058928792891295066 0.011653858682383661 0.01267403623332148
1 0.4098285980846571 0.6583375827125881 0.011705569598985754 0.012060808098834495
1 0.2666285245314889 0.4001821642336638 0.012918368629787281 0.013365496759829313
1 0.3725507570349652 0.42401612323263416 0.013525175011676292 0.019121750541355297
1 0.40305456907852844 0.5597576680390732 0.02029145282247792 0.0143121221791143
1 0.36705695027890406 0.38907202430393384 0.013198479362156079 0.01491384920866593
1 0.300859606784323 0.3469701331594716 0.010679431583570398 0.011792908544125765
1 0.3801418594692064 0.544856423917024 0.013401819312054176 0.012705637061077614
1 0.3259261276410974 0.547526618708735 0.021054952040962548 0.012757902560026749
1 0.24912592639093817 0.6063292959462041 0.011379884636920433 0.012105195418648098
1 0.4257232002590014 0.6230165232782778 0.011755984762440557 0.011758306752080503
1 0.34494082824043604 0.3309202965186989 0.013720263605532438 0.01271524507066478
1 0.21644438867983612 0.2467863870703656 0.009300895359205164 0.010241135306980297
1 0.15335627224134363 0.038034897783528206 0.010527548582657524 0.011167790578759235
1 0.32432079120822577 0.9646133132602859 0.010816404353017393 0.01113365007483441
1 0.39959386120671814 0.5996241154878035 0.012169734291408375 0.012011196302331013
1 0.41105507249417506 0.44687650514685584 0.014826163001682446 0.022474081619926124
1 0.3259972690240197 0.35578280557756836 0.01120115233504254 0.011148191016653309
1 0.28290433469025983 0.461130722709324 0.010759934135105297 0.011179550834324047
1 0.4096981701643571 0.37763075465741364 0.011626896650894829 0.012747769770414932
1 0.2773770456728728 0.3025620916615362 0.011534981105638586 0.011693208113960598
1 0.30490632679151447 0.04613754671552907 0.010441489841627039 0.010820769745370617
1 0.31165103290392004 0.4437839259272036 0.012703418731689453 0.013321586277173914
1 0.3511058079159778 0.6109447271927543 0.013849022595778755 0.02214336395263672
1 0.29076231044271716 0.43207385229027795 0.011886202770730724 0.012783278589663298
1 0.330093010612156 0.41596707053806464 0.012701656507409138 0.012986722199813179
1 0.37245879225108935 0.5275800539099652 0.012529285057731297 0.013533384903617527
1 0.18265666132387906 0.023682397344838017 0.011447284532629925 0.010907966157664423
1 0.34141575318315753 0.21907132604847784 0.011804714151050732 0.011523910190748133
1 0.39676079542740533 0.6226140001545781 0.011185397272524626 0.011151583298392918
1 0.23403634195742398 0.5371458945067032 0.010649142057999321 0.010356426239013672
1 0.3479080388079519 0.6632170677185059 0.011855543955512669 0.013631115788998812
1 0.2844363502834154 0.7355795113936715 0.009566472924273947 0.008765137713888416
1 0.2925347970879596 0.3062692932460619 0.012936861618705418 0.014591673146123472
1 0.33490594735612045 0.7700318668199623 0.013169720768928528 0.013408536496369736
1 0.3149074886156165 0.5054237220598303 0.011701086293096128 0.012073330257249914
1 0.33046885158704675 0.022450066131094223 0.012006863303806469 0.01244502482206925
1 0.28106945493946905 0.6369493111320164 0.011842706929082457 0.013009320134701937
1 0.2487723309060802 0.43540081770523736 0.012668360834536345 0.011752128601074219
1 0.38601917287577747 0.33380225430364197 0.011661353318587593 0.012653827667236328
1 0.3009619609169338 0.2860913483992867 0.011296002761177395 0.011348848757536514
1 0.35294872651929443 0.3742326057475546 0.014344093592270561 0.02159180330193561
1 0.3860252888306327 0.5776358169058095 0.012549089348834495 0.01995370699011761
1 0.30846757474152936 0.16813361644744873 0.011509770932404892 0.011094041492628015
1 0.33388856830804237 0.23156689560931665 0.01125463454619698 0.01152169186135997
1 0.17650706353394882 0.27013096602066705 0.011479740557463272 0.012218185093091883
1 0.2859333805415941 0.060056406518687364 0.01195005748582923 0.012626958929974098
1 0.2586710453033447 0.06172319598819898 0.012916461281154468 0.01207255280536154
1 0.36767238119374157 0.48372802008753235 0.013599810392960258 0.012690450834191364
1 0.3429088592529297 0.20309643123460855 0.011386871337890625 0.011610528697138247
1 0.13288321184075397 0.1215053641277811 0.011167619539343792 0.012681090313455334
1 0.24173383090807044 0.5641153377035389 0.010822482731031336 0.015905587569527004
1 0.37803616212761926 0.2765673347141432 0.011311893877775772 0.011992081351902172
1 0.31273636610611627 0.5953208467234736 0.01137231743854025 0.012114276056704313
1 0.30859325243079144 0.6544143427973208 0.010751724243164062 0.012876676476520042
1 0.30095541995504627 0.2272163266720979 0.011922048485797386 0.012103205141813858
1 0.28424100253892987 0.3649623834568521 0.02395047312197478 0.014162172441897184
1 0.4080800206764884 0.6711580546005911 0.012500674828239109 0.012430584948995838
1 0.37523609658946155 0.5635544320811396 0.010789539503014606 0.011753579844599184
1 0.13308265934819763 0.16925706034121307 0.011947776960289997 0.012325411257536514
1 0.41748861644579016 0.5289183492245882 0.012496160424273949 0.013502867325492527
1 0.34407073712867237 0.8610169576561968 0.01113016320311505 0.014467529628587805
1 0.2863743201546047 0.4128768340401027 0.01083174995754076 0.011377500451129417
1 0.33888674948526465 0.9361335505609927 0.011308180249255638 0.01173964790675951
1 0.2423896374909774 0.6515960175058116 0.011405405790909477 0.011750988338304602
1 0.39225193728571356 0.3970685471659121 0.011911122695259426 0.01093651937401813
1 0.33219941867434455 0.579460278801296 0.01144568946050561 0.011874800143034561
1 0.39296207738959277 0.6404209758924402 0.01195817408354386 0.012217107026473335
1 0.3285528596328653 0.40056970845098083 0.012643050888310308 0.012629633364470108
1 0.33370559111885406 0.1849136559859566 0.012091926906419836 0.011098322661026665
1 0.41369990162227466 0.33683028558026196 0.013777100521585216 0.015150731024534805
1 0.3418678660755572 0.5111678890559985 0.012069858934568323 0.012492532315461533
1 0.2638279147770094 0.5714328703672988 0.011456759079642918 0.012105921040410582
1 0.3246757154879363 0.20157704146012012 0.01238970134569251 0.012108222298000171
1 0.40717632874198584 0.513696753460428 0.012897698775581692 0.015346610027810802
1 0.3038837080416472 0.3213343098759651 0.012767439303190811 0.013183282121368076
1 0.4129820673362068 0.5782719798710034 0.013129778530286707 0.012570028719694717
1 0.2844331264495849 0.4912917510322902 0.012031783228335173 0.012826421986455503
1 0.41526350767716125 0.4901898840199347 0.012769035671068274 0.013955240664274796
1 0.36082243271495984 0.8040424429852031 0.011480323646379553 0.01323376531186311
1 0.21650840925133746 0.10049545246621838 0.01307653344195822 0.012621257616126019
1 0.17642199993133545 0.19309817189755646 0.009989313457323156 0.00896652885105299
1 0.23256920731585956 0.03503121759580529 0.011415087658426037 0.020281309666840927
1 0.3536351660023565 0.26715491129004443 0.011459184729534645 0.01192729369453762
1 0.17815968264704163 0.616549947987432 0.01089645468670389 0.010602702265200407
1 0.33177431413660874 0.6245574018229609 0.011253820165343906 0.011318932408871859
1 0.37610114139059314 0.20262331547944443 0.011793012204377548 0.01292077354762865
1 0.38324370591536805 0.38363862555959954 0.012260976045028023 0.01254030932550845
1 0.12134749474732773 0.0278834985650104 0.010869285334711489 0.01206126938695493
1 0.31152901442154596 0.098079862801925 0.010943993278171704 0.011886586313662321
1 0.3881727560706761 0.6127464771270753 0.01124119758605957 0.011304959006931469
1 0.3498304602892503 0.3682397344838019 0.01188277939091558 0.01187457209048064
1 0.35795110204945435 0.5928725367007048 0.011981756790824558 0.012560056603473167
1 0.3019729386205259 0.0340836605300074 0.010157522947891899 0.010747196881667427
1 0.24252489338750427 0.31544892684273096 0.011304440705672554 0.012234729269276495
1 0.3268838818387493 0.9367562376934551 0.010887856959648754 0.011132820792820141
1 0.33434426719727717 0.47310336776401685 0.013419326232827229 0.01271200180053711
1 0.16263854503631592 0.1995780986288319 0.01126172231591266 0.013345220814580503
1 0.2094564541526463 0.2252178295798924 0.009903348010519276 0.010198033374288807
1 0.28544691334600036 0.5137456707332445 0.010782739390497622 0.011031130085820738
1 0.3232745184846547 0.6598727392113726 0.012229607157085255 0.012934601825216541
1 0.36508260991262353 0.7709012446196184 0.01234370988348256 0.013433332028596298
1 0.2580162960550059 0.5513516198033872 0.011553515558657438 0.011330003323762314
1 0.27601653596629266 0.01624041925305906 0.012412548065185547 0.01241894649422687
1 0.22819972038269046 0.06450394962144934 0.012624471083931301 0.01404354883276898
1 0.30141757882159687 0.3925207179525625 0.011151230853536854 0.01137480528458305
1 0.3193232909492824 0.23008327898771866 0.011796743973441746 0.012104531993036684
1 0.3748776809028957 0.4411314466725226 0.012844334477963655 0.014192871425462805
1 0.19888487069503122 0.32900932107282715 0.012502649556035582 0.01130687801734261
1 0.2330690570499586 0.5905808780504309 0.010125595590342646 0.010126818781313688
1 0.3373707649500473 0.8773996726326321 0.0109795357870019 0.011037868002186651
1 0.37817871311436524 0.6693235065626061 0.012449166049127993 0.012782304183296535
1 0.1826225571010424 0.07927517009818036 0.012137827665909477 0.0114152483318163
1 0.16225298072980798 0.12970014758732007 0.0106405900872272 0.012176876482756241
1 0.26059109231700067 0.22748137556988257 0.010468026866083559 0.0109516019406526
1 0.3505650940148727 0.27952524890070374 0.012176156044006348 0.012568867724874744
1 0.3055197052333666 0.5174954144851022 0.011339726655379585 0.01193794996842094
1 0.3099583750185759 0.21402228396871817 0.011421535326086956 0.011291835619055706
1 0.3014869689941407 0.20128647140834643 0.010864423668902855 0.010415139405623726
1 0.4062858612641045 0.40452129944511084 0.012443283329839292 0.011571510978367016
1 0.32414109810538916 0.43602576463118836 0.01607735260673191 0.01584687440291695
1 0.19153214537579083 0.09453299771184508 0.011599685834801716 0.012134842250658117
1 0.2608516216278076 0.12977952542512314 0.011937659719715948 0.012376391369363537
1 0.3157753322435462 0.5645098167917003 0.01046740490457286 0.01226663589477539
1 0.3239770411797192 0.7609575727711553 0.010055844550547392 0.011177933734396229
1 0.2805614367775295 0.33515445045802905 0.011214484339175016 0.011914253234863281
1 0.31783425289651623 0.13726582216179892 0.010627456333326258 0.0113577531731647
1 0.2616130787393321 0.6720433649809465 0.012359619140625 0.011906623840332031
1 0.36290856029676355 0.8418329487676207 0.011394521464472231 0.012800880100416101
1 0.2610501413759978 0.3509101090223893 0.011341136434803839 0.01092418380405592
1 0.35710582266683166 0.6399021459662396 0.014788031578063965 0.014451047648554262
1 0.2740983444711436 0.22528558192045792 0.011162985926089079 0.010887166728144106
1 0.34669728771499964 0.7323520701864491 0.011926280415576439 0.012330055236816406
1 0.2962996130404265 0.6084063156791355 0.012618500253428583 0.011472370313561481
1 0.14971347477125085 0.0670699373535488 0.01092187218044115 0.01131072769994321
1 0.22599229605301563 0.019896185268526493 0.011797884236211363 0.012307028407635897
1 0.40383274658866547 0.4814605505570122 0.012019820835279383 0.013636506122091541
1 0.3228251998839171 0.32423775707897934 0.012354677138121231 0.012648325251496357
1 0.32881006987198547 0.3717421630154486 0.013914149740467901 0.014454058978868567
1 0.125765613887621 0.6151165754898734 0.01023039610489555 0.011091646940811821
1 0.2513431258823561 0.013598045253235363 0.012971214626146399 0.012370835827744526
1 0.2935219122015912 0.6855295637379519 0.01004934310913086 0.010021499965501867
1 0.2708231262538744 0.2846784280694049 0.01199705704398777 0.011783413265062414
1 0.24236666637918222 0.34686804854351544 0.011883486872134 0.012601624364438265
1 0.31066715199014416 0.4240816365117612 0.01417286499686863 0.020546622898267662
1 0.21689643030581265 0.29483909192292584 0.011430574500042458 0.012325245401133661
1 0.3189851408419402 0.7197712815326193 0.010444993558137314 0.009793281555175781
1 0.31374774808469025 0.5815661990124247 0.01213204342385997 0.012741482776144276
1 0.3967264631520147 0.4416140058766241 0.013980492301609204 0.01329965176789657
1 0.141000861706941 0.1398443968399711 0.011476185010827106 0.011779121730638586
1 0.2544941591179889 0.6465359045111615 0.012019136677617613 0.011992267940355383
1 0.3410303936056469 0.6834510927614957 0.012586918861969658 0.01325064120085343
1 0.16677389455878214 0.03965441817822664 0.010377915009208347 0.011077886042387589
1 0.38394258592439734 0.5725493223770804 0.010818994563558827 0.011998135110606318
1 0.2574981710185175 0.3146833855172862 0.012699023537013843 0.01213378491608993
1 0.3932576516400213 0.5514424365499745 0.01212429482003917 0.013775535251783289
1 0.24318313598632812 0.07355048604633498 0.012748137764308765 0.013829671818277111
1 0.2638904737389606 0.4977055269738902 0.012348797010338825 0.01176099155260169
1 0.30259401901908545 0.12704841986946439 0.011759301890497622 0.011326976444410242
1 0.37233524737150775 0.2494176885356074 0.011112088742463486 0.01200922675754713
1 0.4056090349736421 0.6357647439707881 0.011855109878208325 0.011847786281419836
1 0.3697540760040283 0.6126326374385669 0.011752719464509384 0.011570785356604534
1 0.24243792243625806 0.5809351464976436 0.010303787563158117 0.011140450187351391
1 0.12606261087500534 0.08086568635442981 0.010852896648904552 0.011870658915975819
1 0.2686104463494342 0.6580836772918701 0.012042729750923489 0.011921239935833473
1 0.33138624983637227 0.8877757321233335 0.010623398358407228 0.010572806648586109
1 0.26713249994360877 0.5222003356270168 0.011739834495212719 0.011359505031419836
1 0.34105970483759174 0.6534196293872335 0.011859148740768433 0.012239725693412449
1 0.28255593258401623 0.3973999153012816 0.012823104858398438 0.012481663538062054
1 0.17932778337727423 0.5639564990997314 0.010962434436963953 0.010543470797331436
1 0.28828260172968323 0.5886718501215396 0.01797987067181131 0.013827116593070652
1 0.3026831772016442 0.638651412466298 0.012349190919295601 0.019775680873704994
1 0.14228886106739874 0.5855699725773023 0.011028103206468664 0.0111017019852348
1 0.2812670728434687 0.1921870604805324 0.013370327327562414 0.012564120085343071
1 0.2615757299506146 0.30024975279103155 0.011217220969822094 0.010121117467465609
1 0.24818248334138293 0.4128580508024796 0.011279271996539574 0.011510185573412024
1 0.3552292740863303 0.3992752614228622 0.014146929201872452 0.014622522437054176
1 0.22119557339212167 0.3117701488992442 0.011360873346743376 0.011622760606848675
1 0.3504757725674173 0.4746208761049353 0.010889892992766007 0.01167012297588846
1 0.3793440772139508 0.5170668933702551 0.012979605923528257 0.01324326059092646
1 0.2188497107961903 0.38428731586622156 0.00984285188757855 0.010126818781313688
1 0.3514101297959038 0.19122491712155548 0.012574714163075323 0.012644166531770126
1 0.18351824387260104 0.5334071905716605 0.01239701975946841 0.011622428894042969
1 0.16540832104890243 0.5995160082112188 0.010142367819081182 0.01020217978436014
1 0.21851766627767813 0.5895828164142111 0.010775503904923149 0.010907795118248981
1 0.21915738478950836 0.5112780902696692 0.011085054148798403 0.014548301696777344
1 0.21552276611328125 0.4053388678509256 0.010053593179453974 0.00987169016962466
1 0.2791530774987262 0.6103710298952848 0.01251709979513417 0.012665002242378567
1 0.3416401510653288 0.1582854986190796 0.01232352464095406 0.013149023056030273
1 0.22653338183527405 0.4230552963588549 0.009831366331680962 0.010262821031653362
1 0.363190523956133 0.540353889050691 0.0124760451524154 0.013395413108493969
1 0.31607776102812396 0.03686785697937012 0.011620625205661938 0.01128697395324707
1 0.41898621683535375 0.6402484852334728 0.011596140654190727 0.02331630043361498
1 0.34248636339021765 0.6360940518586532 0.012259364128112793 0.011737906414529552
1 0.2684763099836267 0.4831687471140985 0.01083442439203677 0.010868611543074898
1 0.3498204130193461 0.9832836026730745 0.010546655758567478 0.011710747428562329
1 0.329655844880187 0.6427865339362104 0.01192634131597436 0.013027543606965439
1 0.36523049810658337 0.21895381678705633 0.012273995772652004 0.01247095025104025
1 0.3271759528686981 0.5326974391937255 0.012889398079689428 0.013244608174199644
1 0.32319838715636207 0.3372084679810897 0.011466992938000221 0.012465705042300016
1 0.3584895082142042 0.24122344929239023 0.022035826807436737 0.011793696362039318
1 0.3039841755576756 0.37884637583856995 0.011389421380084495 0.01162918754245924
1 0.3390694539184156 0.8330368373704993 0.01110726465349612 0.011792970740276833
1 0.20780937568001126 0.13182028998499332 0.012500700743302055 0.023732879887456478
1 0.2894068178923233 0.3816687542459239 0.012000871741253395 0.012358955715013586
1 0.2330552391383959 0.4327555739361307 0.01031655850617782 0.010411262512207031
1 0.3472094069356504 0.7742767955945886 0.010978087134983227 0.011740933293881624
1 0.3066261540288511 0.4066908670508343 0.011318414107612942 0.011691756870435633
1 0.37361798338268115 0.5784477980240531 0.012475920760113259 0.011496585348378057
1 0.16670889439790149 0.09575581550598145 0.01180045501045559 0.01217415021813434
1 0.32116139712541 0.6315113668856414 0.013435534808946692 0.011157761449399202
1 0.19887375831604004 0.601565868958183 0.011501167131506878 0.011049623074738876
1 0.32603253488955297 0.6888355379519256 0.010760721953018852 0.012477750363557236
1 0.1252792140711909 0.05638068136961563 0.010094031043674633 0.01036146412725034
1 0.2385441427645476 0.47130767158840015 0.01157323173854662 0.01071929931640625
1 0.25448214489480725 0.5872667250425919 0.012406266253927479 0.01171354625536048
1 0.28423935434092645 0.6728691225466522 0.011009174844493036 0.010686584140943445
1 0.23236645822939667 0.5511816066244374 0.011560440063476562 0.014066405918287195
1 0.2555019648178764 0.3366852635922639 0.011144990506379501 0.010859779689622961
1 0.15846211495606796 0.6101538202036982 0.010900466338447903 0.011207663494607677
1 0.25397380538608716 0.048172574976216194 0.010832558507504671 0.01168953335803488
1 0.3691988224568575 0.26475855578546936 0.01209661753281303 0.011645835378895636
1 0.31065929454305896 0.3695443402165952 0.022822732510774033 0.01378843058710513
1 0.26707566302755603 0.5972301027049189 0.013120319532311481 0.012863946997601051
1 0.15377720024274744 0.11377918201944101 0.010982254277104917 0.01331304467242697
1 0.4066468114438264 0.46557438891866937 0.013340659763502039 0.016049592391304348
1 0.22205044912255328 0.23063882537510083 0.010650987210481064 0.011662711267885954
1 0.3182777218196703 0.6195724736089292 0.010437364163606064 0.011850025342858356
1 0.14827173689137335 0.5740821879843007 0.009691715240478516 0.010088091311247452
1 0.3975309859151425 0.3876947423686152 0.011644394501395847 0.012134355047474737
1 0.17221811025039013 0.589768119480299 0.013145705927973208 0.01069616234820822
1 0.23687461148137634 0.1488328446512637 0.012214888697085173 0.012596244397370712
1 0.20430831287218176 0.1568852196569028 0.010745898537013843 0.011574517125668734
1 0.3379890283812647 0.17399848025778067 0.010963001976842466 0.011489536451256794
1 0.1661315327105315 0.15991153406060263 0.012274856152741806 0.011669542478478474
1 0.27411722100299335 0.09430536498194154 0.011622097181237263 0.01495231752810271
1 0.1810573494952658 0.12462286327196204 0.011275871940281079 0.010921022166376528
1 0.2926353060680887 0.44726177402164624 0.011753103007440981 0.011241073193757431
1 0.32654874370959797 0.8322088822074558 0.01090681512394677 0.011338855909264606
1 0.3094749658004098 0.9739650850710662 0.008755849755328634 0.008677814317786175
1 0.3486117850179258 0.8441767899886423 0.011439515196758766 0.012301154758619226
1 0.23511362075805664 0.3288740178813105 0.01216788913892663 0.011926547340724781
1 0.17040365675221325 0.06109694294307543 0.01112906829170559 0.010410008223160454
1 0.3330233615377675 0.5504085188326627 0.011420913364576258 0.013369705366051716
1 0.1902059161144754 0.5870872476826543 0.010441261789073114 0.010736403257950493
1 0.2645258385202159 0.3290226252182671 0.011158507803212042 0.010893800984258238
1 0.1387702693109927 0.6165992902672809 0.009537593178127123 0.010250589121942934
1 0.282400773919147 0.21369147300720215 0.012862495754076086 0.011551960654880688
1 0.2536649185678233 0.27889389577119245 0.012133992236593494 0.012155221856158714
1 0.22629986638608185 0.4441935031310371 0.010577243307362432 0.010514642881310505
1 0.29838869882666547 0.6733654063680897 0.011296210081680962 0.011623838673467222
1 0.15965871707252835 0.14294178589530612 0.010975391968436863 0.011516529580821161
1 0.36251481330913043 0.4703912475834722 0.011293989160786505 0.012189066928365955
1 0.30831534966178564 0.4795287847518921 0.011669843093208645 0.011882730152295984
1 0.2485731788303541 0.5400435613549274 0.011179592298424763 0.011742840642514437
1 0.27877593040466303 0.43540628060050635 0.010572744452435036 0.011230116305143936
1 0.22760336295418118 0.12257616416267726 0.011844406957211702 0.011782583983048149
1 0.235481946364693 0.5140691218168838 0.009979704151982847 0.010542289070461109
1 0.37648710478907044 0.6548588379569675 0.011547098989072054 0.012546290522036345
1 0.36541772925335436 0.3053597056347391 0.01728547137716542 0.01272651423578677
1 0.32457208115121594 0.777314165364141 0.010677783385567043 0.011227276014245075
1 0.35342426662859716 0.17966481395389722 0.011109284732652746 0.011961574139802353
1 0.3361283148760381 0.6111802743828815 0.01140918485496355 0.0115594656571098
1 0.20933069353518277 0.46407739494157874 0.010252807451331097 0.010328925174215565
1 0.24605084502178687 0.3804163129433341 0.012106252753216286 0.01153577410656473
1 0.17060160118600595 0.011930410304795141 0.010900818783303966 0.011665693443754444
1 0.34656957698904955 0.8936351485874341 0.010344240976416546 0.01201078166132388
1 0.2626716364984927 0.4693498611450196 0.012024216029954992 0.013332698656165081
1 0.13593099946561066 0.04740147098251011 0.011309551156085472 0.011444835559181545
1 0.27293232212895935 0.17615206863569177 0.009922608085300611 0.010358800058779509
1 0.14661417836728302 0.6233481220577075 0.010075444760529892 0.010179001352061396
1 0.32420750707387924 0.06614101969677469 0.011516890448072682 0.013539314270019531
1 0.31052033797554346 0.29670022881549335 0.010917622110118036 0.011090278625488281
1 0.14375002487846042 0.08019690669101218 0.010806062947148863 0.010927298794622007
1 0.23076738481936246 0.20067969612453296 0.010623247727103855 0.010941505432128906
1 0.2205919701120128 0.14990121385325555 0.011393153149148693 0.011326872784158459
1 0.3063377504763396 0.5542097298995309 0.012730391129203465 0.012859883515731148
1 0.22112113496531605 0.646747526915177 0.010584147080131199 0.010523713153341541
1 0.11979079246520996 0.043492906767389046 0.011854358341382898 0.01196032244226207
1 0.18003379780313242 0.6341557502746582 0.01076339638751486 0.013894246972125511
1 0.2702650920204494 0.2690032565075418 0.012081166972284731 0.013065358866815981
1 0.284010130426158 0.6592935997506848 0.011479439942733101 0.011268719382908032
1 0.17863768598307733 0.46731036642323365 0.011132375053737476 0.011633168096127718
1 0.33869239234406023 0.7090610006581182 0.012482177952061529 0.013195369554602581
1 0.14673145439313806 0.5564098772795304 0.010614115258921747 0.011303777280061142
1 0.29272946067478345 0.4032768425734147 0.012855115144149117 0.01574098545572032
1 0.18405906013820483 0.48868622987166693 0.009840716486391813 0.009929491126019022
1 0.1957288410352624 0.5583798159723696 0.011685786039932915 0.011381605397100035
1 0.2533383162125297 0.24273419380187988 0.0115667840708857 0.011942013450290844
1 0.3269645617060039 0.8522410807402239 0.011652276567790821 0.012193472489066746
1 0.2405937443608823 0.4578542191049327 0.01106162693189538 0.01134194498476775
1 0.3062820641890816 0.2411054735598357 0.010540423185929008 0.011560357135275135
1 0.27491492810456647 0.7943710036899732 0.007912511410920517 0.008152215377144192
1 0.32773123616757593 0.6070962263190228 0.01442793141240659 0.012854016345480213
1 0.3984789096790811 0.3405896664961525 0.011470354121664295 0.011861763570619665
1 0.2844718124555505 0.17769145447274912 0.010225689929464588 0.010918295901754627
1 0.1797531169393788 0.0405548474063044 0.011130623195482336 0.011010921519735584
1 0.2765303072722062 0.5461745780447255 0.01097857433816661 0.01099853930266007
1 0.27543959410294244 0.5048108930173126 0.009974852852199389 0.01293244569197945
1 0.10204498145891272 0.6637882357058318 0.011156735212906548 0.012889654740043308
1 0.2954226058462392 0.2106281674426535 0.013253315635349438 0.013163006823995838
1 0.2585747241973877 0.4174778150475543 0.014183438342550526 0.012884886368461277
1 0.3860011230344358 0.4101769405862559 0.011756663737089737 0.01233399432638417
1 0.2402567137842593 0.26355917557426123 0.012112472368323284 0.01146374578061311
1 0.4039746782054071 0.3161518366440483 0.012580664261527683 0.014857769012451172
1 0.11003351729849112 0.7222999282505203 0.010850667953491211 0.011183821636697521
1 0.1567891939826634 0.08513734133347221 0.010611896929533585 0.010535768840623938
1 0.3068313287652057 0.6881676756817362 0.009965502697488537 0.009954411050547724
1 0.3980104612267536 0.5627888907556948 0.010926619819972828 0.011803730674411938
1 0.1408955895382425 0.10437016901762589 0.01070794851883598 0.012602847555409307
1 0.3375145514374194 0.7989115715026855 0.010615269774975985 0.011613058007281761
1 0.2532049987627112 0.20927145170128864 0.0105981619461723 0.010661954465119736
1 0.2173441285672395 0.5578866004943849 0.011322622713835342 0.011188133903171704
1 0.3610070166380509 0.7151345792024033 0.012933378634245499 0.013078938359799593
1 0.2757230012313179 0.45223746092423156 0.011975039606509 0.012798641038977581
1 0.167031599127728 0.07352630470110022 0.011930673018745754 0.013304637826007347
1 0.16652297455331552 0.5732263482135275 0.011128705480824347 0.010758109714673914
1 0.21617807512697967 0.36653547701628314 0.011014212732729704 0.012270139611285667
1 0.25556398474651837 0.6979283871858017 0.010050690692404041 0.010183417278787365
1 0.22703176995982288 0.5252792213274085 0.010443480118461277 0.010312764540962551
1 0.1653581080229386 0.7529847518257473 0.010435726331627888 0.010744509489639946
1 0.2012431206910507 0.04401460808256399 0.02226226226143215 0.010977726915608282
1 0.20112360042074454 0.6593836908755096 0.010268771130105724 0.010479802670686142
1 0.25443316542583966 0.15962775375532068 0.015868000362230385 0.014104044955709705
1 0.3492233714331751 0.6148265859355098 0.012513396532639214 0.01535492358000382
1 0.3305935197226379 0.7884198686350947 0.010613532493943754 0.011298677195673403
1 0.17901909869650137 0.7076745447905168 0.009970706442128057 0.009762598120647928
1 0.23925763627757196 0.09363547874533612 0.013732143070386804 0.013766718947369118
1 0.2687708398570185 0.11542791905610458 0.010326136713442595 0.011079124782396399
1 0.3239103931447733 0.26909818856612494 0.01210161136544269 0.01253731354423191
1 0.18451357924419903 0.5018916959347932 0.010251522064208984 0.010124662648076597
1 0.2041003185769786 0.08604003553805145 0.012490521306576937 0.012782625530077063
1 0.3470795135135236 0.12638365704080332 0.01307506535364234 0.014290871827498726
1 0.12231774952100671 0.6396657902261486 0.011289119720458984 0.010497756626295008
1 0.2549245046532672 0.26044682834459393 0.013017032457434612 0.012323275856349781
1 0.22876121686852494 0.5715818405151367 0.010742975317913551 0.011482155841329823
1 0.3482292735058328 0.44786102357118024 0.013165701990542204 0.015007630638454273
1 0.229788469231647 0.2841479156328284 0.012049426203188688 0.012188973634139351
1 0.304279555445132 0.4685005260550458 0.01085687720257303 0.011204895765885063
1 0.2595206654590109 0.16421086373536484 0.010075506956680962 0.010495403538579527
1 0.18717070247816003 0.06580647437468819 0.010465808536695398 0.01073895848315695
1 0.2854151518448539 0.2841165998707647 0.015408184217370075 0.023818513621454655
1 0.17226824034815247 0.1419719302135965 0.01036524772644043 0.010794618855351988
1 0.3134013673533564 0.11607890543730362 0.012655258178710938 0.012219615604566492
1 0.24308110320049786 0.6710891930953318 0.011232479758884594 0.011295194211213486
1 0.3769954028336898 0.17169582325479257 0.012251366739687712 0.013878635738206946
1 0.29144594980322797 0.1684430008349211 0.010639169941777769 0.010983539664227028
1 0.20694202962129016 0.2774761034094769 0.010844251383905825 0.010816242383873981
1 0.24447254512621008 0.4850342584692913 0.011292913685674253 0.010469975678817085
1 0.31734177340631897 0.7357475861259128 0.010323586671248726 0.009538816369098166
1 0.19008957821389902 0.6515651474828306 0.010469478109608526 0.010654926300048828
1 0.10252350827921991 0.6451705642368482 0.012692109398219898 0.013130478236986242
1 0.3268046629736605 0.9812163684679114 0.011313108403397642 0.012032260065493376
1 0.22544182901797086 0.4616958524869835 0.011376671169115149 0.011373385139133618
1 0.25250239994214935 0.2925537150839101 0.011922089949898098 0.012515690015709919
1 0.3856536564619645 0.19738233607748282 0.012180318003115446 0.012250299039094345
1 0.3212717742375705 0.7086654746014139 0.013411319126253542 0.011085178541100544
1 0.15669655799865725 0.18643489091292673 0.013749288476031761 0.017506350641665253
1 0.19320724321448285 0.2446894542030666 0.010020338970681896 0.009687734686810038
1 0.2414105871449346 0.246460831683615 0.010700184365977411 0.011491402335788891
1 0.28145186797432276 0.47658592721690296 0.010932963827381964 0.011873991593070652
1 0.36277607212895935 0.45921715446140454 0.012749174366826597 0.013313127600628395
1 0.12328079472417416 0.6670083895973538 0.01134634017944336 0.010840395222539488
1 0.291414271230283 0.5385797956715459 0.011571904887323793 0.012493672578231148
1 0.34664109867552056 0.2514124745907991 0.010772495166115139 0.011620811794115149
1 0.2423396110534668 0.18927010245945142 0.009885829427967901 0.00973058783489725
1 0.2920790962550951 0.6240110397338868 0.012501965398373812 0.014057656993036684
1 0.15946245193481445 0.6491133648416271 0.010982015858525816 0.010362127552861753
1 0.220193976941316 0.03776882005774457 0.012166790340257727 0.011974738991778831
1 0.07247406762579213 0.7104522041652512 0.010416616564211638 0.011212390402088995
1 0.19902385836062225 0.021548032112743542 0.01134621578714122 0.011541549278342205
1 0.22614974560944934 0.35817726798679517 0.010238854781441067 0.010570526123046875
1 0.1893373572308084 0.6160440030305281 0.010370959406313688 0.010984006135360054
1 0.38917570010475494 0.42112333878226904 0.011802165404610012 0.012203631193741508
1 0.15122451471245807 0.15502112844715948 0.011267423629760742 0.012533996416174847
1 0.31585826044497284 0.6710888199184251 0.011335124140200407 0.011366761249044666
1 0.18383442837259042 0.14079515312028967 0.010192912557850714 0.011190486990887184
1 0.38530263952586963 0.4525882057521654 0.013223207515218983 0.012727654498556385
1 0.35824926262316503 0.2297142795894457 0.011369399402452551 0.011686304341191832
1 0.3103054606396219 0.26639563104380737 0.013009340866752293 0.023097287053647247
1 0.15546644252279532 0.509349771167921 0.011833418970522673 0.011174430017885954
1 0.2628382807192595 0.21446508946626083 0.010046254033627718 0.010047269904095192
1 0.13042760413625967 0.5974729268447213 0.01071180468020232 0.010815185049305792
1 0.2373319086821183 0.6370340533878492 0.010966383892556896 0.010720356650974438
1 0.2803035300710927 0.5263670734737231 0.013147457786228344 0.011137900145157524
1 0.310928666073343 0.4905730796896893 0.011299485745637314 0.01113123479096786
1 0.1456486349520476 0.1271224177401999 0.010388312132462212 0.010584344034609587
1 0.19589358827342157 0.2669719716776972 0.010516394739565641 0.011661964914073114
1 0.38979810476303095 0.47494279819986096 0.011261727498925251 0.012094145235807999
1 0.31225339226100757 0.3407261267952297 0.01126861572265625 0.012166728144106657
1 0.24359367204749066 0.5224046085191809 0.010532088901685633 0.010383398636527683
1 0.37828755378723145 0.3227055879390758 0.011821974878725798 0.013101386635199837
1 0.2095681895380435 0.3953587309173915 0.00951074517291525 0.010317880174388056
1 0.20310548077458923 0.406115552653437 0.009875318278437075 0.010192580845045008
1 0.2527595084646474 0.19476550558338995 0.010316579238228176 0.010547555011251698
1 0.2493713316710099 0.04055114414380944 0.013902104419210682 0.015089688093765923
1 0.23194362806237262 0.21841060596963632 0.011505044024923573 0.011757373809814453
1 0.18881029668061633 0.48115905471470044 0.01262870042220406 0.01514130053312882
1 0.4175451475641001 0.633196094761724 0.011467404987501062 0.012669625489608101
1 0.06910622379054195 0.6731289158696715 0.01176242724708889 0.012148566867994226
1 0.1397640445958013 0.014719851315021515 0.01730606866919476 0.011419659723406252
1 0.10594645272130548 0.709368954534116 0.010306969932887867 0.009456551593282948
1 0.28739646206731384 0.03262037945830304 0.011259846065355383 0.012792828290358833
1 0.21027715309806488 0.4168728745501975 0.010431268940801207 0.010632846666418987
1 0.31716797662817914 0.3079583437546439 0.012050483537756878 0.012146099754001782
1 0.28369566668634827 0.23832309764364493 0.011334274126135784 0.011311385942542034
1 0.29519171300141706 0.48780661043913476 0.011849838754405146 0.013148515120796535
1 0.37372433620950446 0.1901335923568062 0.010433072629182236 0.015519225079080334
1 0.18206860708153763 0.15211045223733652 0.010938955389935036 0.009821974712869396
1 0.32336223708546674 0.15024594638658606 0.011328221663184788 0.010963170424751614
1 0.2426991566367771 0.1702612120172252 0.010414973549220875 0.011483824771383534
1 0.13877681027288025 0.6738070612368376 0.009991749473240065 0.010609004808508831
1 0.2780894196551779 0.36736638649650244 0.011063451352326767 0.011574517125668734
1 0.28240116782810376 0.27750235018522845 0.011462957962699558 0.011419006015943445
1 0.1817168256510859 0.2874273528223452 0.012129016544507898 0.017988350080407185
1 0.3596130492894546 0.25583609290744946 0.010468672151150911 0.01161430193030316
1 0.3159015696981679 0.05207095457159955 0.010870187178902004 0.011365703914476477
1 0.19695247774538788 0.5700681416884713 0.01060392545617145 0.010639543118684189
1 0.17644116671189022 0.21137413771256153 0.01000301734260891 0.010272440703018852
1 0.4106903283492379 0.6193250573199728 0.01231620622717816 0.021122476328974186
1 0.16542271427486255 0.025288408865099372 0.010566908380259638 0.01047095397244329
1 0.3328392398746117 0.7430713695028554 0.012617858207744102 0.011332180189049763
1 0.2335515333258587 0.38900611711585 0.010560305222221043 0.010416030883789062
1 0.2035323951555335 0.624048253764277 0.010785828466000765 0.011043921760890796
1 0.2760956494704537 0.42166351753732434 0.010616820791493292 0.011025190353393555
1 0.18510470182999317 0.2571145658907683 0.01172774770985479 0.012017643969991932
1 0.1520640176275502 0.09895710323167885 0.010272119356238323 0.010826691337253735
1 0.25491921798042627 0.513952400373376 0.010870850604513416 0.01108240044635275
1 0.34793130146420526 0.7210218595421832 0.011372982159904812 0.012308867081351902
1 0.23387901679329254 0.18095329533452575 0.00956744733064071 0.010910241500191067
1 0.2622740579688031 0.6198845946270487 0.01181482232135275 0.011738362519637398
1 0.2949395179748535 0.6537017303964366 0.01289894269860309 0.014810251153033714
1 0.18780852400738263 0.2994635727094567 0.010166810906451683 0.011145073434580927
1 0.15898311138153073 0.6669855739759363 0.009271279625270678 0.01007979849110479
1 0.21724126649939496 0.47296366484268854 0.010299309440281079 0.009706165479577106
1 0.20617383459339972 0.5836990397909413 0.013633313386336617 0.011116566865340523
1 0.30033663044805115 0.6986946023028829 0.010735511779785156 0.010200002919072691
1 0.3698322461998981 0.2893520334492559 0.014438546222189198 0.014376246410867443
1 0.39687267593715503 0.31082142954287323 0.018115810725999916 0.017322581747303837
1 0.3627194528994353 0.2804790165113366 0.011985612952190895 0.011552478956139606
1 0.18246122028516687 0.5775896777277407 0.010340607684591541 0.010090662085491676
1 0.3131661415100098 0.19184674387392792 0.012386570806088655 0.012751496356466541
1 0.25048128418300464 0.4548971342003864 0.010156859522280485 0.010716728542162024
1 0.2871864878613016 0.3231879725404408 0.012385513471520466 0.011985487264135609
1 0.38393113924109423 0.26530827646670135 0.011784387671429176 0.013130892877993376
1 0.22286894010460895 0.6325788705245309 0.010867699332859204 0.011103961778723675
1 0.14578278168388034 0.6026775733284329 0.01033770519754161 0.01391050089960513
1 0.16903737316960876 0.11015293390854547 0.01183362629102624 0.0129147716190504
1 0.34512478761051013 0.7538125411323879 0.011724091094473133 0.012285647184952446
1 0.17666862321936566 0.4482462302498195 0.01100934070089589 0.011283169622006624
1 0.2999570473380711 0.41826229510099994 0.011324302009914234 0.011716137761655062
1 0.20626934714939282 0.641502110854439 0.01128549161164657 0.010452975397524626
1 0.2089163738748302 0.11153072896211043 0.013775410859481148 0.012129949486773949
1 0.2781969671664031 0.122471633164779 0.010286725085714588 0.01040506362915039
1 0.17182091526363213 0.18186038473378058 0.011808799660724144 0.011282837909200916
1 0.17913763419441556 0.5178364670794943 0.010602888853653618 0.01016761945641559
1 0.3157171477442202 0.2460647562275762 0.01048620887424635 0.010776996612548828
1 0.22032101257987644 0.33678138774374244 0.012033462524414062 0.011198106019393257
1 0.23194943303647247 0.6214107223179028 0.011032187420388927 0.010763624440068785
1 0.2680960945461107 0.5386626720428467 0.010227120440939198 0.010189325913139011
1 0.27061060200566833 0.7347491927768872 0.010454053464143173 0.009873141413149626
1 0.21953516421110733 0.3472869020441303 0.009834455407184103 0.010035957979119343
1 0.32961054729378747 0.15940574977708896 0.011176923046941343 0.010820782702902088
1 0.389761922152146 0.3161435230918553 0.01190508448559305 0.011961045472518257
1 0.29023830786995264 0.2529383327649987 0.010652977487315302 0.010732609292735224
1 0.1982960908309273 0.45539561561916186 0.010217956874681555 0.009624398272970448
1 0.21310215410978897 0.42931488285893976 0.010410391766092052 0.010106750156568445
1 0.21633560761161472 0.6881531632464865 0.009712302166482677 0.0099188348521357
1 0.3302142723746922 0.5010714012643566 0.012142430181088655 0.012053303096605383
1 0.2609967874444049 0.7107085559679114 0.010432512863822605 0.01148161680802055
1 0.34671501297017804 0.4602503724720167 0.012976525918297146 0.012754657994145933
1 0.1590557564859805 0.5582950633505116 0.009893883829531462 0.010677544966987942
1 0.10789939113285232 0.7501812188521676 0.008995087250419285 0.0092437163643215
1 0.306677362193232 0.568506852440212 0.010249718375827954 0.011966352877409561
1 0.32237292793781863 0.01176265756721082 0.012606898727624313 0.012215075933414955
1 0.21402166200720746 0.572984498480092 0.01112092059591542 0.011288912399955418
1 0.34546172424502997 0.10618637437405795 0.013384356446888134 0.014691072961558466
1 0.24641572910806406 0.7933315194171408 0.010950192161228344 0.010148670362389606
1 0.3890288809071417 0.652821229851764 0.012175684389860733 0.011331848476244055
1 0.17913112951361615 0.2289883986763332 0.010554572810297426 0.01128325255020805
1 0.1458790509597115 0.17031260677005935 0.010168780451235563 0.011123999305393383
1 0.1950805601866349 0.19075705694115683 0.009932870450227158 0.010480901469355043
1 0.3299852366680684 0.8068939499233079 0.010926919786826424 0.011715806048849354
1 0.1259734475094339 0.7250320807747219 0.010061834169470745 0.01002713908319888
1 0.2221536532692287 0.18938860685929007 0.01022481918334961 0.010459236476732336
1 0.34204218763372174 0.9733073607735011 0.011661968801332556 0.011870923249617867
1 0.18486582714578378 0.5477965811024541 0.010615348815917969 0.010288653166397758
1 0.23599517863729727 0.40210744868154114 0.010384082794189453 0.010523096374843433
1 0.31265149945798126 0.2609236758688222 0.010626357534657354 0.010858950407608696
1 0.19711990978406824 0.1212596426839414 0.010510797085969345 0.013325224752011507
1 0.315498631933461 0.7511389359183934 0.009289057358451511 0.008940157682999321
1 0.2134134976760201 0.21256320372871734 0.010365506877069887 0.010027553724206013
1 0.2914359984190568 0.1424221007720284 0.011471437371295433 0.011862184690392536
1 0.11648649236430295 0.6913077520287555 0.009894236274387526 0.010428594506305199
1 0.3460849575374437 0.787589570750361 0.013609284939973251 0.02025927668032439
1 0.1985461193582286 0.31309888673865277 0.018625715504521908 0.013927459716796875
1 0.1388614385024361 0.5667110733363939 0.011029782502547554 0.011401176452636719
1 0.16958191602126413 0.683830862459929 0.010528222374294117 0.010507956795070484
1 0.20520338804825491 0.5430979314057722 0.010730701944102411 0.012306503627611242
1 0.2696879532026208 0.2382851165273915 0.01177835464477539 0.010757798733918564
1 0.20312765370244568 0.527136864869491 0.00953500167183254 0.010221854500148609
1 0.2900545389755912 0.12956024252850076 0.011162861533786938 0.010794701783553413
1 0.19378426800603454 0.5372528511544933 0.01054301469222359 0.01042231269504713
1 0.1710037304007489 0.5498439125392749 0.012859769489454187 0.013916596122409985
1 0.27049573608066724 0.6967270892599354 0.010460418203602667 0.010862350463867188
1 0.1954976061116094 0.44544987056566326 0.011265526647153109 0.011173662932022758
1 0.33848051143729174 0.9492448309193484 0.01200655750606371 0.012755684230638586
1 0.2110367443250573 0.19732471134351648 0.015238471653150476 0.015537013178286345
1 0.20114906974460767 0.7502935036368992 0.010142450747282608 0.010790244392726734
1 0.1602309061133343 0.7221294693324876 0.00968064432558806 0.010441199592922046
1 0.117302013480145 0.01634996675926706 0.010537147521972656 0.012022063783977344
1 0.31098289075105084 0.8982052595719047 0.00940592392631199 0.009055759595788044
1 0.12521777463995892 0.7561730716539466 0.011022598847098972 0.010248059811799423
1 0.28859031718710193 0.01150788917489674 0.011314910391102667 0.011951089553211048
1 0.1419227175090624 0.6531909030416737 0.010167298109635063 0.010422665139903193
1 0.15502874229265293 0.5891789664392886 0.012112772983053455 0.011656077011771824
1 0.3135025501251221 0.35187443442966626 0.011782418126645296 0.011888421100118885
1 0.19717867478080417 0.17711910475855286 0.01015534608260445 0.00996702650318975
1 0.2543642106263534 0.18091224587481958 0.011255865511686905 0.01172563304071841
1 0.2234871180161186 0.37430547631305194 0.0101136124652365 0.010175870812457542
1 0.16271599997644837 0.24321722984313965 0.011983487917029339 0.011761312899382217
1 0.1273545907891315 0.6281495094299316 0.01044464111328125 0.010328417238981827
1 0.29601503455120587 0.1559590360392695 0.010790244392726734 0.011350963426672894
1 0.1841026596401049 0.6821175243543542 0.009736517201299253 0.010506878728451937
1 0.1544610832048499 0.6363703582597815 0.009900652843972912 0.009869513304337212
1 0.37746426333551825 0.4690881812054178 0.015173766923987347 0.012868964153787365
1 0.19604949329210367 0.285077022469562 0.010591569154158882 0.010224404542342476
1 0.170371325119682 0.506216567495595 0.010227700938349184 0.011022277500318445
1 0.303364546402641 0.25532911134802777 0.009659725686778193 0.010387296261994736
1 0.2061628258746603 0.47985095563142194 0.010636163794476051 0.010416072347889776
1 0.23064695233884064 0.48501557370890747 0.0103344088015349 0.010170159132584282
1 0.26409810522328253 0.38063633960226306 0.012169298918350883 0.011945973271908968
1 0.24486059727876083 0.5013000654137653 0.013782936593760614 0.013075206590735394
1 0.1926073406053626 0.2223589731299359 0.009069442749023438 0.010125367537788723
1 0.3072194327478823 0.7101189986519192 0.011506681856901749 0.015135060185971468
1 0.30432040795035986 0.36694366258123645 0.011259141175643257 0.01140948482181715
1 0.29856348037719727 0.1119184442188429 0.010633468627929688 0.011084608409715735
1 0.20113574940225348 0.5096038528110671 0.011879236801810886 0.01128524282704229
1 0.31755206895911176 0.8043516615162726 0.008917310963506285 0.008848065915315048
1 0.15694636883942978 0.5473311880360479 0.009884419648543648 0.009106843367866848
1 0.2981870070747707 0.18727879938871964 0.010965513146441917 0.010375250940737516
1 0.23031850483106533 0.042979679677797394 0.010888306990913723 0.010805650897648022
1 0.3149331652599832 0.4663602010063503 0.011812479599662449 0.011169651280278746
1 0.14718501982481583 0.6631424116051714 0.01041195703589398 0.00984291408372962
1 0.1958241670028023 0.7231988077578337 0.01010733065397843 0.010248184204101562
1 0.35156543099361914 0.8191353134486987 0.011321332143700642 0.011043175407077954
1 0.276190011397652 0.9639481461566426 0.009323659150496773 0.008484591608462126
1 0.09258056723553201 0.7045874802962595 0.009768154310143513 0.010801729948624321
1 0.1496318423229715 0.6881877650385317 0.010386529176131538 0.009520572164784307
1 0.32596748969112727 0.9012422976286516 0.010235597926151495 0.011269279148267664
1 0.07805592599122421 0.6834537671959917 0.011720605518506922 0.010521432627802309
1 0.1844315943510636 0.7236352174178413 0.009163856506347656 0.010424904201341711
1 0.12142528140026591 0.7030928238578465 0.011068230089933975 0.009760317595108696
1 0.29894952152086346 0.09001603852147642 0.010410080785336702 0.010322601898856785
1 0.3554335314294566 0.5737213259157926 0.012112275413844898 0.012493257937224014
1 0.23927438777426016 0.22802221256753671 0.011729717254638672 0.011771015498949133
1 0.11718634418819261 0.6536317493604578 0.010290716005408245 0.009678135747494905
1 0.09745691133582074 0.7583896595498791 0.009433310964833136 0.009772964145826258
1 0.28078976921413257 0.5849160007808519 0.012169962343962296 0.012572848278543224
1 0.20411649994228198 0.2409993980241859 0.009520717289136804 0.009855000869087551
1 0.12767710374749225 0.6521037454190461 0.010600058928779934 0.010507811670717985
1 0.15893615847048553 0.17142048089400583 0.010736154473346214 0.011493164560069208
1 0.2900708447331968 0.2634442889172098 0.01717161095660666 0.011348081671673317
1 0.16277659457662833 0.6394818762074346 0.009647721829621689 0.010172221971594769
1 0.3118121105691661 0.9131119147590968 0.009629954462466032 0.009350527887759
1 0.20127298520958944 0.29808578283890436 0.01105134383491848 0.009946014570153278
1 0.1285338712775189 0.06853943026584129 0.010617670805557915 0.009763173435045324
1 0.1307278716045877 0.8005944956903872 0.00946187973022461 0.011894391930621605
1 0.19753834475641668 0.4961880393650221 0.010806767836860989 0.010517120361328125
1 0.22842551314312476 0.5005722460539445 0.011194166929825493 0.00995835014011549
1 0.34777770871701447 0.23144934488379437 0.010864485865053923 0.011703885119894276
1 0.31808634426282806 0.6822862003160559 0.009486924047055452 0.009968674701193104
1 0.2442718692447828 0.6882700298143469 0.009954265926195227 0.010179436725118885
1 0.2294405854266623 0.30333700387374213 0.011850522912066917 0.012846179630445398
1 0.11951601505279541 0.6799024913621985 0.010319056718245796 0.00970384348993716
1 0.2886582664821459 0.09837325759555983 0.009802113408627718 0.009829458983048149
1 0.16878376836362094 0.6273057357124661 0.010013165681258492 0.010065742160962976
1 0.349989134332408 0.6913761470628822 0.014315667359725288 0.01632715308147928
1 0.30059649633324664 0.7705081442128058 0.00887980668441109 0.008314381475033968
1 0.22147934333137848 0.6016382963761039 0.011134168376093325 0.010836725649626358
1 0.18707468198693317 0.11216185922208038 0.010487514993418818 0.011570360349572224
1 0.2138623258341914 0.656450893567956 0.010769989179528278 0.01091202445652174
1 0.17651397767274277 0.16803595812424366 0.009848605031552523 0.010824296785437542
1 0.22249245643615723 0.25995660864788556 0.013702496238376782 0.011312733525815218
1 0.2823573091755743 0.6918312155682108 0.010241778000541355 0.010600546131963316
1 0.38837928357331647 0.46318817138671875 0.01087425066077191 0.012335072393002718
1 0.19092342127924378 0.5207409962363865 0.010169070699940557 0.01029501790585725
1 0.2618055136307426 0.7902558575505796 0.009618261586064878 0.009341737498407778
1 0.27476735737012775 0.7263213240582012 0.010118235712466032 0.009639200956925102
1 0.3070689284283182 0.6120874778084133 0.010857872340990149 0.010934622391410496
1 0.22800988736359973 0.6796111645905869 0.01007818139117697 0.010494315105935802
1 0.27139704123787256 0.31229370573292603 0.010582364123800526 0.011208596436873726
1 0.19643255938654358 0.1455908080805903 0.01067972183227539 0.010980305464371391
1 0.15952467400094736 0.7393077767413594 0.010398025098054306 0.01003754657247792
1 0.3148823510045591 0.8851445239523182 0.010146700817605724 0.010986493981402855
1 0.24026100531868316 0.41690513362055237 0.013633873151696247 0.013073589490807575
1 0.1629563259041828 0.6996842259946077 0.00944066047668457 0.009649857230808424
1 0.18157015676083774 0.10042662724204686 0.010505842125934105 0.01165082143700641
1 0.2770959294360617 0.5599968226059623 0.01241860182388969 0.011030010555101477
1 0.38163771836654 0.6024660442186438 0.012146866839864979 0.011881538059400476
1 0.22087539797243866 0.877134779225225 0.010139693384585173 0.009832713914954144
1 0.2562330080115277 0.3701672346695609 0.010349563930345617 0.010893697324006454
1 0.27800037549889606 0.7135857499164083 0.01071730903957201 0.010337871053944464
1 0.1929008442422618 0.31591633091802185 0.010511232459026833 0.01194688548212466
1 0.15406514769015106 0.7920924476955249 0.010764754336813221 0.009760483451511549
1 0.22331239866173785 0.1739012624906457 0.009672413701596468 0.01097460415052331
1 0.3022303684898045 0.06269547472829404 0.021939049596371857 0.012112964754519255
1 0.42134898641835083 0.5166731088057809 0.011978315270465355 0.01311356088389521
1 0.09178240921186363 0.7269312402476436 0.010750760202822477 0.011268698650857677
1 0.13783380777939505 0.5398221430571182 0.011048555374145508 0.010876075081203296
1 0.2602307174516761 0.8043471833933955 0.009523329527481743 0.009525340536366339
1 0.25049476001573645 0.7274210764014204 0.010941899341085682 0.010226830192234204
1 0.3018890049146569 0.07872073805850485 0.010325390359629755 0.010690435119297192
1 0.22605720810268237 0.4103711584339972 0.010170584139616592 0.009799127993376358
1 0.2085658985635509 0.18029745765354324 0.0106359979380732 0.010757943858271059
1 0.21300588483395785 0.4382639138594918 0.010418995566990063 0.010928485704504925
1 0.29100617118503735 0.8440431304599927 0.008449595907460089 0.008129410121751867
1 0.340146497539852 0.9879400211831799 0.010404991066974144 0.009080762448518173
1 0.2841288006823996 0.8721262061077616 0.008185324461563774 0.008717080821161684
1 0.313593283943508 0.17981946986654535 0.011412993721340015 0.010592522828475288
1 0.2228698315827743 0.3970351115516994 0.010343136994735054 0.01024119750313137
1 0.19263885332190472 0.6698934513589611 0.01082474252452021 0.012600898742675781
1 0.22922601907149606 0.7156761625538701 0.010291286136793054 0.010040988092837126
1 0.28940669350002124 0.02303703777168108 0.010342432105022926 0.010144641865854677
1 0.32025766372680664 0.9492487700089165 0.009113104447074558 0.008557029392408289
1 0.27903729936350946 0.8286105031552521 0.010973204737124235 0.010087303493333899
1 0.2073360837024191 0.19325686537701148 0.010315708492113196 0.010023925615393597
1 0.34896373748779297 0.8082079680069633 0.010835751243259594 0.01231060857358186
1 0.20996985228165335 0.12561358057934305 0.009732785432235054 0.010680167571358059
1 0.1291754038437553 0.7145237300706946 0.009907079779583475 0.009732204934825068
1 0.315759741741678 0.5302199902741805 0.011623714281165081 0.011752999347189198
1 0.2758720232092816 0.16388522023740024 0.009822347889775816 0.010026931762695312
1 0.3705859236095263 0.16423823522484823 0.010747878447822903 0.011755176212476648
1 0.18225350587264352 0.7422012038852859 0.010400730630625849 0.010167951169221298
1 0.16543389403301734 0.21658582272736923 0.009723518205725628 0.011957458827806555
1 0.08857837448949399 0.739904901255732 0.009457702222077743 0.008894547172214674
1 0.20295203250387442 0.03227961711261584 0.010204729826554008 0.009234068186386772
1 0.24697972380596656 0.7606700814288595 0.010509801947552223 0.009314412656037704
1 0.2354966868524966 0.7465202912040378 0.010246318319569464 0.009683609008789062
1 0.3987818023432856 0.5803247534710428 0.012776468111121136 0.021033577297044838
1 0.2549856642018194 0.9295485330664593 0.00971122409986413 0.009550301924995754
1 0.19210422557333243 0.16507175694341247 0.012137184972348421 0.012798806895380434
1 0.2942538157753322 0.8304370382557744 0.009213841479757557 0.009114306905995245
1 0.3595076462496881 0.6830346480659817 0.011463668035424274 0.013323742410411005
1 0.2785865016605543 0.9076394412828528 0.00797439658123514 0.008889115375021229
1 0.3121339756509532 0.820257228353749 0.00935438404912534 0.009623734847359035
1 0.270657902178557 0.9746130653049634 0.009670278300409731 0.009749951569930367
1 0.2827316056127134 0.09140405188436095 0.012382030487060547 0.011450275130893871
1 0.21843213620393173 0.484731244004291 0.010533581609311312 0.010510185490483824
1 0.10159557280333147 0.6753367963044541 0.010761789653612219 0.009399994559909986
1 0.1704990293668664 0.6606981028681216 0.010660306267116382 0.01123884449834409
1 0.13541945685511048 0.7848654000655465 0.009106750073640243 0.00953537484873896
1 0.30588131365568744 0.962578068608823 0.008306627688200577 0.00829141036323879
1 0.07451328764791074 0.7674219711967136 0.010911843051081118 0.0115509033203125
1 0.14417987802754278 0.715140321980352 0.009811059288356615 0.01062762218972911
1 0.35291052123774647 0.8316137272378673 0.011312562486399775 0.011795002481211786
1 0.2853121135545813 0.10983093925144362 0.010324229364809782 0.010899212049401325
1 0.2827516742374586 0.26535162718399713 0.010904208473537281 0.011712447456691578
1 0.34676698951617524 0.9042654659437096 0.009618672339812569 0.009792535201362942
1 0.2045050807621168 0.2578570117121157 0.011530357858409052 0.010808198348335598
1 0.1856738795404849 0.17901471386785095 0.009916554326596468 0.01016278888868249
1 0.2730406781901484 0.858434822248376 0.008448580036992613 0.008399092632791271
1 0.29963452919669775 0.7269513088723889 0.00937820517498514 0.009558553281037704
1 0.2133271383202594 0.16904386230137036 0.01037697170091712 0.01011527102926503
1 0.2535510996113653 0.4651441988737687 0.00985661796901537 0.009993366573167883
1 0.30071459645810333 0.8189497823300569 0.008698463439941406 0.008717163749363111
1 0.19638065669847574 0.7102514142575471 0.01078244914179263 0.009785983873450237
1 0.3422866878302201 0.7426467563795007 0.010543740313986073 0.011798361073369566
1 0.2902137507563052 0.556932667027349 0.014056247213612432 0.017875194549560547
1 0.21918778834135635 0.13345804421798044 0.010366460551386293 0.009220061094864555
1 0.13410655311916186 0.7405486314193064 0.009754782137663467 0.00954462134319803
1 0.21692551737246304 0.698916186457095 0.010018804798955503 0.010946771372919497
1 0.32970694144782814 0.9238395898238474 0.010813766523547794 0.010154185087784477
1 0.27266734579335083 0.8439586473547895 0.008526511814283289 0.008307913075322691
1 0.26089684859566065 0.8563447827878206 0.007951031560483187 0.008441137230914572
1 0.2659535719000775 0.19939920176630432 0.009916077489438265 0.010325887928838316
1 0.2974389843318773 0.45538764932881237 0.010615742724874744 0.011008065679798956
1 0.30204358308211615 0.621316495149032 0.010679079138714333 0.010594326516856318
1 0.18895522407863452 0.6969688456991444 0.009753724803095278 0.009747671044391134
1 0.30914361580558447 0.020787298679351807 0.011940271958060886 0.012780764828557554
1 0.31755786356718646 0.9880790710449219 0.00979371692823327 0.008686065673828125
1 0.25646680334339966 0.9030468774878461 0.008801004161005434 0.008770693903384
1 0.21943163871765137 0.731880457504936 0.008593994638194208 0.008769947549571161
1 0.36520964166392456 0.240325927734375 0.011122123054836109 0.011796702509341032
1 0.14239634638247284 0.7949665733005689 0.009606299193009087 0.010750977889351223
1 0.3127369569695514 0.08428772117780603 0.009998549585757048 0.011613690334817638
1 0.2863095117651898 0.9297296275263247 0.00877367931863536 0.008322508438773777
1 0.08566424380178034 0.7519632007764734 0.00991014294002367 0.010233257127844769
1 0.2286432929660963 0.24829100525897485 0.011311738387398098 0.011578912320344345
1 0.31522671036098315 0.07128877225129501 0.010338306427001953 0.01115026681319527
1 0.10002960847771684 0.7391777453215225 0.009211177411286728 0.009249811587126358
1 0.32897686828737677 0.8699571360712466 0.010437493738920792 0.013452115266219429
1 0.23377265100893768 0.6902183035145635 0.01037046183710513 0.009767200635827106
1 0.2841447643611742 0.7879009454146676 0.007838145546291185 0.008427619934082031
1 0.18150694473930026 0.6571465367856233 0.010137599447499151 0.011175736137058422
1 0.3225435604867728 0.17074206601018488 0.013019316222356714 0.011908386064612347
1 0.13654235653255298 0.060147000395733376 0.01060499315676482 0.010504225026006285
1 0.18605780601501465 0.20066705993984058 0.010019157243811565 0.01039930011915124
1 0.06705332838970682 0.8090914436008618 0.008378858151643173 0.009774332461149796
1 0.27339773592741595 0.8811229415561843 0.008684324181598166 0.007973919744076937
1 0.18735808911530868 0.4606140074522599 0.010275965151579483 0.010504328686258068
1 0.23554987492768664 0.7029168709464695 0.010281625001326851 0.011915248373280401
1 0.10925624681555707 0.7708602366240129 0.012714323790177055 0.010484322257663891
1 0.21891910096873407 0.7444129197493844 0.00980557566103728 0.009776073953379755
1 0.31198673662932025 0.7848745221677034 0.008971214294433594 0.010261577108631964
1 0.276777464410533 0.9882437249888545 0.008736921393353006 0.009270294852878736
1 0.2618823880734651 0.8299006793809973 0.008153376371964165 0.008148483608079992
1 0.2284981686135997 0.7608368500419285 0.009663955025050951 0.011537883592688519
1 0.30441927909851074 0.9875224776889966 0.008763375489608101 0.007627031077509341
1 0.3374890853529391 0.8192812463511592 0.011595630127450695 0.011602401733398438
1 0.17575668252032733 0.05121864443239958 0.011226695516835089 0.011395941609921663
1 0.12332644669905951 0.8142480435578718 0.011373188184655231 0.010731075121008831
1 0.32893321403990616 0.8199742151343306 0.010474400027938511 0.01052081066629161
1 0.1653546613195668 0.7754912583724313 0.009915258573449177 0.00947496165399966
1 0.2461393501447595 0.9131794597791588 0.010791882224704907 0.008999244026515795
1 0.24745645730391796 0.890798693117888 0.00949679250302522 0.009727395099142323
1 0.17676882640175198 0.6959756560947583 0.009412050247192383 0.010234957155974014
1 0.2547569896863855 0.9548973622529404 0.008234272832455843 0.008128746696140455
1 0.3288306666781073 0.9134746012480364 0.010437862704629484 0.010354622550632641
1 0.20294391590615976 0.6797192822331967 0.011241311612336533 0.010445511859396229
1 0.2560551373854927 0.7755291565604833 0.010373343592104704 0.010084981503693954
1 0.08992566492246545 0.8268755622532058 0.01039421558380127 0.010949093362559443
1 0.2918965816497803 0.8875286890112836 0.007781008015508237 0.008118546527364979
1 0.0763101137202719 0.7198211835778278 0.010025361309880796 0.01045591934867527
1 0.16657135279282284 0.5297113501507303 0.013005660927813988 0.011092476222826086
1 0.11492831292359726 0.8013673450635828 0.010137174440466839 0.010010346122409985
1 0.21337549582771634 0.532970843107804 0.01038955605548361 0.009725404822308084
1 0.29433156096416974 0.9435298339180325 0.008855052616285242 0.00887124434761379
1 0.2992866557577382 0.7884730670763099 0.008822067924167799 0.008577222409455673
1 0.09606198642564856 0.8126609843710193 0.011219024658203125 0.01108762492304263
1 0.13683751355046814 0.6366532159888226 0.009993262912916101 0.009591931882111923
1 0.36441106640774273 0.171940046807994 0.011417052020197329 0.011840177618938942
1 0.23504098601963203 0.7290172369583793 0.008861852728802225 0.00986518030581267
1 0.1562426867692367 0.5338141296220862 0.010230054026064665 0.010255005048668903
1 0.24914684502974802 0.82972818872203 0.009362821993620499 0.009010356405506964
1 0.283407563748567 0.7513245499652365 0.010352507881496265 0.00998650426449983
1 0.1410144152848617 0.7321343007295027 0.009959604429162067 0.010683930438497791
1 0.09679542935412863 0.7715731496396272 0.01021581110746964 0.010516208151112432
1 0.27017606859621796 0.895904893460481 0.008000353108281675 0.007900445357612942
1 0.10772776603698732 0.7857111640598462 0.011477097221042797 0.011469882467518682
1 0.3158422656681227 0.9260956100795581 0.008761551069176716 0.00898979021155316
1 0.24266986224962314 0.8081268642259681 0.01076439152593198 0.012121781058933422
1 0.2834225426549497 0.8085712764574134 0.008472546287204908 0.008451876432999321
1 0.21886031523994778 0.7214514276255732 0.010203154190726902 0.009628378826638927
1 0.1341672306475432 0.08970240924669348 0.01149854452713676 0.01207212779832923
1 0.25920579744421923 0.9138575429501741 0.008963875148607336 0.007939711860988451
1 0.13191535161889117 0.688207190969716 0.00992727279663086 0.009393567624299423
1 0.2621151364367941 0.8195100037947946 0.008274803990903109 0.0075299636177394704
1 0.21085580535556958 0.49572053162947943 0.013151894445004671 0.01926646025284477
1 0.17226518237072486 0.7253332967343538 0.009847713553387186 0.010451358297596807
1 0.2888967887214992 0.7707722290702486 0.008298749509065048 0.009247904238493546
1 0.09237054119939389 0.7935046113055685 0.010862972425377888 0.011673429737920347
1 0.2840916695802108 0.9767945538396421 0.009076678234597912 0.008033545120902683
1 0.2986092360123344 0.899932508883269 0.009270211924677309 0.009287917095681896
1 0.24242655090663742 0.36169030614521186 0.012094767197318699 0.016678120778954548
1 0.37617448620174243 0.3141768807950227 0.011853290640789528 0.01203024905660878
1 0.31347294475721277 0.7641225275786028 0.00993104602979577 0.00921792569367782
1 0.3840249932330588 0.2583315476127293 0.0122222900390625 0.014643710592518682
1 0.22937391115271527 0.8918019584987473 0.010286248248556385 0.009051696113918139
1 0.2997314411660899 0.9281970728998599 0.00884935130243716 0.008245136426842731
1 0.19900849591130798 0.20703788425611414 0.009924080060875935 0.010036344113557236
1 0.18776182506395422 0.04992547501688418 0.010552281918733017 0.010010372037472933
1 0.29678092832150665 0.9779777734175973 0.008616177932075832 0.008652521216351053
1 0.1461760842281839 0.6434694580409839 0.009755435197249702 0.010090910870095959
1 0.2548276445140009 0.7460875096528428 0.010557630787725035 0.009547316509744396
1 0.15630199079928192 0.012458554752494976 0.011910490367723547 0.010919771116712818
1 0.16078596529753308 0.6443155744801397 0.009959034297777258 0.011336492455523949
1 0.24563151857127316 0.7173358668451724 0.009616540825885275 0.009205859640370245
1 0.23901780791904614 0.7748396292976711 0.008932051451309868 0.009027107902195143
1 0.15301356108292288 0.709749118141506 0.009101660355277683 0.008918720742930536
1 0.3071146425993546 0.9411888744520105 0.009250184764032778 0.009339664293372112
1 0.2819266630255658 0.8958989226299785 0.00848946364029594 0.009203993755838146
1 0.2900939298712689 0.3470216471215953 0.012893904810366423 0.01188044962675675
1 0.23369056245555048 0.8641521827034329 0.008784688037374744 0.007283957108207371
1 0.21366075847459876 0.5254221169844918 0.009869492572286854 0.010021997534710426
1 0.37150318726249365 0.180790724961654 0.010392189025878906 0.0116992826047151
1 0.10277300295622452 0.6939192025557809 0.00965868908426036 0.00951149152672809
1 0.2906506787175718 0.7225401919821034 0.00915514904519786 0.00987417801566746
1 0.23192040816597317 0.8547563345535941 0.008650862652322521 0.00825264142907184
1 0.06791463364725528 0.8250603261201279 0.008650152579597805 0.00943718785824983
1 0.2652571097664211 0.8705240747202998 0.008945962657099184 0.008202096690302309
1 0.22955435255299445 0.7914917158043903 0.010603718135667883 0.011280391527258831
1 0.14564824622610342 0.7731780591218367 0.009482870931210726 0.010088962057362432
1 0.28556022436722467 0.9193373141081438 0.00934594610463018 0.01030167289402174
1 0.15452784559001093 0.023371885652127472 0.01056887792504352 0.010128384051115616
1 0.2569674305293871 0.8823671133621878 0.00866568606832753 0.00842123446257218
1 0.13430007644321607 0.765074294546376 0.00934563512387483 0.009290736654530401
1 0.0940290637638258 0.6863866681637971 0.010934207750403362 0.0119965180106785
1 0.2715366612309995 0.8148809723232102 0.008794245512589165 0.008431932200556215
1 0.20591869561568552 0.7405117283696714 0.009261856908383577 0.009296831877335258
1 0.30309233458145807 0.844505849091903 0.007691258969514266 0.008448891017747961
1 0.31257812873176904 0.9543652119843857 0.008445967798647673 0.008958443351413893
1 0.31132383968519123 0.8417518657186757 0.009276618128237516 0.00834767714790676
1 0.2660363238790761 0.18902733014977496 0.009707575259001358 0.010431662849757984
1 0.30026811102162243 0.8866564501886782 0.008114068404487942 0.007969773334005604
1 0.41314357259999146 0.6265095627826193 0.01203056003736413 0.014735885288404383
1 0.2648239446722943 0.93808418771495 0.008762214494788128 0.007963595182999321
1 0.2883533083874246 0.7026387712229853 0.009783599687659222 0.009590936743694803
1 0.2809465968090555 0.9477688333262567 0.00882615213808806 0.008386363153872282
1 0.14421381121096405 0.7516566566798999 0.009652946306311565 0.010050068730893343
1 0.27254628098529315 0.925179854683254 0.009039692256761633 0.008703065955120584
1 0.28356893166251806 0.1581983358963676 0.00975204550701639 0.010196022365404211
1 0.1356270002282184 0.6997185790020488 0.009225658748460852 0.009657942730447521
1 0.23817966295325238 0.4963634947071905 0.01079397616179093 0.01169374714726987
1 0.20019946927609653 0.231586508128954 0.009115239848261293 0.00986785474030868
1 0.1472816985586415 0.6997471270353897 0.008927117223324984 0.008984938911769701
1 0.2347844476285188 0.8793964800627334 0.008892992268437925 0.007950326670771059
1 0.3238813974287199 0.9505965606026028 0.006458447031352831 0.010663488636846128
1 0.11189427064812701 0.8445368227751358 0.010490842487501062 0.009808913521144701
1 0.29425232306770654 0.8638414300006371 0.008040158644966457 0.007870383884595789
1 0.3044663719508959 0.871155655902365 0.009804476862368376 0.009997741035793139
1 0.21703201791514515 0.8586065250894298 0.010312868201214333 0.010136023811672046
1 0.23963253394417142 0.836664158365001 0.008265474568242613 0.007968405018682066
1 0.37166908512944763 0.5919054902118185 0.01207869985829229 0.017870239589525307
1 0.25926802469336474 0.9701589501422384 0.007531808770221212 0.007289388905400815
1 0.2742622935253641 0.1397581204124119 0.011648696401844854 0.020612550818401833
1 0.28924371885216754 0.9877726306086001 0.008210679759149965 0.007400305374808933
1 0.3385179768437925 0.9043821044590163 0.007846749347189198 0.007898123367972996
1 0.24915185181990915 0.874001813971478 0.008853953817616339 0.008532524108886719
1 0.2733326580213464 0.7824108082315196 0.008802372476328974 0.009521525839100714
1 0.2459787078525709 0.942089080810547 0.009603127189304518 0.008972831394361414
1 0.20501655081044073 0.9030518946440325 0.010696701381517492 0.009914854298467222
1 0.17237203017525052 0.22292599470719043 0.009340037470278532 0.009612871252972147
1 0.2879970384680707 0.8573490847711976 0.007793053336765455 0.008607988772184952
1 0.2458672730819039 0.9877484155737836 0.009210130442743715 0.007504960765009341
1 0.2687996574070143 0.9520794412364131 0.011693581290867016 0.008366792098335598
1 0.07795015107030454 0.8143610746964164 0.010441634965979534 0.010747329048488453
1 0.22878256051436716 0.9675612656966499 0.008081830066183338 0.0073329262111497965
1 0.32302988093832263 0.8689335947451384 0.014362397401229195 0.011158404142960258
1 0.22601172098553554 0.9140355951514149 0.012419493302055027 0.009892422219981318
1 0.20992433506509528 0.9276862766431725 0.011121687681778618 0.008954587190047554
1 0.2933232991591744 0.7790347596873408 0.008659466453220533 0.008443790933360224
1 0.21856240604234778 0.9011841649594513 0.011224601579749065 0.009337715480638586
1 0.1473841615345167 0.012915506958961487 0.009296862975410793 0.01060549979624541
1 0.2969216056492018 0.8060340259386146 0.008248826731806215 0.008702858634617018
1 0.07598595774692038 0.7369979360829229 0.012158948442210321 0.010615141495414402
1 0.06905315492464148 0.7327422266421111 0.007724663485651431 0.00844748123832371
1 0.21792201373888098 0.9220336209172789 0.008582965187404467 0.008779235508130945
1 0.2534979840983515 0.9812809695368228 0.0074402145717455 0.007585069407587466
1 0.24679193289383597 0.8602941969166631 0.008607097294019617 0.008632867232612942
1 0.20860893830009128 0.4915867162787396 0.009509915890900986 0.012170397717019787
1 0.29840002889218536 0.7435336942258088 0.00891187916631284 0.008567022240680197
1 0.2345907273499862 0.9811557272206182 0.007595497628916864 0.007077921991762908
1 0.2224382835885753 0.9832653792008109 0.0091663236203401 0.009578787762185802
1 0.24509731582973315 0.9631545440010403 0.007967015971308168 0.007821456245754076
1 0.129578595576079 0.7736210408418076 0.00837949047917905 0.008626067120095959
1 0.318036006844562 0.024850892631903942 0.010351118834122368 0.011136219553325489
1 0.1515932083129883 0.7614702141803246 0.009098612743875256 0.008801170017408289
1 0.1923073374706766 0.21156231216762378 0.01017294759335725 0.010555288066034731
1 0.2625633737315302 0.01240448200184366 0.010931844296662704 0.009859064350957457
1 0.2288548117098601 0.9306766053904658 0.008539593738058338 0.007761955261230469
1 0.27477566055629565 0.15537387391795282 0.008831293686576511 0.009417948515518852
1 0.2451666645381762 0.9732587648474652 0.007939069167427395 0.0075243245000424595
1 0.21106220328289532 0.9683880184007727 0.007368295089058254 0.007389400316321332
1 0.20327318232992425 0.6928940855938456 0.011860577956489895 0.014854970185653023
1 0.1913110587907874 0.9458340354587722 0.009036831233812414 0.008974489958389946
1 0.2508966197138247 0.8511941951254139 0.008182442706564198 0.0080560186634893
1 0.2885589495949123 0.9570790166440216 0.00838489117829696 0.008378319118333899
1 0.2083270031472911 0.8697215785150942 0.009187988612962805 0.00939253102178159
1 0.32458738270013227 0.28676724433898926 0.007870417574177618 0.010785579681396484
1 0.21654877455338184 0.9395983322806981 0.008036447607952616 0.007507987644361414
1 0.10500296820764957 0.8274733916572903 0.010568546212237816 0.012407302856445312
1 0.15400837815326196 0.03228351085082344 0.010635023531706436 0.011876821517944336
1 0.23509006914885144 0.9552078869031824 0.007831822270932405 0.008145912833835768
1 0.22675645869711175 0.8304084280262823 0.010256788004999575 0.009672828342603601
1 0.20181869423907733 0.9829932088437288 0.009428977966308594 0.008540194967518682
1 0.195988945339037 0.010999865182068035 0.009821269823157269 0.008580810997797094
1 0.29121131482331647 0.7501939483310864 0.008846697599991508 0.00915979302447775
1 0.29685459966244904 0.06398499530294668 0.012503292249596638 0.011627964351488196
1 0.0719172591748445 0.7795680916827658 0.009756368139515753 0.00928696342136549
1 0.3712425024613091 0.5983026131339695 0.010367144709048063 0.01648110928742782
1 0.24306059920269507 0.7357318712317426 0.009030860403309698 0.008546580439028532
1 0.22367187168287195 0.9489287293475606 0.008154039797575577 0.00768292468527089
1 0.3251571321617003 0.18058874296105426 0.009009916497313458 0.009640279023543648
1 0.32618867767893744 0.5478897509367571 0.011073007531788037 0.011064861131751019
1 0.20408080971759301 0.8143569697504458 0.007318455240000849 0.008474847544794497
1 0.3067266125070859 0.7325760646013173 0.00937820517498514 0.009558553281037704
1 0.30599294871635613 0.7489612225942828 0.00937820517498514 0.009558553281037704
1 0.29449888266158925 0.7592325156645 0.00937820517498514 0.009558553281037704
1 0.30477017573180637 0.7614335070366895 0.00937820517498514 0.009558553281037704
1 0.29254244588630984 0.7115443692670634 0.00937820517498514 0.009558553281037704
1 0.3072807758888946 0.7987269057873442 0.008917310963506285 0.008848065915315048
1 0.28624908055464043 0.7977486873997044 0.008917310963506285 0.008848065915315048
1 0.2635055030420168 0.846415052184781 0.008917310963506285 0.008848065915315048
1 0.25225599158416 0.8407902964558527 0.008917310963506285 0.008848065915315048
1 0.23481568647429313 0.9213722330587127 0.012419493302055027 0.009892422219981318
1 0.19421962338724438 0.9343336266949394 0.012419493302055027 0.009892422219981318
1 0.2032681434729119 0.9472950203311656 0.012419493302055027 0.009892422219981318
1 0.2198978560627873 0.9585445317890224 0.012419493302055027 0.009892422219981318
1 0.20522458024819146 0.9614791869519418 0.012419493302055027 0.009892422219981318
1 0.19739883314707365 0.9695494886499698 0.012419493302055027 0.009892422219981318
1 0.18712754007685656 0.9663702788901408 0.012419493302055027 0.009892422219981318
1 0.1726988188591706 0.9671039426808705 0.012419493302055027 0.009892422219981318
1 0.17196515506844082 0.9793316725263672 0.012419493302055027 0.009892422219981318
1 0.18761664927067648 0.984711873658386 0.012419493302055027 0.009892422219981318
1 0.15631366086620524 0.9844673190614762 0.012419493302055027 0.009892422219981318
