0 0.6734099284462307 0.48721748331318726 0.009979890740436056 0.011019571967746899
0 0.6721251632856287 0.4636104780694712 0.010332667309304943 0.010735148968903915
0 0.681668634000032 0.4836540429488472 0.009695509205693785 0.010477024575938349
0 0.642371250235516 0.5326270020526388 0.010059957918913467 0.009513150090756624
0 0.6455398849819018 0.42411698984063184 0.010720501775326937 0.01091854468635891
0 0.7881962942040485 0.5460634127907131 0.012139154517132301 0.012087759764298149
0 0.6342843926471212 0.42236599714859674 0.011640797490658968 0.012494170147439709
0 0.6473786105280338 0.6646001442618992 0.01136767345926036 0.011784221815026325
0 0.7797912929369055 0.5445326514866041 0.01031859024711277 0.01103608504585598
0 0.6930390233578889 0.514826546544614 0.008872819983440897 0.008625486622685972
