0 0.5050037451417174 0.6216731766426618 0.010869565217391304 0.011141304347826087
0 0.5386287674618344 0.6312876323486445 0.00991308811849455 0.012163694020660549
0 0.5355064625330219 0.7184219871185853 0.009646739130434782 0.009510869565217392
0 0.8533076096950813 0.25357795671559896 0.013188767671751245 0.015637906721521145
0 0.5255247594123756 0.6131893955175256 0.00923913043478261 0.009375
0 0.6031014503858391 0.8611898790481531 0.008695652173913044 0.008831521739130434
0 0.37762590690757825 0.6372784489100823 0.009918478260869565 0.011005434782608695
0 0.49556552028194095 0.6767811920598348 0.008559782608695651 0.008288043478260869
0 0.6936715887338536 0.38391515090384315 0.009382064884248344 0.010062414527037423
0 0.5896503634293174 0.9614616181785882 0.00842391304347826 0.008831521739130434
0 0.5611177547336653 0.9721953138307617 0.009510869565217392 0.01046195652173913
0 0.9196893121494415 0.46566873467975645 0.010326086956521738 0.01046195652173913
0 0.5704248199510566 0.9579290094829358 0.009103260869565217 0.009646739130434782
0 0.6472590590814913 0.8520186833959796 0.008152173913043478 0.008695652173913044
0 0.5298435028904899 0.6546850106272789 0.01272299375841599 0.012762798404018722
0 0.5731517519439033 0.6662416207143464 0.009103260869565217 0.00923913043478261
0 0.9297133044589257 0.786527818824538 0.012364130434782607 0.013043478260869566
0 0.8234530818741085 0.9752219510749255 0.009646739130434782 0.009646739130434782
0 0.6264769030067703 0.9181911950073232 0.010609600894037865 0.010877631918342895
0 0.5419358941948379 0.6467147411950599 0.012722993758416023 0.012583129104798299
0 0.6353025373423611 0.8620050964394577 0.00923913043478261 0.009646739130434782
0 0.5776939625330217 0.6508851331644007 0.010869565217391304 0.010597826086956521
0 0.5270144938640999 0.8736219442655445 0.00923913043478261 0.009782608695652175
0 0.508943962533022 0.5966052418600529 0.011684782608695652 0.012635869565217393
0 0.6607196867265123 0.5690285601414932 0.00842391304347826 0.008559782608695651
0 0.5465868969824874 0.6638639033230416 0.011141304347826087 0.010733695652173914
0 0.5600988538373695 0.6285104546375342 0.011005434782608821 0.011228903815832367
0 0.3679838776999756 0.6357838836926911 0.01046195652173913 0.01154891304347826
0 0.6020252120333073 0.5898926051033133 0.00815452887445955 0.009789062056412742
0 0.578169385168448 0.907453466004675 0.007744565217391305 0.008152173913043478
0 0.8544678657811824 0.969136882913192 0.010932388707591403 0.00850165806259681
0 0.40737898672877115 0.6546002051351095 0.010733695652173914 0.010869565217391304
0 0.5920282016634569 0.6775835027296182 0.009646739130434782 0.010190217391304348
0 0.5610498199510566 0.9169643355698922 0.008831521739130434 0.00923913043478261
0 0.5719195060112827 0.6826786114252704 0.01154891304347826 0.01141304347826087
0 0.5373841948044038 0.5965980129873659 0.009510869565217392 0.009918478260869565
0 0.6119329721249696 0.9354425964394578 0.010597826086956521 0.010326086956521738
0 0.5912926938618414 0.5909043668115881 0.010883694985887498 0.01237542381611373
0 0.9017806462375205 0.8780246870160207 0.008831521739130434 0.00923913043478261
0 0.5889711364460652 0.6618226331644007 0.010326086956521738 0.010190217391304348
0 0.6713795601925372 0.5645432511491288 0.010740760536422254 0.010468409882499701
0 0.7427825491564006 0.3625812091544276 0.007608695652173912 0.007880434782608695
0 0.45289776688084793 0.6619585027296181 0.011820652173913043 0.013179347826086955
0 0.5740932982119262 0.8787170529611964 0.011820652173913043 0.012364130434782607
0 0.6550763898471585 0.4252122386990744 0.009927898106533868 0.011969428460651693
0 0.5490932982119262 0.8683230312220666 0.011820652173913043 0.013043478260869566
0 0.7414167886199781 0.4701106766426619 0.011141304347826087 0.01154891304347826
0 0.6545960156032306 0.8075844955493214 0.010869565217391304 0.011141304347826087
0 0.535778080820622 0.8853746616568489 0.010190217391304348 0.010190217391304348
0 0.5903297112554045 0.9824534660046751 0.008967391304347826 0.009510869565217392
0 0.8932844311096734 0.8453715923070857 0.012228260869565218 0.013043478260869566
0 0.6580749401276055 0.3949213923565468 0.007472826086956522 0.007336956521739131
0 0.929778807593772 0.9069482314261462 0.008638187973004365 0.01106429620166801
0 0.6805010351904521 0.3677866827912316 0.008059797488773413 0.0094034224854695
0 0.6186047105891184 0.7396529396210064 0.010597826086956521 0.011684782608695652
0 0.6231470420210714 0.5772494755072404 0.00829746332392492 0.010337380337852753
0 0.49189233209823946 0.662372564786031 0.009646739130434782 0.009918478260869565
0 0.5602346025597522 0.9022904225264143 0.009103260869565217 0.009510869565217392
0 0.5715797112554045 0.913159987743805 0.008152173913043478 0.00842391304347826
0 0.5389005065922693 0.5770792902632489 0.01072830550979911 0.011899183762912609
0 0.6052999259138132 0.6504059752497966 0.011461926761583103 0.011012663655295936
0 0.7656085152700877 0.24746866630138672 0.00842391304347826 0.009918478260869565
0 0.599365037342361 0.9173040094829358 0.008831521739130434 0.008831521739130434
0 0.875506707226478 0.8894980656592613 0.010733695652173914 0.011684782608695652
0 0.636539614040649 0.4460018955175256 0.00842391304347826 0.008152173913043478
0 0.5726666677771436 0.9351708573090229 0.009782608695652175 0.009782608695652175
0 0.8331309792602988 0.1088768697590771 0.01576086956521739 0.01589673913043478
0 0.6899948681080283 0.4517068039164659 0.009927898106533361 0.013599863243260284
0 0.43244939731563065 0.6861432853383139 0.011956521739130435 0.012635869565217393
0 0.6908124404607484 0.5707269297067104 0.010190217391304348 0.011141304347826087
0 0.6343514503858393 0.9491654225264142 0.010597826086956521 0.010597826086956521
0 0.678310085499332 0.39927083178369366 0.007744565217391305 0.00842391304347826
0 0.9321433747587301 0.8472320837671822 0.012364130434782607 0.013994565217391307
0 0.5840117764727958 0.8922360747003266 0.009918478260869565 0.009782608695652175
0 0.916309211121613 0.8916901254298385 0.008695652173913044 0.00842391304347826
0 0.9241097829418385 0.4782415094829357 0.009646739130434782 0.00923913043478261
0 0.8228705929678045 0.4662377337038034 0.011820652173913043 0.012635869565217393
0 0.6594265708955309 0.413600230893558 0.007744565217391305 0.009103260869565217
0 0.5561585156032305 0.8951572703525009 0.011005434782608695 0.010190217391304348
0 0.6338151578520528 0.5877154653794546 0.00842391304347826 0.008695652173913044
0 0.6658053755764999 0.39266502446874874 0.006657608695652174 0.007472826086956524
0 0.7363263898471584 0.3256198473947267 0.009103260869565217 0.009510869565217392
0 0.6592883463688974 0.38078611755336766 0.008288043478260869 0.009510869565217392
0 0.7753255441445468 0.2524974535546203 0.009646739130434782 0.009375
0 0.5444224037846734 0.7267715120186944 0.010326086956521738 0.009646739130434782
0 0.8728728270863856 0.2115942610634249 0.01154891304347826 0.012092391304347827
0 0.8160167788246606 0.9608877119444901 0.01154891304347826 0.011141304347826087
0 0.5233461364460653 0.6383851331644008 0.011141304347826087 0.010869565217391304
0 0.693048400883295 0.39701527056599034 0.010056702787503093 0.011553753064048685
0 0.7590118973156303 0.4987112201209227 0.01154891304347826 0.0125
0 0.5789166677771436 0.9865239062705311 0.011141304347826085 0.008684358792581913
0 0.7413488538373697 0.33900622624901994 0.009646739130434782 0.009375
0 0.8737404028786523 0.9562289057810598 0.010733695652173914 0.010869565217391304
0 0.5023589985428106 0.688255716959944 0.010190217391304348 0.010326086956521738
0 0.6452401879453517 0.563964262783427 0.010364189955094362 0.012843041846747621
0 0.673759321285067 0.5575246696783354 0.011445756334459238 0.0101328794150867
0 0.6681760280835566 0.4535976844481781 0.01142717324675744 0.010335766997662345
0 0.5936585156032305 0.9106464007872838 0.009103260869565217 0.01046195652173913
0 0.8450563427436739 0.9790262989010122 0.008288043478260869 0.008831521739130434
0 0.6676396147069349 0.42085795925135727 0.007336956521739131 0.008152173913043478
0 0.6253912448085743 0.5894186749652426 0.006793478260869565 0.006657608695652174
0 0.7099629842721523 0.37744763316440094 0.009375 0.009103260869565217
0 0.5584074283135658 0.8327203651145391 0.010597826086956521 0.011684782608695652
0 0.6124695063444254 0.574993914289537 0.007880434782608695 0.007744565217391305
0 0.6120009069075781 0.913363792091632 0.009646739130434782 0.010733695652173914
0 0.5795961364460653 0.6287383940339661 0.014130434782608694 0.014673913043478261
0 0.7595175753510083 0.2547457547414678 0.009646739130434782 0.009510869565217392
0 0.7111369270757865 0.3678401598284662 0.009820711694224797 0.010540488110738948
0 0.5212401581851958 0.5313878505557051 0.014266304347826088 0.01589673913043478
0 0.5456286242988828 0.9151300964394575 0.010869565217391304 0.010733695652173914
0 0.6983434413748778 0.3675004859154226 0.008962001161972611 0.01176331419769542
0 0.5783786176360212 0.953286508513637 0.010869565217391304 0.010733695652173914
0 0.5816536169697349 0.9320279360723086 0.010869565217391304 0.010733695652173914
0 0.6073077784171601 0.87315804315786 0.010869565217391304 0.010733695652173914
0 0.6647775313457855 0.8598247300352189 0.00923913043478261 0.009646739130434782
0 0.6522233672332157 0.8718167452585324 0.00923913043478261 0.009646739130434782
0 0.6669608642349281 0.8799931192744279 0.00923913043478261 0.009646739130434782
0 0.6226864326334273 0.9863727099735072 0.00873333155657015 0.007631282414835993
0 0.6322385140234258 0.9861001641729774 0.008187498334284555 0.008176374015895788
0 0.5817489409620041 0.9005207828066034 0.008733331556570292 0.010356740420134401
0 0.5315177095195661 0.6715339059024413 0.012364130434782607 0.012364130434782607
0 0.5271510437412809 0.5946759901530225 0.012364130434782607 0.012364130434782607
0 0.5465394006783361 0.6072356214237208 0.012364130434782607 0.012364130434782607
0 0.5555343713001342 0.6181149289985899 0.012364130434782607 0.012364130434782607
0 0.5369760417424224 0.6170247457964707 0.012364130434782607 0.012364130434782607
0 0.5664510357458468 0.6148443793922318 0.012364130434782607 0.012364130434782607
0 0.5110079105868595 0.6898096267751253 0.010869565217391304 0.011141304347826087
0 0.48699124880629135 0.6205829934405422 0.010869565217391304 0.011141304347826087
0 0.6700707780138941 0.4998650215689483 0.010190217391304348 0.011141304347826087
0 0.6848082750156064 0.49386901395729155 0.010190217391304348 0.011141304347826087
0 0.6515124484561825 0.5113119451912023 0.010190217391304348 0.011141304347826087
0 0.6651582790133231 0.5124021283933216 0.010190217391304348 0.011141304347826087
0 0.6018416252281892 0.5778131205204866 0.010190217391304348 0.011141304347826087
0 0.6160332890076158 0.5947109601533376 0.010190217391304348 0.011141304347826087
0 0.6269499534533286 0.5674563801003522 0.010190217391304348 0.011141304347826087
0 0.6291332863424711 0.6028873341692331 0.010190217391304348 0.011141304347826087
0 0.6629749461241806 0.584354219733203 0.010190217391304348 0.011141304347826087
0 0.6766207766813218 0.5908953189459196 0.010190217391304348 0.011141304347826087
0 0.6362291182321843 0.5630956472918746 0.010190217391304348 0.011141304347826087
0 0.61548745578533 0.5843542197332031 0.010190217391304348 0.011141304347826087
0 0.5787468582394332 0.671854856162056 0.008187498334284697 0.010901832021194054
0 0.7487739069814099 0.5020588224319568 0.012008330890284072 0.012537106824373296
0 0.6793499427927502 0.48351227353715714 0.010190217391304348 0.011141304347826087
0 0.6891749407938916 0.4878730063456348 0.010190217391304348 0.011141304347826087
0 0.6891749407938916 0.47261044151596293 0.010190217391304348 0.011141304347826087
0 0.674983277014465 0.46170860949476883 0.010190217391304348 0.011141304347826087
0 0.6602457800127529 0.46170860949476883 0.010190217391304348 0.011141304347826087
0 0.6564249474567531 0.46715952550536577 0.010190217391304348 0.011141304347826087
0 0.6416874504550408 0.4971395635636499 0.010190217391304348 0.011141304347826087
0 0.6509666152338965 0.4562576934841717 0.010190217391304348 0.011141304347826087
0 0.6416874504550408 0.43336384623966395 0.010190217391304348 0.011141304347826087
0 0.7617009082401508 0.2634672203584232 0.009646739130434782 0.009510869565217392
0 0.6700009268961634 0.2950825332198862 0.009646739130434782 0.009510869565217392
0 0.670546760118449 0.2874512508050503 0.009646739130434782 0.009510869565217392
0 0.678188425230448 0.2798199683902144 0.009646739130434782 0.009510869565217392
0 0.6972925880104455 0.2798199683902144 0.009646739130434782 0.009510869565217392
0 0.6929259222321601 0.26728286156584113 0.009646739130434782 0.009510869565217392
0 0.6776425920081625 0.2596515791510051 0.009646739130434782 0.009510869565217392
0 0.7005675873441592 0.2716435943743188 0.009646739130434782 0.009510869565217392
0 0.7404134125710109 0.37630118177778266 0.009646739130434782 0.009510869565217392
0 0.6854883410386086 0.35080607949508386 0.008288043478260869 0.009510869565217392
0 0.675117509815181 0.33336314826117325 0.008288043478260869 0.009510869565217392
0 0.669113344370039 0.3426297054791882 0.008288043478260869 0.009510869565217392
0 0.6712966772591815 0.35135117109614356 0.008288043478260869 0.009510869565217392
0 0.6865800074831796 0.3644333695215765 0.008288043478260869 0.009510869565217392
0 0.6854883410386082 0.3922330411756216 0.008288043478260869 0.009510869565217392
0 0.6838508413717516 0.38296648395760663 0.008288043478260869 0.009510869565217392
0 0.6843966745940371 0.3747901099417109 0.008288043478260869 0.009510869565217392
0 0.6734800101483245 0.3742450183406513 0.008288043478260869 0.009510869565217392
0 0.6712966772591815 0.3649784611226364 0.008288043478260869 0.009510869565217392
0 0.6983842544550167 0.35068187652797633 0.009646739130434782 0.009510869565217392
0 0.6907425893430177 0.33214876209194627 0.009646739130434782 0.009510869565217392
0 0.7000217541218734 0.3163411056612148 0.009646739130434782 0.009510869565217392
0 0.7060259195670155 0.3435956857142001 0.009646739130434782 0.009510869565217392
0 0.7109384185675863 0.33105857888982676 0.009646739130434782 0.009510869565217392
0 0.7202175833464424 0.3196116552675731 0.009646739130434782 0.009510869565217392
0 0.7229467494578704 0.3256076628792299 0.009646739130434782 0.009510869565217392
0 0.7229467494578704 0.332693853693006 0.009646739130434782 0.009510869565217392
0 0.6907425893430177 0.30271381563472216 0.009646739130434782 0.009510869565217392
0 0.6923800890098746 0.3114352812516775 0.009646739130434782 0.009510869565217392
0 0.7000217541218734 0.3098000064484983 0.009646739130434782 0.009510869565217392
0 0.7000217541218734 0.301078540831543 0.009646739130434782 0.009510869565217392
0 0.7071175860115868 0.29726289962412505 0.009646739130434782 0.009510869565217392
0 0.7093009189007293 0.310345098049558 0.009646739130434782 0.009510869565217392
0 0.6700009268961634 0.2950825332198862 0.009646739130434782 0.009510869565217392
0 0.6831009242310188 0.30162363243260265 0.009646739130434782 0.009510869565217392
0 0.6825550910087331 0.31198037285273716 0.009646739130434782 0.009510869565217392
0 0.6770967587858769 0.29944326602836396 0.009646739130434782 0.009510869565217392
0 0.7005675873441595 0.29017670881034885 0.009646739130434782 0.009510869565217392
0 0.6891050896761609 0.28309051799657264 0.009646739130434782 0.009510869565217392
0 0.6825550910087332 0.28799634240611 0.009646739130434782 0.009510869565217392
0 0.6925025676610095 0.3452315684653182 0.010056702787503093 0.011553753064048685
0 0.694685900550152 0.3266984540292881 0.010056702787503093 0.011553753064048685
0 0.6843150693267248 0.32778863723140744 0.010056702787503093 0.011553753064048685
0 0.6993876305039841 0.4417659133875571 0.011141304347826087 0.01154891304347826
0 0.7015709633931266 0.451032470605572 0.011141304347826087 0.01154891304347826
0 0.6699126365005594 0.4428560965896765 0.011141304347826087 0.01154891304347826
0 0.6715501361674164 0.432499356169542 0.011141304347826087 0.01154891304347826
0 0.6716341738433542 0.41441601540608825 0.010056702787503093 0.011553753064048685
0 0.6732759262298774 0.4057361282350068 0.009646739130434782 0.009510869565217392
0 0.6634509282287359 0.4041008534318277 0.009646739130434782 0.009510869565217392
0 0.6683634272293065 0.39810484582017097 0.009646739130434782 0.009510869565217392
0 0.6836467574533045 0.26837304476796053 0.009646739130434782 0.009510869565217392
0 0.7457155196156549 0.33464549344054234 0.009646739130434782 0.009375
0 0.6998233048714604 0.33873763972863286 0.007217629385595217 0.010361245309399436
0 0.6829069859989713 0.3423415511405979 0.0067665275489957 0.009460267456408168
0 0.678395967632974 0.34549497362606707 0.010375342241792086 0.010361245309399005
0 0.6957633883420623 0.35833390803119264 0.014435258771190571 0.008108800676921489
0 0.6940672098787579 0.28804589618802445 0.009646739130434782 0.009510869565217392
0 0.6098109442798103 0.6431981524258664 0.011461926761583103 0.011012663655295936
0 0.9229746107543196 0.8977265108455024 0.008638187973004365 0.01106429620166801
0 0.9307508357136938 0.8889901439796294 0.008638187973004365 0.01106429620166801
0 0.8354573412230961 0.9715654936694462 0.01154891304347826 0.011141304347826087
