1 0.06964758070736861 0.014783684584111265 0.010512842370923562 0.0085416844263754
1 0.07467215404902976 0.02839190405111033 0.010512842370923552 0.010216542206929115
1 0.06755400848167645 0.043256266853524676 0.0050695545841238365 0.010216542206929115
1 0.07603297599572971 0.05895805854621595 0.008209912922662304 0.007704255536098628
1 0.07352068932489914 0.09538621527325955 0.008209912922662304 0.007704255536098628
1 0.0669259368139688 0.08345285358681419 0.0050695545841238365 0.010216542206929115
1 0.07111308126535318 0.10711021973713568 0.008837984590369902 0.00812296998123699
1 0.125127244688211 0.05518962853997007 0.008837984590369902 0.00812296998123699
1 0.12533660191078014 0.036452157120025266 0.008837984590369899 0.010425899429498408
1 0.14376003749687122 0.030485476276802568 0.008837984590369902 0.00812296998123699
1 0.1408290363809022 0.018970829035495684 0.008837984590369902 0.00812296998123699
1 0.14815653917082464 0.011957362079426945 0.008837984590369895 0.0033077538621450087
1 0.16427704530865445 0.021692472928895524 0.008837984590369897 0.010635256652067649
1 0.16155540141525462 0.03195097683478712 0.008837984590369897 0.010635256652067649
1 0.17066244059701563 0.038650407957002066 0.007372484032385174 0.009379113316652303
1 0.14826121778210954 0.043465624076094035 0.007372484032385174 0.009379113316652303
1 0.15893843613313957 0.04849019741775523 0.007372484032385174 0.009379113316652303
1 0.17045308337444653 0.053305413536847215 0.007372484032385174 0.009379113316652303
1 0.15914779335570886 0.060632916326769794 0.007372484032385174 0.009379113316652303
1 0.14574893111127907 0.0604235591042006 0.007372484032385174 0.009379113316652303
1 0.1490986466723865 0.07675342246459946 0.007372484032385174 0.009379113316652303
1 0.15810100724286283 0.0794750663579993 0.007372484032385174 0.009379113316652303
1 0.17066244059701582 0.06921656245210771 0.007372484032385174 0.009379113316652303
1 0.144702144998433 0.09936400250207486 0.007372484032385174 0.009379113316652303
1 0.1622881516942472 0.10062014583749018 0.007372484032385174 0.009379113316652303
1 0.15286707667863247 0.11946229586871965 0.007372484032385174 0.009379113316652303
1 0.16103200835883194 0.11632193753018143 0.007372484032385174 0.009379113316652303
1 0.1761057283838155 0.10920379196282809 0.007372484032385174 0.009379113316652303
1 0.1922262345216452 0.1058540764017207 0.007372484032385174 0.009797827761790728
1 0.17589637116124643 0.08743064081562973 0.007372484032385174 0.009797827761790728
1 0.19055137674109154 0.06879784800696959 0.011559628483769338 0.00812296998123689
1 0.1980882367535833 0.045768553524355715 0.007372484032385174 0.009797827761790728
1 0.21316195677856686 0.05812062965593947 0.007372484032385174 0.009797827761790728
1 0.2261421045778583 0.040115908514986885 0.007372484032385174 0.009797827761790728
1 0.18385194561887663 0.042418837963248274 0.007372484032385174 0.009797827761790728
1 0.193901092302199 0.03174161961221825 0.007372484032385174 0.009797827761790728
1 0.2026940956501063 0.016981935421088525 0.008628627367800748 0.010425899429498387
1 0.23891289515458067 0.030171440442949143 0.008628627367800748 0.010425899429498387
1 0.2510556140635952 0.02577493876899561 0.008628627367800748 0.010425899429498387
1 0.25210240017644137 0.04022058712627152 0.008628627367800748 0.010425899429498387
1 0.25712697351810265 0.014260291527688727 0.008628627367800736 0.00623875497811404
1 0.23891289515458067 0.016353863753380878 0.008628627367800748 0.010425899429498387
1 0.18489873173172292 0.01970357931448833 0.008628627367800748 0.010425899429498387
1 0.21441810011398238 0.02912465433010307 0.008628627367800748 0.010425899429498387
1 0.2403783957125652 0.0502697338095939 0.008628627367800748 0.010425899429498387
1 0.24665911238964175 0.06408731049916218 0.008628627367800748 0.010425899429498387
1 0.2613141179694869 0.06387795327659294 0.008628627367800748 0.010425899429498387
1 0.2734568368785014 0.06304052438631609 0.008628627367800748 0.010425899429498387
1 0.27869076744273186 0.051107162699870756 0.008628627367800748 0.010425899429498387
1 0.2759691235493321 0.034149227671764246 0.008628627367800748 0.010425899429498387
1 0.2872744135680698 0.028915297107533836 0.008628627367800748 0.010425899429498387
1 0.20562509676607557 0.08041717385956101 0.008628627367800748 0.010425899429498387
1 0.22111753123619757 0.07643938663074594 0.008628627367800748 0.010425899429498387
1 0.23305089292264294 0.06911188384082338 0.008628627367800748 0.010425899429498387
1 0.23640060848375047 0.08104524552726872 0.008628627367800748 0.010425899429498387
1 0.2567082590729645 0.07748617274359203 0.008628627367800748 0.010425899429498387
1 0.26906033520454825 0.08167331719497638 0.008628627367800748 0.010425899429498387
1 0.285180841342378 0.09067567776545266 0.008628627367800748 0.010425899429498387
1 0.26173283241462586 0.09297860721371405 0.008628627367800748 0.010425899429498387
1 0.24603104072193463 0.09193182110086802 0.008628627367800748 0.010425899429498387
1 0.22739824791327443 0.09611896555225238 0.008628627367800748 0.010425899429498387
1 0.2707351929851022 0.09842189500051375 0.008628627367800748 0.010425899429498387
1 0.293764487467716 0.11391432947063576 0.008628627367800748 0.010425899429498387
1 0.2711539074302407 0.11705468780917404 0.008628627367800748 0.010425899429498387
1 0.25754568796324173 0.11977633170257386 0.008628627367800748 0.010425899429498387
1 0.25482404406984194 0.10595875501300561 0.008628627367800748 0.010425899429498387
1 0.2414251818254121 0.10533068334529799 0.008628627367800748 0.010425899429498387
1 0.23954096682228915 0.11223947169008214 0.008628627367800748 0.010425899429498387
1 0.22823567680355153 0.11433304391577435 0.008628627367800748 0.010425899429498387
1 0.2169303867848138 0.12040440337028162 0.008628627367800748 0.010425899429498387
1 0.20855609788204515 0.11014589946439005 0.008628627367800748 0.010425899429498387
1 0.19766952230844595 0.11810147392202028 0.008628627367800748 0.010425899429498387
1 0.19683209341816912 0.13736233839838818 0.008628627367800748 0.010425899429498387
1 0.18175837339318554 0.14657405619143374 0.008628627367800748 0.010425899429498387
1 0.18154901617061633 0.16395070566467873 0.008628627367800748 0.010425899429498387
1 0.19348237785706165 0.15808870343274065 0.008628627367800748 0.010425899429498387
1 0.21839588734279838 0.1448991984108801 0.008628627367800748 0.010425899429498387
1 0.23305089292264358 0.12982547838589656 0.008628627367800748 0.010425899429498387
1 0.246031040721935 0.14113076840463423 0.008628627367800748 0.010425899429498387
1 0.27366619410107157 0.13401262283728088 0.008628627367800748 0.010425899429498387
1 0.28539019856494774 0.14489919841088014 0.008628627367800748 0.010425899429498387
1 0.23660996570632042 0.149505057307403 0.008628627367800748 0.010425899429498387
1 0.26571061964344145 0.14762084230428005 0.008628627367800748 0.010425899429498387
1 0.260476689079211 0.1599729184358638 0.008628627367800748 0.010425899429498387
1 0.28434341245210165 0.16374134844210972 0.008628627367800748 0.010425899429498387
1 0.2726194079882255 0.17190628012230913 0.008628627367800748 0.010425899429498387
1 0.2437281112736737 0.15829806065531013 0.008628627367800748 0.010425899429498387
1 0.25314918628928845 0.169812707896617 0.008628627367800748 0.010425899429498387
1 0.2418438962705508 0.17148756567717074 0.008628627367800748 0.010425899429498387
1 0.22446724679730587 0.15976356121329469 0.008628627367800748 0.010425899429498387
1 0.22111753123619843 0.17337178068029377 0.008628627367800748 0.010425899429498387
1 0.20729995454663017 0.1748372812382783 0.008628627367800748 0.010425899429498387
1 0.2309573206969516 0.1848864279216007 0.008628627367800748 0.010425899429498387
1 0.1930636634119235 0.18530514236673923 0.008628627367800748 0.010425899429498387
1 0.1982975939761539 0.189911001263262 0.008628627367800748 0.010425899429498387
1 0.21316195677856825 0.19221393071152337 0.008628627367800748 0.010425899429498387
1 0.22844503402612104 0.20351922073026107 0.008628627367800748 0.010425899429498387
1 0.2441468257188123 0.19744786127575384 0.008628627367800748 0.010425899429498387
1 0.2571269735181038 0.18551449958930852 0.008628627367800748 0.010425899429498387
1 0.27052583576253364 0.1915858590438158 0.008628627367800748 0.010425899429498387
1 0.2803656252232868 0.19996014794658445 0.008628627367800748 0.010425899429498387
1 0.2860182702326556 0.18488642792160093 0.008628627367800748 0.010425899429498387
1 0.2969048458062548 0.19765721849832318 0.008628627367800748 0.010425899429498387
1 0.1882484472928317 0.20163500572713824 0.008628627367800748 0.010425899429498387
1 0.19013266229595466 0.21524322519413736 0.008628627367800748 0.010425899429498387
1 0.20311281009524607 0.20854379407192244 0.008628627367800748 0.010425899429498387
1 0.20709059732406115 0.21963972686809097 0.008628627367800748 0.010425899429498387
1 0.1930636634119237 0.22550172910002902 0.008628627367800748 0.010425899429498387
1 0.21148709899801477 0.22885144466113647 0.008628627367800748 0.010425899429498387
1 0.21713974400738362 0.21356836741358376 0.008628627367800748 0.010425899429498387
1 0.22614210457785994 0.22717658688058281 0.008628627367800748 0.010425899429498387
1 0.24079711015770505 0.2169180829746913 0.008628627367800748 0.010425899429498387
1 0.25942990296636526 0.2089625085170611 0.008628627367800748 0.010425899429498387
1 0.26801354909170316 0.21691808297469134 0.008628627367800748 0.010425899429498387
1 0.2749223374364873 0.22612980076773684 0.008628627367800748 0.010425899429498387
1 0.28371534078439437 0.22047715575836802 0.008628627367800748 0.010425899429498387
1 0.2893679857937632 0.2095905801847688 0.008628627367800748 0.010425899429498387
1 0.30151070470277774 0.21356836741358393 0.008628627367800748 0.010425899429498387
1 0.2952299880257013 0.2238268713194755 0.008628627367800748 0.010425899429498387
1 0.3050697774864544 0.23408537522536715 0.008628627367800748 0.010425899429498387
1 0.2885305569034863 0.2359695902284901 0.008628627367800748 0.010425899429498387
1 0.25168368573130434 0.22927015910627518 0.008628627367800748 0.010425899429498387
1 0.22007074512335267 0.2399473774573052 0.008628627367800748 0.010425899429498387
1 0.19787887953101577 0.23722573356390542 0.008628627367800748 0.010425899429498387
1 0.18992330507338562 0.24727488024722782 0.008628627367800748 0.010425899429498387
1 0.1758963711612481 0.2504152385857661 0.008628627367800748 0.010425899429498387
1 0.20646252565635367 0.2560678835951349 0.008628627367800748 0.010425899429498387
1 0.1911794484088009 0.26172052860450373 0.008628627367800748 0.010425899429498387
1 0.2422626107156896 0.2468561658020894 0.008628627367800748 0.010425899429498387
1 0.25126497128616593 0.2525088108114583 0.008628627367800748 0.010425899429498387
1 0.26906033520454925 0.24287837857327438 0.008628627367800748 0.010425899429498387
1 0.27910948188787166 0.25167138192118155 0.008628627367800748 0.010425899429498387
1 0.29690484580625504 0.25481174025971975 0.008628627367800748 0.010425899429498387
1 0.2650825479757343 0.2600456708239502 0.008628627367800748 0.010425899429498387
1 0.31784056806317673 0.26318602916248846 0.008628627367800748 0.010425899429498387
1 0.3243306419628225 0.25146202469861345 0.00862862736780073 0.006238754978115748
1 0.3230744986274072 0.24413452190869095 0.00862862736780073 0.006238754978115748
1 0.32600549974337634 0.23827251967675292 0.00862862736780073 0.006238754978115748
1 0.29208962968716323 0.27260710417810313 0.008628627367800748 0.010425899429498387
1 0.2979516319191013 0.28705275253537915 0.008628627367800748 0.010425899429498387
1 0.26801354909170355 0.2799346069680259 0.008628627367800748 0.010425899429498387
1 0.251055614063597 0.2705135319524112 0.008628627367800748 0.010425899429498387
1 0.23912225237715176 0.271350960842688 0.008628627367800748 0.010425899429498387
1 0.2250953184650143 0.2665357447235961 0.008628627367800748 0.010425899429498387
1 0.19976309453413912 0.2715603180652574 0.008628627367800748 0.010425899429498387
1 0.1848987317317248 0.27825974918747226 0.008628627367800748 0.010425899429498387
1 0.16982501170674127 0.2765848914069185 0.008628627367800748 0.010425899429498387
1 0.1555887205720346 0.28705275253537943 0.008628627367800748 0.010425899429498387
1 0.1758963711612486 0.28935568198364087 0.008628627367800748 0.010425899429498387
1 0.17673380005152547 0.30798847479230107 0.008628627367800748 0.010425899429498387
1 0.19515723563761653 0.2904024680964871 0.008628627367800748 0.010425899429498387
1 0.20625316843378505 0.2885182530933642 0.008628627367800748 0.010425899429498387
1 0.21797717289766122 0.29082118254162576 0.008628627367800748 0.010425899429498387
1 0.2382848234868752 0.2901931108739181 0.008628627367800748 0.010425899429498387
1 0.2562895446278279 0.28537789475482617 0.008628627367800748 0.010425899429498387
1 0.2682229063142732 0.29856739977668684 0.008628627367800748 0.010425899429498387
1 0.28811184245834887 0.2989861142218254 0.008628627367800748 0.010425899429498387
1 0.3211902836242843 0.2914492542093343 0.00862862736780073 0.008332327203806878
1 0.3207715691791469 0.29762529227512624 0.008628627367800741 0.00602939775554577
1 0.27460830160263494 0.3110241545195567 0.010094127925784952 0.006866826645823311
1 0.23587721542733 0.30432472339734173 0.010094127925784952 0.006866826645823311
1 0.21703506539610057 0.3053715095101879 0.010094127925784952 0.006866826645823311
1 0.19923970147771722 0.30306858006192655 0.010094127925784952 0.006866826645823311
1 0.20468298926451717 0.31437387008066525 0.008000555700092359 0.00854168442637873
1 0.1897139478508186 0.3206545867577421 0.010303485148353463 0.009797827761794277
1 0.1632302591958124 0.32212008731572633 0.008000555700092359 0.00854168442637873
1 0.15422789862533612 0.3173048711966344 0.008000555700092359 0.00854168442637873
1 0.2009145592582713 0.3271446606573876 0.008000555700092359 0.00854168442637873
1 0.21284792094471666 0.33300666288932573 0.008000555700092359 0.00854168442637873
1 0.21347599261242434 0.3191890861997575 0.008000555700092359 0.00854168442637873
1 0.22645614041171577 0.3237949450962803 0.008000555700092359 0.00854168442637873
1 0.19337769924577963 0.34305580957264814 0.008000555700092359 0.00854168442637873
1 0.206357847045071 0.3461961679111864 0.008000555700092359 0.00854168442637873
1 0.20363620315167122 0.35980438737818543 0.008000555700092359 0.00854168442637873
1 0.2138947070575629 0.37173774906463075 0.008000555700092359 0.00854168442637873
1 0.23420235764677685 0.3893237557604449 0.008000555700092359 0.00854168442637873
1 0.23545850098219215 0.36608510405526196 0.008000555700092359 0.00854168442637873
1 0.2241532109634545 0.3644102462747082 0.008000555700092359 0.00854168442637873
1 0.22959649875025412 0.35457045681395505 0.008000555700092359 0.00854168442637873
1 0.22373449651831614 0.3388686651212638 0.008000555700092359 0.00854168442637873
1 0.24069243154642264 0.34096223734695597 0.008000555700092359 0.00854168442637873
1 0.24529829044294543 0.3263072317671108 0.008000555700092359 0.00854168442637873
1 0.25702229490682155 0.3340534490021718 0.008000555700092359 0.00854168442637873
1 0.265187226587021 0.32379494509628026 0.008000555700092359 0.00854168442637873
1 0.2907288077404652 0.3290288756605107 0.008000555700092359 0.00854168442637873
1 0.32066689056786324 0.3403341656792484 0.008000555700092359 0.00854168442637873
1 0.3018247405366339 0.3493365262497247 0.008000555700092359 0.00854168442637873
1 0.2704211571512515 0.3489178118045862 0.008000555700092359 0.00854168442637873
1 0.27670187382832795 0.35771081515249326 0.008000555700092359 0.00854168442637873
1 0.2653965838095903 0.3719471062871999 0.008000555700092359 0.00854168442637873
1 0.25890650990994474 0.36357281738443126 0.008000555700092359 0.00854168442637873
1 0.24948543489433003 0.3696441768389386 0.008000555700092359 0.00854168442637873
1 0.2771205882734666 0.3365657356730024 0.008000555700092359 0.00854168442637873
1 0.27858608883145114 0.3296569473282183 0.008000555700092359 0.00854168442637873
1 0.2860320878093474 0.4464479207245685 0.008000555700092359 0.00854168442637873
1 0.2941130672432966 0.45898737157035163 0.008000555700092359 0.00854168442637873
1 0.06884358616553882 0.18712726201764923 0.008628627367800748 0.010425899429498387
1 0.8149774790932056 0.20830863973021185 0.011768985706338242 0.011682042764917406
1 0.8095341913064061 0.19805013582432024 0.011768985706338242 0.011682042764917406
1 0.7572069330739727 0.029220680017790438 0.011768985706338242 0.011682042764917406
