0 0.326087 0.591033 0.013587 0.013587
0 0.339674 0.595109 0.008152 0.013587
0 0.352582 0.591712 0.012228 0.009511
0 0.351902 0.581522 0.008152 0.013587
0 0.372283 0.5740490000000001 0.013587 0.012228
0 0.6249999999999999 0.37567900000000004 0.019022 0.014946
0 0.683424 0.338315 0.013587 0.019022
0 0.692255 0.353261 0.017663 0.013587
0 0.6990490000000001 0.24660299999999996 0.012228 0.014946
0 0.700408 0.418478 0.014946 0.01087
0 0.7058420000000001 0.33152199999999993 0.012228 0.013587
0 0.715353 0.409647 0.012228 0.014946
0 0.720788 0.294837 0.012228 0.013587
0 0.7255429999999999 0.5088320000000001 0.01087 0.012228
0 0.72894 0.257473 0.012228 0.014946
0 0.7302990000000001 0.298913 0.012228 0.013587
0 0.731658 0.467391 0.009511 0.01087
0 0.732337 0.5169840000000001 0.01087 0.012228
0 0.7588320000000001 0.817935 0.014946 0.019022
0 0.769701 0.383152 0.012228 0.013587
0 0.773098 0.398098 0.016304 0.01087
0 0.7717389999999998 0.8165759999999999 0.01087 0.019022
0 0.778533 0.324728 0.01087 0.013587
0 0.789402 0.48981 0.008152 0.012228
0 0.7927990000000001 0.326087 0.012228 0.013587
0 0.796875 0.490489 0.009511 0.01087
0 0.8267660000000001 0.752717 0.012228 0.01087
0 0.830163 0.7642659999999999 0.01087 0.009511
0 0.8369569999999998 0.6392659999999999 0.01087 0.009511
0 0.839674 0.658967 0.01087 0.013587
0 0.841033 0.628397 0.01087 0.009511
0 0.841033 0.671196 0.008152 0.01087
0 0.844429 0.612092 0.009511 0.009511
0 0.846467 0.617527 0.01087 0.009511
0 0.848505 0.6813859999999999 0.012228 0.009511
0 0.848505 0.669837 0.009511 0.01087
0 0.848505 0.63519 0.009511 0.006793
0 0.849185 0.6596470000000001 0.01087 0.012228
0 0.8512230000000001 0.566576 0.012228 0.013587
0 0.85394 0.673913 0.009511 0.01087
0 0.856658 0.6324729999999998 0.009511 0.009511
0 0.8607340000000001 0.661005 0.012228 0.009511
0 0.8607339999999999 0.6046200000000002 0.009511 0.01087
0 0.862092 0.625679 0.009511 0.009511
0 0.8960600000000001 0.555027 0.012228 0.009511
0 0.9048909999999999 0.5597830000000001 0.01087 0.01087
0 0.922554 0.5081520000000002 0.01087 0.01087
0 0.923913 0.519022 0.01087 0.008152
0 0.17119600000000001 0.570652 0.016304 0.013587
0 0.173234 0.5862770000000002 0.017663 0.012228
0 0.267663 0.16168500000000002 0.013587 0.016304
0 0.313179 0.356658 0.012228 0.014946
0 0.319293 0.182745 0.016304 0.012228
0 0.330842 0.21942899999999999 0.012228 0.014946
0 0.33695699999999995 0.160326 0.016304 0.013587
0 0.34375 0.200408 0.008152 0.012228
0 0.34986399999999995 0.193614 0.006793 0.012228
0 0.357337 0.174592 0.013587 0.014946
0 0.363451 0.49524499999999994 0.012228 0.02038
0 0.373641 0.46399500000000005 0.013587 0.014946
0 0.400815 0.13587 0.013587 0.013587
0 0.414402 0.125 0.008152 0.016304
0 0.590353 0.08695700000000002 0.012228 0.016304
0 0.6012229999999998 0.07676599999999999 0.009511 0.017663
0 0.6080159999999999 0.061140999999999994 0.009511 0.016304
0 0.6161679999999999 0.061140999999999994 0.009511 0.016304
