0 0.8094412347544797 0.0613551606302676 0.013828941013502039 0.012790420781011167
0 0.8539262232573135 0.12772017458210821 0.011875691621199898 0.011186008868010147
0 0.8523048525271208 0.11601020978844684 0.012104822241741676 0.011850398519764776
0 0.8510122713835344 0.03696932352107504 0.013983187468155571 0.012600346751835034
0 0.8651251585587211 0.022791370101596996 0.01449186905570652 0.014063731483791187
0 0.8334118179653003 0.10120020223700482 0.014578653418499489 0.01441583426102348
0 0.8106241226196289 0.03529784601667653 0.013881932134213655 0.013947593129199486
0 0.7913436060366423 0.037872635799905525 0.014754834382430367 0.013096177059671154
0 0.758116162341574 0.024320191663244495 0.011753455452297046 0.011150725509809412
0 0.7842205089071522 0.01878571575102599 0.013682780058487602 0.011901921552160511
0 0.8869404170824133 0.09831024252850076 0.013860536658245583 0.01553599730781887
0 0.8523026963938837 0.07791749031647394 0.015100769374681555 0.013430351796357529
0 0.8744724937107251 0.10941632934238602 0.013716075731360394 0.012225233990213146
0 0.7667399904002314 0.037497003441271576 0.012198862822159477 0.0110928053441255
0 0.8377102768939473 0.02592518018639606 0.012315874514372452 0.01175181243730628
0 0.6209821286408798 0.027636399735575138 0.012064228887143343 0.010913701161094334
0 0.8379379355389139 0.05799303365790326 0.01407946711001189 0.012900476870329483
0 0.7487797944442085 0.01592412785343502 0.010432533595872961 0.009893112856408825
0 0.8271101661350417 0.016317205584567528 0.01133628513502038 0.010588832523511804
0 0.9169828373452893 0.1159331228422082 0.012000332707944124 0.011194923649663511
0 0.9207738586094067 0.1036029691281526 0.01291668933370839 0.014035432235054348
0 0.6303207355996837 0.015517739174158678 0.011076844256857166 0.010470425953035769
0 0.7628700836845066 0.06729985579200413 0.013534380042034645 0.011848175007364025
0 0.7827189072318699 0.0741661890693333 0.012477460114852242 0.011723373247229534
0 0.6586763651474662 0.018949796324190887 0.009395620097284731 0.008461739705956501
0 0.6970257344453232 0.053533973901168166 0.008669687354046366 0.009089749792347784
0 0.6091251995252527 0.022028652222260185 0.011219563691512398 0.012344005315200142
0 0.6448368384168933 0.0374024986316216 0.009395620097284731 0.008461739705956501
0 0.6431068975755716 0.02298632495394134 0.009395620097284731 0.008461739705956501
0 0.7405602316366899 0.05066537841508743 0.009395620097284731 0.008461739705956501
0 0.7457500541606548 0.07661449103491186 0.009395620097284731 0.008461739705956501
0 0.7117278842813295 0.055855200939052274 0.009395620097284731 0.008461739705956501
0 0.7025015331276141 0.059891729568802746 0.009395620097284731 0.008461739705956501
