1 0.10462000000000002 0.143342 0.01087 0.009511
1 0.111413 0.16712 0.013587 0.01087
1 0.11413000000000001 0.11413000000000001 0.01087 0.008152
1 0.11481 0.123641 0.009511 0.008152
1 0.115489 0.153533 0.01087 0.008152
1 0.118207 0.13587 0.01087 0.008152
1 0.12092400000000002 0.08288000000000001 0.01087 0.008152
1 0.122962 0.184103 0.012228 0.009511
1 0.122283 0.071332 0.008152 0.009511
1 0.124321 0.033967 0.009511 0.01087
1 0.125 0.100543 0.008152 0.008152
1 0.125679 0.199728 0.009511 0.01087
1 0.127038 0.17391300000000004 0.009511 0.01087
1 0.127038 0.11277200000000001 0.009511 0.008152
1 0.127717 0.144022 0.008152 0.008152
1 0.127717 0.059783 0.008152 0.01087
1 0.131114 0.09035300000000002 0.009511 0.009511
1 0.13315199999999996 0.129755 0.013587 0.009511
1 0.131793 0.021739 0.008152 0.01087
1 0.132473 0.04823399999999999 0.009511 0.012228
1 0.13315200000000002 0.16304300000000002 0.008152 0.01087
1 0.133152 0.19768999999999998 0.005435 0.012228
1 0.13587 0.184103 0.008152 0.009511
1 0.137228 0.071332 0.008152 0.009511
1 0.137908 0.030571 0.009511 0.006793
1 0.139266 0.08152200000000001 0.012228 0.008152
1 0.137908 0.108016 0.006793 0.009511
1 0.144022 0.147418 0.01087 0.009511
1 0.144701 0.129755 0.012228 0.012228
1 0.144022 0.061140999999999994 0.008152 0.01087
1 0.144701 0.16304299999999997 0.009511 0.008152
1 0.14538 0.199728 0.01087 0.01087
1 0.14538 0.09646700000000001 0.008152 0.008152
1 0.14538 0.021739 0.008152 0.008152
1 0.147418 0.186141 0.009511 0.01087
1 0.147418 0.04008199999999999 0.009511 0.009511
1 0.151495 0.014266 0.009511 0.004076
1 0.153533 0.11481 0.008152 0.009511
1 0.154212 0.04959199999999999 0.009511 0.009511
1 0.15557100000000001 0.07269 0.009511 0.009511
1 0.15557100000000001 0.091033 0.006793 0.01087
1 0.15625 0.034647000000000004 0.008152 0.009511
1 0.156929 0.17119600000000001 0.006793 0.01087
1 0.160326 0.14606 0.008152 0.009511
1 0.161005 0.199728 0.009511 0.01087
1 0.161005 0.021739 0.009511 0.008152
1 0.16440199999999996 0.186821 0.008152 0.012228
1 0.16440199999999996 0.101902 0.008152 0.01087
1 0.165761 0.128397 0.01087 0.009511
1 0.16576099999999996 0.084239 0.008152 0.01087
1 0.16576099999999996 0.04823399999999999 0.008152 0.009511
1 0.16779899999999998 0.059103 0.012228 0.009511
1 0.169158 0.014266 0.012228 0.004076
1 0.169158 0.072011 0.006793 0.01087
1 0.169837 0.158967 0.008152 0.01087
1 0.171196 0.038042999999999993 0.008152 0.008152
1 0.171875 0.19701099999999996 0.009511 0.008152
1 0.17391300000000004 0.027174 0.01087 0.008152
1 0.175951 0.106658 0.012228 0.009511
1 0.175272 0.148098 0.008152 0.008152
1 0.175951 0.11820700000000002 0.009511 0.008152
1 0.175951 0.084239 0.009511 0.01087
1 0.175951 0.048913000000000005 0.006793 0.013587
1 0.17663 0.09375 0.008152 0.008152
1 0.17730999999999997 0.18070700000000003 0.009511 0.01087
1 0.17866799999999997 0.134511 0.012228 0.008152
1 0.18070700000000003 0.070652 0.01087 0.008152
1 0.183424 0.055707000000000007 0.01087 0.008152
1 0.18342399999999998 0.16440200000000002 0.008152 0.01087
1 0.186141 0.127038 0.008152 0.012228
1 0.186141 0.046196 0.008152 0.01087
1 0.188179 0.027853000000000003 0.006793 0.009511
1 0.189538 0.14877699999999996 0.009511 0.012228
1 0.190897 0.091712 0.012228 0.009511
1 0.189538 0.10462000000000002 0.006793 0.008152
1 0.19293499999999997 0.0625 0.008152 0.008152
1 0.19429299999999997 0.077446 0.008152 0.01087
1 0.197011 0.115489 0.01087 0.008152
1 0.199728 0.04483700000000001 0.01087 0.008152
1 0.20040799999999998 0.10529900000000002 0.009511 0.009511
1 0.200408 0.033967 0.006793 0.008152
1 0.203125 0.052309999999999995 0.012228 0.006793
1 0.201766 0.122962 0.006793 0.009511
1 0.203804 0.09035300000000002 0.005435 0.012228
1 0.207201 0.014946 0.012228 0.005435
1 0.205842 0.027853000000000003 0.006793 0.009511
1 0.206522 0.07269 0.008152 0.009511
1 0.21263599999999996 0.046875 0.009511 0.006793
1 0.21467399999999998 0.032609 0.008152 0.008152
1 0.216712 0.061821 0.006793 0.009511
1 0.21875000000000003 0.07337000000000002 0.01087 0.008152
1 0.223505 0.029212000000000002 0.006793 0.009511
1 0.224864 0.04076099999999999 0.009511 0.008152
1 0.22690199999999996 0.053667999999999993 0.005435 0.009511
1 0.22826099999999996 0.065897 0.008152 0.012228
1 0.233016 0.02038 0.009511 0.008152
1 0.24116799999999997 0.030571 0.009511 0.006793
1 0.25611399999999995 0.014946 0.009511 0.005435
