1 0.8865588714731757 0.5796109895480206 0.010869565217391304 0.010054347826086957
1 0.8673333279949147 0.5804262069393248 0.010190217391304348 0.010869565217391304
1 0.8847925671253495 0.6140539243306291 0.011684782608695652 0.01154891304347826
1 0.8687599584296973 0.599991424330629 0.011956521739130435 0.0125
1 0.9195055813001096 0.556203447720072 0.009915158784304228 0.010521872865843076
1 0.8984474584296973 0.5980892504175856 0.012092391304347827 0.010869565217391304
1 0.9087056106036104 0.5869479460697595 0.008967391304347826 0.00842391304347826
1 0.91081158886448 0.6240403373741075 0.010190217391304348 0.010326086956521738
1 0.8733795236470887 0.5669071852001945 0.010597826086956521 0.009646739130434782
1 0.9197110453862192 0.4820566417219335 0.008695652173913044 0.00923913043478261
1 0.9192355019079582 0.608755011287151 0.009375 0.008831521739130434
1 0.9064637627775234 0.4836870765045422 0.009375 0.010054347826086957
1 0.9076865888644801 0.5479533808523683 0.007744565217391305 0.007880434782608695
1 0.9055126758210018 0.4563093591132379 0.009918478260869565 0.010190217391304348
1 0.9172653932123059 0.45427131563497675 0.010054347826086957 0.011820652173913043
1 0.9287463714731757 0.4673827286784551 0.01154891304347826 0.011684782608695652
1 0.9060892916040332 0.5600430993438806 0.008354318522587653 0.009505523939547839
1 0.8846566975601321 0.5954397938958464 0.010326086956521738 0.01154891304347826
1 0.9270480019079581 0.5353854460697592 0.010054347826086957 0.01046195652173913
1 0.8949827845166538 0.5624914243306293 0.00923913043478261 0.010869565217391304
1 0.9271838714731757 0.5777088156349769 0.00842391304347826 0.00842391304347826
1 0.917965459145181 0.5222617267530898 0.012813175344013281 0.013290604844923998
1 0.9020480019079585 0.6167033808523683 0.01141304347826087 0.011956521739130435
1 0.9271838714731744 0.5895417740820804 0.009510869565217383 0.010894177763773095
1 0.9162463714731756 0.5393935982436726 0.010190217391304348 0.010597826086956521
1 0.9162463714731756 0.5756707721567164 0.009918478260869565 0.010597826086956521
1 0.9297007779062619 0.502233272156715 0.011555551996611468 0.013994565217391312
1 0.8666539801688277 0.557396315634977 0.008831521739130434 0.009375
1 0.9153632192992626 0.5981571852001943 0.010597826086956521 0.009103260869565217
1 0.9008931106036105 0.5764859895480204 0.010190217391304348 0.009782608695652175
1 0.9150914801688278 0.4686055547654116 0.010326086956521738 0.009782608695652175
1 0.9248784958059173 0.622023218733171 0.009320285880159105 0.009679927346187042
1 0.9306570730516159 0.5639436546560489 0.0074562287041273125 0.008935317550326402
1 0.9323347245100443 0.5201978291492417 0.007829040139334284 0.011541451835838205
1 0.9310298844868222 0.4829673393562153 0.008947474444952802 0.012286061631699
1 0.9308434787692192 0.4529967950728286 0.008574663009746502 0.01712602530479238
1 0.9274881758523619 0.42954158650322155 0.012302777361810228 0.012658366529629176
1 0.9243192786531078 0.41353247589222003 0.01714932601949272 0.009679927346187042
1 0.9323347245100447 0.4066448352805101 0.0055921715280955195 0.008563012652396153
1 0.9297250444636 0.35731443630474935 0.011557154491397341 0.013402976325489676
1 0.9202183528658376 0.3852373036495196 0.011184343056191039 0.011913756733768608
1 0.9302842616164095 0.34140359140205717 0.008201851574540057 0.0096799273461869
1 0.9323347245100444 0.3736079650730255 0.00708341726892101 0.013030671427559426
