1 0.0695723249245924 0.9062754489789403 0.01077627099048913 0.01184446915353261
1 0.08014152419429348 0.5901432766460598 0.010585121486413043 0.01130128943342391
1 0.09220642686480979 0.580753150646739 0.009530647941576088 0.010403342869565218
1 0.15441337938858696 0.22028194338247278 0.010055313940217392 0.010261121004076086
1 0.17774481960917016 0.5910383729656228 0.009396812587905434 0.010596338322549881
1 0.17631809662160328 0.6104287586480979 0.009126911993206522 0.008979963220108696
1 0.10207935059782608 0.5685490218525815 0.00868737179347826 0.009594295335597827
1 0.08047933221263587 0.9094363403383151 0.011169226273097825 0.01216357687228261
1 0.08259738766119931 0.7789653458500579 0.008164260698369565 0.008283863896739132
1 0.1974396607513587 0.16685472405230978 0.009155688078804349 0.009309436963315217
1 0.08796830857201086 0.6242822050638587 0.00959651366576087 0.009881807410326087
1 0.14555779799660326 0.22171790739402172 0.010258861210597827 0.010805130005434782
1 0.24352170129211956 0.17560111477241847 0.008763354758152174 0.008995626283967391
1 0.12335649838722823 0.5904347693254076 0.009187864220108696 0.009567592455163042
1 0.17927906884850536 0.4473703948165761 0.009671377099184782 0.009868870611413044
1 0.08291895550611414 0.8480427684123641 0.010557195414402174 0.01014941671603261
1 0.07051243011005433 0.6103978679191576 0.01002925375271739 0.010897346164402175
1 0.17565573908450868 0.48326432349265636 0.00886191492527174 0.009186620297554347
1 0.11274735881929349 0.5810140427099184 0.00984948614402174 0.010354083517663043
1 0.15538823150883152 0.1886547652941576 0.009324239648097827 0.009931481403532609
1 0.16497533280978263 0.6243222178009511 0.009743441706521739 0.010287409243206522
1 0.28640142794225537 0.026531406489809787 0.009573687677989131 0.009958692218749999
1 0.09279543478464675 0.7833325659796195 0.010082307069293478 0.009607397991847826
1 0.14432261356861414 0.4391914350896739 0.010928236919836957 0.01088100930978261
1 0.1556901419572011 0.9146271481256796 0.008706175762228261 0.009479356849184783
1 0.07628700065692934 0.7983067454952447 0.009182038514945652 0.00964289126222826
1 0.18936324180163042 0.10218579913994566 0.010655693385869566 0.010887809421195653
1 0.14620711547894022 0.48259597283491845 0.008769802425271738 0.009085364963315218
1 0.15585024516304347 0.439635971747962 0.01024088652173913 0.010324229365489131
1 0.11165078884578807 0.6671772318552989 0.009409489838315218 0.009399745775815217
1 0.14524577036616848 0.5369170959483696 0.009453027145380434 0.009567094885869565
1 0.11344352033423911 0.6553497628940217 0.00914223297826087 0.010166582853260869
1 0.2186417482105978 0.12425193620448369 0.0095593825625 0.009618157925271738
1 0.13416643828600544 0.5553195688675271 0.009473261626358696 0.009809908658967392
1 0.22223477837160327 0.20838690876426633 0.009738175764945652 0.009429019430706523
1 0.16687755020312495 0.9708345562221469 0.010463134101902173 0.011198292607336957
1 0.21066123560801625 0.08868860203668476 0.01075425355298913 0.010601831519021738
1 0.1594855705157117 0.5013636137510246 0.007505499798913043 0.008011610611413044
1 0.23301604571399456 0.06650525632201088 0.009272368058423913 0.009615721910326088
1 0.14458354718953803 0.714298818798913 0.012225462042119564 0.012510548467391304
1 0.1029894046841033 0.655074607212636 0.009117520373641304 0.009833128555706522
1 0.07046186981657608 0.6259002585394022 0.009946242622282608 0.00992501300271739
1 0.17723060323810585 0.3068933756230266 0.008719236953804348 0.00858265420652174
1 0.21171548115760863 0.15674059332812504 0.010010387586956522 0.010160093721467391
1 0.179405306234375 0.6254521561304348 0.00941881926222826 0.010295950847826087
1 0.178383222353595 0.3193794863836913 0.00855868795652174 0.00880855062771739
1 0.16437298369972825 0.1880220022927989 0.008827644845108696 0.009221615998641304
1 0.14695386898036353 0.9824514704823373 0.010745101547683664 0.010291058084239125
1 0.09896918022622284 0.6249607649850543 0.00906276702853261 0.009865304698369565
1 0.08329026652853262 0.8767811219259508 0.0105841678125 0.01160994819972826
1 0.1660611220183424 0.058451072448369557 0.009950347569293477 0.01017303052173913
1 0.16636077275271738 0.06862376088315218 0.009738714798913042 0.00955847035326087
1 0.22121807856997283 0.11059266629687498 0.009385979694293478 0.009467228599184783
1 0.1674794845543478 0.22875828373845106 0.008587650630434783 0.008970841118206521
1 0.14553925935835046 0.29886104912988465 0.008154786150815217 0.008289876191576088
1 0.1761349912438859 0.15434912021535327 0.008545419444293479 0.00898462793070652
1 0.07698365974456522 0.7291758064694294 0.009755963864130435 0.009337549623641304
1 0.19624470691032606 0.2964303705441576 0.010079757027173912 0.010371000870923913
1 0.15552394460406946 0.3208909879484988 0.008242316868206522 0.009054474209239131
1 0.16643710942132497 0.5590983382396695 0.008136666339673913 0.008191316024456522
1 0.17676029055570652 0.0583345686861413 0.009933098502717392 0.010017187698369566
1 0.21228403688043473 0.1988681611073369 0.009422385173913044 0.009873307269021738
1 0.12278483282336955 0.6209639573967392 0.008938416190217392 0.00900533925
1 0.18666059096263588 0.03392759654347826 0.009360603664402172 0.009156776510869566
1 0.163817810578125 0.45108570259714675 0.010249946427989131 0.011173911716032608
1 0.2334625311976902 0.2209176295794837 0.010901699895380434 0.010742519213315215
1 0.25205961582336955 0.10328509538247282 0.010870726211956522 0.011289658754076086
1 0.07357118179482593 0.6657568022883776 0.008578227914402173 0.008746603260869566
1 0.16776728688519021 0.09299494950815218 0.009835906650815218 0.009857799695652173
1 0.09171839440081522 0.6357304017724185 0.009127057116847826 0.009271704631793479
1 0.1887264360611413 0.049404041041440215 0.010232635165760869 0.01024169507201087
1 0.09408848399224663 0.7544813317817244 0.008977952210597826 0.009643222974184783
1 0.13589289014388145 0.5890989618600543 0.008578528528532608 0.009122268013586956
1 0.19177220315950638 0.30853528636372063 0.009480808092391305 0.009635842364130435
1 0.09213209250434558 0.6460519697261203 0.009856701693473878 0.009019587550066826
1 0.21237167120720102 0.25298542604008145 0.010187190512228262 0.010274265123641303
1 0.14528243700882051 0.6584717471557642 0.007594046385869565 0.007701044497282609
1 0.20002042784510865 0.13202995880774457 0.010183583135869565 0.009902166283967392
1 0.19744123635258148 0.27681328987160325 0.009564441183423913 0.009725031645380435
1 0.1890194214144022 0.011889956288787452 0.008376080057065213 0.007064374993077276
1 0.1775387460441198 0.5351931200587958 0.010168548609978704 0.00911741212846164
1 0.15553419544836955 0.9248198534368207 0.01034943953804348 0.009998819101902175
1 0.12096329415353262 0.6902836409945653 0.009040500807065217 0.00922625997826087
1 0.14180376273505435 0.579713645538723 0.009111508078804348 0.009342525316576087
1 0.13044166622758152 0.4842414341888587 0.010684199955163043 0.010970820551630433
1 0.24520170230570648 0.15354411542934787 0.009719848633152174 0.009478817815217392
1 0.0717083169673913 0.8739491238559783 0.010297796 0.011238761570652173
1 0.1644858985424916 0.5927039967158926 0.009174798443678652 0.011071704301349601
1 0.09629019504551631 0.5968557341555707 0.009585048841032609 0.010023863419836956
1 0.11412907362832109 0.6979720558341634 0.008541065713315216 0.00813724683695652
1 0.1760468807315173 0.4958099767207125 0.008597622747282608 0.00870795871875
1 0.06848485272390421 0.7792610155169081 0.007988494375 0.008452042289402174
1 0.14667000694924281 0.49550538601140864 0.008052079573369566 0.008748759394021739
1 0.27499726600475544 0.02176369897146739 0.010242959726902175 0.009513223948369565
1 0.08211126593410326 0.6085608424184783 0.009796184042119566 0.010930517445652176
1 0.22942461198777175 0.16649576940081523 0.010183956312499999 0.010647027388586958
1 0.2091839941379076 0.27516641866711955 0.008983363275815217 0.009456800377717392
1 0.09967023451630434 0.7192698669157609 0.008327359739130435 0.009160580842391304
1 0.1555243178479553 0.49191978860203145 0.0075606470516304345 0.007987478505434784
1 0.16781315194232008 0.7394313481960241 0.010206151167248885 0.009679333620309467
1 0.14730587963606345 0.25653184672614715 0.008380889892663043 0.008905742479619566
1 0.18785376186956523 0.06633038147554346 0.010267050369565217 0.009731520777173912
1 0.17781897269293478 0.6648839767663044 0.009331371472826087 0.009786854619565218
1 0.08137154636820652 0.8362823054802989 0.011612705562499999 0.010390406069293479
1 0.1466331176535326 0.45956457223301633 0.008952970089673913 0.009299817292119565
1 0.18705970361616842 0.19613982321195653 0.009358779243206522 0.009225845336956522
1 0.08157459208097163 0.7042576664827358 0.008917964023097826 0.009268553360054348
1 0.1791559781189504 0.5447525625238417 0.009985085313987998 0.009951457928118728
1 0.14578236421147106 0.5936309789349119 0.008621008500000001 0.008847443953804348
1 0.0933448353112706 0.679395241882602 0.008629218391304348 0.008953260338315217
1 0.07334437794469227 0.6774820053649391 0.009359442669836958 0.00953458703125
1 0.13128231976766302 0.613882469457201 0.00916095401902174 0.009564275327445651
1 0.08874021464266306 0.7215641586073369 0.008728566377717392 0.008492013682065216
1 0.17498747734375 0.2858673908362772 0.008818844089673913 0.009224767270380435
1 0.13363222510122283 0.6306815669823369 0.009032021398097827 0.00886784429076087
1 0.15961732090013586 0.7128331458451087 0.011208803756793477 0.01160430908152174
1 0.09314424117187499 0.5683015640394021 0.009310473566576088 0.009683691937499999
1 0.08975035489307288 0.4517901638371991 0.01331004291114575 0.012096045609181401
1 0.17777421223097825 0.25603283012771727 0.009607356527173913 0.010221232538043478
1 0.15355687615828803 0.3406611633913043 0.008499643077445652 0.008537872978260868
1 0.16968206381147544 0.24085006086827115 0.008946543154891304 0.008321720620923914
1 0.07264596142404228 0.8076024992676638 0.012900810973084608 0.009586168372282607
1 0.06788263749191245 0.6361457891168476 0.006558655497153365 0.008964041005434778
1 0.06946873921466286 0.7471280113968685 0.008645648542119565 0.009401736051630435
1 0.2209823759504076 0.22799538569429348 0.010070386139945651 0.010472670845108696
1 0.11411548795407389 0.5625455237978886 0.009528657664402173 0.00978511312771739
1 0.1423265947451043 0.4694590476900771 0.009550426317934783 0.009051613186141306
1 0.18450091256249998 0.29646034901630436 0.008981290070652174 0.009363091510869564
1 0.09244762554007048 0.6662295974506018 0.008444972660326087 0.008409251336956523
1 0.14860187459510865 0.17780825924048912 0.011652946472826086 0.011897968209239131
1 0.13492861061684783 0.4563490311691576 0.009663789168478262 0.01082776940353261
1 0.17334142508763586 0.6434180532880432 0.00978344419701087 0.009125999782608696
1 0.17785621826997058 0.5663401263884468 0.008715339328804347 0.008451627648097825
1 0.1525690561392663 0.7337730143023097 0.010472422061141304 0.010292716648097828
1 0.13073967908491846 0.6560440793009511 0.008946004120923914 0.008561507514945652
1 0.09853554028531501 0.7718495717277111 0.008969120357336957 0.009405053180706521
1 0.1423411893634511 0.42698179162703803 0.011788202368206522 0.011758555536684782
1 0.07598641702241848 0.7656914155889946 0.00861688282201087 0.008962548297554346
1 0.0877705766365489 0.800348354790761 0.010236284006793477 0.010605024255434782
1 0.17476230133831522 0.1879148797785326 0.009019685828804348 0.009051447328804349
1 0.16439489751426628 0.20866395115828806 0.008923613506793479 0.009263909381793478
1 0.1251857302463227 0.6812485214002654 0.009328137273097826 0.009510537851902175
1 0.24002408008831522 0.04735521689062499 0.009662047676630436 0.009718314460597826
1 0.09200598940625002 0.7318663289911685 0.009060486502717392 0.009083623471467392
1 0.19174371655163042 0.08991703820652173 0.010544196418478263 0.010326157445652174
1 0.19961934557608696 0.21838361323573366 0.009047798489130435 0.00960258815625
1 0.23314381744361412 0.12984500802105978 0.009153449017663044 0.008898859438858694
1 0.29816744699660325 0.024807277347146738 0.010018680406250001 0.01054094148777174
1 0.17823257195991854 0.958695194361413 0.011498316474184781 0.012387483016304348
1 0.1875173843566576 0.32865075478600553 0.009966062463315217 0.010516788648097826
1 0.15533690929823368 0.2724618812255435 0.009430284085597826 0.009369725766304347
1 0.12647866224524457 0.5676151673376358 0.01019287109375 0.010209373805706521
1 0.2345223751676586 0.09168762368443742 0.008457059445652174 0.009012740591032608
1 0.10536263357540761 0.7891488183369566 0.011342048645380435 0.012240036673913044
1 0.15385051351922352 0.5611676001993594 0.010259939277173911 0.011006396750000001
1 0.23965322505842393 0.10435988634171199 0.009727851203804348 0.01090731828125
1 0.18505429237296195 0.15676279727649456 0.009329173876358695 0.010351305422554347
1 0.07208636590625 0.9234938315326086 0.011384653008152173 0.011440442956521739
1 0.16295991829483697 0.5682906175842392 0.008810126263586958 0.008462325385869565
1 0.11722636281453803 0.5523419487860052 0.009024246879076088 0.009368896485054347
1 0.1976186197717391 0.23406641426426625 0.00899547079347826 0.009477366572010868
1 0.16586487247826082 0.04469178982608696 0.010377718054347826 0.010424922342391306
1 0.14519099624864132 0.5506300619144021 0.009874198747282608 0.01002966839402174
1 0.1696258438486347 0.7519827941292055 0.008550353672554347 0.008054318635869565
1 0.18688360568817936 0.45190826744429347 0.00954147007201087 0.010157377823369567
1 0.1955427414046534 0.36855899497338723 0.007816895194293478 0.007817641548913044
1 0.23999329293342378 0.01312268788049941 0.009886866029891295 0.008998789317805534
1 0.14790638814483034 0.31189002401969 0.008264707482336956 0.008664089701086957
1 0.16473495495991852 0.13379376490590486 0.00888424334375 0.009298697762228261
1 0.14788253468682064 0.07909766529279891 0.010501488395380433 0.010846096536684785
1 0.22887475657948367 0.1814482008566576 0.011087251745923912 0.011165743289402175
1 0.1580636299402174 0.15302466346535326 0.009304875913043478 0.009795396224184783
1 0.17626106283220108 0.1055799882302989 0.010575626207880435 0.011272679205163044
1 0.26727455654454074 0.03380743876887363 0.00839905116847826 0.008223896441576088
1 0.10937569510394023 0.7178476483186141 0.010056454202445653 0.009747049082880434
1 0.14448417628021445 0.14129970506371842 0.009070893993206522 0.009436586629076088
1 0.22848495253125 0.15240143731725542 0.010086018105978261 0.009375427080163043
1 0.18662741966983695 0.20769835601358697 0.009623278741847825 0.009620915288043479
1 0.23377444489130436 0.07809506333627718 0.00900956858695652 0.008743680042119565
1 0.1867810441141305 0.22379185883763583 0.010101608608695651 0.009866133979619565
1 0.22957614774686885 0.01737871678204685 0.009090382119565216 0.009609263876358696
1 0.20070010736752716 0.02799479380910326 0.009653920713315218 0.009299485580163042
1 0.16491637114089452 0.7232374315798935 0.009865075848645714 0.010458468594569774
1 0.17683459042587543 0.507098012925401 0.007888669552989131 0.008833843728260871
1 0.08790426028920832 0.6957015706640791 0.007885621941576087 0.00823360940625
1 0.08147130899796196 0.8265924768716032 0.011615431827445653 0.011838000754076088
1 0.14361914405027174 0.36465569212296195 0.009181437285326086 0.009529279626358696
1 0.19294331437975543 0.4271920145903533 0.011328282563858694 0.01106411477853261
1 0.16615966146059782 0.760561808693614 0.009348744932065218 0.009456136952445652
1 0.0759765382058424 0.8887442614150816 0.011104480080163045 0.01151872717798913
1 0.288208060238451 0.01337218176517735 0.010225296020380437 0.007542918958775718
1 0.15853267265882712 0.5467631260811765 0.008682582688858697 0.008350372313858696
1 0.22846753754211957 0.11327555946875 0.009254372638586956 0.009137671926630436
1 0.2028427647846467 0.013953306523777178 0.010071008101902175 0.010514552177989129
1 0.163092582734375 0.2855974387995924 0.009675482044836956 0.010037629501358695
1 0.1270185351929348 0.539713891064538 0.010455172994565215 0.011202273161684784
1 0.14587633561141305 0.055193694161684785 0.01015700464673913 0.011079021122282609
1 0.21860474663409712 0.022952582940334896 0.009997741035326087 0.009133898692934782
1 0.24685058448097819 0.20730179336345106 0.011419545048913045 0.01120459515081522
1 0.21246202159375002 0.18462858037024457 0.010453431502717391 0.009674113729619566
1 0.2099523653519022 0.06055825213315218 0.009427360866847825 0.009712043016304349
1 0.1852812254327446 0.13479874481929344 0.010536110919836956 0.011260364366847827
1 0.17952128133967393 0.4344247636195652 0.01110151539673913 0.011293328326086956
1 0.22467721599332396 0.03749043050053124 0.009142917135869564 0.01004212835597826
1 0.21002413970788045 0.21745794796399454 0.009176503057065218 0.009983352993206521
1 0.1356988481198348 0.3385932403968039 0.010255327589803161 0.010329516834778198
1 0.18703903377241843 0.34207969161888585 0.009952711023097827 0.009557723998641304
1 0.09365255994497282 0.8057233462697012 0.00998992505298913 0.009728141452445653
1 0.24966792495991846 0.05748424363994566 0.009320134702445651 0.009287647578804348
1 0.14761032285597828 0.331114344457201 0.009158797885869565 0.00913213646875
1 0.1321694649375 0.19137041507269026 0.012926309005434783 0.013191347536684783
1 0.10380020407472827 0.5832152473858696 0.009495154671195652 0.010679327923913044
1 0.10864224699252717 0.7426649906440216 0.011606900588315216 0.011468306831521738
1 0.14612823001222827 0.1931647947540761 0.011201402415760871 0.011848905812500001
1 0.2012800010048142 0.040195081964525786 0.009534255317934783 0.009596467017663044
1 0.2255409183695652 0.13884180566779894 0.009571821793478262 0.009750511335597827
1 0.1012088014402173 0.4949095237978348 0.015789736874999995 0.011229470421756845
1 0.15192914063654894 0.700190575660326 0.010767231816576087 0.01092894180978261
1 0.10897156646755679 0.6337510924437667 0.0080959178922533 0.00974090322431459
1 0.06799532287676381 0.8202201862425121 0.006495145854026877 0.01220006528125
1 0.09619634913827957 0.828167532152174 0.012491802108080924 0.011627528978260864
1 0.14909003888497424 0.6654054616495856 0.007640133733695652 0.007168313730978262
1 0.28969829300454863 0.04857136675168307 0.01009534752853261 0.010135940883152174
1 0.18359856353547904 0.6371494673855684 0.010409614313858695 0.010257140449728261
1 0.1178272190923913 0.5327466352977858 0.00921460856521739 0.012902795867311509
1 0.1587896870951087 0.16800421252853262 0.009925800820652173 0.00939373348097826
1 0.2563772725733696 0.01295493758854692 0.010597892429347831 0.0074168525430148464
1 0.11625879802377717 0.7306248108614133 0.010525247324728261 0.010480797809782609
1 0.15194588183016303 0.28654709109442933 0.00911754110597826 0.009838021319293478
1 0.0676406316732337 0.9346278547065217 0.01036650201494565 0.010205144467391306
1 0.12092355081317935 0.6085097171290761 0.00973485863722826 0.010542662247282609
1 0.2454897848446988 0.0696810232869543 0.010218890613310867 0.010820057878256456
1 0.17858058070998317 0.5543937429468057 0.010564214409096573 0.009199028828394944
1 0.08496988396331523 0.8612226304442935 0.011781682138586958 0.01069126958423913
1 0.1635067102058944 0.47625338159194847 0.009851186171195653 0.010017892588315216
1 0.17417772043824395 0.5254742588569272 0.008308421010869566 0.008451959361413044
1 0.14572765695800968 0.5091004756544057 0.009234884510869566 0.009330417798913044
1 0.15205957632065217 0.45208880212432057 0.010273705358695652 0.010828349900815217
1 0.15852432385956894 0.1387269255549515 0.008577139480978262 0.00928041209375
1 0.15220489768206522 0.24513846931657604 0.00959564291847826 0.009356208470108696
1 0.18681668253736416 0.414484511642663 0.011230219966032608 0.011027460513586957
1 0.16532714526630435 0.48872689626698373 0.00823174352173913 0.008499643077445652
1 0.2711280019524457 0.012845652572819465 0.010216339774456523 0.00701155112610019
1 0.0726777434582146 0.6939803775087668 0.010515482529891304 0.011253854502717393
1 0.15991753300583358 0.3867363899859276 0.008728545645380434 0.008869254070652173
1 0.13023132920720112 0.5802667045451065 0.009571946186141305 0.010877713709778265
1 0.1790808497391305 0.011910921868643131 0.008800423663043483 0.006421051099670253
1 0.16340731591236413 0.40849941745991847 0.009872063346467392 0.009683774865489131
1 0.1954170212758152 0.3512024157418478 0.010055334671195652 0.00993114969021739
1 0.16123924103600543 0.03242489089685664 0.009451202724184782 0.009835735611413043
1 0.17559599931249995 0.043660428632472825 0.010523257048913043 0.00988484465625
1 0.2074842977004076 0.22938229772758154 0.009282568226902174 0.009385979694293478
1 0.16622376503872283 0.24954859117323372 0.009364708610054348 0.009414880172554348
1 0.1327273229572011 0.3658450483152174 0.01030880471875 0.011002416195652174
1 0.0848427138884766 0.7488882841546578 0.008582449878612657 0.009657925788119276
1 0.14118599955502717 0.3518306798559782 0.009678218675271738 0.009456966233695652
1 0.15362939685597826 0.065279567140625 0.010716645614130433 0.010326655014945651
1 0.1590053834313859 0.10289667004891304 0.009716821754076087 0.00973357325
1 0.12436225160665763 0.7167588009959239 0.011346112126358696 0.011573128078804347
1 0.14141556554959242 0.3213306410774457 0.009372379468749999 0.009704921557065217
1 0.2782756873355978 0.057164099324048916 0.009585546410326088 0.009547420169836956
1 0.1600171695767663 0.6386060200536685 0.00840390246875 0.00870348059646739
1 0.2057046861605689 0.3278328953296239 0.011013708190702874 0.01259907272446541
1 0.23863604111659875 0.19623266481048243 0.009739917258152174 0.01011433808695652
1 0.07186432305576011 0.7595444761947036 0.008306254510869564 0.009482342263586957
1 0.1598892528967391 0.6599252020455161 0.008269558782608696 0.008301278819293479
1 0.16440734714130437 0.39744201995380435 0.00950141575 0.010270823603260868
1 0.15899760878600547 0.9847638403362773 0.010209166485054348 0.01070768936820652
1 0.13531754383559783 0.1608186913152174 0.011713857236413043 0.012204709260869563
1 0.22657642909462325 0.19971283250712765 0.009454644244565217 0.010055956633152173
1 0.08712394100318083 0.8148873791382748 0.011245084845108696 0.010866579801630437
1 0.18238844096059784 0.26961085112432065 0.009461319964673913 0.00970442398777174
1 0.14016552726888146 0.11747307942914295 0.00900948565896739 0.009210462154891304
1 0.23966106186548916 0.18423514823980977 0.009251553078804348 0.008995719577445653
1 0.2494086047302232 0.19726095097685956 0.00989287832472826 0.010081788767663045
1 0.1076408241479008 0.6868459935638807 0.010299392368206522 0.01108186141304348
1 0.1859622318580163 0.5773525138451088 0.010614560998641305 0.010591175244565217
1 0.21345468253042252 0.03506666982484576 0.009363672008152173 0.009135292923913045
1 0.17286507520398295 0.11602911910974642 0.00967808391387104 0.00932575049152354
1 0.15228307817459238 0.9733832715523097 0.010287575099184782 0.010490085767663044
1 0.13963364774319553 0.2629863865635624 0.008419264121743613 0.00886092437153867
1 0.19561476345448373 0.15663699516576088 0.009571738865489132 0.010012087614130437
1 0.23922183261956523 0.1644760114680707 0.010018058445652173 0.009808747664402174
1 0.13620596480624558 0.49904394150380654 0.009656056114130434 0.010625756305706524
1 0.2158647905252683 0.13596566943254915 0.01175955067527174 0.012129908023097826
1 0.11013673876575425 0.5978948518346285 0.010259711224184781 0.010385098664402173
1 0.16655029095169063 0.3662051810209841 0.00826508065896739 0.00836811894972826
1 0.17367235009442936 0.1995795813974185 0.009714116221467391 0.00911132149048913
1 0.14767217691983694 0.23456124675679352 0.0101959394375 0.009665198948369565
1 0.25853241324353093 0.026248056376889935 0.010648271312499999 0.01009468410326087
1 0.1821730765169837 0.46527521553872275 0.009087769881793478 0.009544538414402174
1 0.1617717023369565 0.42335928052105976 0.009953954945652174 0.010403757509510869
1 0.1524251446433424 0.35932183300679355 0.008189242819293478 0.008479076883152175
1 0.07582523569429349 0.7169609798953807 0.010111083154891305 0.010235993758152174
1 0.2230412136915761 0.08678655044429345 0.009206232817934782 0.010282433551630435
1 0.17632825533288046 0.35885614972350544 0.008157481317934782 0.008389929066576086
1 0.23880039145380433 0.14510212814062498 0.010369300842391304 0.010452104650815218
1 0.1055969783125 0.6112456844599184 0.010565571163043477 0.01051131538722826
1 0.18665751264700867 0.3863828040512853 0.008846780528532609 0.00881311167798913
1 0.1499036167902627 0.11670544657026655 0.0087709426875 0.00906973299728261
1 0.1388374727669837 0.6822119903519024 0.00883438276222826 0.008910303529891304
1 0.17573409549728244 0.4156106259206945 0.00974008311413043 0.008639069904966823
1 0.17343526358695652 0.14413187860326088 0.009886161141304348 0.009639200956521739
1 0.09467227621195652 0.7471212204932065 0.009372130684782608 0.009545699410326087
1 0.19676790088315216 0.07571379557540761 0.010391898777173914 0.011416621830163043
1 0.0852936165146651 0.6592601394740446 0.009580715842391304 0.009468907895380435
1 0.22797030015760864 0.09984911047214673 0.009923271510869566 0.009584572004076088
1 0.06824766610597827 0.8584354964952446 0.009896807048913043 0.010816822881793477
1 0.18650424140434121 0.5068809699578694 0.009306368620923914 0.009373208751358695
1 0.15991049787180814 0.5359011259272877 0.008683246115489129 0.008847775667119565
1 0.07575606061554273 0.649366110933553 0.00969940683152174 0.009713380233695652
1 0.1543352725891238 0.527456755843545 0.008740964142663043 0.009483337402173914
1 0.1858990820434783 0.02134797989809783 0.009459371152173912 0.009108938600543478
1 0.2688505473770661 0.06525433882588008 0.009380796680706521 0.009362780529891304
1 0.2037844559728261 0.12156842107540763 0.010902570641304348 0.010569220004076087
1 0.10237614026019021 0.6732479908097827 0.008571583292119565 0.00968700906521739
1 0.16000320664538037 0.35555515128872295 0.007936767910326086 0.00800190801222826
1 0.16496713407662603 0.6751264054238691 0.009449813676630434 0.009227420972826087
1 0.2063982467069636 0.05262041133137361 0.008865522301630435 0.008972375289402174
1 0.11627699238042377 0.707053999299657 0.008690668188858696 0.009117292320652174
1 0.269944253711129 0.055147262155864435 0.009277758391304349 0.009325151858695651
1 0.10045394748777174 0.6949897334993206 0.007727208345108694 0.008672797161684783
1 0.20727741260665758 0.10836064338926629 0.01115040157201087 0.01103479965896739
1 0.07558340788531946 0.8569028174952444 0.006759205791861051 0.0108765311861413
1 0.18509764316100544 0.1736767710210598 0.009253833604619566 0.009495403455163044
1 0.1913857984402174 0.11939982787975544 0.010700681934782607 0.011292457580163041
1 0.18850592998777177 0.2390310976358696 0.009581026823369565 0.00955880206521739
1 0.18222085998701665 0.3970751456216032 0.011431538938448838 0.01353959534795527
1 0.06702532076140862 0.6575077206012229 0.00523508990653054 0.009004012398097828
1 0.23466428270658046 0.024988856424237413 0.00932564942798913 0.008212981016304348
1 0.06705639023365782 0.7941802381392672 0.005674490364206056 0.008895542311141307
1 0.07418264570991848 0.7913848942826089 0.009008801501358696 0.009237206500000001
1 0.16307858862364133 0.33194109708152175 0.009047010671195652 0.009292685467391305
1 0.12085571555095108 0.6407340406514948 0.009723663330163043 0.010322404944293479
1 0.16282980403057068 0.5148320306202445 0.008786781974184784 0.008610435153532608
1 0.1854773506603261 0.47494704870652177 0.01035574208152174 0.010790534641304347
1 0.16665591420720105 0.34729300416236425 0.008791923523097826 0.009901440661684783
1 0.16653572019633156 0.4642406861548913 0.010084255881793479 0.010397372038043478
1 0.1378330464334239 0.6967369477785327 0.010906717051630434 0.010550955067934784
1 0.13116052934103262 0.22755580407608697 0.013854192649456521 0.01419788858695652
1 0.1689069093786553 0.5412958939635736 0.007534794186141305 0.008311230203804348
1 0.06961555294385688 0.7068493045373326 0.009028438941241937 0.010519774063858699
1 0.24501955055027175 0.08343492424388588 0.009518913600543478 0.010188392971467392
1 0.1753194959728261 0.5999877664076086 0.008632369663043479 0.008612508358695653
1 0.1603202568944962 0.6833236491232964 0.00866587265625 0.008746934974184783
1 0.19565218492459238 0.5370182683797554 0.011529590773097825 0.012103370998641306
1 0.13217771749061838 0.2909730221883086 0.00889958505978261 0.009655040243206521
1 0.14467576431319196 0.6738846996286884 0.009127554686141305 0.009516011114130436
1 0.18540852030638588 0.28261461509782604 0.009625725123641304 0.0098857465
1 0.21683403779619564 0.013031188577202913 0.010395050048913035 0.0073687856825506845
1 0.14113955974116849 0.409052133921875 0.01097710236277174 0.011645939039402173
1 0.08420839196052218 0.6718407837042031 0.00884539148097826 0.009284475574728262
1 0.16450332734523798 0.5269874605107293 0.008358478546195652 0.008455939914402175
1 0.16967546475815218 0.17822245974456521 0.00956388141847826 0.008907815684782609
1 0.18989452133016305 0.26788159086141305 0.0092712070625 0.010008936342391306
1 0.09360543479199031 0.7037589238557085 0.009366097657608695 0.009607729705163043
1 0.14930090873993906 0.6857233208686807 0.009037266607336957 0.00860612288722826
1 0.15393150430163044 0.2033331812357337 0.010216712951086957 0.010415201601902175
1 0.16210488406364276 0.744479668622002 0.009396656699728261 0.009278338888586956
1 0.21124165008355977 0.17140986652785326 0.01080993984103261 0.011159772457880435
1 0.25159957156589674 0.11740573634714677 0.011277986610054348 0.011456074922554349
1 0.2388271673539592 0.1197166227716099 0.010548840398097826 0.010183334350543478
1 0.1996122552941576 0.33711631437499995 0.010109528251358696 0.010468939076086956
1 0.15106165549724954 0.14848636028176698 0.010806892229619565 0.011137920877717393
1 0.2776280647095047 0.03280462171609135 0.008982036425271738 0.00913796217527174
1 0.14789744100475544 0.9452784065692935 0.010597021683423913 0.011273093845108694
1 0.14102811451698372 0.28393056120720106 0.008998808653532609 0.009615359099184782
1 0.1418620717146739 0.6264640044925273 0.009143393972826087 0.009729800017663043
1 0.15753072303464674 0.41242158971807064 0.01061435367798913 0.010561652805706524
1 0.13744152369292373 0.6497869101080052 0.008401124373641305 0.008519545845108696
1 0.16046139532404893 0.5973304059858631 0.009143165919836957 0.009430595066576087
1 0.1521957755197011 0.3748247212554348 0.008725290713315218 0.008962880010869565
1 0.15206328681029013 0.4759825903401797 0.009267724078804346 0.009550675101902174
1 0.17356106050067935 0.5763285578430707 0.009869606599184783 0.009898061338315218
1 0.16010677268152615 0.23598488264630876 0.009744353915760869 0.009931398474184783
1 0.20609289040117332 0.07469906194481223 0.00913080961820652 0.009269693623641304
1 0.2007926921719396 0.1933038408701689 0.009158590565217391 0.009327929952445652
1 0.1610265042747221 0.115264874837194 0.009219314740489131 0.009603686955163043
1 0.06750145802587985 0.7250201267347954 0.006519025785606677 0.009636920432065212
1 0.1666849909395381 0.26856228623165757 0.00968510171603261 0.010485151539402174
1 0.11673852989532683 0.6289482475944626 0.009997036146739129 0.010431455529891305
1 0.17508996431011525 0.21588602950091582 0.01027148702853261 0.011402586232336955
1 0.10471330576902174 0.7602597842275814 0.010964891184782609 0.01099312823777174
1 0.1528741256081974 0.09645944357520075 0.009731417116847826 0.010098436604619565
1 0.2587571149073578 0.04242701932812745 0.01009534752853261 0.010135940883152174
1 0.2690708409397547 0.04527975206049256 0.01009534752853261 0.010135940883152174
1 0.27938456697215164 0.043524224225190956 0.01009534752853261 0.010135940883152174
1 0.2390531022948344 0.03201096776544381 0.00932564942798913 0.008212981016304348
1 0.2493668283272314 0.033547054621332714 0.00932564942798913 0.008212981016304348
1 0.22202991977647382 0.06512993622305367 0.009662047676630436 0.009718314460597826
1 0.21742165920880713 0.050646831581815495 0.009662047676630436 0.009718314460597826
1 0.2264187393647278 0.0508662725612282 0.009662047676630436 0.009718314460597826
1 0.17462514078018013 0.032644331876269334 0.009451202724184782 0.009835735611413043
1 0.17177240804781505 0.021013959967396235 0.009451202724184782 0.009835735611413043
1 0.16146086139267773 0.08684486449474392 0.010544196418478263 0.010326157445652174
1 0.18340495933394788 0.08399213176237882 0.010544196418478263 0.010326157445652174
1 0.17331067428096364 0.078725548256474 0.010544196418478263 0.010326157445652174
1 0.1507813807079135 0.12855525945855234 0.0087709426875 0.00906973299728261
1 0.1624117526167866 0.12540964127080556 0.0087709426875 0.00906973299728261
1 0.17813165870988773 0.12305123045095284 0.00967808391387104 0.00932575049152354
1 0.2175669225082551 0.07360963103266921 0.009662047676630436 0.009718314460597826
1 0.2600105145392584 0.06708331113715063 0.009380796680706521 0.009362780529891304
1 0.2606201719763487 0.05458533367680183 0.009380796680706521 0.009362780529891304
1 0.20641510025037038 0.14785398945580774 0.01175955067527174 0.012129908023097826
1 0.1928671454897672 0.1832444931581808 0.009158590565217391 0.009327929952445652
1 0.17016103595229592 0.16331259459052663 0.009253833604619566 0.009495403455163044
1 0.19354779128134925 0.2590879149858929 0.010070386139945648 0.010472670845108696
1 0.20726508361587848 0.2654893180753398 0.010070386139945648 0.010472670845108696
1 0.21671477389077626 0.269147262697881 0.010070386139945648 0.010472670845108696
1 0.21488580157950582 0.23866439084337165 0.010070386139945648 0.010472670845108696
1 0.1877560456289925 0.2493333959924499 0.010070386139945648 0.010472670845108696
1 0.1341982447386245 0.2705539677792214 0.008380889892663043 0.008905742479619566
1 0.15492659759969082 0.25958013391159807 0.008380889892663043 0.008905742479619566
1 0.17576822424256658 0.29706959655921045 0.00889958505978261 0.009655040243206521
1 0.13888394929861042 0.3043854858042927 0.00889958505978261 0.009655040243206521
1 0.13034874517934783 0.30255651349302215 0.00889958505978261 0.009655040243206521
1 0.1667890314955914 0.32377349528928406 0.009966062463315217 0.010516788648097826
1 0.17745803664466958 0.33474732915690736 0.009966062463315217 0.010516788648097826
1 0.15794899865778367 0.30426445730239804 0.011185377337495622 0.010516788648097823
1 0.1686180038068619 0.3131044901402058 0.009966062463315217 0.010516788648097826
1 0.12990475655163516 0.34785496405434635 0.009966062463315217 0.010516788648097826
1 0.18446909717120683 0.31310449014020586 0.009966062463315217 0.008078158899737144
1 0.18050632383012058 0.34602599174307586 0.009966062463315217 0.010516788648097826
1 0.1878222130752029 0.35821914048487946 0.009966062463315217 0.010516788648097826
1 0.15679577195824768 0.36833898205079985 0.00826508065896739 0.00836811894972826
1 0.14399296577935375 0.38022730207405836 0.00826508065896739 0.00836811894972826
1 0.18880278740548243 0.375959700014427 0.00826508065896739 0.00836811894972826
1 0.1763048099451336 0.36986312564352525 0.00826508065896739 0.00836811894972826
1 0.15008954015025566 0.4052232569947561 0.00826508065896739 0.00836811894972826
1 0.1558812858026124 0.40034599749803446 0.00826508065896739 0.00836811894972826
1 0.1756951525080434 0.38114178822969363 0.00826508065896739 0.00836811894972826
1 0.1689889207000514 0.3796176446369682 0.00826508065896739 0.00836811894972826
1 0.17725823909000787 0.4229265151657768 0.00974008311413043 0.008639069904966823
1 0.13071904787243394 0.5081888030601592 0.009656056114130434 0.010625756305706524
1 0.1853553903688717 0.5240370828631152 0.009234884510869566 0.009330417798913044
1 0.18230710318342078 0.5142825638696723 0.009234884510869566 0.009330417798913044
1 0.12987656359366487 0.5209887956776644 0.009234884510869566 0.009330417798913044
1 0.1530435462030919 0.5148922213067625 0.009234884510869566 0.009330417798913044
1 0.15216793916558752 0.6077578876448713 0.009111508078804348 0.009342525316576087
1 0.18387012589427712 0.603185456866695 0.009111508078804348 0.009342525316576087
1 0.16100797200339514 0.5836764188798091 0.009111508078804348 0.009342525316576087
1 0.15125345300995222 0.5720929275750956 0.009111508078804348 0.009342525316576087
1 0.140584447860874 0.610196517393232 0.009111508078804348 0.009342525316576087
1 0.1479003371059563 0.6190365502310398 0.009111508078804348 0.009342525316576087
1 0.16375143047030105 0.6111110035488673 0.009111508078804348 0.009342525316576087
1 0.1665627220215185 0.6648955389238544 0.010565571163043479 0.010511315387228262
1 0.09675694547469231 0.6103311983042832 0.010565571163043479 0.010511315387228262
1 0.16687755020312495 0.9708345562221469 0.010463134101902173 0.011198292607336957
1 0.15437957274277622 0.9641283244141547 0.010463134101902173 0.011198292607336957
1 0.20496814763535254 0.20496473547823882 0.009422385173913044 0.009873307269021738
1 0.16710628847933898 0.5056312158106557 0.007505499798913043 0.008011610611413044
1 0.1707047114809562 0.5523921064316775 0.008136666339673913 0.008191316024456522
1 0.1648944290734878 0.6520184836696525 0.00840390246875 0.00870348059646739
1 0.1511771367389586 0.650494340076927 0.00840390246875 0.00870348059646739
1 0.14416607621242147 0.6413494785205743 0.00840390246875 0.00870348059646739
1 0.15209162289459388 0.6300708159344058 0.00840390246875 0.00870348059646739
1 0.17464894806693074 0.6556764282921934 0.00840390246875 0.00870348059646739
1 0.1526013109953644 0.676323329377049 0.009127554686141305 0.009516011114130436
1 0.1706844333250293 0.6821043342491159 0.00866587265625 0.008746934974184783
1 0.08689920298399828 0.7129037854120612 0.009366097657608695 0.009607729705163043
1 0.09695855069598633 0.7132086141306061 0.009366097657608695 0.009607729705163043
1 0.10804661697970629 0.707968485455292 0.008690668188858696 0.009117292320652174
1 0.06750145802587985 0.7356891318838739 0.006519025785606677 0.009636920432065212
1 0.07495565614847456 0.7407266083074215 0.008645648542119565 0.009401736051630435
1 0.08921122449552517 0.7697227677089791 0.008977952210597826 0.009643222974184783
1 0.08494362243589386 0.7587489338413558 0.008977952210597826 0.009643222974184783
1 0.16017131839513293 0.9574220926061631 0.010463134101902173 0.011198292607336957
1 0.16260994814349367 0.9433999715530887 0.010463134101902173 0.011198292607336957
