1 0.7547214037663044 0.10335249527921196 0.012071029 0.012074677841032609
1 0.48377651815217393 0.05809183783288043 0.01403825179347826 0.014712561725543478
1 0.636083240622962 0.08112310368274457 0.01206738015896739 0.012009786523097827
1 0.6135340676120924 0.21258680756385873 0.01085098930027174 0.011333631432065217
1 0.7004571692581522 0.05965373868070652 0.011940831722826086 0.0120368833125
1 0.7333557819014946 0.11372923892187499 0.012896662172554349 0.012782055398097824
1 0.6812684956453805 0.0507618089402174 0.014402140747282608 0.014073558478260868
1 0.4492748618315217 0.05562939892119566 0.011270605999999999 0.011760493983695653
1 0.6478856652377719 0.047991359123641296 0.014194654388586959 0.014310080067934782
1 0.4640374085203805 0.025540523322690217 0.012892847475543479 0.012742804444293477
1 0.613914543780425 0.265741006580163 0.01241294516954449 0.010464046312499996
1 0.7560931190631792 0.06994540836141304 0.011321192202445651 0.01130462729347826
1 0.7330884213233695 0.029181299413722824 0.011584738027173913 0.012193389561141304
1 0.6662364322826088 0.061288434942255436 0.013486281684782608 0.013564265292119565
1 0.33181803337621274 0.1040464205275978 0.011392472187207845 0.012894926272586753
1 0.3851813550441577 0.04733290921059782 0.010309634001358696 0.0110943939375
1 0.6333461954082881 0.19924208435733695 0.010646985925271739 0.010694006214673913
1 0.7319626710597825 0.013403305960597826 0.01154891304347826 0.012537738551630435
1 0.6337089233804349 0.17722657489402177 0.011284289152173914 0.011345448701086957
1 0.4062394375570653 0.15735596197418478 0.013281449027173913 0.013281075850543477
1 0.36234860892051635 0.06947828417798911 0.010790617569293478 0.011444983274456522
1 0.4160335069211956 0.0892353398879076 0.01098276221195652 0.010658642520380434
1 0.6788131573994565 0.12358269525611415 0.010849496592391306 0.010503914044836957
1 0.6466844502017663 0.1464216525541654 0.010910365892663042 0.01266210374963486
1 0.6885677530516304 0.01107924181521739 0.011465155559782609 0.01138386519021739
1 0.6677645502051632 0.08379605584103261 0.012138864269021742 0.012277779372282608
1 0.6128463439735055 0.23437281312635871 0.010409894197010869 0.01084555750271739
1 0.43898662331114124 0.039675624889266306 0.011593528415760869 0.011775638745923913
1 0.6240160264245924 0.24690013382676632 0.01199307649048913 0.012232490207880434
1 0.4853232949932065 0.030329440366847826 0.013568629388586956 0.013757493179347826
1 0.3722313285217391 0.14570515092798914 0.01136016845652174 0.011172833649456523
1 0.6449944978478261 0.16495823898097825 0.011175819065217392 0.011397900788043478
1 0.3414604048138587 0.07945543827921196 0.011079705279891303 0.011684396993206524
1 0.5457498825835598 0.027133879874320654 0.011295484460597827 0.011260167411684783
1 0.4262034898777174 0.014056556021059784 0.011665675951086956 0.012431346851902175
1 0.6017757193288044 0.22818589257812502 0.010639937027173913 0.011397652004076086
1 0.7203972552309782 0.10328832958016303 0.013779681657608695 0.01339825339945652
1 0.6240129580013587 0.13852246988179348 0.012545710024456522 0.013448176176630435
1 0.7328155876392664 0.045726622341032606 0.011439945387228262 0.011282197807065217
1 0.7319931886514945 0.08094367814673913 0.011031606922554348 0.01121947039673913
1 0.7091429861487772 0.04838646147282609 0.013184091319293479 0.012783654358695652
1 0.7221287131283967 0.08426435339248055 0.011785092561141299 0.014638790725178413
1 0.6339817570855978 0.15472455694157608 0.011177228845108696 0.011156206546195653
1 0.40722503931385867 0.058555427216032616 0.010933419932065216 0.01138759695923913
1 0.6576969421569294 0.01391113363790761 0.012039682139945652 0.01277697086277174
1 0.42903532204279876 0.08099430581317937 0.01048046609646739 0.010530969370923914
1 0.6372865288437499 0.10056605587567936 0.010459734046195652 0.010445843572010869
1 0.38652188944429333 0.10313910028057066 0.011886845464673914 0.012701594311141304
1 0.6666975131501357 0.14272548877785324 0.010414206463315218 0.00985120690353261
1 0.6874901010054347 0.07102684393953805 0.013717817228260869 0.013191316438858694
1 0.4190458348564386 0.10405786382250774 0.01254430503896424 0.012417507020015352
1 0.4039931614470109 0.1239592411263587 0.0106201171875 0.010647027388586958
1 0.4809256538586957 0.07326015742527173 0.014703833532608696 0.01419086042119565
1 0.7545223759721468 0.11919093173301629 0.012202387270380435 0.011905172596467393
1 0.6367282561637229 0.2358762393240489 0.011080617490489131 0.011448155278532608
1 0.3385038900570651 0.09167269042798916 0.010431206744565219 0.010830008464673913
1 0.6367355538851902 0.12100967159103262 0.011017509129076087 0.011266044948369566
1 0.660884624975712 0.11258262178192936 0.017151968157945067 0.011058869569293481
1 0.6060795702172459 0.2433193372580062 0.012619851032315837 0.012590328592099097
1 0.4089354749538044 0.1117744346222826 0.010167412135869566 0.0106301515
1 0.40280119290421196 0.028796494417119563 0.011540786080163044 0.012138765790760871
1 0.601913089986413 0.20469195991983696 0.013871566114130434 0.013451327448369566
1 0.463121964177989 0.04600940621807066 0.012313345203804348 0.012651609338315217
1 0.4465840491154892 0.024552210938179345 0.012601188991847825 0.013539257256793478
1 0.6269923609300272 0.2106400888423913 0.010709845501358695 0.01144317958695652
1 0.39761768276290754 0.11229527555706521 0.00978503019972826 0.010040241739130434
1 0.6036183010747282 0.2734183957914402 0.010915756225543478 0.01112150109375
1 0.42938710355298915 0.12319713095108696 0.013321420421195652 0.013781443885869566
1 0.7625110154762228 0.05491776092730978 0.012154620626358697 0.012243581854619566
1 0.3868400848756794 0.14724906672486412 0.011183614316576086 0.011813619862771739
1 0.7031545748430706 0.017523820395380432 0.01127757196875 0.012440691823369565
1 0.3710680117038044 0.11558220739062501 0.01250855819021739 0.012673751167119565
1 0.7297576930176634 0.15996272707676631 0.013556107230978262 0.013538381327445653
1 0.6643925237683423 0.13132121293410326 0.011464906775815218 0.010603863259510871
1 0.7185584053967392 0.13526923802649457 0.011052007260869565 0.011266853498641306
1 0.6915951299476901 0.03070875396059783 0.01244735717798913 0.012634018192934781
1 0.3527904703451087 0.11069584970788043 0.010879350744565218 0.011197774307065218
1 0.7294453855190217 0.14453416333084237 0.012941775114130437 0.012914740520380434
1 0.681757481847826 0.09133050794089677 0.011557122934782608 0.012117841968749998
1 0.39892616538926623 0.1369321350808424 0.011460345724184782 0.011468804400815219
1 0.3986970761610054 0.04060462806997282 0.011851103408967391 0.011666380841032609
1 0.3374436528960598 0.11573330256793478 0.011468389759510868 0.011895096820652174
1 0.7142079918777173 0.06791678760869564 0.012272710385869565 0.012614167255434783
1 0.7580360439646741 0.01645307996807065 0.012194094451086957 0.012994654800271739
1 0.3706698734599184 0.160186032048913 0.012856027354619565 0.012525890184782607
1 0.7065535530210597 0.1360700963702446 0.01115981392255435 0.01276727344701087
1 0.6975610676086955 0.1057668254673913 0.013019230054347826 0.013006770092391304
1 0.7734537233695652 0.10448897445652174 0.013635552445652175 0.014478331032608694
1 0.7439273030998642 0.08410729574728261 0.011656387993206521 0.011842354483695652
1 0.36084470601086954 0.09777760547350545 0.012036365010869566 0.01133222165353261
1 0.35946469779823353 0.12418545052563275 0.00986082657472826 0.012434839013221878
1 0.322475610095788 0.11334664966168478 0.011108896006793479 0.01189505535597826
1 0.6086283253539402 0.1689221862730978 0.010867492012228261 0.011191533959239131
1 0.7613117079164402 0.08914880172078801 0.012330760126358696 0.012968332870923914
1 0.3917905668274457 0.06190784122078804 0.01147477523097826 0.01180851977853261
1 0.6258744473709238 0.10864354258288043 0.010996777078804348 0.011270149894021739
1 0.7206002634979619 0.03357030039130435 0.011925075365489129 0.012069961298913044
1 0.4425317210230979 0.07174062251426631 0.011857323024456521 0.011879672175271739
1 0.6461393631175271 0.1811620364313859 0.011723725691576087 0.011440940525815218
1 0.631033493642663 0.09325830874660325 0.011141403861413044 0.011147353960597826
1 0.6689757995448368 0.03148432441236412 0.013629249904891306 0.013028051542119567
1 0.528976741597826 0.026344027617527174 0.01134565602173913 0.012147747952445654
1 0.43095253918682075 0.09822033840692937 0.011216039243206521 0.011251449585597827
1 0.5459367198519023 0.013821514176630436 0.011719745138586956 0.012131341124999999
1 0.740013092011549 0.06582957806182066 0.011941992718749999 0.011542807455163041
1 0.7176000870264945 0.013757476756793478 0.01161426046603261 0.013300048269021737
1 0.37680863361820655 0.0661091549504076 0.010973557182065217 0.011689009873641304
1 0.6784721566331521 0.14808823794293477 0.010622273320652173 0.01047764653804348
1 0.3808579346385869 0.13437680624252715 0.011266293733695653 0.010911526887228263
1 0.49136059243478253 0.017889155413722827 0.013180442478260869 0.013437167457880435
1 0.6928272771216031 0.1566967449361413 0.01084485261277174 0.010880760524456521
1 0.6490542065129077 0.06544853335190219 0.012738683949728262 0.013101691785326086
1 0.33231632669293476 0.1311047910652174 0.01161376289673913 0.011908987293478258
1 0.6964075363947012 0.1223014441732337 0.01095630811548913 0.01075377671603261
1 0.46799631792527174 0.013398956316320584 0.011960734491847824 0.009135626818445826
1 0.681660248451087 0.1109596650563859 0.011469467826086956 0.012091595194293479
1 0.40029663679619565 0.09698738263586955 0.010558584461956521 0.01134072179347826
1 0.34835493100883147 0.13068519509986412 0.010864009028532608 0.010963605797554348
1 0.6043351739619565 0.25703872843885867 0.010408816130434782 0.010952742203804348
1 0.6553850283641307 0.09791468578940217 0.011337446130434782 0.010692845220108695
1 0.6175934860169837 0.1964805752180706 0.012062238610054348 0.011787207229619566
1 0.43078543881861414 0.030442681415760876 0.012483348017663043 0.011827142342391305
1 0.32170589137635874 0.0799213600169837 0.01067120095923913 0.011054039001358696
1 0.6339674104925271 0.22523489252309783 0.011854254680706522 0.011014855426630433
1 0.748502037349185 0.03261578124660326 0.010189222252717392 0.011492501134510868
1 0.3258027517574728 0.09233672763654895 0.011110844819293477 0.011837544648097826
1 0.41298067104144026 0.01705276748505435 0.011168604311141304 0.012753040894021739
1 0.3911822470298913 0.12299694227513587 0.010597892429347828 0.010708477186141305
1 0.3803347821820652 0.0810913421759511 0.011544600777173914 0.011906333591032608
1 0.4632137656216033 0.06510990640285326 0.01231599890625 0.012768672860054347
1 0.7107230171936142 0.15032159801154893 0.012785206669836957 0.012184557707880435
1 0.711511830220109 0.11745667498369564 0.012559641961956523 0.011910562929347827
1 0.6587745526603261 0.1627948495339674 0.011323680048913043 0.012053738470108696
1 0.7453387411324729 0.128958256765625 0.01267773172146739 0.012463859889945653
1 0.6192303227907608 0.16355816219565217 0.011176565418478258 0.011889416239130434
1 0.6494668572615487 0.19604176066100543 0.013172481370923915 0.01332581561548913
1 0.6172330385747283 0.27729593197010866 0.01163756329076087 0.012008086494565218
1 0.4203472662010869 0.05683515424116848 0.010571521260869566 0.011585152667119564
1 0.7501959288308424 0.05136405944769022 0.011426345161684783 0.01197406519972826
1 0.6094166823328804 0.15025883182472827 0.012861832328804345 0.013325940008152175
1 0.43201103480638603 0.05945520338994566 0.011357929395380434 0.0122231296875
1 0.41954402365421195 0.04305789822486413 0.012705263884510869 0.012248350226902172
1 0.4426136126467391 0.08753664638315216 0.011220600293478262 0.01114355999456522
1 0.4154022574877718 0.07409293796942933 0.011995730192934784 0.012070220449728261
1 0.6806338047092392 0.1373995183498641 0.01086798958152174 0.010657766591032609
1 0.3973130875074728 0.07562688163451087 0.011846625286684781 0.012330532073369564
1 0.6385411496358696 0.13761775425679348 0.011566991391304349 0.012053862861413045
1 0.6562499695373641 0.08633422893274456 0.011707803476902175 0.011432336724184781
1 0.6827277831711959 0.16162191308152174 0.010555433190217392 0.01104083268478261
1 0.6692605336073371 0.09757190207201086 0.011004655258152174 0.011740145475543478
1 0.6713429850509511 0.01194121179415761 0.011622967927989131 0.013055503368206522
1 0.6193647494728262 0.19657764275543477 0.01150603916304348 0.012040345565217391
1 0.619052856421875 0.17996165067934783 0.011354197626358696 0.012461786684782608
1 0.6515391086480976 0.12273399767934783 0.010848169741847826 0.010615431744565218
1 0.704304871925951 0.08736542815896739 0.013308317764945652 0.013816372214673913
1 0.3587873403036685 0.14200104877717393 0.011316631150815217 0.01178928043478261
1 0.6715406858892663 0.17135123620855983 0.011630597322010872 0.011984825134510869
1 0.7283527234531251 0.05528706094633152 0.01131190424320652 0.01059575702853261
1 0.5604719603349194 0.01435479912999677 0.010642673658967386 0.007749397601419541
1 0.35699480409117873 0.08652691097283215 0.010852067366847828 0.011813101561141303
1 0.6927268341954687 0.1396984333523506 0.01113493546195652 0.011626471644021742
