0 0.9117755267931067 0.682797266089398 0.011742094288701597 0.012904623280400816
0 0.8777670652970023 0.7205619812011719 0.011288601419200068 0.012190445609714672
0 0.7999740476193636 0.09758161461871603 0.009306990582010021 0.009662648905878481
0 0.8612891072812289 0.7064423975737197 0.01156889874002208 0.011852305868397589
0 0.9092574326888375 0.8058932345846423 0.012486416360606318 0.01226732005243716
0 0.8011898994445801 0.27975997717484186 0.009862941244374151 0.010992195295250935
0 0.5936354450557544 0.3352516008460003 0.011064964792002802 0.011259908261506454
0 0.9286742832349695 0.8265136635821797 0.011852761973505434 0.012090268342391304
0 0.7763497103815493 0.7293563718381135 0.011729157489279041 0.012748345084812329
0 0.6731804350148076 0.10283873910489291 0.009789218073305876 0.010733179424120031
0 0.7908546613610309 0.18901971112126892 0.010988401330035667 0.011044730310854704
0 0.9070798003155253 0.7398031483525815 0.011889208918032438 0.012995015019955843
0 0.7832294754360034 0.14215181184851602 0.009526086890179178 0.010185594144074814
0 0.8907343822976819 0.7840603123540464 0.012432513029679008 0.013242887414020042
0 0.8160938180011251 0.0826717822448067 0.010206305462381115 0.011353876279748005
0 0.8417980981909711 0.6774391298708708 0.012102831964907438 0.011965585791546364
0 0.82674445276675 0.8493944872980531 0.011466316554857336 0.01180105623991593
0 0.9108606628749683 0.654778521993886 0.012298376663871433 0.013197608616041101
0 0.9259424624235735 0.7519133609274159 0.012437654578167458 0.012472152709960938
0 0.8380258601644764 0.7903858475063159 0.010945568913998812 0.010778385659922724
0 0.8602100040601648 0.6724615511686904 0.010734060536260191 0.010900248651919157
0 0.8364544744076936 0.6947436332702638 0.011399227639903193 0.012340421261994736
0 0.8205174985139265 0.6358983620353367 0.011395661727241848 0.011942200038744055
0 0.8851651523424231 0.6529177893763003 0.011627902155337126 0.011772466742474098
0 0.9086808121722677 0.8586203740990679 0.0118719598521357 0.012125305507494055
0 0.7932867381883704 0.1349421791408373 0.009277841319208559 0.009473468946373981
0 0.8025570745053499 0.08350745491359544 0.010269330895465355 0.01171192915543266
0 0.8842993404554284 0.7619054006493609 0.011871711067531421 0.012865605561629585
0 0.6655920899432638 0.1956267564193062 0.00844462021537449 0.009686387103536854
0 0.9104277569314708 0.26137297049812647 0.00968734077785326 0.011165556700333305
0 0.6324864055799402 0.30822737320609717 0.010892163152280062 0.01142957936162534
0 0.7888525465260381 0.11711611955062202 0.00935475722603176 0.010812593543011208
0 0.7594137606413469 0.28508638299029804 0.010891624118970789 0.010790741961935291
0 0.85370337444803 0.6202445341193158 0.011760214100713316 0.012293670488440472
0 0.8324455592943274 0.7146656616874363 0.010876614114512568 0.011071578316066578
0 0.782939745032269 0.24292204691016156 0.010579648225203804 0.011421348737633747
0 0.7347407341003418 0.28920380965523096 0.011226280875827954 0.012106149092964504
0 0.8607878892318063 0.7692369585451874 0.009670257568359375 0.011462875034498133
0 0.9296288075654402 0.7360076282335364 0.011127513387928839 0.012555039447286854
0 0.7194817791814389 0.3268750854160475 0.012740052264669666 0.012866890948751698
0 0.7933988363846488 0.7787201508231785 0.011211768440578296 0.011823156605596128
0 0.7307902419048807 0.203432964242023 0.01068666706914487 0.011121812074080757
0 0.6652104958243992 0.20596597505652386 0.008764474288277004 0.00998061636219854
0 0.7826914994612985 0.2858296995577605 0.010963025300399117 0.011544787365457287
0 0.8284282269685164 0.14156343107638153 0.010770963585895042 0.011316164680149243
0 0.8477275889852772 0.6653255379718283 0.010751102281653362 0.01226317364236583
0 0.6713676141655963 0.15112650912740958 0.012382652448571247 0.012705865113631538
0 0.7731991850811503 0.1356656136720077 0.010173009789508324 0.010943454244862432
0 0.8008599281311035 0.7473900007164995 0.012030601501464844 0.012906779413637907
0 0.8561611175537109 0.7330315424048383 0.011461257934570312 0.011475480121114979
0 0.8404114557349164 0.3083607424860415 0.011940707331118376 0.01226367121157439
0 0.7001310431438944 0.08985227087269658 0.01284516375997792 0.014119500699250595
0 0.7348036144090736 0.18722127831500512 0.009835118832795517 0.009835160296896229
0 0.7077391665914783 0.13649691706118378 0.012274866518766983 0.01273146919582201
0 0.8345776640850565 0.6632224787836489 0.011704030244246773 0.012013642684273098
0 0.9296037425165591 0.8106314410334048 0.01157354271930197 0.0127111932505732
0 0.8232092442719834 0.722952407339345 0.010981642681619396 0.011300833328910496
0 0.8054798167684802 0.7300490918366807 0.012169589167055876 0.011994983838952106
0 0.908505045849344 0.7675996034041696 0.011875194051991339 0.012030145396356997
0 0.6774750377820886 0.09203088283538817 0.009708031364109205 0.009695664696071459
0 0.8057291196740192 0.7074318968731425 0.011077383290166441 0.011230427285899286
0 0.7552906741266665 0.2259715225385583 0.01101157976233441 0.012405872344970703
0 0.7537669928177543 0.14632825229478919 0.009484871574070143 0.010463528011156164
0 0.9205042590265688 0.7208429419476053 0.011491402335788891 0.011945309846297554
0 0.7056848484536876 0.5088493824005127 0.01198590320089589 0.012992133264956266
0 0.8836116376130478 0.7096167025358782 0.010589267896569294 0.011331558227539062
0 0.8058635255564813 0.7965592716051184 0.011629229006559952 0.011454001716945484
0 0.8909457040869673 0.14828775758328644 0.010038334390391474 0.010463082272073498
0 0.7373500284941301 0.2478906175364619 0.01041574063508407 0.010722326195758324
0 0.8286250985187033 0.6213829932005508 0.009612705396569294 0.011239196943200153
0 0.7509752978449282 0.2741393524667491 0.010246981745180876 0.01084856365038001
0 0.7872164353080418 0.7129978304323943 0.011627694834833559 0.012245634327764097
0 0.9093853287074876 0.6988255044688348 0.011135308638862942 0.012423805568529211
0 0.832371939783511 0.8065012226934019 0.01201567442520805 0.011905255525008492
0 0.8503360126329504 0.6979842393294624 0.011582540429156761 0.01123536151388417
0 0.682529532391092 0.506730494291886 0.010247437850288723 0.010946854301120922
0 0.8215163479680602 0.6759974438211193 0.011468762936799423 0.011799356211786684
0 0.784195671910825 0.2704683075780454 0.010284797005031421 0.010938830997632898
0 0.5871789248093314 0.3238808470575706 0.010607574297034222 0.011836774323297583
0 0.877868134042491 0.6816498507624087 0.009843950686247452 0.010056661522906761
0 0.8596253809721575 0.686505939649499 0.011021862859311312 0.011236273724099865
0 0.8842093011607295 0.6923222541809082 0.01086865300717561 0.010918451392132301
0 0.8939994107122006 0.6421957223311715 0.011072863703188688 0.011214546535326086
0 0.8304427603016729 0.7697690880816915 0.01192573879076087 0.011777711951214333
0 0.7787631490956182 0.2044057949729588 0.009429765784222147 0.009566783905029297
0 0.744379997253418 0.6821648970894192 0.01218488942021909 0.012067877728006115
0 0.6862314058386761 0.23354203804679535 0.011665675951086956 0.012310007344121519
0 0.6183038068854291 0.3774103911026664 0.010498565176258917 0.01109712020210598
0 0.8695680576822034 0.691866978355076 0.010524376578952954 0.011187221692956013
0 0.6204759763634723 0.31939255672952405 0.009901378465735394 0.011663478353749151
0 0.7554621074510658 0.262612073317818 0.010088547416355297 0.009771015333092731
0 0.7779226303100586 0.8315534591674806 0.009647866953974184 0.009556480076002039
0 0.7918669659158459 0.10817531917406166 0.009195576543393343 0.012206181235935375
0 0.8990682933641517 0.7958586319633152 0.01087976538616678 0.01110400324282439
0 0.7419646511907163 0.2273675358813742 0.010357525037682575 0.011848802151887314
0 0.8892997451450513 0.8704583126565685 0.011742426001507301 0.011014689569887907
0 0.7249641418457031 0.26697812909665314 0.010051478510317595 0.010805980018947437
0 0.7300916340040124 0.22372597196827765 0.010251003762950068 0.011394065359364386
0 0.8614243217136548 0.8340019557787024 0.010528481524923573 0.011607874994692595
0 0.6663546873175581 0.2306525707244873 0.00950164380280868 0.010943931082020636
0 0.7884072842805283 0.830536469169285 0.010657766590947691 0.011603479800016983
0 0.776272960331129 0.3033353867738143 0.010878562927246094 0.011283148889956266
0 0.921164429706076 0.2643786927928095 0.010487432065217392 0.011640299921450407
0 0.8203535494597063 0.7065878121749215 0.010343385779339333 0.010781454003375511
0 0.8649636351543925 0.16490875638049585 0.01094681283702021 0.013513409573098888
0 0.7861686582150667 0.6937329872794773 0.010748863220214844 0.01222465349280316
0 0.7489196321238643 0.24089702315952466 0.010235288868779722 0.010750542516293734
0 0.8958342179008152 0.6992506566254988 0.011249210523522419 0.011583452639372452
0 0.8780082827029021 0.7010704745417057 0.010021748750106148 0.010834942693295687
0 0.8965272488801375 0.6868694554204525 0.011148369830587635 0.011178721552309782
0 0.7497495153675908 0.7755706828573475 0.010469768358313519 0.011400181314219599
0 0.8689354191655698 0.8434260409811268 0.010136148203974184 0.009678550388502039
0 0.7653669689012611 0.24558095310045325 0.01157818669858186 0.00983261025470236
0 0.7578344345092772 0.8808799204619033 0.01044190448263417 0.011811422265094261
0 0.8894718833591628 0.8245702826458475 0.010488593060037365 0.010336419810419497
0 0.6104626966559369 0.30263342028078827 0.009303860042406164 0.010687765867813774
0 0.9127343841221023 0.8414828673652981 0.012031181998874829 0.01050891046938689
0 0.6584979554881221 0.5512786948162577 0.010340732076893682 0.010544735452403193
0 0.8079238974529764 0.6967847658240278 0.00877869647482167 0.009124258290166441
0 0.7703163520149565 0.7752622521441914 0.011409635129182236 0.011995066767153532
0 0.8086514265640922 0.06350488766379979 0.010126113891601562 0.013685350832731827
0 0.7994602037512738 0.17133574900419815 0.010469353717306385 0.011566307233727497
0 0.6725263388260551 0.8082372209300165 0.008717619854470959 0.009237994318423063
0 0.7713273711826489 0.9461555480957031 0.01279976056969684 0.012982161148734715
0 0.8181415433469026 0.77529529903246 0.01114127946936566 0.01044953387716542
0 0.8972241152887758 0.7170019771741785 0.011875442836595617 0.01161944347879161
0 0.760735553243886 0.3114195906597635 0.009600597879161005 0.009345427803371264
0 0.8454484317613684 0.848145049551259 0.011499695155931555 0.011693000793457031
0 0.8368108168892239 0.6197594767031464 0.011348226796025816 0.012411532194718071
0 0.8490204396455185 0.7719987993654996 0.01084298672883407 0.011622345965841541
0 0.7373274098271909 0.27022239436273987 0.01032456107761549 0.010705160058063011
0 0.8896815880485203 0.9586495316546896 0.012386778126592222 0.013302056685737942
0 0.8773898663728135 0.6409012338389521 0.01360594707986583 0.012435498444930367
0 0.7217260029004968 0.7505408369976542 0.01194025122601053 0.012938499450683594
0 0.8046695253123407 0.31915381680364197 0.011866154878035835 0.011179364245870838
0 0.8660617703976838 0.9418961690819782 0.010581762894340183 0.01143708436385445
0 0.6835254378940747 0.20293296938357147 0.010279406671938688 0.010644021241561226
0 0.7751695798790973 0.2712745666503907 0.009333569070567255 0.010087179101031761
0 0.5953779842542566 0.30721766015757684 0.009040791055430536 0.010347366333007812
0 0.8781878637230913 0.826774970344875 0.01009895490563434 0.01114629662555197
0 0.8022595488506815 0.7699254284734312 0.010174004927925442 0.010474039160686989
0 0.8880151251088019 0.8499762493631114 0.010440909344217052 0.011105495950450068
0 0.6608996598616891 0.5364317168360171 0.010037878285283628 0.010613835376241932
0 0.7559425934501316 0.20705424184384552 0.008648084557574728 0.008692658465841541
0 0.8102133999700132 0.07112118731374326 0.009047757024350374 0.01003041993016782
0 0.7635201993195906 0.7955031187637992 0.012394283128821331 0.01339058254076087
0 0.8944075833196226 0.8420577671216882 0.010683101156483526 0.010132250578507133
0 0.5774653165236764 0.5065670013427735 0.009769460429315981 0.009813640428626019
0 0.5843706338301949 0.30822695856509 0.009234677190366 0.010112430738366169
0 0.646895522656648 0.9313573422639265 0.008942417476488196 0.009713380233101223
0 0.6758405643960704 0.5623719795890476 0.011744167493737263 0.011991874031398609
0 0.746981019559114 0.18690770605336066 0.008748469145401665 0.009830350461213486
0 0.5854195719179901 0.28830072154169495 0.009720180345618206 0.009948813396951427
0 0.6851314876390541 0.7548895089522653 0.012774260147758152 0.010649183522100035
0 0.6908316612243652 0.13237196984498398 0.011312526205311651 0.01139210618060568
0 0.7940595046333645 0.125505224518154 0.009684770003609035 0.008758866268655529
0 0.670116082481716 0.4977750778198242 0.010328977004341457 0.011297060095745583
0 0.771485888439676 0.17359844498012375 0.009758534638778023 0.010799262834631878
0 0.665425093277641 0.5078353674515433 0.009565104608950407 0.009832257809846298
0 0.871845286825429 0.6707607144894807 0.011583162390667458 0.012456520743992016
0 0.6941475038943083 0.7404045644013779 0.009842623835024626 0.010372949683147926
0 0.7499795996624491 0.2034323111824367 0.009980823682702106 0.009548311648161514
0 0.5825656082319177 0.5300963857899541 0.009501353554103685 0.008710944134256115
0 0.7638996373052183 0.3216214076332423 0.009384486986243206 0.009328904359237007
0 0.6284568931745447 0.911823438561481 0.008384725321894106 0.008688719376273777
0 0.8134781795999279 0.7607189883356509 0.010469768358313519 0.010799781135890796
0 0.909644023231838 0.3316210974817691 0.011231588280719261 0.011661467344864555
0 0.6916136741638184 0.7652805784474248 0.009885248930557915 0.010491122370180876
0 0.6921841579934827 0.5290010286414105 0.012444205906080164 0.011466482411260191
0 0.6596777542777681 0.4925667617631996 0.010281853053880774 0.011209218398384426
0 0.6764552696891453 0.5179675661999247 0.010136189668074898 0.01154321172963018
0 0.6452672999838124 0.5260907774386199 0.011252071546471638 0.010667489922564964
0 0.6486637177674666 0.28812485155851947 0.008428262627643087 0.009712011917777683
0 0.7680706977844239 0.2779560607412587 0.009166427280591883 0.010874810426131538
0 0.690666675567627 0.5485727890678074 0.010072086168372112 0.011427174443783968
0 0.7065520286560059 0.6845992544422979 0.011685620183530062 0.012570754341457203
0 0.7241873533829397 0.6741093759951383 0.008448725161345108 0.009127907131029211
0 0.7701429284137227 0.19243482921434485 0.009505645088527514 0.010511398315429688
0 0.8032558897267217 0.16766462637030563 0.009703636169433594 0.009148048317950705
0 0.6141585474428923 0.5161790225816809 0.011124859685483187 0.011789280435313349
0 0.6648669761160145 0.9349536066469939 0.00907153668610946 0.009527621061905571
0 0.7751410940419072 0.3362591473952584 0.009627466616423233 0.010916274526844854
0 0.6561592350835386 0.9251212659089463 0.008053738137950068 0.009228499039359715
0 0.7115980853205142 0.8494698275690493 0.009535706561544666 0.010592128919518513
0 0.7584214417830758 0.19334471744039788 0.010092362113620922 0.010782780854598335
0 0.7367591235948646 0.859465163687001 0.009267433829929518 0.009905980980914572
0 0.7534799783126168 0.9309903849726138 0.010394593943720278 0.011270440143087635
0 0.7250300697658372 0.8223627131918201 0.010611575582753057 0.012722554414168648
0 0.899016566898512 0.941506924836532 0.01026315274445907 0.009886617245881454
0 0.6257642663043478 0.9360503735749617 0.009043320365574049 0.009060403575067934
0 0.7685561594755754 0.18307641278142517 0.008448683697244396 0.01058029091876486
0 0.9151685341544774 0.9563732976498811 0.010921353879182236 0.010832247526749321
0 0.9174607111060102 0.9290266658948816 0.01031481701394786 0.011290799016537874
0 0.727364851080853 0.8467824562736179 0.009881351305090862 0.010279655456542969
0 0.8869610869366191 0.3876693559729535 0.009286175603451937 0.010279116423233696
0 0.6020165319028108 0.2997065627056619 0.009414009425951086 0.008579502934994905
0 0.6477946820466414 0.835838566655698 0.008748095968495245 0.008351367452870245
0 0.8698276644167693 0.7850301991338314 0.009656118310016134 0.009860163149626358
0 0.9335853949837063 0.7052324336508046 0.009581814641537874 0.011127098746921704
0 0.5753273756607719 0.5187614482382069 0.008184474447499151 0.007945392442786175
0 0.6724684964055601 0.28520233734794287 0.009055386418881624 0.00964454982591712
0 0.6382225803706958 0.5110406564629596 0.010596461918043054 0.011276348777439282
0 0.8785910399063773 0.8537663584170133 0.009818864905315897 0.010855964992357336
0 0.673850681470788 0.5394284932509713 0.010491744331691578 0.010662306909975798
0 0.6075460081515105 0.5028262138366699 0.010990246482517407 0.011683298193890114
0 0.6004268190135127 0.9137063441069229 0.007685246674910835 0.008173113283903702
0 0.6515304316645083 0.2472739012345024 0.009328427522078804 0.010593621627144192
0 0.5918169436247452 0.5370294529458751 0.010280360346255095 0.009759198064389437
0 0.6354261895884639 0.92773727748705 0.008682831473972486 0.0078014705492102585
0 0.9136992744777515 0.6129603178604789 0.011444506437882133 0.010945154272991676
0 0.6501333091569983 0.49909353256225586 0.009669822195301886 0.010151033816130264
0 0.8980497691942297 0.6559400351151176 0.012555578480596128 0.012065265489661175
0 0.7061282862787661 0.7521538319795029 0.011652987936268682 0.012848936993142834
0 0.6906300627666973 0.7515897128892981 0.010248059811799423 0.009392572485882303
0 0.6698075895724089 0.5273324821306311 0.01070911987968113 0.009677202805228855
0 0.6166311761607295 0.9206101168756899 0.008522448332413383 0.00798909560493801
0 0.6203114468118419 0.8915180123370626 0.007866403330927309 0.0073642730712890625
0 0.6308746959852136 0.48786519921344257 0.008442132369331692 0.008837907210640285
0 0.6047399769658628 0.9519799066626509 0.007075434145720109 0.007973173390264097
0 0.6057872772216797 0.9420788806417713 0.008139402970023777 0.008092631464419157
0 0.6338091933208964 0.8822530663531759 0.008439810379691746 0.008655216382897419
0 0.6990211528280506 0.778574964274531 0.009548726289168648 0.010865460271420687
0 0.618162030759065 0.9456313589344855 0.008534472921620245 0.008892888608186142
0 0.8363451263915267 0.4884752659743439 0.01198590320089589 0.012992133264956266
