0 0.682065 0.318614 0.008152 0.012228
0 0.7044839999999999 0.34307099999999996 0.009511 0.009511
0 0.711277 0.338315 0.009511 0.01087
0 0.716712 0.34442899999999993 0.006793 0.009511
0 0.719429 0.306386 0.009511 0.009511
0 0.7194290000000001 0.34986399999999995 0.006793 0.009511
0 0.720788 0.324728 0.006793 0.008152
0 0.722147 0.290761 0.009511 0.008152
0 0.7241850000000001 0.34442899999999993 0.008152 0.009511
0 0.7241850000000001 0.332201 0.008152 0.006793
0 0.726223 0.28396699999999997 0.009511 0.008152
0 0.726902 0.3240489999999999 0.01087 0.006793
0 0.72894 0.31725499999999995 0.009511 0.006793
0 0.7282609999999999 0.353261 0.005435 0.008152
0 0.72894 0.366848 0.006793 0.01087
0 0.72962 0.29619599999999996 0.008152 0.008152
0 0.72962 0.26698399999999994 0.008152 0.009511
0 0.730978 0.30163000000000006 0.008152 0.005435
0 0.733696 0.27649499999999994 0.008152 0.006793
0 0.7350540000000001 0.3539399999999999 0.008152 0.009511
0 0.7357339999999999 0.259511 0.009511 0.01087
0 0.736413 0.37703799999999993 0.01087 0.006793
0 0.737092 0.338315 0.009511 0.01087
0 0.7377720000000001 0.368207 0.008152 0.008152
0 0.7404890000000001 0.277853 0.008152 0.006793
0 0.7411680000000002 0.25000000000000006 0.006793 0.01087
0 0.7432069999999998 0.29008199999999995 0.01087 0.009511
0 0.7432070000000001 0.26902199999999993 0.008152 0.008152
0 0.7438859999999999 0.2629079999999999 0.009511 0.009511
0 0.7466029999999999 0.357337 0.009511 0.01087
0 0.7493209999999999 0.24252699999999996 0.009511 0.006793
0 0.7513590000000001 0.235734 0.008152 0.009511
0 0.753397 0.22554299999999997 0.009511 0.008152
0 0.7554350000000001 0.188179 0.008152 0.006793
0 0.7561140000000001 0.19497299999999998 0.006793 0.006793
0 0.757473 0.173913 0.006793 0.008152
0 0.758152 0.24252699999999996 0.008152 0.009511
0 0.7635870000000001 0.235054 0.008152 0.008152
0 0.7642660000000001 0.174592 0.006793 0.006793
0 0.7642660000000001 0.219429 0.006793 0.006793
0 0.764946 0.22622299999999998 0.008152 0.006793
0 0.7663040000000001 0.19701099999999996 0.008152 0.008152
0 0.7669840000000001 0.205163 0.006793 0.008152
0 0.769701 0.215353 0.006793 0.006793
0 0.77106 0.222147 0.006793 0.006793
0 0.7724180000000002 0.185462 0.006793 0.006793
0 0.7724180000000002 0.19293499999999997 0.006793 0.008152
0 0.7751360000000002 0.204484 0.006793 0.006793
0 0.775815 0.16576099999999996 0.008152 0.008152
0 0.776495 0.215353 0.006793 0.006793
0 0.777853 0.146739 0.006793 0.01087
0 0.777853 0.22622299999999998 0.006793 0.006793
0 0.777853 0.19633199999999998 0.006793 0.006793
0 0.779212 0.18070699999999998 0.006793 0.008152
0 0.780571 0.216712 0.006793 0.006793
0 0.780571 0.21263599999999996 0.006793 0.006793
0 0.780571 0.204484 0.006793 0.006793
0 0.780571 0.20855999999999997 0.006793 0.006793
0 0.780571 0.222147 0.006793 0.006793
0 0.78125 0.430707 0.008152 0.008152
0 0.7819290000000001 0.14606 0.006793 0.009511
0 0.7846470000000001 0.177989 0.006793 0.008152
0 0.7846470000000001 0.19633199999999998 0.006793 0.006793
0 0.7846470000000001 0.216712 0.006793 0.006793
0 0.786685 0.42459199999999997 0.01087 0.009511
0 0.786005 0.20991799999999997 0.006793 0.006793
0 0.786005 0.220788 0.006793 0.006793
0 0.7866850000000001 0.430707 0.008152 0.008152
0 0.7873640000000001 0.201766 0.006793 0.006793
0 0.7873640000000001 0.205842 0.006793 0.006793
0 0.7880430000000002 0.14538 0.008152 0.008152
0 0.788723 0.215353 0.006793 0.006793
0 0.788723 0.19768999999999998 0.006793 0.006793
0 0.7900820000000001 0.192255 0.006793 0.006793
0 0.7900820000000001 0.20991799999999997 0.006793 0.006793
0 0.7907610000000002 0.141984 0.008152 0.006793
0 0.79144 0.216712 0.006793 0.006793
0 0.79144 0.190897 0.006793 0.006793
0 0.7927990000000001 0.21263599999999996 0.006793 0.006793
0 0.7927990000000001 0.222147 0.006793 0.006793
0 0.794158 0.19904899999999998 0.006793 0.006793
0 0.794158 0.205842 0.006793 0.006793
0 0.794158 0.203125 0.006793 0.006793
0 0.7955160000000001 0.19497299999999998 0.006793 0.006793
0 0.7955160000000001 0.20991799999999997 0.006793 0.006793
0 0.796875 0.218071 0.006793 0.006793
0 0.7982340000000001 0.16508199999999998 0.006793 0.006793
0 0.7982340000000001 0.207201 0.006793 0.006793
0 0.7982340000000001 0.19904899999999998 0.006793 0.006793
0 0.7989129999999999 0.173234 0.005435 0.004076
0 0.7989129999999999 0.169158 0.005435 0.004076
0 0.799592 0.21127699999999996 0.006793 0.006793
0 0.800951 0.203125 0.006793 0.006793
0 0.800951 0.192255 0.006793 0.006793
0 0.800951 0.141984 0.006793 0.009511
0 0.800951 0.182745 0.006793 0.006793
0 0.80231 0.19768999999999998 0.006793 0.006793
0 0.80231 0.216712 0.006793 0.006793
0 0.80231 0.17730999999999997 0.006793 0.006793
0 0.8036680000000002 0.152174 0.006793 0.008152
0 0.8036680000000002 0.20855999999999997 0.006793 0.006793
0 0.805027 0.188179 0.006793 0.006793
0 0.805027 0.213995 0.006793 0.006793
0 0.805027 0.192255 0.006793 0.006793
0 0.8063860000000002 0.204484 0.006793 0.006793
0 0.8063860000000002 0.200408 0.006793 0.006793
0 0.8063860000000002 0.182745 0.006793 0.006793
0 0.8063860000000002 0.216712 0.006793 0.006793
0 0.807745 0.21127699999999996 0.006793 0.006793
0 0.807745 0.17730999999999997 0.006793 0.006793
0 0.809103 0.19633199999999998 0.006793 0.006793
0 0.809103 0.188179 0.006793 0.006793
0 0.810462 0.13315200000000002 0.006793 0.008152
0 0.810462 0.182745 0.006793 0.006793
0 0.810462 0.192255 0.006793 0.006793
0 0.8111410000000001 0.14266300000000004 0.008152 0.008152
0 0.811821 0.175951 0.006793 0.006793
0 0.811821 0.213995 0.006793 0.006793
0 0.813179 0.123641 0.009511 0.008152
0 0.814538 0.200408 0.006793 0.006793
0 0.814538 0.19768999999999998 0.006793 0.006793
0 0.814538 0.189538 0.006793 0.006793
0 0.814538 0.184103 0.006793 0.006793
0 0.815897 0.431386 0.009511 0.009511
0 0.8158970000000001 0.19768999999999998 0.006793 0.006793
0 0.8158970000000001 0.207201 0.006793 0.006793
0 0.8158970000000001 0.18002699999999996 0.006793 0.006793
0 0.8158970000000001 0.192255 0.006793 0.006793
0 0.8158970000000001 0.174592 0.006793 0.006793
0 0.817255 0.170516 0.006793 0.006793
0 0.817255 0.20991799999999997 0.006793 0.006793
0 0.8186140000000001 0.161005 0.006793 0.006793
0 0.8186140000000001 0.190897 0.006793 0.006793
0 0.8186140000000001 0.184103 0.006793 0.006793
0 0.8186140000000001 0.19633199999999998 0.006793 0.006793
0 0.8186140000000001 0.201766 0.006793 0.006793
0 0.8192930000000002 0.141304 0.008152 0.01087
0 0.819973 0.11956500000000002 0.009511 0.008152
0 0.819973 0.216712 0.006793 0.006793
0 0.8213320000000001 0.174592 0.006793 0.006793
0 0.82269 0.207201 0.006793 0.006793
0 0.82269 0.17866799999999997 0.006793 0.006793
0 0.82269 0.218071 0.006793 0.006793
0 0.8240490000000001 0.19633199999999998 0.006793 0.006793
0 0.8240490000000001 0.201766 0.006793 0.006793
0 0.8240490000000001 0.21263599999999996 0.006793 0.006793
0 0.8240490000000001 0.185462 0.006793 0.006793
0 0.825408 0.11413000000000001 0.009511 0.008152
0 0.825408 0.184103 0.006793 0.006793
0 0.825408 0.190897 0.006793 0.006793
0 0.825408 0.161005 0.006793 0.006793
0 0.8260870000000001 0.102582 0.008152 0.009511
0 0.8260870000000001 0.146739 0.008152 0.008152
0 0.8267660000000001 0.18002699999999996 0.006793 0.006793
0 0.828125 0.169158 0.006793 0.006793
0 0.8288040000000001 0.13994600000000001 0.008152 0.008152
0 0.8294840000000001 0.174592 0.006793 0.006793
0 0.8294840000000001 0.213995 0.006793 0.006793
0 0.8294840000000001 0.205842 0.006793 0.006793
0 0.8294840000000001 0.19768999999999998 0.006793 0.006793
0 0.8294840000000001 0.200408 0.006793 0.006793
0 0.830842 0.093071 0.009511 0.012228
0 0.8301629999999999 0.15557100000000001 0.005435 0.009511
0 0.830842 0.193614 0.006793 0.006793
0 0.830842 0.188179 0.006793 0.006793
0 0.830842 0.18138599999999996 0.006793 0.006793
0 0.830842 0.20991799999999997 0.006793 0.006793
0 0.83356 0.11413000000000001 0.006793 0.01087
0 0.83356 0.218071 0.006793 0.006793
0 0.8349180000000002 0.16508199999999998 0.006793 0.006793
0 0.8349180000000002 0.171875 0.006793 0.006793
0 0.8349180000000002 0.19768999999999998 0.006793 0.006793
0 0.8349180000000002 0.17730999999999997 0.006793 0.006793
0 0.8349180000000002 0.161005 0.006793 0.006793
0 0.835598 0.139266 0.008152 0.009511
0 0.8369570000000001 0.147418 0.008152 0.009511
0 0.8376359999999999 0.103261 0.009511 0.01087
0 0.8376359999999999 0.12160300000000002 0.009511 0.006793
0 0.8376360000000002 0.192255 0.006793 0.006793
0 0.8376360000000002 0.186821 0.006793 0.006793
0 0.8376360000000002 0.203125 0.006793 0.006793
0 0.8376360000000002 0.18138599999999996 0.006793 0.006793
0 0.838995 0.20855999999999997 0.006793 0.006793
0 0.838995 0.170516 0.006793 0.006793
0 0.8396740000000001 0.131114 0.008152 0.006793
0 0.840353 0.16508199999999998 0.006793 0.006793
0 0.840353 0.21263599999999996 0.006793 0.006793
0 0.841712 0.189538 0.006793 0.006793
0 0.841712 0.19768999999999998 0.006793 0.006793
0 0.841712 0.175951 0.006793 0.006793
0 0.843071 0.203125 0.006793 0.006793
0 0.843071 0.193614 0.006793 0.006793
0 0.843071 0.185462 0.006793 0.006793
0 0.844429 0.11345100000000001 0.009511 0.009511
0 0.8444290000000001 0.20855999999999997 0.006793 0.006793
0 0.845788 0.200408 0.006793 0.006793
0 0.847147 0.147418 0.009511 0.006793
0 0.8471470000000001 0.19497299999999998 0.006793 0.006793
0 0.848505 0.182745 0.006793 0.006793
0 0.848505 0.190897 0.006793 0.006793
0 0.848505 0.188179 0.006793 0.006793
0 0.848505 0.21263599999999996 0.006793 0.006793
0 0.848505 0.161005 0.006793 0.006793
0 0.8498639999999998 0.101902 0.009511 0.01087
0 0.8498640000000001 0.207201 0.006793 0.006793
0 0.8498640000000001 0.19633199999999998 0.006793 0.006793
0 0.8498640000000001 0.204484 0.006793 0.006793
0 0.851902 0.15421200000000002 0.005435 0.006793
0 0.8532609999999999 0.143342 0.005435 0.006793
0 0.85394 0.21263599999999996 0.006793 0.006793
0 0.85394 0.13315200000000002 0.006793 0.008152
0 0.8552990000000001 0.185462 0.006793 0.006793
0 0.856658 0.21875 0.006793 0.008152
0 0.8580160000000001 0.10597800000000002 0.006793 0.01087
0 0.8580160000000001 0.129076 0.006793 0.008152
0 0.859375 0.19565199999999996 0.006793 0.008152
0 0.8607339999999999 0.13519000000000003 0.009511 0.006793
0 0.8607340000000001 0.157609 0.006793 0.008152
0 0.862092 0.28872299999999995 0.009511 0.009511
0 0.862772 0.107337 0.005435 0.008152
0 0.86413 0.223505 0.008152 0.006793
0 0.86413 0.125679 0.008152 0.006793
0 0.8654890000000001 0.274457 0.008152 0.008152
0 0.8654890000000001 0.152853 0.008152 0.006793
0 0.866848 0.236413 0.008152 0.005435
0 0.866848 0.20788 0.008152 0.008152
0 0.866848 0.214674 0.008152 0.005435
0 0.8682070000000001 0.131114 0.008152 0.009511
0 0.869565 0.26086999999999994 0.008152 0.008152
0 0.869565 0.22962 0.008152 0.008152
0 0.870245 0.11345100000000001 0.009511 0.006793
0 0.8709240000000001 0.172554 0.008152 0.008152
0 0.872283 0.107337 0.01087 0.008152
0 0.871603 0.2941579999999999 0.006793 0.009511
0 0.8722829999999999 0.221467 0.005435 0.008152
0 0.8736410000000001 0.153533 0.008152 0.008152
0 0.8736410000000001 0.134511 0.008152 0.008152
0 0.8736410000000001 0.24320699999999998 0.008152 0.008152
0 0.874321 0.201766 0.006793 0.009511
0 0.8756790000000001 0.237092 0.006793 0.009511
0 0.877717 0.190217 0.008152 0.008152
0 0.877717 0.14538 0.008152 0.008152
0 0.879076 0.209239 0.008152 0.008152
0 0.879076 0.26766299999999993 0.008152 0.008152
0 0.8804350000000001 0.28532599999999997 0.008152 0.008152
0 0.8817930000000002 0.13519 0.008152 0.009511
0 0.88587 0.144022 0.008152 0.008152
