1 0.8989229759306576 0.058406592718304416 0.0098468987334851 0.009711029168268371
1 0.8980783287681358 0.16932371852018835 0.009375 0.008967391304347826
1 0.8744321647606088 0.12421502286801438 0.00883152173913043 0.013162339017136199
1 0.8972567513843579 0.031879882481996344 0.009646739130434782 0.009375
1 0.9195763647586263 0.07786930047823322 0.010116208034070245 0.009234270775082406
1 0.9093542877662543 0.09186834702687491 0.008695652173913044 0.007880434782608695
1 0.8893778169345229 0.2213023316203159 0.009918478260869565 0.011141304347826087
1 0.9202187079060965 0.05675087313461237 0.007744565217391306 0.009116981305231925
1 0.9096903169345225 0.10267726695120784 0.008695652173913044 0.008016304347826088
1 0.9191317513843577 0.035140752047213744 0.009646739130434782 0.009103260869565217
1 0.8848298312445152 0.1036332135674297 0.008831521739130434 0.009103260869565217
1 0.8952881430214794 0.20622080988118544 0.010869565217391304 0.010054347826086957
1 0.8997706237587282 0.11416431978670268 0.008964961474497718 0.011539193724077867
1 0.9086795141820191 0.05109935138563199 0.009103260869565217 0.009103260869565217
1 0.8836712951953924 0.17591703717800705 0.009918478260869565 0.012218541550164809
1 0.8730734691084362 0.09864182941807824 0.009103260869565217 0.010928995595524576
1 0.8847567513843579 0.045806512916778966 0.008831521739130434 0.008967391304347826
1 0.8877164520479224 0.1472485589171374 0.011610773251460932 0.011946802419730002
1 0.8936613529836452 0.19072560487177764 0.009103260869565217 0.009646739130434782
1 0.9122024035582709 0.02168966509069199 0.009375 0.008831521739130434
1 0.8887497808200613 0.13012988371213802 0.00988427045311879 0.01065968629493994
1 0.8980734691084353 0.13661615798141397 0.007744565217391303 0.012149391852631024
1 0.8773530749949349 0.016055508522153542 0.009508439735367287 0.008405332948111308
1 0.8954931622842307 0.0813542496165527 0.009916048431019307 0.010864705557691088
1 0.9084659905147926 0.31795325204721386 0.010869565217391304 0.010869565217391304
1 0.8762709781328962 0.030921506035924303 0.009375 0.009918478260869565
1 0.9003832517171314 0.15044635335944626 0.009918478260869565 0.009646739130434782
1 0.8967897123105719 0.04539282964650151 0.008831521739130434 0.008559782608695651
1 0.8811577082388706 0.0859083098811854 0.012228260869565218 0.012364130434782607
1 0.8898030103669404 0.24134495720987295 0.011040604256139664 0.011552642483461445
1 0.8844185778040883 0.15839472292466378 0.010054347826086957 0.010597826086956521
1 0.8530348526508721 0.03629764390969475 0.009503580075667248 0.011960522855396777
1 0.8681127296452276 0.04322499117764853 0.009510869565217392 0.00923913043478261
1 0.9072470945904598 0.13732886574134273 0.007608695652173912 0.009918478260869565
1 0.8675707517171318 0.11328116761278956 0.00869565217391304 0.01167506328929522
1 0.8978090194675513 0.1822288973859904 0.009918478260869565 0.009510869565217392
1 0.9082621861669665 0.3375184694385183 0.012635869565217395 0.011956521739130435
1 0.8607139129155047 0.026041921565631787 0.008695652173913042 0.010203937826971113
1 0.875366628646147 0.13854218124726617 0.010972188640640545 0.010566655775639578
1 0.876878746431599 0.05089797686765601 0.00991361860116936 0.011813362684362736
1 0.9043971930478207 0.07236901291677897 0.010054347826086957 0.010190217391304348
1 0.8903868894290389 0.32609050820032404 0.010869565217391304 0.010869565217391304
1 0.9027894069214962 0.22888478372542298 0.011040604256139664 0.011552642483461445
1 0.8903211716351701 0.11575380147022252 0.009166868156156908 0.010680148700957126
1 0.9283891380058769 0.11244804115802152 0.009930773835836293 0.009662991681818354
1 0.8968143699124479 0.09668210736137046 0.011458585195195922 0.00915441317224893
1 0.8613511191381287 0.052452266274849675 0.007893692023357204 0.008137256153110197
1 0.8706919626611714 0.0635138488579838 0.009582823102065471 0.007882966898325478
1 0.8824455130127643 0.06304646520768958 0.010011433695510673 0.007965356616875708
1 0.9304442532193071 0.052538216042966907 0.008738257562709954 0.011016827674292039
1 0.9295753264552331 0.09561841540860616 0.0065335282071147275 0.0063572313696173685
1 0.9253887147060617 0.06758069690975542 0.01272543350422673 0.00940514237746669
1 0.8931805224581174 0.01767310320753619 0.009421503382716878 0.007374388388756105
1 0.9278109132702653 0.01449448752272752 0.00993077383583639 0.006611520624402025
1 0.9070581423056328 0.011824450347488242 0.01222249087487583 0.0033057603122010116
1 0.8558764617670905 0.01678309081578976 0.009166868156156624 0.008137256153110188
1 0.9314447607245959 0.08567898961642584 0.00534733975775822 0.007628677643540804
1 0.8657916772876706 0.01235375343132258 0.008461474952960657 0.0037230489793026967
