0 0.453125 0.502717 0.014946 0.016304
0 0.091033 0.828804 0.01087 0.01087
0 0.100543 0.826087 0.01087 0.01087
0 0.224864 0.7017659999999999 0.012228 0.009511
0 0.233016 0.683424 0.012228 0.01087
0 0.24252699999999996 0.561821 0.014946 0.017663
0 0.277853 0.5638590000000001 0.006793 0.01087
0 0.285326 0.563179 0.01087 0.009511
0 0.342391 0.82269 0.01087 0.012228
0 0.34307099999999996 0.5108700000000002 0.009511 0.01087
0 0.34986399999999995 0.917799 0.009511 0.009511
0 0.35394 0.5373640000000001 0.012228 0.012228
0 0.36073399999999994 0.911005 0.009511 0.009511
0 0.36073399999999994 0.9001359999999999 0.009511 0.009511
0 0.362772 0.8111409999999999 0.01087 0.01087
0 0.36413000000000006 0.480299 0.008152 0.012228
0 0.366168 0.906929 0.009511 0.009511
0 0.367527 0.89606 0.009511 0.009511
0 0.371603 0.48505400000000004 0.009511 0.008152
0 0.371603 0.921196 0.009511 0.01087
0 0.371603 0.8811139999999998 0.009511 0.009511
0 0.37567899999999993 0.8892659999999999 0.009511 0.009511
0 0.37839699999999993 0.9001359999999999 0.009511 0.009511
0 0.386549 0.36141299999999993 0.014946 0.013587
0 0.3851899999999999 0.917799 0.009511 0.009511
0 0.3851899999999999 0.898777 0.009511 0.009511
0 0.3879079999999999 0.8892659999999999 0.009511 0.009511
0 0.39198399999999994 0.921875 0.009511 0.009511
0 0.39334199999999997 0.8688859999999999 0.009511 0.009511
0 0.39538000000000006 0.935462 0.01087 0.009511
0 0.396739 0.91712 0.008152 0.008152
0 0.400815 0.923913 0.008152 0.008152
0 0.402174 0.49932099999999996 0.008152 0.009511
0 0.404891 0.942935 0.008152 0.01087
0 0.40625 0.491168 0.008152 0.009511
0 0.40964699999999993 0.870245 0.009511 0.009511
0 0.411685 0.955163 0.01087 0.008152
0 0.410326 0.9470109999999999 0.005435 0.01087
0 0.41372299999999995 0.9701090000000001 0.009511 0.008152
0 0.418478 0.9442930000000002 0.008152 0.008152
0 0.418478 0.976902 0.008152 0.008152
0 0.423913 0.944973 0.008152 0.009511
0 0.427989 0.955163 0.01087 0.008152
0 0.4375 0.5720110000000002 0.008152 0.01087
0 0.441576 0.5129079999999999 0.01087 0.009511
0 0.441576 0.5720110000000002 0.008152 0.008152
0 0.44225499999999995 0.594429 0.009511 0.009511
0 0.442935 0.5224179999999999 0.01087 0.009511
0 0.44497299999999995 0.533288 0.009511 0.009511
0 0.44497299999999995 0.5869570000000001 0.009511 0.008152
0 0.456522 0.976223 0.01087 0.009511
0 0.476902 0.972147 0.01087 0.009511
0 0.495924 0.36888600000000005 0.01087 0.012228
0 0.501359 0.7561140000000001 0.013587 0.02038
0 0.5067930000000002 0.36277199999999993 0.008152 0.013587
0 0.514946 0.335598 0.01087 0.01087
0 0.55231 0.36752700000000005 0.009511 0.012228
0 0.5597830000000001 0.37024499999999994 0.008152 0.009511
0 0.5625000000000001 0.408967 0.008152 0.01087
0 0.5686139999999998 0.41508199999999995 0.009511 0.009511
0 0.588315 0.247283 0.008152 0.008152
0 0.5937500000000001 0.251359 0.008152 0.008152
0 0.6807069999999998 0.843071 0.013587 0.02038
0 0.706522 0.789402 0.013587 0.016304
0 0.714674 0.8029889999999998 0.013587 0.016304
