1 0.5749321191207223 0.8351925145024839 0.01038887189782184 0.011198209679645042
1 0.5793188136556874 0.7414807444033414 0.011311116425887398 0.012100136798361073
1 0.44697324089382007 0.6979480619015901 0.010879972706670347 0.011161845663319464
1 0.5730175557343855 0.7591466074404509 0.011593072310737942 0.012865564097528872
1 0.08813885502193285 0.48452487717504084 0.010032892227172852 0.010502639024154
1 0.5712561192719832 0.8886928972990618 0.010437219039253567 0.012915486874787704
1 0.2113978137140689 0.34365889883559686 0.010687537815259851 0.01161667445431585
1 0.0826375380806301 0.10444101561670718 0.009420104648755945 0.009648727334063986
1 0.20168117854906165 0.40969937262327777 0.010246193927267323 0.01019939132358717
1 0.5559821854466978 0.7867746975110925 0.01108532366545304 0.011323887368907099
1 0.2116187344426694 0.3879085209058679 0.011461133542268173 0.01114629662555197
1 0.5613938414532206 0.8254699914351754 0.01113141101339589 0.011180836221446161
1 0.568101053652556 0.8445217091104259 0.00977814715841542 0.01131501405135445
1 0.19146496316661005 0.4599499339642732 0.010947849439538044 0.011457308478977368
1 0.2047379016876221 0.44316189185432764 0.009805368340533712 0.010546124499777088
1 0.5834051629771357 0.7797394835430644 0.011788824330205503 0.01361834484597911
1 0.5613115974094556 0.771084972049879 0.011225824770720108 0.012751330500063688
1 0.4002384672994199 0.7105664792268174 0.009453618008157482 0.009404140969981318
1 0.40192942515663477 0.8783209427543308 0.010313811509505562 0.01042540177055027
1 0.08714270073434582 0.4713472698045814 0.010491920554119606 0.01039048899774966
1 0.5511353326880414 0.8492108635280442 0.01332253995149032 0.01420916681704314
1 0.5869877027428668 0.9142501872518788 0.010789871215820312 0.010583172673764437
1 0.5909769535064697 0.815788870272429 0.010717827340830927 0.021728557089100712
1 0.5859383500140646 0.8345893154973568 0.010328334310780401 0.011191285174825916
1 0.06730252245198125 0.06599416940108589 0.01047812337460725 0.011417326719864555
1 0.3878278136253357 0.8594753431237262 0.010552991991457731 0.010709430860436481
1 0.5534345792687457 0.6864567424940026 0.011725715968919836 0.012767999068550442
1 0.07901805380116338 0.04938637173694113 0.011176409928695015 0.011469291604083519
1 0.22362462334010913 0.42314610273941705 0.009451492972995924 0.009726607281228771
1 0.3837877822958905 0.8450437214063561 0.009966135025024414 0.009692565254543139
1 0.20644997513812519 0.4803446686786154 0.01029663500578507 0.010693218397057575
1 0.2190947221673053 0.774796195652174 0.01003246722014054 0.010090869405995245
1 0.5971187093983525 0.8575232754582944 0.010950586070185122 0.01111664979354195
1 0.5620248628699261 0.7147415409917416 0.021330045617145042 0.01200078881305197
1 0.43250268438588024 0.7154150423796279 0.01090451945429263 0.010999016139818274
1 0.09267344682112984 0.45086796905683435 0.01054902698682702 0.011329536852629288
1 0.42696882330853014 0.6686019275499426 0.010849330736243206 0.010842323303222656
1 0.4119698742161627 0.8334078166795813 0.009389099867447563 0.009105599444845448
1 0.2176145367000414 0.3297826103542162 0.012268916420314625 0.013582810111667797
1 0.185301863628885 0.49229789816814923 0.012194716412088146 0.011877018472422724
1 0.5691457831341288 0.8610857673313306 0.012824099996815557 0.01662668974503227
1 0.5788462265678074 0.7960870991582456 0.010553277057150135 0.010188310042671535
1 0.5661299332328464 0.6980178252510403 0.011571593906568445 0.011162965194038723
1 0.3992296094479768 0.9307729679605236 0.009396801824155062 0.010875743368397589
1 0.23279671047044836 0.34732281125110126 0.011731520943019703 0.010590045348457668
1 0.4275842127592667 0.7607413996820864 0.009770559227984884 0.00995611107867697
1 0.12519100956294849 0.12037984184596849 0.010182784951251488 0.010349273681640625
1 0.06640253637147986 0.5010573138361392 0.009287372879360033 0.01007216909657354
1 0.559177066968835 0.7376357368800952 0.011185563128927479 0.012404897938603941
1 0.43776673855988874 0.6740529744521432 0.010698069696841032 0.012333185776420261
1 0.37850561608438904 0.9386056195134702 0.010310126387554665 0.01147008978802225
1 0.38766424033952795 0.8780852608058765 0.010183552037114683 0.010092362113620922
1 0.41962634480517835 0.81668061795442 0.009132416351981785 0.00928472435992697
1 0.10070246717204219 0.017027746724045795 0.010447242985601011 0.010578599960907646
1 0.099324283392533 0.40756140843681665 0.0108468947203263 0.011152614717898161
1 0.1213397046794062 0.02086748571499534 0.011020764060642407 0.011285505864931189
1 0.20514868653338886 0.4205958739570949 0.01124628730442213 0.010835398798403532
1 0.10748572971509851 0.05017545819282532 0.010961656985075577 0.01660159618958183
1 0.5687127424323041 0.7130636546922766 0.011036437490712042 0.011676290760869566
1 0.400118218815845 0.9479936102162237 0.009956665661024012 0.009780966717263927
1 0.2742457908132802 0.3395604050677756 0.009680312612782354 0.011709088864533798
1 0.599856542504352 0.8989469694054645 0.010789705359417458 0.011159730994183083
1 0.1594764097877171 0.062061773694079864 0.011109300281690515 0.01078393666640572
1 0.13380764878314474 0.047805869061013924 0.009648053542427395 0.010679296825243078
1 0.3563794480717701 0.9116762824680495 0.009712677934895391 0.010131918865701427
1 0.5926844348078188 0.8693172413369885 0.011203226835831352 0.011035711868949558
1 0.38799491135970404 0.9873099741728408 0.010378671729046364 0.00924894084101138
1 0.13540005683898926 0.08917823304300723 0.011382538339366083 0.011270455692125403
1 0.20516940821772034 0.46023206088853924 0.010462719461192255 0.010837969572647758
1 0.14434007976366126 0.0126439925769101 0.01017835865850034 0.010257446895474974
1 0.21875214576721191 0.4682605992192807 0.011390333590300186 0.010630877121635105
1 0.20266094415084177 0.7029106720634128 0.00858238468999448 0.00902383223823879
1 0.1643878636152848 0.034438652836758156 0.009989811026531717 0.010895156342050304
1 0.5784625799759574 0.8709410999132239 0.01230020108430282 0.01115280648936396
1 0.09023941081503162 0.056605225024016 0.01084763070811396 0.011449762012647547
1 0.08207503609035326 0.023072661265082985 0.011102655659551207 0.011358419190282408
1 0.56261654522108 0.7975503258083179 0.009731769561767578 0.011556791222613792
1 0.5667676821998928 0.7299520658410112 0.011192301045293394 0.012147074160368546
1 0.5498767210089642 0.7043915209562883 0.011503903762153957 0.012992527173913044
1 0.14700863672339395 0.046525172565294357 0.010410661282746689 0.011430149493010147
1 0.36214611452558765 0.9375675035559613 0.01039400048877882 0.010568204133406929
1 0.23836043606633728 0.321507593859797 0.010267610135285751 0.011688802553259808
1 0.5838107026141622 0.8832912237747855 0.010065866553265114 0.010848791702933933
1 0.08674958737000177 0.5683351288671079 0.009795080060544222 0.012101816094439964
1 0.5803218198859174 0.7064719822095787 0.01109009203703507 0.015706352565599525
1 0.36777823904286255 0.9847236716228983 0.010543906170388927 0.00927560225777004
1 0.2186204246852709 0.43645141435706103 0.009120111880095108 0.009555236152980639
1 0.11869292155556055 0.06286053553871486 0.010946429294088612 0.011442806409752888
1 0.43189170049584424 0.8005774332129437 0.009448113648787788 0.009980118792989979
1 0.6001231670379639 0.8818593232528024 0.011686718982198963 0.01183683975883152
1 0.1137080140735792 0.08550004337144934 0.011563083399897036 0.011701024096945057
1 0.19392674902211066 0.48042175044184143 0.00979162299114725 0.011508568473484204
1 0.09314191341400146 0.03654631194861039 0.01054097258526346 0.012182544107022493
1 0.20316812266474182 0.5128168230471404 0.010725436003311821 0.010659051978069801
1 0.23576971758966864 0.33453075393386505 0.01019882119220236 0.009782257287398628
1 0.4204775613287221 0.7943241077920665 0.009511398232501486 0.009468534718389097
1 0.39126157760620117 0.9389599924502166 0.010110481925632641 0.01029644841733186
1 0.370779680169147 0.8867633031762164 0.010409106378969938 0.010451150977093239
1 0.11070216220358142 0.03322859302811001 0.011030362999957542 0.010872366635695747
1 0.09002783505812935 0.5188132368999979 0.009831210841303286 0.010714116303817085
1 0.40420720369919494 0.7583031032396399 0.00992589411528214 0.009771181189495584
1 0.1403725406397944 0.05917646833088087 0.010693767796392027 0.010928926260575005
1 0.3334094337795092 0.8787768820057744 0.011287150175675102 0.010335341743800953
1 0.09924294637597127 0.42394812210746435 0.011431341585905655 0.010945423789646313
1 0.36554973021797516 0.859923798104991 0.010667178941809612 0.010825323021930199
1 0.38414525467416516 0.9593513737554136 0.010079871053281038 0.010007360707158628
1 0.3754889965057373 0.8319635183914847 0.00983298343160878 0.01000002156133237
1 0.5801128408183223 0.9034722991611648 0.01014852523803711 0.012587961943253227
1 0.3407206308582554 0.8264042812844982 0.010427769111550373 0.00987044624660326
1 0.3559249522893325 0.8795079148334004 0.010467806588048521 0.009689870087996773
1 0.0673421025276184 0.025973643945611045 0.010167894156082817 0.01073808773704197
1 0.3651346123736838 0.842133729354195 0.010490583336871605 0.011044377865998642
1 0.3565670018610747 0.9256375768910283 0.010193964709406313 0.009675647901452106
1 0.5898428688878599 0.8228521347045898 0.010403239208719006 0.010724440864894703
1 0.3955368892006252 0.9661149356676184 0.00975656509399414 0.010702340499214504
1 0.4132518250009288 0.7237160309501316 0.009632338648257048 0.010876614114512568
1 0.39224911772686505 0.9779090881347656 0.01040394409843113 0.01036859595257303
1 0.37023140554842743 0.9036696890126104 0.00979371692823327 0.009540392004925272
1 0.06897054806999538 0.5339415177055027 0.010694633359494417 0.011452218760614809
1 0.07852034465126369 0.5245072945304539 0.009806239086648693 0.010691311048424763
1 0.3423000703687253 0.9684890871462615 0.00979080925817075 0.009662669637928839
1 0.22324076942775561 0.3954887390136719 0.01054946235988451 0.00939153588336447
1 0.15508199774700665 0.026675989446432694 0.009854482567828634 0.010506462791691656
1 0.09212819389674974 0.07476278232491536 0.010198717531950577 0.011952166971953018
1 0.385245996972789 0.8190554743227751 0.009249542070471722 0.009637418000594429
1 0.3265660752582809 0.9221765891365383 0.010321254801491032 0.010840084241784138
1 0.21372385646985922 0.4083872230156609 0.010814977728802223 0.011001799417578655
1 0.4161822070246157 0.7148610819940983 0.009447968524435291 0.010620780613111414
1 0.07028422666632611 0.5159253141154414 0.010942956675653872 0.010875473851742952
1 0.07411245418631512 0.07968266113944676 0.011378179425778597 0.010492190070774243
1 0.5792326097903043 0.8136545056882112 0.009840467701787535 0.01045463396155316
1 0.09490170686141304 0.0935639194820238 0.00993204116821289 0.009911081065302309
1 0.37516097918800684 0.80727886117023 0.010359504948491636 0.010715360226838486
1 0.5891344339951224 0.8995042676511018 0.00995567570561948 0.020466224006984546
1 0.08567514367725539 0.559586296910825 0.01053458193074102 0.011139372120732847
1 0.38797803547071374 0.9258321264515753 0.00926660454791525 0.010193451591159985
1 0.38535546738168464 0.8904576716215713 0.010393526243126911 0.010009309519892153
1 0.3275752121015735 0.8268230479696522 0.010364977885847506 0.01074455095374066
1 0.2232110396675442 0.3484931821408479 0.010594077732252039 0.010829718216605808
1 0.2491668825564177 0.28882784428803815 0.009951384171195652 0.010265163753343664
1 0.07532663448997166 0.09404759821684465 0.009922400764797045 0.011731230694314709
1 0.4286017314247462 0.7454427014226499 0.00943675248519234 0.010361754375955334
1 0.07350415509680043 0.5490589556486709 0.011056044827336851 0.013780179231063179
1 0.0839264522428098 0.014222101348897684 0.011373846427254055 0.010138586163520813
1 0.4213781875112783 0.6397062799204951 0.009527330813200577 0.009808415951936142
1 0.42783373335133423 0.78412039383598 0.009569354679273523 0.00957513892132303
1 0.4044191940971043 0.693774472112241 0.010389908500339672 0.010890463124150816
1 0.3513972824034483 0.8971455615499744 0.015225651471511177 0.01212111763332201
1 0.4160254675409068 0.7586124668950619 0.013756928236588188 0.009996331256368885
1 0.3694131581679634 0.9181976111038871 0.00943198411361031 0.009816252666970959
1 0.3539203781148661 0.9548892352892004 0.012716503246970799 0.010987779368524965
1 0.3730928275896155 0.9514970364777939 0.010090620621390965 0.010240057240361753
1 0.1203595140705938 0.039418778989626015 0.00930035632589589 0.010099714216978653
1 0.3833794075509776 0.9066097632698391 0.01098091705985691 0.009686138318932575
1 0.3468106725941534 0.8448591646940811 0.011249542236328125 0.010325722072435461
1 0.08215744599052098 0.5010024360988451 0.010092776754628057 0.010867989581564198
1 0.4483018128768258 0.6532613298167353 0.010628161223038383 0.011327121568762737
1 0.43187085960222327 0.6491133855736774 0.010872332946113918 0.010850035625955334
1 0.07949767164562059 0.454668138338172 0.009892862776051397 0.010244307310684868
1 0.32618523421494855 0.8663129184557045 0.010893754337144934 0.010272772415824558
1 0.33104174033455225 0.9046299768530804 0.011187532673711363 0.011165909145189367
1 0.19651116495547089 0.52832932057588 0.010970198589822521 0.011727934298307999
1 0.22533559799194336 0.48390650230905286 0.01039135974386464 0.010366595309713612
1 0.14262439375338348 0.02436755662379058 0.009875681089318317 0.010481852552165155
1 0.3922715394393257 0.6997319304424784 0.009554406870966372 0.009684313898501188
1 0.37785501065461524 0.6651593083920685 0.009929843570875086 0.010543159816576086
1 0.29651053055473 0.912334856779679 0.009620334791100544 0.008929708729619566
1 0.10063689687977664 0.6134507345116657 0.009593673374341883 0.009758949279785156
1 0.25174038306526514 0.31453367938166077 0.00910205426423446 0.00947875561921493
1 0.2131239227626635 0.30622572484223737 0.011067597762398098 0.01219034194946289
1 0.23415760371996008 0.3783927974493608 0.011236232259999151 0.010093849638234014
1 0.3480957474397577 0.8666075830874236 0.010354785815529201 0.01056671142578125
1 0.20640871835791547 0.5007604930711829 0.009831615116285242 0.010323648867399796
1 0.4208370291668435 0.7309129756429921 0.010043683259383492 0.011217158773671026
1 0.5875658988952637 0.799394358759341 0.010396252507748812 0.011275581691576086
1 0.35764677109925636 0.8999789279440173 0.00940257570017939 0.008870332137398098
1 0.42653610395348596 0.7342425636623215 0.012838114862856657 0.011559859566066578
1 0.39468418515246845 0.8977517667024033 0.009510175041530443 0.012988049051036005
1 0.43545477286629053 0.6928204246189282 0.010582820228908375 0.010770548944887907
1 0.22375809628030527 0.8269927812659223 0.00853592416514521 0.008410246475883152
1 0.4038433613984481 0.782746294270391 0.00976773966913638 0.009647991346276325
1 0.07437340072963548 0.4896852089011151 0.010052463282709536 0.009697986685711405
1 0.10104871314504874 0.06815480149310567 0.011607014614602795 0.010415471118429432
1 0.3938439099685006 0.6698667277460513 0.009643285170845364 0.010362790978473167
1 0.3448665893596152 0.940006691476573 0.011178021845610245 0.011234324911366339
1 0.4129728389822918 0.742069617561672 0.00961831341619077 0.010873960412066917
1 0.29661045903744904 0.8967972216398818 0.013095897176991339 0.010121635768724524
1 0.41344039336494776 0.8075475070787512 0.009467290795367697 0.009808706200641134
1 0.40900292344715283 0.7042874460634978 0.008553945499917736 0.009690740834111753
1 0.3641931803330132 0.822441992552384 0.010701573413351307 0.011213509932808254
1 0.5882123034933339 0.8515527766683826 0.009885166002356487 0.012056640956712805
1 0.3912163817364236 0.768378838248875 0.010354871335236923 0.009802528049634851
1 0.37697863319645764 0.7885494854139246 0.009648535562598187 0.008689341337784477
1 0.40697218024212384 0.8234819121982739 0.009910417639690897 0.010091906008513077
1 0.43989626739336096 0.6617739615233049 0.010096622549969216 0.010282703067945398
1 0.3941358975742174 0.8917319256326427 0.00927362752997357 0.013053562330163044
1 0.2438260161358377 0.5080541942430579 0.009319388348123302 0.01015837296195652
1 0.27135020753611694 0.8602067698603091 0.014547161434007727 0.009808581808338995
1 0.11535141260727594 0.730200726052989 0.00929508001908012 0.009800952413807745
1 0.3758516752201578 0.7644959325375764 0.010297863379768703 0.009080472199813179
1 0.2478783441626507 0.29964381715525745 0.01010156714397928 0.009640009506889011
1 0.4281446208124575 0.7725538585496986 0.009081135625424593 0.010538515837296196
1 0.2772998291513194 0.8390201900316321 0.009829127270242443 0.009942427925441576
1 0.23858808434527856 0.3052478354910146 0.01054357445758322 0.010894671730373218
1 0.22732004912003226 0.5068130493164062 0.010125450465990149 0.009684521219004755
1 0.358924820371296 0.9742579667464547 0.013245548890984577 0.013785901276961617
1 0.24638954452846362 0.5332002121469249 0.010176223257313604 0.010621920875881031
1 0.2541400038677713 0.3496089396269425 0.00947844463845958 0.008863081102785856
1 0.2784222416255785 0.9436644678530485 0.009683422420335852 0.009314661440641983
1 0.4278460585552713 0.626219593960306 0.010992091634999151 0.011271746262260105
1 0.32974700824074127 0.9676508074221404 0.01129559848619544 0.0111230352650518
1 0.24559583871260934 0.34579365020212927 0.011293597843336023 0.00983481562655905
1 0.4197064482647439 0.745602276014245 0.010484322257663891 0.01010869896930197
1 0.3958134236543075 0.819083897963814 0.009371177009914232 0.00917679330577021
1 0.08643126228581303 0.5881082493325939 0.011734905450240425 0.012546663698942764
1 0.3425973640835803 0.8133451627648395 0.01103553823802782 0.01091368302055027
1 0.3867866137753363 0.8060456151547639 0.009660404661427374 0.010345956553583559
1 0.4112352132797241 0.6184710834337317 0.009688035301540209 0.00917878358260445
1 0.29970624135888135 0.9228500490603239 0.010174067124076511 0.011646561000658117
1 0.3519406513027522 0.7996002072873323 0.010424787583558456 0.010880470275878906
1 0.39015720719876495 0.7874566161114237 0.008630400118620499 0.008724254110585089
1 0.5791084870048191 0.8501489058784817 0.010373405788255774 0.012661394865616508
1 0.37570736719214404 0.6195892562036929 0.010072936182436735 0.00993278752202573
1 0.4081284481546153 0.7968920210133428 0.01140519847040591 0.00985730212667714
1 0.3095351198445196 0.8608048895130986 0.010778530784275219 0.013391494750976562
1 0.21403824764749274 0.4910345233005026 0.010092527970023777 0.010931647342184315
1 0.0946703060813572 0.3890792468319769 0.010926619819972828 0.011091289312943169
1 0.38681479381478356 0.6547464806100597 0.0100101958150449 0.009987976240075153
1 0.4328819616981175 0.5702006505883258 0.010743960090305493 0.010774861211362093
1 0.2317410966624384 0.45381864775782044 0.00929911240287449 0.010825934617415718
1 0.333230986867262 0.9382186143294625 0.009923449676969776 0.011899450550908628
1 0.3168753955675208 0.9313355114149011 0.009405219036599865 0.010308265686035156
1 0.41707628706227173 0.7701758509096892 0.01015768880429475 0.009439053742781929
1 0.27563578149546747 0.8214263501374619 0.009579243867293648 0.01126372295877208
1 0.37942463677862415 0.7779087813004203 0.009248925291973612 0.008898196013077446
1 0.29146315740502404 0.9437596486962359 0.01065529947695525 0.009551545848017153
1 0.4024431135343468 0.8435803910960321 0.008931066678917927 0.009931688723356827
1 0.40176877768143365 0.80945230566937 0.008997937907343325 0.009288870769998302
1 0.2537662257318911 0.927151058031165 0.008891976397970448 0.009732453719429348
1 0.21062904855479364 0.7172895929087764 0.010134696960449219 0.008797604104746943
1 0.28308866334998095 0.8493084285570228 0.010220693505328636 0.01055584783139436
1 0.41675352013629413 0.6499042510986328 0.00946007604184358 0.009111031242038893
1 0.2554994666058084 0.32829656646303507 0.009281614552373472 0.010420367121696472
1 0.57222843170166 0.8144286404485288 0.013997616975203804 0.009776115417480469
1 0.39006632566452026 0.7495003783184551 0.009395459423894468 0.01072091641633407
1 0.12048312373783279 0.7092550941135571 0.008680416190105936 0.009993926338527514
1 0.31398385504017706 0.8277230262756348 0.010519442350968071 0.009652718253757643
1 0.1030202689378158 0.6510686874389648 0.00921240060225777 0.008804404217263927
1 0.3994351469952127 0.7408834540325664 0.010164551112962805 0.012554251629373302
1 0.40768105309942493 0.7692209534023118 0.00999153696972391 0.008635438006857166
1 0.2469941118489141 0.5183925628662109 0.010164945021919582 0.010905307272206182
1 0.3289159774456335 0.8453997321750808 0.009321610888709192 0.008982451065726902
1 0.29919043831203296 0.8495278980420984 0.009768942128057066 0.010039370992909307
1 0.2971428166265073 0.8378977982894233 0.00903146163277004 0.009192591128141983
1 0.2618359793787417 0.31568550026935077 0.00907904168833857 0.00924118705417799
1 0.5714414534361467 0.8034444269926653 0.00975142354550569 0.010771585547405739
1 0.3647057025328927 0.9616807647373364 0.010463704233584196 0.0103753546009893
1 0.37459107067274006 0.637386715930441 0.01100530831710152 0.011042014412257984
1 0.27635937151701556 0.8834932576055111 0.010838715926460598 0.010628824648649796
1 0.28567680068638013 0.8207468364549719 0.009725135305653448 0.01044364597486413
1 0.21729019413823664 0.5250907773556917 0.010278826174528702 0.011312443277110224
1 0.3767109098641769 0.7517645255379055 0.009816517000613005 0.009127036384914232
1 0.24279389174088187 0.39809150022009143 0.010214681210725204 0.009576429491457731
1 0.260416839433753 0.9873075277908987 0.00945045637047809 0.008701863496199898
1 0.42696181069249695 0.6131910863129989 0.010087769964466925 0.009363879328188688
1 0.2721594934878142 0.386873942354451 0.012767460035241169 0.013185682504073433
1 0.3218542907548988 0.8540481484454613 0.00864968092545219 0.008896537449048914
1 0.26247077402861224 0.34152726505113684 0.009872954824696417 0.009443262349004332
1 0.2382749267246412 0.9099825983462126 0.010536276775857677 0.011704900990361753
1 0.29151385763417115 0.8847270219222358 0.011755487193231997 0.010630731997282608
1 0.32254711247008777 0.8100873491038446 0.011542461488557898 0.012287430141283117
1 0.22306400796641473 0.8122869159864342 0.008957240892493206 0.01045965111773947
1 0.19434274797854217 0.6875733914582627 0.009277115697446077 0.008679016776706861
1 0.27674777611442236 0.9114245953767195 0.010015591331150219 0.011297557664954144
1 0.21313292047251825 0.7476761859396229 0.008613503497579823 0.009384486986243206
1 0.4294916857843814 0.682429313659668 0.010426459105118462 0.010171724402386208
1 0.28472227635590924 0.8718210717906123 0.010951933653458305 0.011358261108398438
1 0.22085816963859223 0.45490351967189624 0.014155657395072605 0.010075942329738453
1 0.23863906445710556 0.8909222561380138 0.009348827859629755 0.00915452708368716
1 0.21543283047883408 0.5115066300267759 0.009826701620350714 0.009995978811512823
1 0.31432917843694275 0.9810259653174359 0.01090997198353643 0.011125606039296026
1 0.2697482834691587 0.8089482058649478 0.008316516876220703 0.009104148201320482
1 0.23209122989488684 0.4688185971716176 0.00970917162687882 0.010447761286859926
1 0.3945757824441661 0.8411815062813137 0.009010812510614809 0.010109528251316235
1 0.4124323051908742 0.6591698501421057 0.010087163551993992 0.009626409281855043
1 0.3548567191414211 0.9833446170972742 0.009884668433147928 0.008870166280995245
1 0.13664292252582053 0.15635969846144968 0.008765199910039488 0.009613441384356955
1 0.3118808476821236 0.9642971494923467 0.012781122456426207 0.012982285541036854
1 0.4056690361188805 0.6296236100404159 0.010257119717805283 0.011431922083315641
1 0.20640348351520038 0.539488294850225 0.009228789288064709 0.00936615985372792
1 0.36408838759297907 0.6575648059015688 0.009909614272739576 0.01053830851679263
1 0.4126223118408866 0.6003857177236805 0.009624346442844557 0.009905587071957796
1 0.2311260803886082 0.40839037428731506 0.01036345440408458 0.010533130687216053
1 0.43191960065261176 0.5832865238189697 0.01018740819848102 0.011127243871274202
1 0.2503939296888269 0.3835773856743523 0.010690274445906929 0.009940359903418499
1 0.08250225626904031 0.4325817823410034 0.010590729506119438 0.00991206583769425
1 0.4273586428683737 0.6987076842266581 0.009309157081272291 0.011112752168074898
1 0.28312977500583814 0.9881649846615999 0.008599530095639437 0.0076994688614555025
1 0.33883805572986603 0.952358162921408 0.010952334041180819 0.01059283380923064
1 0.31988698503245483 0.9485153737275496 0.01155631438545559 0.012131608050802479
1 0.13060669277025305 0.13347050418024478 0.009732474451479704 0.008448559304942255
1 0.0673675485279249 0.3778620388196863 0.008277799772179645 0.009555194688879925
1 0.24115575914797574 0.8607905014701511 0.010001078895900562 0.010560408882472828
1 0.43367682850879175 0.5994528583858324 0.009771046431168266 0.010287181190822437
1 0.4178990125656128 0.7826930958291759 0.009147840997447138 0.008855944094450577
1 0.4185809985451076 0.6982127894525942 0.01026694670967434 0.010633468627929688
1 0.39240708558455756 0.7994170603544815 0.009782210640285326 0.00916327600893767
1 0.06659197807312012 0.007787170293538466 0.008764287699823793 0.008815232178439264
1 0.255942966627038 0.8092340801073157 0.009750158890433933 0.009024163951044497
1 0.38706911905952124 0.6319787087647811 0.009991941244705864 0.01049761150194251
1 0.3118319096772567 0.8146518002385679 0.009451866149902344 0.009741783142089844
1 0.08474980489067409 0.40946587013161695 0.009497139764868694 0.00960143234418786
1 0.06669680450273596 0.6183488058007282 0.007610746051954187 0.009710685066554857
1 0.06819963455200194 0.10810849459274956 0.008001959842184315 0.008031606674194336
1 0.23592448234558105 0.49746671448583185 0.010298500890317171 0.010339602180149243
1 0.37387982658717944 0.969765269238016 0.00929471720819888 0.01068102795144786
1 0.06779579235159833 0.4418516677358877 0.00815606635549794 0.008561341658882473
1 0.35885078881097876 0.7685083306354025 0.009553870429163393 0.009352476700492527
1 0.27991124858026917 0.9287386355192766 0.009913278662640116 0.009101370106572691
1 0.2979722023010254 0.8152743422466777 0.00945381496263587 0.01043838003407354
1 0.2127454384513523 0.4313094926917035 0.01015074356742527 0.011842478876528532
1 0.24591428300608761 0.5461141544839611 0.010417958964472231 0.009986172551694124
1 0.19631015736123786 0.646109912706458 0.007799998573634935 0.009046554565429688
1 0.2281429249307384 0.7982944820238196 0.008616032807723335 0.009639408277428669
1 0.42750070406043006 0.6555507183074951 0.008918057317319124 0.00981382701707923
1 0.10843536128168521 0.6856714331585428 0.00811972825423531 0.008397890173870584
1 0.41911182196243957 0.6290708935779074 0.010397081789763077 0.01131860069606615
1 0.29344072549239447 0.9336731744849165 0.010975941367771313 0.011333175327466883
1 0.3264754440473474 0.9586702015088953 0.010536421900210173 0.011672807776409645
1 0.398531172586524 0.6104404304338538 0.009790109551471212 0.009799646294635275
1 0.08901010907214621 0.4421987326248832 0.008952648743339207 0.008943350418754246
1 0.2149981001149053 0.4473548142806343 0.009157429570737093 0.009861738785453465
1 0.4009198883305426 0.6817466279734735 0.010299019191576086 0.009540931038234545
1 0.40445534301840735 0.6682844991269319 0.009620080823483675 0.010320414667544157
1 0.10439146083334219 0.670190956281579 0.009685454161270805 0.009243135866911514
1 0.377602509830309 0.6817012869793436 0.00901143447212551 0.010378049767535667
1 0.41661556907322095 0.6810833060223124 0.011002250339673914 0.014197473940641983
1 0.40927578573641576 0.6372730835624363 0.009056619975877844 0.008883020152216372
1 0.4198355985724408 0.5788857625878375 0.010174730549687925 0.010861355325450068
1 0.3864080154377481 0.6886615753173828 0.008797339771104895 0.009131887684697691
1 0.2835703310759171 0.9553901423578677 0.013150132220724354 0.01115019425101902
1 0.2353733207868493 0.389631520146909 0.009197380231774372 0.010141621465268343
1 0.3913579738658408 0.6240617503290591 0.009271792743517004 0.008870539457901665
1 0.25412055720453675 0.5529451577559762 0.010356571363366169 0.010526615640391474
1 0.32432212907335034 0.9411494213601819 0.007339910320613695 0.015388903410538383
1 0.06691340778184973 0.45386556957079016 0.006874239963033924 0.008959853130838146
1 0.06715131324270497 0.6301980640577234 0.007639086764791737 0.009397589642068615
1 0.06703948974609375 0.5949069520701533 0.008445604987766432 0.010176078132961109
1 0.22598614900008493 0.737106115921684 0.012257078419560972 0.012627726015837296
1 0.06676361612651659 0.39212519189585815 0.006227042364037555 0.008335486702297045
1 0.06719881814459096 0.58188127434772 0.008370539416437563 0.009997658107591711
1 0.3430222506108491 0.8841302291206692 0.008980766586635424 0.008593351944633152
1 0.22633707005044687 0.5367517471313475 0.010020069454027258 0.009785942409349524
1 0.3899791240692138 0.7415131900621497 0.00878515450850777 0.009343313134234884
1 0.10909360388050907 0.15898090860118036 0.010114877120308254 0.009320445682691492
1 0.07540833690892094 0.4787058260129845 0.010666251182556152 0.010498637738435165
1 0.3520243465900421 0.6407336774079695 0.0114830291789511 0.01142095482867697
1 0.24950052344280738 0.37285978897758154 0.009089884550675102 0.010532130365786345
1 0.12230977804764458 0.17725866773854132 0.008487825808317764 0.009238678476084833
1 0.0854460597038269 0.37777985697207245 0.009746193885803223 0.010638983353324558
1 0.4237087187680258 0.5669456289034546 0.010743960090305493 0.010774861211362093
1 0.41719867539828337 0.5503746094168376 0.010743960090305493 0.010774861211362093
1 0.40151538909844936 0.5355790563037867 0.010743960090305493 0.010774861211362093
1 0.38790348023444254 0.5435686549848341 0.010743960090305493 0.010774861211362093
1 0.39559716785322896 0.5551091864130138 0.010743960090305493 0.010774861211362093
1 0.3828729921760051 0.559547852346929 0.010743960090305493 0.010774861211362093
1 0.36926108331199825 0.5592519412846679 0.010743960090305493 0.010774861211362093
1 0.3957451233843587 0.5090950162314243 0.012815337526134025 0.02290721476406197
1 0.36866926118747634 0.5740474943977188 0.010743960090305493 0.010774861211362093
1 0.35535326338573064 0.5829248262655494 0.010743960090305493 0.010774861211362093
1 0.35890419613286284 0.5947612687559901 0.010743960090305493 0.010774861211362093
1 0.3000178947429203 0.5613233187204951 0.010743960090305493 0.010774861211362093
1 0.29084465181282865 0.5710883837751086 0.010743960090305493 0.010774861211362093
1 0.2864059858789133 0.5343954120547424 0.010743960090305493 0.010774861211362093
1 0.3287212677822388 0.5790779824561559 0.010743960090305493 0.010774861211362093
1 0.3381904217745913 0.5873634921994644 0.010743960090305493 0.010774861211362093
1 0.34647593151789985 0.5944653576937287 0.010743960090305493 0.010774861211362093
1 0.3476595757669438 0.6101486439935625 0.010743960090305493 0.010774861211362093
1 0.4228209855812423 0.5986081125653826 0.010743960090305493 0.010774861211362093
1 0.3731079271213912 0.5867716700749419 0.010743960090305493 0.010774861211362093
1 0.2313354054104384 0.5461392033239728 0.010356571363366167 0.010526615640391474
1 0.2044074987446858 0.5576797347521525 0.010356571363366167 0.010526615640391474
1 0.2011524770598146 0.5718834657406813 0.010356571363366167 0.010526615640391474
1 0.23133540541043843 0.5609347564370236 0.010356571363366167 0.010526615640391474
1 0.2440595810876622 0.5683325329935491 0.010356571363366167 0.010526615640391474
1 0.2594469563252351 0.5712916436161591 0.010356571363366167 0.010526615640391474
1 0.26625291075723856 0.5556083573163251 0.010356571363366167 0.010526615640391474
1 0.27217113200245885 0.5786894201726844 0.010356571363366167 0.010526615640391474
1 0.28016073068350633 0.5914135958499082 0.010356571363366167 0.010526615640391474
1 0.23636589346887577 0.5810567086707725 0.010356571363366167 0.010526615640391474
1 0.24938598020836053 0.5837199082311216 0.010356571363366167 0.010526615640391474
1 0.2621101558855843 0.5822403529198165 0.010356571363366167 0.010526615640391474
1 0.2635897111968894 0.6002909277177385 0.010356571363366167 0.010526615640391474
1 0.22748856160104525 0.5928931511612129 0.010356571363366167 0.010526615640391474
1 0.23725362665565883 0.6035459494026099 0.010356571363366167 0.010526615640391474
1 0.25116144658192663 0.5985154613441723 0.010356571363366167 0.010526615640391474
1 0.21742758548417065 0.6047295936516538 0.010356571363366167 0.010526615640391474
1 0.22955993903687236 0.6355043441267995 0.010356571363366167 0.010526615640391474
1 0.2135807416747774 0.6535549189247216 0.010356571363366167 0.010526615640391474
1 0.3381592988866659 0.6819623809017792 0.010356571363366167 0.010526615640391474
1 0.3654662894982581 0.7408158162342479 0.009816517000613005 0.009127036384914232
1 0.3394261160192884 0.7630091459038241 0.009816517000613005 0.009127036384914232
1 0.31812051953649495 0.7766210547678307 0.009816517000613005 0.009127036384914232
1 0.3459361593890308 0.7860902087601831 0.009816517000613005 0.009127036384914232
1 0.33913020495702734 0.7786924322036576 0.009816517000613005 0.009127036384914232
1 0.2604178623955965 0.7967430070015795 0.009816517000613005 0.009127036384914232
1 0.2547955522126371 0.7878656751337489 0.009816517000613005 0.009127036384914232
1 0.2352654221034099 0.7825392760130505 0.009816517000613005 0.009127036384914232
1 0.24088773228636917 0.7739578552074807 0.009816517000613005 0.009127036384914232
1 0.2305308451072335 0.7701110113980875 0.009816517000613005 0.009127036384914232
1 0.2358572442279318 0.7597541242189517 0.009816517000613005 0.009127036384914232
1 0.223133068550708 0.7559072804095582 0.009816517000613005 0.009127036384914232
1 0.23881635485054192 0.7946716295657512 0.009816517000613005 0.009127036384914232
1 0.27803379321246713 0.8074686505536426 0.008316516876220703 0.009104148201320482
1 0.2889825025161248 0.8053972731178152 0.008316516876220703 0.009104148201320482
1 0.28543156976899253 0.7947444748764185 0.008316516876220703 0.009104148201320482
1 0.3233081857384029 0.7977035854990288 0.008316516876220703 0.009104148201320482
1 0.309400365812135 0.8426820669627035 0.008316516876220703 0.009104148201320482
1 0.32212454148935876 0.8406106895268762 0.008316516876220703 0.009104148201320482
1 0.27004133415624704 0.9380997673348226 0.008891976397970448 0.009732453719429348
1 0.26027626910163343 0.9594053638176159 0.008891976397970448 0.009732453719429348
1 0.286612353642864 0.9105800385445479 0.008891976397970448 0.009732453719429348
1 0.2590926248525893 0.9744968279929276 0.008891976397970448 0.009732453719429348
1 0.2774391107127724 0.89667221861828 0.008891976397970448 0.009732453719429348
1 0.25998035803937236 0.9005190624276732 0.008891976397970448 0.009732453719429348
