1 0.321332 0.9721470000000001 0.012228 0.012228
1 0.325408 0.9205159999999999 0.014946 0.009511
1 0.324728 0.934783 0.01087 0.008152
1 0.332201 0.9517659999999999 0.012228 0.009511
1 0.347147 0.9259509999999999 0.014946 0.009511
1 0.34578799999999993 0.968071 0.009511 0.012228
1 0.349185 0.8688859999999999 0.013587 0.009511
1 0.353261 0.9028529999999999 0.01087 0.009511
1 0.358016 0.88519 0.017663 0.02038
1 0.357337 0.940897 0.013587 0.009511
1 0.37160300000000007 0.255435 0.012228 0.01087
1 0.37432100000000007 0.273098 0.014946 0.01087
1 0.372283 0.04008199999999999 0.008152 0.014946
1 0.373641 0.294837 0.01087 0.01087
1 0.37432100000000007 0.122962 0.012228 0.017663
1 0.375 0.31317899999999993 0.01087 0.009511
1 0.378397 0.8994569999999998 0.012228 0.013587
1 0.380435 0.014946 0.01087 0.005435
1 0.38383199999999995 0.038723 0.009511 0.012228
1 0.38519 0.22622299999999998 0.012228 0.009511
1 0.387228 0.30774499999999994 0.013587 0.009511
1 0.3879079999999999 0.25407599999999997 0.009511 0.008152
1 0.38994599999999996 0.8648100000000001 0.013587 0.012228
1 0.390625 0.21059799999999998 0.012228 0.013587
1 0.39402199999999993 0.9857339999999999 0.019022 0.009511
1 0.394701 0.182745 0.012228 0.012228
1 0.39606 0.922554 0.012228 0.013587
1 0.39606 0.9001360000000002 0.009511 0.014946
1 0.39606 0.27038 0.009511 0.01087
1 0.398777 0.9673909999999999 0.009511 0.016304
1 0.402174 0.08491799999999998 0.016304 0.02038
1 0.398777 0.37975500000000006 0.006793 0.012228
1 0.399457 0.341033 0.008152 0.013587
1 0.40149500000000005 0.027174 0.012228 0.01087
1 0.403533 0.24592399999999998 0.01087 0.013587
1 0.404891 0.17119600000000001 0.013587 0.01087
1 0.404212 0.150136 0.009511 0.009511
1 0.404891 0.36413000000000006 0.01087 0.008152
1 0.404891 0.044158 0.01087 0.012228
1 0.404891 0.872283 0.008152 0.01087
1 0.40625 0.290761 0.01087 0.01087
1 0.408967 0.860054 0.01087 0.01087
1 0.408967 0.408288 0.01087 0.012228
1 0.410326 0.19837 0.013587 0.01087
1 0.411685 0.262228 0.016304 0.01087
1 0.40828799999999993 0.9782609999999999 0.006793 0.01087
1 0.408967 0.310462 0.008152 0.009511
1 0.411685 0.39538000000000006 0.013587 0.008152
1 0.411685 0.831522 0.01087 0.01087
1 0.415082 0.960598 0.014946 0.01087
1 0.41711999999999994 0.23029899999999998 0.016304 0.014946
1 0.41644 0.891304 0.012228 0.01087
1 0.418478 0.383832 0.01087 0.012228
1 0.42119599999999996 0.418478 0.01087 0.01087
1 0.42119599999999996 0.987092 0.01087 0.006793
1 0.42119599999999996 0.445652 0.008152 0.013587
1 0.42255399999999993 0.19157600000000002 0.01087 0.01087
1 0.42391299999999993 0.09646700000000001 0.013587 0.01087
1 0.423913 0.844429 0.01087 0.009511
1 0.423913 0.97894 0.01087 0.009511
1 0.424592 0.14741799999999997 0.012228 0.012228
1 0.42662999999999995 0.297554 0.013587 0.013587
1 0.42595099999999997 0.059102999999999996 0.009511 0.012228
1 0.42934799999999995 0.940217 0.016304 0.016304
1 0.42731 0.872283 0.009511 0.01087
1 0.427989 0.168478 0.01087 0.01087
1 0.429348 0.341033 0.013587 0.01087
1 0.432065 0.36413000000000006 0.016304 0.01087
1 0.431386 0.21059799999999998 0.009511 0.013587
1 0.433424 0.118207 0.01087 0.01087
1 0.435462 0.8396740000000001 0.009511 0.008152
1 0.43817900000000004 0.07404899999999999 0.014946 0.02038
1 0.4375 0.2601899999999999 0.008152 0.012228
1 0.438859 0.319293 0.01087 0.01087
1 0.440897 0.46875 0.012228 0.008152
1 0.44089699999999993 0.186141 0.009511 0.01087
1 0.44089699999999993 0.05163 0.009511 0.01087
1 0.441576 0.30163 0.008152 0.01087
1 0.443614 0.21195700000000003 0.012228 0.01087
1 0.445652 0.8580159999999999 0.013587 0.009511
1 0.449049 0.421875 0.017663 0.028533
1 0.449728 0.44837000000000005 0.019022 0.024457
1 0.44769 0.099864 0.012228 0.009511
1 0.449049 0.8783970000000001 0.014946 0.025815
1 0.449728 0.9076089999999999 0.016304 0.013587
1 0.451087 0.922554 0.013587 0.01087
1 0.4504079999999999 0.8369570000000001 0.009511 0.008152
1 0.4504079999999999 0.24456500000000003 0.009511 0.01087
1 0.45380399999999993 0.16168500000000002 0.013587 0.01087
1 0.45244599999999996 0.394701 0.008152 0.012228
1 0.45312499999999994 0.19972799999999996 0.009511 0.013587
1 0.45380399999999993 0.30163 0.01087 0.013587
1 0.455163 0.224864 0.01087 0.014946
1 0.456522 0.084239 0.01087 0.013587
1 0.457201 0.17663 0.012228 0.008152
1 0.45856 0.326766 0.014946 0.012228
1 0.45923899999999995 0.139266 0.016304 0.009511
1 0.45584199999999997 0.356658 0.006793 0.012228
1 0.45923899999999995 0.8036679999999999 0.013587 0.009511
1 0.45991800000000005 0.262908 0.014946 0.017663
1 0.459239 0.122962 0.01087 0.014946
1 0.46263600000000005 0.945652 0.014946 0.021739
1 0.461277 0.37567899999999993 0.009511 0.006793
1 0.46263600000000005 0.6297550000000001 0.012228 0.012228
1 0.463315 0.607337 0.013587 0.01087
1 0.461957 0.414402 0.008152 0.01087
1 0.464674 0.165761 0.013587 0.01087
1 0.464674 0.453125 0.01087 0.012228
1 0.466712 0.24116799999999997 0.009511 0.014946
1 0.467391 0.48641299999999993 0.01087 0.013587
1 0.46807100000000007 0.5849179999999999 0.012228 0.009511
1 0.467391 0.43002700000000005 0.008152 0.012228
1 0.46807099999999996 0.847147 0.009511 0.009511
1 0.46875 0.072011 0.01087 0.013587
1 0.470109 0.879755 0.013587 0.009511
1 0.476902 0.6521740000000001 0.027174 0.021739
1 0.470788 0.095109 0.012228 0.01087
1 0.47078799999999993 0.796196 0.009511 0.013587
1 0.472826 0.908967 0.013587 0.01087
1 0.474185 0.8906250000000001 0.016304 0.012228
1 0.476902 0.9843750000000001 0.01087 0.012228
1 0.47894 0.5985050000000001 0.014946 0.014946
1 0.47622299999999995 0.716712 0.006793 0.009511
1 0.476902 0.577446 0.008152 0.013587
1 0.478261 0.8186139999999998 0.01087 0.009511
1 0.480299 0.628397 0.014946 0.017663
1 0.478261 0.430707 0.005435 0.013587
1 0.482337 0.932745 0.013587 0.02038
1 0.482337 0.734375 0.01087 0.009511
1 0.483016 0.752038 0.012228 0.012228
1 0.484375 0.955842 0.012228 0.009511
1 0.487772 0.862092 0.01087 0.009511
1 0.487772 0.789402 0.01087 0.008152
1 0.49116800000000005 0.7724180000000002 0.012228 0.012228
1 0.49116800000000005 0.7044840000000001 0.012228 0.012228
1 0.494565 0.639266 0.019022 0.017663
1 0.491168 0.7275820000000001 0.009511 0.012228
1 0.49388600000000005 0.809783 0.012228 0.008152
1 0.494565 0.965353 0.013587 0.012228
1 0.493207 0.986413 0.008152 0.008152
1 0.497962 0.844429 0.009511 0.009511
1 0.498641 0.7180709999999999 0.01087 0.009511
1 0.503397 0.188179 0.017663 0.017663
1 0.502038 0.14606 0.012228 0.009511
1 0.504076 0.919837 0.016304 0.016304
1 0.502038 0.8838320000000001 0.009511 0.006793
1 0.506114 0.89606 0.014946 0.009511
1 0.5047549999999998 0.79144 0.006793 0.009511
1 0.508152 0.162364 0.013587 0.009511
1 0.51019 0.204484 0.009511 0.009511
1 0.5108700000000002 0.116168 0.01087 0.012228
1 0.5108700000000002 0.711277 0.008152 0.009511
1 0.513587 0.939538 0.008152 0.009511
1 0.514946 0.73913 0.01087 0.01087
1 0.5169840000000001 0.137228 0.012228 0.01087
1 0.516304 0.21875 0.008152 0.008152
1 0.516304 0.18070700000000003 0.008152 0.01087
1 0.5183420000000001 0.103261 0.012228 0.01087
1 0.518342 0.8627720000000001 0.009511 0.008152
1 0.52106 0.19904899999999998 0.009511 0.012228
1 0.5224180000000002 0.7927990000000001 0.012228 0.012228
1 0.525136 0.8919840000000001 0.017663 0.014946
1 0.527174 0.21059799999999998 0.01087 0.013587
1 0.529212 0.173913 0.009511 0.013587
1 0.5298910000000001 0.15625 0.01087 0.01087
1 0.530571 0.906929 0.009511 0.009511
1 0.5332880000000001 0.815897 0.014946 0.009511
1 0.530571 0.190217 0.006793 0.008152
1 0.533967 0.12092400000000002 0.013587 0.016304
1 0.536685 0.800951 0.01087 0.014946
1 0.5360049999999998 0.77038 0.006793 0.013587
1 0.5373639999999998 0.075408 0.009511 0.012228
1 0.5414400000000001 0.836277 0.012228 0.009511
1 0.54212 0.139946 0.013587 0.01087
1 0.5468749999999999 0.046875 0.009511 0.014946
1 0.550951 0.9470110000000002 0.014946 0.008152
1 0.550951 0.851223 0.012228 0.009511
1 0.55231 0.5217390000000001 0.009511 0.01087
1 0.555027 0.030571 0.009511 0.014946
1 0.5557070000000001 0.5577450000000002 0.008152 0.012228
1 0.559103 0.5380430000000002 0.014946 0.01087
1 0.565217 0.974185 0.013587 0.01087
1 0.5652170000000001 0.527174 0.01087 0.016304
1 0.566576 0.898777 0.013587 0.009511
1 0.5706520000000002 0.9639950000000002 0.01087 0.012228
1 0.5713320000000001 0.5529890000000001 0.012228 0.01087
1 0.580163 0.622962 0.01087 0.014946
1 0.580842 0.929348 0.009511 0.01087
1 0.582201 0.851902 0.012228 0.008152
1 0.5869570000000001 0.713315 0.01087 0.013587
1 0.5869570000000001 0.7330160000000001 0.01087 0.014946
1 0.5889950000000002 0.7588319999999998 0.012228 0.009511
1 0.588315 0.516304 0.008152 0.01087
1 0.589674 0.971467 0.01087 0.01087
1 0.5917120000000001 0.893342 0.012228 0.009511
1 0.593071 0.94769 0.009511 0.012228
1 0.593071 0.775815 0.006793 0.013587
1 0.597826 0.8716029999999999 0.013587 0.009511
1 0.5991849999999999 0.923913 0.016304 0.01087
1 0.5985050000000001 0.851223 0.012228 0.009511
1 0.6046199999999999 0.8165759999999999 0.019022 0.019022
1 0.6019020000000002 0.7432069999999998 0.008152 0.01087
1 0.6066580000000001 0.764946 0.012228 0.01087
1 0.608696 0.96875 0.01087 0.01087
1 0.610054 0.9116850000000001 0.01087 0.008152
1 0.6154890000000001 0.8607339999999999 0.01087 0.009511
1 0.6161679999999999 0.879076 0.009511 0.013587
1 0.6168480000000001 0.984375 0.01087 0.009511
1 0.620245 0.9001359999999999 0.009511 0.009511
1 0.621603 0.7955160000000001 0.012228 0.014946
1 0.6236410000000001 0.918478 0.01087 0.01087
1 0.6250000000000001 0.95856 0.008152 0.009511
1 0.6263590000000001 0.835598 0.01087 0.01087
1 0.6331520000000002 0.8960600000000001 0.01087 0.012228
1 0.636549 0.8607340000000001 0.009511 0.014946
1 0.6379079999999999 0.976902 0.009511 0.01087
1 0.6494570000000001 0.9612770000000002 0.008152 0.012228
