0 0.6428606613822605 0.22265045539192532 0.011184277741805367 0.011400077653967815
0 0.2708712142446767 0.46762313013491424 0.013846501060154125 0.013894868933636208
0 0.10002439436705217 0.6927959193354067 0.012650500173154085 0.012606662252674932
0 0.16728442129881485 0.5992028609566067 0.01238604213880456 0.01263867253842561
0 0.14253012512041174 0.6366504171620244 0.013195649437282398 0.013123056162958559
0 0.32793736457824707 0.3563338569972826 0.012760763582975967 0.01370803169582201
0 0.11550567979397983 0.6191763463227645 0.012084556662518044 0.012160135352093239
0 0.4624361577241317 0.8971347186876379 0.011836217797320824 0.012976148854131285
0 0.2710796750110129 0.4846843429233717 0.012870436129362686 0.012554873590884
0 0.15520096861797833 0.7215024077374003 0.011778520501178245 0.012469125830608864
0 0.22437252169070038 0.5133469830388608 0.01163737670235012 0.012131690979003906
0 0.16500881962154224 0.3141942957173223 0.012009133463320524 0.01187728798907736
0 0.18089826210685397 0.9498613399008046 0.012697406437086023 0.011659580728282099
0 0.2512774882109269 0.38306321268496313 0.012017208596934443 0.012081519417140796
0 0.17641147323276685 0.6268562855927841 0.013016928797182829 0.013093160546344261
0 0.6180934076723845 0.34851912635823956 0.011781692504882812 0.012879779805307802
0 0.10646527228148087 0.5796299809994905 0.011742581491884977 0.01195086603579314
0 0.22519893231599228 0.38067587043928064 0.012219221695609715 0.012874738029811695
0 0.12517846148947012 0.4782207893288654 0.012682728145433508 0.01247052524400794
0 0.33694474593452783 0.3974536398182745 0.012264915134595789 0.01282401706861413
0 0.7207371048305347 0.10698221040808638 0.011847496032714844 0.01219666522482167
0 0.2098460923070493 0.42972747139308765 0.012762214826500935 0.01251021675441576
0 0.5931254262509553 0.9090946653614873 0.011500482973845108 0.011532783508300781
0 0.5562828520069951 0.40944238590157545 0.01148286073104195 0.01229256650675898
0 0.22769790110380753 0.4903059420378312 0.011728307475214418 0.012046316395635191
0 0.257721703985463 0.729954719543457 0.012176907580831776 0.012586344843325407
0 0.08395158467085465 0.6676079812257187 0.013039759967638098 0.01549660641214122
0 0.131694161373636 0.7699792696082074 0.015642684438954228 0.01692125071649966
0 0.07474225759506226 0.764373260995616 0.011622921280238941 0.011831325033436651
0 0.17701529938241709 0.9358190246250317 0.011769139248391857 0.011622014253035835
0 0.1145071672356647 0.7722424216892407 0.013578352720841118 0.012826504914656929
0 0.07879273010336835 0.4910531458647355 0.012086614318515942 0.012899274411408798
0 0.6164086176001508 0.16428120239921234 0.010994247768236242 0.011883735656738281
0 0.844125685484513 0.9759200344914974 0.011748977329420008 0.011711410854173742
0 0.11599898338317871 0.4292478354080864 0.01147436059039572 0.013796723407247791
0 0.7666974482328996 0.14587159260459567 0.010605646216351051 0.011239103648973547
0 0.1624060972877171 0.4303713466810143 0.012670879778654678 0.012559849282969599
0 0.14275150713713272 0.8472074218418288 0.010368761808975883 0.010710384534752888
0 0.1435682255288829 0.7115219364995543 0.013507490572722061 0.012312598850416101
0 0.0994539157204006 0.7319235179735266 0.011613037275231403 0.011811546657396399
0 0.631932134213655 0.9407093835913617 0.011860308439835258 0.012375997460406761
0 0.2594256090081256 0.4429763711017111 0.01334677571835725 0.01281249004861583
0 0.11410458709882654 0.3804943742959396 0.011916730714880901 0.012285216994907543
0 0.35962731423585304 0.3812215639197308 0.012114079102225925 0.012865812882133152
0 0.3098896793697191 0.4070944034534952 0.011687838512918224 0.01113686872565228
0 0.23467924283898395 0.5019094011057978 0.011300916257111923 0.01236712414285411
0 0.12677229487377664 0.7139431911966077 0.012965585874474567 0.012931906658670177
0 0.5969353862430739 0.558086809904679 0.00990314069001571 0.010378381480341372
0 0.20779685352159583 0.5772679370382557 0.010660731274148693 0.010600214419157608
0 0.25034155016360077 0.41656429871268896 0.01193857192993164 0.01189186262047809
0 0.07215841697609943 0.3829724063044009 0.010972017827241318 0.01152490532916525
0 0.8505221242490022 0.12978731031003204 0.012771191804305367 0.01203613695891007
0 0.1392698443454245 0.3765154921490213 0.012581358785214632 0.012289171633513077
0 0.7318025879237964 0.11616933345794678 0.01020112244979195 0.010738860005917757
0 0.12141368700110394 0.6103343756302543 0.014721663101859715 0.01960791712221892
0 0.5146290737649669 0.9098902370618738 0.012047974959663723 0.011618448340374489
0 0.2709049971207328 0.39516767729883606 0.011984451957370922 0.012406566868657652
0 0.2539748938187309 0.5816568706346594 0.011666007663892664 0.011560440063476562
0 0.22706048384956695 0.5997768692348314 0.01156064738398013 0.012033835701320484
0 0.08269807307616524 0.7810523406318997 0.01161969744640848 0.011678861535113792
0 0.09716664189877716 0.7955961642058 0.010840312294338062 0.012018950089164402
0 0.12473870360332986 0.6717282378155253 0.012413812720257301 0.012663675391155739
0 0.10730228216751762 0.5620993116627568 0.012983487999957542 0.01340646329133407
0 0.14814549943675165 0.39957846765932836 0.011740497920824133 0.01226367121157439
0 0.1492608474648517 0.5645291908927585 0.011500907980877419 0.012119168820588486
0 0.09811245876809827 0.7776895191358484 0.012516809546429176 0.012685941613238792
0 0.29097004558729095 0.5571647001349408 0.010534016982368801 0.023329175036886463
0 0.7119279322416885 0.732937418896219 0.011082234589949898 0.011042594909667969
0 0.09600389003753662 0.8427393540092136 0.011406452759452488 0.012134469073751698
0 0.8546627500782842 0.9116930132326873 0.011470006859820824 0.010846220928689709
0 0.7570295748503313 0.13956432238869046 0.010284257971722145 0.01142268595488175
0 0.10315127994703209 0.4192804875581161 0.011303155318550442 0.012270346931789234
0 0.2113899873650592 0.4595142032789147 0.011573397594949474 0.01247306492017663
0 0.3229868424975354 0.3848502324975055 0.011770561985347584 0.012072563171386719
0 0.517579576243525 0.9508671553238577 0.011751755424167797 0.011275581691576086
0 0.48893948741581134 0.9108300209045411 0.01162899058798085 0.011716718259065048
0 0.13238054254780646 0.41619246938954235 0.012379324954489002 0.011455950529679008
0 0.863050543743631 0.9773751549098804 0.011656885561735733 0.012184557707413383
0 0.12653175644252612 0.5607488259025242 0.011484332706617273 0.012617899023968239
0 0.7560286314591116 0.9536859885506008 0.010696328204611073 0.010642963906993036
0 0.5962742515232252 0.6884207103563391 0.011168106742527172 0.012206533680791441
0 0.14685775404391083 0.6992929500082263 0.0120492292487103 0.012495911639669666
0 0.5088836213816768 0.9359264166458793 0.011228188224460766 0.010715111442234204
0 0.15359237919683041 0.5945197810297427 0.011666588161302649 0.012232075566830843
0 0.3807194155195486 0.29929859741874365 0.011765806571297024 0.012838570967964504
0 0.14029814367708954 0.5492815038432246 0.011336606481800909 0.011297163755997368
0 0.6787173022394596 0.14266668713611105 0.011994610662045687 0.011950275172357973
0 0.7474963768668798 0.7755958722985308 0.01022475698719854 0.010258716085682745
0 0.8597472854282544 0.11713702782340674 0.01244217416514521 0.012692741725755774
0 0.10959777624710747 0.4682282779527748 0.01245129626730214 0.013142419897991676
0 0.7236970196599546 0.568088033924932 0.011131825654403023 0.012342204218325407
0 0.15038346207660178 0.6589650071185567 0.01367728606514309 0.01586777230967646
0 0.5028337395709493 0.4789546883624533 0.011826224949048914 0.012175435605256454
0 0.8421736385511316 0.5761486032734746 0.011722025663956352 0.01211566510407821
0 0.3014830091725225 0.39930246187293017 0.010460356007451597 0.011538837267004925
0 0.48329812547434925 0.6901750564575195 0.011872934258502464 0.011762950731360394
0 0.13066591905510944 0.39405766259069025 0.012495942737745203 0.01240534367768661
0 0.13637963585231616 0.4418640344039254 0.011489453523055367 0.011437333148458729
0 0.13376139039578644 0.8398401840873386 0.010826763899429985 0.01168060302734375
0 0.27372782126716944 0.7044236970984418 0.01251853030660878 0.012458469556725544
0 0.28756918077883514 0.6610119239143704 0.011607605478037958 0.011749474898628567
0 0.6588155290354853 0.9499093967935315 0.011472080064856487 0.012069494827933933
0 0.7329103428384532 0.39717224369878357 0.010706486909285835 0.011553847271463146
0 0.4905286042586616 0.8933787138565726 0.011228810185971468 0.012026745340098505
0 0.25691505100416095 0.39675098916758655 0.012143839960512907 0.013553287671959919
0 0.11348779305167822 0.5512433777684751 0.010424883469291355 0.01089172777922257
0 0.8763289658919626 0.9647355701612389 0.01239801489788553 0.012653267901876698
0 0.35639895822690887 0.39953316294628644 0.01170497873555059 0.01154711972112241
0 0.9271652802177098 0.9451018209042756 0.010910448820694633 0.013173061868418818
0 0.24820396174555243 0.5354557141013767 0.01221229719079059 0.012047124945599098
0 0.6259705087412959 0.4218996452248615 0.011421535326086956 0.011349957922230597
0 0.33259639143943787 0.37307119369506836 0.012306765369746998 0.01143409894860309
0 0.2113654613494873 0.5468921454056449 0.010932569918425186 0.011313521343728771
0 0.20135419265083646 0.5686694746432096 0.010333931964376698 0.010953550753386124
0 0.1494436315868212 0.2927595636119013 0.01146307198897652 0.011582084324048914
0 0.5490614642267642 0.9129631001016368 0.01101133097773013 0.011940873187521229
0 0.7802704106206481 0.9772079509237537 0.01093565899392833 0.012209477631942085
0 0.6595787691033405 0.2136061191558838 0.01105704514876656 0.012171392855436905
0 0.5211152823075004 0.9370814613673997 0.011038946068805199 0.011583245318868885
0 0.48946677083554474 0.7049145283906357 0.012607615926991339 0.011298594267471977
0 0.45534918619238807 0.7608447282210641 0.00997292477151622 0.010369922803795856
0 0.4545296378757643 0.8346661484759785 0.010953156844429348 0.012295059535814367
0 0.8692461511363154 0.9284055543982466 0.011223253996475883 0.011876064798106318
0 0.16105816675269086 0.3012995512589164 0.01105277434639309 0.011890038200046704
0 0.7636913423952849 0.5157537253006644 0.011186226554538891 0.011759592139202614
0 0.7352780466494353 0.9346694946289061 0.010310380355171535 0.011607460353685461
0 0.12446812443111253 0.43839429772418476 0.01193095290142557 0.011663602746051292
0 0.8281906791355298 0.9329225498697032 0.010915009871773098 0.011841608130413551
0 0.8619964019111965 0.5334231335183849 0.011010128518809443 0.012108429618503735
0 0.31712425273397693 0.7613467340884001 0.01124914832737135 0.01279548976732337
0 0.23853387003359589 0.5541657779527747 0.011806529501210089 0.012147115624469261
0 0.203170631242835 0.49144601821899414 0.012395858764648438 0.011944522028384
0 0.13061372093532397 0.7471973170404849 0.011653112328570824 0.010958713033924932
0 0.7601902588554051 0.9871489898018215 0.010092445041822351 0.010262447854746943
0 0.19271213075389032 0.4663473212200662 0.01278054195901622 0.01178301935610564
0 0.9312422379203464 0.773322934689729 0.010751309602156929 0.011453794396441917
0 0.8925375316454016 0.9454712867736816 0.012224694956903872 0.011640009672745415
0 0.6969079349351966 0.9717834099479344 0.010139258011527683 0.010365900786026665
0 0.24225051506705902 0.4351090140964674 0.01108345778092094 0.011899284694505774
0 0.4690629140190456 0.31612907285275665 0.01155095515043839 0.011814925981604534
0 0.717924283898395 0.14421408591063126 0.010997772216796875 0.011199526164842688
0 0.12498145518095596 0.5075908743816874 0.010985561039136804 0.011355192764945652
0 0.2158882721610691 0.5680899620056153 0.010614809782608696 0.011142274607782778
0 0.10185829452846361 0.47935442302538006 0.012036406475564709 0.011236232259999151
0 0.38078009563943616 0.39765226840972906 0.014467902805494226 0.011012647462927776
0 0.22898458397906762 0.4527078918788744 0.012204875116762907 0.013246163077976391
0 0.43845767560212506 0.9222161044245181 0.010044222292692764 0.009955074476159138
0 0.5622595911440642 0.3007989033408787 0.01028118962826936 0.010601644930632217
0 0.5236181176227072 0.4429053845612899 0.011246059251868206 0.01182531273883322
0 0.07214694178622702 0.4295484086741571 0.01157211739083995 0.012244805045749829
0 0.29278752078180725 0.7458903271219005 0.011396428813105043 0.011674300484035328
0 0.42307024416716205 0.38283702601557196 0.011625455773395042 0.012594430342964504
0 0.8354929841083027 0.6031654503034509 0.011165743288786514 0.010950772658638332
0 0.8016982029970063 0.9825775649277274 0.006356381519243245 0.009636625024074532
0 0.2856644651164179 0.7210559844970703 0.011183344799539318 0.01271256156589674
0 0.3032388272492782 0.6513830993486487 0.011140367259149965 0.01087132744167162
0 0.7640740353128185 0.6594236311705215 0.012502172718877378 0.012496637261432152
0 0.5231713419375212 0.5132701293281887 0.010391401207965355 0.011940500010614809
0 0.07586668366971223 0.4010236496510713 0.012213706970214844 0.018794946048570717
0 0.7300975011742633 0.5925475203472635 0.011580301367718239 0.012010864589525305
0 0.18832728137140692 0.5714962275131888 0.010605998661207117 0.012313697649085003
0 0.17990982014199963 0.5248195192088252 0.011607812798541527 0.011639429175335426
0 0.12180904201839281 0.7519065193507983 0.011450383974158245 0.01179106339164402
0 0.8746783837028169 0.52592773022859 0.01128988680632218 0.012002322984778362
0 0.6571088251860244 0.8975729735001273 0.010759395101796026 0.010496885880180027
0 0.3130842291790506 0.38375397868778394 0.011571593906568445 0.012087790862373684
0 0.495709750963294 0.40764691518700646 0.009853363037109375 0.010644767595374065
0 0.702765361122463 0.15543654172316843 0.010737502056619396 0.010697769082110863
0 0.4676406279854152 0.843243225761082 0.011581255042034645 0.011772570402725883
0 0.44333084769870923 0.7846731102984884 0.011689890985903532 0.011826473733653193
0 0.38960605600605847 0.32367897908324783 0.01152943528216818 0.01190527301767598
0 0.686485829560653 0.9203963694365129 0.010642922442892323 0.01135805378789487
0 0.09853367701820705 0.38832578451737115 0.010656615962152895 0.010715546815291695
0 0.2077602821847667 0.5575960926387621 0.01037002646404764 0.01044209107108738
0 0.6030339261759883 0.18373596149942148 0.011237704235574474 0.011179571566374405
0 0.5081321052882982 0.48722532521123474 0.011400388634723167 0.010438753210979958
0 0.15091457574263864 0.26953380004219385 0.009314910225246264 0.009926671567170517
0 0.0969887920047926 0.7556051171344258 0.01165176474529764 0.021397963814113453
0 0.8951320648193358 0.7999264260996943 0.011500482973845108 0.012295266856317934
0 0.7120524489361305 0.7735161366670027 0.011268905971361242 0.012451876764712126
0 0.1595183610916138 0.2804644418799359 0.010614778684533161 0.011126767034116
0 0.3230874538421631 0.4086827091548754 0.012229608452838402 0.01136085261469302
0 0.7207847678143047 0.13367576702781345 0.010935078496518343 0.010983021362968113
0 0.12902957460154657 0.8911183191382367 0.011237496915070908 0.011881413667098335
0 0.6957236580226733 0.5879547906958539 0.011954763661260191 0.012496906778086786
0 0.18086116210274075 0.47545187369636865 0.010447336279827614 0.010702444159466286
0 0.7815997704215671 0.8373788750689964 0.010325017182723335 0.011089988376783289
0 0.08188905404961627 0.43456964907438866 0.011711338291997496 0.011609118917713995
0 0.09432907726453701 0.469844216885774 0.011276328045388927 0.011026921479598335
0 0.4884472722592561 0.8418579308883004 0.011487794959026833 0.012163867121157438
0 0.6375313634457795 0.9613437859908394 0.010434440944505774 0.011274462160856827
0 0.48865455129872204 0.6486345166745394 0.010452602220618206 0.010084235149881115
0 0.16931545216104257 0.6614019352456798 0.011524387027906336 0.012177218561587126
0 0.18705473775449008 0.5552268650220789 0.010831045067828636 0.01151250756305197
0 0.7098226547241211 0.9687171189681344 0.011312153028405231 0.01166857843813689
0 0.1529588906661324 0.5258251169453496 0.012034623519234035 0.012717433597730554
0 0.5392258270927097 0.7028139985125997 0.008970343548318615 0.009453773498535156
0 0.7327361314193062 0.9201291333074155 0.010327629421068274 0.011797490327254585
0 0.23891280008398968 0.8455392796060314 0.01210927963256836 0.011444050332774286
0 0.6236054586327594 0.4054404652636984 0.010889094808827276 0.01125192642211914
0 0.6336569475091022 0.19731632522914722 0.010744281437086023 0.011102904444155485
0 0.5068999580715015 0.6201918436133343 0.010193783303965693 0.011059014693550442
0 0.7837905676468558 0.9264575709467348 0.010500742041546364 0.01019013446310292
0 0.9173460835995881 0.7195084820622983 0.009822762530782948 0.009994714156441067
0 0.25138111736463464 0.42785183761430823 0.011232935863992443 0.011384725570678711
0 0.1663167321163675 0.5079768118651016 0.010367092878922173 0.01179970865664275
0 0.16973955216615097 0.5293438538261082 0.011715940807176672 0.011525361434273098
0 0.8131213602812393 0.5379915652067764 0.010397081789763077 0.010839047639266304
0 0.5371930080911388 0.5731280575627866 0.010451938795006794 0.010084193685780401
0 0.8030424947324006 0.6848284472589908 0.010591672814410667 0.011349760967752209
0 0.5687150540559188 0.705690093662428 0.010389328002929688 0.009981570036514946
0 0.5830210602801779 0.6080794749052627 0.012253097865892492 0.01450584245764691
0 0.8659694920415465 0.7502688532290251 0.011137837949006454 0.01169685695482337
0 0.532640851062277 0.883842592654021 0.01101157976233441 0.010647234709366508
0 0.44952361480049463 0.738572182862655 0.01056360161822775 0.010370213052500849
0 0.14306083451146664 0.5376165327818497 0.010309333386628525 0.011458003002664318
0 0.507880863936051 0.634895189948704 0.011821809022322945 0.010633199111275051
0 0.2970103491907534 0.5708027093306832 0.011020598204239555 0.010748946148416271
0 0.8053518170895784 0.9269386374432108 0.010928734489109204 0.011002664980681046
0 0.2912902313729991 0.5498578444771145 0.009682966315228006 0.01055982838506284
0 0.281160188757855 0.6405228946519934 0.010971649833347485 0.011566701142684273
0 0.08850521367529163 0.6750689796779468 0.011222782342330269 0.011046285214631454
0 0.21799076121786368 0.9599865415821905 0.010724046955937925 0.010794722515603771
0 0.5761322145876677 0.31850076758343243 0.009266936260720959 0.009709192358929178
0 0.7664974461431089 0.8463243816209876 0.010748075402301292 0.010739616725755774
0 0.41460456018862524 0.4057797504507977 0.009384569914444633 0.00946881460106891
0 0.5275040502133577 0.5790616118389628 0.009825001592221468 0.009432212166164232
0 0.7036765554676885 0.7225198953048043 0.010691767153532608 0.011463123819102411
0 0.12818034835483716 0.4273977072342582 0.011006769926651665 0.011628233868142834
0 0.18584389271943466 0.4901266719983972 0.011018690855606743 0.011223544245180876
0 0.10938070649686066 0.7380748002425486 0.012324281360792078 0.012264666349991508
0 0.5760301507037618 0.8969854686571205 0.010586282481317934 0.01108990544858186
0 0.4938887098561163 0.5738882707512897 0.009739212367845617 0.009917736053466797
0 0.10132060880246369 0.46001900797304907 0.015689373016357422 0.014258135919985563
0 0.8400368275849717 0.531975912011188 0.011204968328061312 0.012006013289741848
0 0.11856034009352973 0.5391548509183137 0.011550374653028406 0.010803740957508917
0 0.45420017968053406 0.9653520169465439 0.01001744684965714 0.010292716648267664
0 0.7568444169085958 0.8893303041872771 0.010938105375870415 0.010422126106593921
0 0.12923949697743292 0.5327837156212848 0.010738186214281164 0.011701169221297554
0 0.7698007044584854 0.6754507189211637 0.010926744212274965 0.01088727038839589
0 0.4812233137047809 0.4351647159327631 0.010429465252420177 0.009565633276234503
0 0.8829001965730086 0.981988699539848 0.012112161387567934 0.011758057967476223
0 0.7050163849540376 0.9262123729871666 0.009925013003141983 0.010170521943465523
0 0.08694279971330063 0.3809701774431311 0.01332178841466489 0.012736590012260105
0 0.9263384238533352 0.8606086399244225 0.010636578435483187 0.011357680610988453
0 0.610218970671944 0.6876215105471404 0.01108470170394234 0.012213541113811989
0 0.3922621711440708 0.39374840518702636 0.010969903158104938 0.01023963741634203
0 0.8906658421392025 0.8337911108265752 0.01201355975607167 0.01253070002016814
0 0.11388977195905603 0.5219911077748174 0.010548187338787575 0.01736110189686651
0 0.7448011066602624 0.9052364515221636 0.011010626088018003 0.010377137557319973
0 0.08228091830792633 0.41970783212910523 0.010856685431107231 0.0108090587284254
0 0.8061323580534563 0.8025705918021824 0.010449119236158289 0.009642393692680027
0 0.6029874345530635 0.17234479344409448 0.011077175969662874 0.01133486498957095
0 0.5763155481089717 0.9111790035081946 0.010784646739130434 0.010890628980553669
0 0.6970022657643195 0.9852861943452254 0.00965280118195907 0.009440339129904041
0 0.6185548409171726 0.19296264648437503 0.01085036733876104 0.011854337609332542
0 0.5579045648160188 0.6701901788296908 0.012232054834780485 0.010009371716043224
0 0.5476492695186448 0.5328888893127441 0.01115423700083857 0.012297547381857166
0 0.3478942370933036 0.3787397301715354 0.012192775373873503 0.012334574823794157
0 0.47012577886166773 0.4187866501186204 0.011586728303328804 0.011358883069909138
0 0.8714007709337317 0.6512413854184358 0.011217490486476734 0.010919322138247282
0 0.6538763460905657 0.8186871072520381 0.010721455449643343 0.011667832084324047
0 0.5161736218825631 0.4544121856274812 0.010196001633353855 0.011202822560849398
0 0.8399508725041929 0.9587830460589863 0.011277530504309612 0.012144959491232166
0 0.5525317606718645 0.6526789354241411 0.010322280552076258 0.011729758718739386
0 0.2532464732294497 0.8672648720119309 0.01141983529795771 0.012511543605638586
0 0.7944090884664784 0.8389028673586638 0.010645078576129417 0.010756575542947521
0 0.15370619815328848 0.47798231373662536 0.010726907978887144 0.011562326680059019
0 0.4775368441706118 0.6751271330791971 0.011076761328655739 0.010425692019255264
0 0.4390144348144531 0.8744172635285752 0.010364283686098845 0.011297640593155571
0 0.27504608942114783 0.7678103239639944 0.01214141431062118 0.01691926043966542
0 0.098271950431492 0.3517943400403727 0.010626792907714844 0.012258226456849472
0 0.47367873399154 0.721468324246614 0.009522686833920687 0.010814376499341883
0 0.15585678038389786 0.4998276751974355 0.010801719582599144 0.010712582132090693
0 0.564649250196374 0.1762715267098468 0.00995461837105129 0.01124957333440366
0 0.5767973713252856 0.17148717590000317 0.010704144187595532 0.011090216429337212
0 0.29647054879561713 0.7986951496290124 0.014356053393820057 0.011389773824940557
0 0.2764586158420729 0.5505704465119734 0.010584955630095108 0.010505095772121265
0 0.5062198638916016 0.45720841573632276 0.009969462519106657 0.01139074823130732
0 0.6009154423423435 0.28101602844569995 0.010478413623312244 0.010049177252728005
0 0.732951952063519 0.8201700708140497 0.009856763093367867 0.010575584743333899
0 0.6973002475240956 0.9306207325147546 0.012335487034009851 0.011082110197647758
0 0.6915315130482549 0.9596308003301206 0.010415947955587635 0.010210534800653872
0 0.254964133967524 0.8256555225538171 0.01042007363360861 0.010357151860776155
0 0.5728360569995382 0.18240263151085895 0.009859437527863876 0.009933139966881794
0 0.3054974908414094 0.6313912661179252 0.00992627765821374 0.010387856027354364
0 0.3131856400033702 0.7831102454144022 0.010055935901144276 0.010422913924507473
0 0.8069974443186884 0.947566840959632 0.010332646577254585 0.00986468273660411
0 0.4058462225872537 0.39966541010400536 0.010026268337083899 0.010335740835770317
0 0.6560577309649925 0.9769463953764541 0.009684272434400476 0.010006324104640796
0 0.6731214730635933 0.9509879817133365 0.01144421618917714 0.01090265356976053
0 0.3842953806338103 0.37391596255095116 0.011819341908330503 0.011232790739639946
0 0.08831952965777852 0.3434141550375067 0.010483161262843921 0.01169298783592556
0 0.4061044402744459 0.8655466411424719 0.009617722552755604 0.009475293366805367
0 0.49693457976631494 0.4003388233806776 0.010672071705693785 0.013332475786623747
0 0.29151465581811 0.4118551378664763 0.010640994362209156 0.011733055114746094
0 0.17904549577961795 0.49987493390622345 0.011226726614910622 0.01123753837917162
0 0.5039250436036483 0.5284504268480383 0.01139999472576639 0.01306716255519701
0 0.5394089532935101 0.6030015323473059 0.009229121000870415 0.009139475615128227
0 0.32059333635413134 0.715154564898947 0.009571282759956692 0.009859499724014946
0 0.7654616521752398 0.7697736905968707 0.009661259858504585 0.009462024854577106
0 0.7829210032587466 0.9169748140418011 0.0110321044921875 0.011263225389563519
0 0.1139170086902121 0.5149015136387037 0.010941774948783543 0.010985457378885021
0 0.6541989989902663 0.8855183020881985 0.00949258389680282 0.011554261912470278
0 0.13500767687092657 0.7599315228669541 0.011888825375100841 0.010326634282651155
0 0.3888999275539233 0.37659432577050245 0.013912532640540081 0.011251055676004162
0 0.9300403594970703 0.9865189427914827 0.010936737060546875 0.01031129256538723
0 0.5659182071685791 0.5702536417090375 0.010696141616157864 0.010235040084175442
0 0.8082802399345066 0.9737600243609884 0.010763334191363792 0.009910251783288044
0 0.907342413197393 0.9501738340958304 0.011650583018427309 0.01243193253226902
0 0.4397682107013205 0.39743355305298517 0.010179353796917458 0.01061700219693391
0 0.8623840083246647 0.9000886004904042 0.00999724346658458 0.01111967667289402
0 0.11034493342689845 0.7970065863236138 0.012213136838830036 0.012120910312818445
0 0.6098946592082148 0.26838582494984503 0.010367580082105554 0.011666671089504078
0 0.8265761707140051 0.8968036900395933 0.011071205139160156 0.011607709138289742
0 0.8148602195408032 0.9580139284548552 0.010315107262652855 0.010966135107952614
0 0.22989725029986835 0.47932730550351343 0.012093792790951937 0.013243343519127888
0 0.7633132519929304 0.9037271582561992 0.011362407518469769 0.010777183201002039
0 0.12554740387460459 0.5217158794403076 0.010698639828225841 0.01115639313407566
0 0.372802734375 0.3824473593545996 0.010821383932362432 0.011051639266636059
0 0.28900700030119525 0.4183091080707053 0.011521090631899626 0.01326001208761464
0 0.14403824702553128 0.26464520330014435 0.01057793783104938 0.010225586269212805
0 0.528784382804048 0.6608434599237707 0.011527123658553413 0.01210722715958305
0 0.40805084809013037 0.792722225189209 0.008487328239109205 0.009026859117590862
0 0.2683555146922236 0.802552845167077 0.011296521062436312 0.011256508205247961
0 0.7533376320548679 0.9409874418507451 0.011210026948348335 0.012348133584727411
0 0.0867233431857565 0.4133888534877611 0.01358460343402365 0.015377894691799
0 0.22315215027850605 0.9298627687537152 0.010248785433561905 0.010751392530358356
0 0.09055281981177954 0.7597034910450811 0.0102952822394993 0.011339229086171026
0 0.4465520226437112 0.9569454815076746 0.011093730511872665 0.011040853417438011
0 0.5131755911785624 0.5840565639993419 0.010783734528914742 0.010126362676205843
0 0.2738984356755796 0.8559678326482358 0.009830308997112772 0.00922331602677055
0 0.775146256322446 0.8876751816791036 0.010372700898543648 0.010102106177288551
0 0.5433162398960278 0.6497397215470023 0.010429589644722317 0.011108564293902855
0 0.4150087574253912 0.7657123233961023 0.009387793748275093 0.010408816130264946
0 0.16915934500486954 0.47203780257183575 0.012547461882881496 0.015157036159349524
0 0.5156340184419052 0.6183142765708591 0.01157167683476987 0.011699738709822945
0 0.29013862817183783 0.39795410633087164 0.011384860329006031 0.01149377615555473
0 0.280945000441178 0.6303229850271473 0.010612591453220532 0.012957096099853516
0 0.9297164212102476 0.7080671476281207 0.009812852610712465 0.010320497595745583
0 0.4991434553395147 0.8784163516500721 0.011511802673339844 0.010429962821628735
0 0.11094930379287056 0.34659566309141077 0.010698370311571203 0.010894739109536877
0 0.300121079320493 0.6825059185857358 0.010868113973866339 0.010671822921089504
0 0.2807431324668553 0.8501080844713295 0.009977361430292543 0.009149178214695143
0 0.496339984562086 0.5535957709602688 0.01021414217741593 0.010106998941172724
0 0.45544324232184363 0.4014849144479502 0.01016993108003036 0.01077289166657821
0 0.4128612694532975 0.8889687786931577 0.010168438372404678 0.01146146525507388
0 0.46561317858488666 0.7240548963132113 0.009278214496114979 0.010930890622346298
0 0.45557273989138397 0.9468085454857867 0.009619816489841627 0.010310836460279383
0 0.5290574509164562 0.8975897664609163 0.014016545337179432 0.011032684989597485
0 0.46409175188645074 0.9551128719163977 0.010286756183790125 0.010394718336022419
0 0.15726589638253916 0.5627626854440441 0.012208617251852284 0.011696960615075153
0 0.5343343071315599 0.6783616231835407 0.010363620260487432 0.0107758148856785
0 0.496714042580646 0.8671866499859355 0.011240233545717985 0.00985854604969854
0 0.6523068676824155 0.9680992209393047 0.014847009078316067 0.009661384250806726
0 0.4088771654211957 0.38659267840178124 0.01100482111391814 0.012788896975309952
0 0.5667318261188009 0.5171745549077573 0.00906546219535496 0.01147825821586277
0 0.4481436428816422 0.8640916036522907 0.009813920311305834 0.00983317002006199
0 0.6326644316963528 0.8318321808524753 0.00907972584600034 0.009833791981572691
0 0.7088608949080758 0.987315385237984 0.010138967762822691 0.009882222051205843
0 0.45269446787626855 0.6765153097069782 0.009759716365648352 0.010038334390391474
0 0.411409564640211 0.8780489797177522 0.010950129965077276 0.011497414630392323
0 0.24425477566926376 0.454528518345045 0.01220839956532354 0.013978875201681385
0 0.4898211645043415 0.8731211164723272 0.009306161299995754 0.009583970774774965
0 0.14040939704231595 0.4914659209873365 0.012107766192892323 0.01469284555186396
0 0.28676006068354065 0.7974576120791228 0.01162483381188434 0.01142145239788553
0 0.06755801646605782 0.4907972398011581 0.011322700459024181 0.012702091880466625
0 0.5447526185408883 0.552974161894425 0.010531881581182066 0.011100105617357336
0 0.2732548713684082 0.7726406429124915 0.010080752165421196 0.010726762854534645
0 0.2558330971261729 0.8142326189124066 0.012464336726976477 0.01185408882472826
0 0.15283159069392993 0.656595924626226 0.011762753776882007 0.012500700743302055
0 0.22015948917554773 0.9190222284068232 0.009717070538064709 0.010285833607549253
0 0.43977834867394494 0.684270029482634 0.01090252917745839 0.011232293170431385
0 0.36742351366126025 0.3958166060240373 0.012701449186905571 0.011189979055653448
0 0.2989822055982506 0.7194667277128801 0.009852202042289402 0.009655786597210428
0 0.7102837769881539 0.9163106835406759 0.010301341181216032 0.010388581649116848
0 0.4717194308405337 0.7332775903784712 0.010673232700513758 0.011271559673806896
0 0.48654019314309827 0.5855624261109725 0.010149789893108864 0.01044395695561948
0 0.910663717018326 0.9678519757304394 0.006258688244098294 0.0068944953877497295
0 0.5447180063828178 0.6761153469914977 0.0131407820660135 0.010204024936841883
0 0.7838438904803731 0.8958740649016008 0.011280930560568104 0.010567291923191235
0 0.5495361659837805 0.5832048395405645 0.010184329489003057 0.010453991267992102
0 0.07771909755209218 0.3940449512523154 0.01092138497725777 0.011359707168910816
0 0.2405770032302193 0.9751970042353091 0.011093367700991423 0.011142316071883492
0 0.8541329632634702 0.8271808624267578 0.009278380352517834 0.01008241072944973
0 0.5332586661629055 0.5633600380109705 0.008893842282502548 0.01032677940700365
0 0.566024230874103 0.6014469810154126 0.01002197680266007 0.00960640285326087
0 0.46052979904672375 0.6871079569277556 0.009845972061157227 0.010313614555027172
0 0.2515324198681375 0.8803924684939177 0.011772508206574814 0.012898279272991676
0 0.42279473594997247 0.3995929386304773 0.01107924917469854 0.011011538298233696
0 0.24268446797909943 0.9349235659060271 0.013774374256963316 0.011195680369501528
0 0.2925288677215576 0.7260359059209409 0.009518146514892578 0.010002219158670177
0 0.5375664337821628 0.8195499544558318 0.009464761485224184 0.009973899177882982
0 0.22842691255652386 0.8889962486598804 0.011331226514733356 0.010558003964631454
0 0.5160214589989703 0.874984077785326 0.012623869854470959 0.011765355649201767
0 0.8213168849115786 0.920988248742145 0.010995699011761208 0.011311572530995245
0 0.5689660155254862 0.9151548717332924 0.011756523795749829 0.010653288468070652
0 0.6647908169290294 0.8473802442136018 0.00949834740680197 0.00969559213389521
0 0.8650567635245945 0.8277533158012058 0.010538971942404041 0.011744457742442255
0 0.09219152512757675 0.39686624381853186 0.010179737339849058 0.011147944823555325
0 0.7187242715255074 0.844108125437861 0.0092742339424465 0.008925811104152514
0 0.25796986662823224 0.8532066345214844 0.010605086450991423 0.009701106859290081
0 0.28988530324852985 0.8240722158680791 0.010207114012345024 0.01076308540675951
0 0.8798439606376316 0.8906932499097742 0.010125118753184443 0.010333019754161005
0 0.2523048131362251 0.5693249287812607 0.011255533798881199 0.012073143668796704
0 0.4932600933572521 0.44939121992691705 0.011104915453040081 0.015124403912088146
0 0.4440743715866752 0.944116571675176 0.009553598321002462 0.009403519008470617
0 0.2597513717153798 0.5598830969437308 0.01021718978881836 0.010937773663064709
0 0.5349034433779509 0.7341550744098165 0.008951850559400476 0.009049871693486753
0 0.3935186163238857 0.845154161038606 0.009918622348619543 0.009566058283266813
0 0.3104437952456267 0.7183412468951681 0.009555899578592052 0.010610082875127378
0 0.2681996615036674 0.4999829064244809 0.011343852333400562 0.010693031808604364
0 0.541993991188381 0.7999207040537959 0.008250153583029041 0.008247790129288383
0 0.6271885996279509 0.20884188361789868 0.009643637615701427 0.00972022180971892
0 0.4336932431096616 0.4083854789319246 0.011929429095724354 0.010826287062271782
0 0.6855868671251379 0.1616853320080301 0.010036758754564367 0.014695499254309612
0 0.22390381149623712 0.8995748602825664 0.009844468987506369 0.009817786838697351
0 0.46753413262574567 0.6268997607023821 0.010578207347704016 0.01064827131188434
0 0.26365984004476795 0.535954060761825 0.010348340739374575 0.011383222497027855
0 0.5782322261644446 0.6139337912849758 0.010995118514351223 0.010348402935525646
0 0.4769351171410602 0.6644272182298743 0.010087013244628906 0.010041941767153532
0 0.5096230921537981 0.6002555722775665 0.009410236192786175 0.00967643571936566
0 0.0975456963414731 0.7638959884643555 0.010241425555685291 0.010682893835979958
0 0.44490672194439435 0.4055964065634686 0.013452633567478344 0.010190538738084875
0 0.5428505254828412 0.789936231530231 0.009512880574101988 0.009221533070439878
0 0.4321205771487692 0.8244498501653257 0.008788907009622326 0.009083996648373812
0 0.6746894587641177 0.8518048784007196 0.009470151818316916 0.00981741366179093
0 0.4040644428004389 0.8473757868227753 0.010716697444086489 0.011105247165845789
0 0.22816852901292883 0.9526806499647058 0.010883580083432405 0.010360344596531079
0 0.37559892820275353 0.39905797916909924 0.01077492340751316 0.009769667749819548
0 0.8168758067236339 0.9883466116577035 0.006346717991743144 0.00393870352688265
0 0.5195359665414562 0.5759343893631644 0.009682717530623726 0.010135194529657778
0 0.42202167925627343 0.7692497294882068 0.00945120272429093 0.009615068850309952
0 0.32089822188667627 0.6811131394427755 0.00920216933540676 0.009709441143533459
0 0.2672733016636061 0.5446624755859374 0.010410350301991339 0.009876707325810972
0 0.9190101623535156 0.9883945506551991 0.010970903479534645 0.010002592335576597
0 0.5772079903146495 0.7382218734077785 0.012803969175919243 0.010546808657438858
0 0.3152859625609024 0.6674288666766622 0.014744115912395973 0.01436851335608441
0 0.43044975011245057 0.8020887789518936 0.009996051373689072 0.009816377059273098
0 0.5861912810284159 0.5524013353430707 0.012607284214185633 0.009911246921705164
0 0.45904092685036035 0.6682353434355364 0.010735542877860691 0.01016372183094854
0 0.6561195746712063 0.8328446512636931 0.010211986044178839 0.011526107788085938
0 0.23435450636822241 0.9401763003805408 0.010321513466213062 0.009263577668563179
0 0.8044991078584092 0.7786900893501616 0.010264230811077614 0.009423131528108017
0 0.8171967630800994 0.9110519160395083 0.01033807837444803 0.011826473733653193
0 0.4357944312302962 0.8180134814718495 0.010472204374230427 0.012909764828889267
0 0.2222424382748811 0.9784650180650794 0.013014254362686821 0.018850450930388077
0 0.3212468520454738 0.6915233653524647 0.010651090870732847 0.012854659039041271
0 0.2188009386477263 0.9083521677100141 0.010099742723547894 0.010434565336807915
0 0.476143769595934 0.941555354906165 0.011054774989252504 0.0103912353515625
0 0.4395705046861068 0.9053755843121073 0.010189066762509554 0.010572392007578974
0 0.5047920147098384 0.5096425235874434 0.008608422494562071 0.007852535718894597
0 0.4544760766236679 0.6460907044618027 0.009604308916174847 0.009210690208103346
0 0.10405621321304986 0.3389831107595693 0.010664566703464672 0.010670724122420601
0 0.4627542703048042 0.6350376191346542 0.010608631631602411 0.010392790255339249
0 0.5210068018540092 0.5432632073112156 0.011236999345862347 0.010169775589652683
0 0.43030761635821796 0.8367413023243779 0.010205434716266136 0.009273570516835089
0 0.22937248064124066 0.9642732247062351 0.010510693425717562 0.009395640829335089
0 0.549861420755801 0.5695144819176715 0.010172781736954399 0.009933139966881794
0 0.26940829857535986 0.8377420591271441 0.009526314942733101 0.012546124665633492
0 0.41428002067234204 0.778601480566937 0.009247987166694973 0.008969928907311481
0 0.270727364913277 0.8255776529726775 0.010450446087381115 0.01067252781080163
0 0.41607463878134027 0.900850876517918 0.010290664175282354 0.009699448295261549
0 0.5153923760289731 0.5229186182436735 0.010188081990117613 0.009791664455247961
0 0.6463626778644063 0.8623750728109608 0.008954421333644701 0.009429226750912874
0 0.2323040132937224 0.9869306398474652 0.010974220607591711 0.010234749835470448
0 0.31184025432752527 0.6072802025338878 0.01269487712694251 0.012532420780347742
0 0.5372939213462498 0.87112978230352 0.010939826136050016 0.012303145035453465
0 0.3166678988415262 0.4006497652634331 0.010884886202604874 0.011760608009670093
0 0.7828236248182213 0.8807484170664912 0.009489764337954313 0.009539065153702446
0 0.5692913324936576 0.31343785576198413 0.009159606436024542 0.008997958639393682
0 0.2955509268719217 0.7866039068802543 0.010454841282056726 0.00991095667300017
0 0.49312498258507764 0.6207491833230724 0.010298977727475374 0.01066863018533458
0 0.14423419081646466 0.48147291204203735 0.010614084160846214 0.01219810610232146
0 0.48336823608564294 0.956908308941385 0.012682697047357973 0.01373954441236413
0 0.28145594182221784 0.808608801468559 0.009908821271813435 0.010654947032099184
0 0.7572992988254712 0.7658705504044241 0.009588573289954144 0.008921747622282608
0 0.4921270246091096 0.5982231886490531 0.010521971661111584 0.009920700736667799
0 0.745044874108356 0.9241205505702805 0.011067929475203804 0.010635583297066067
0 0.5709283040917438 0.5229910352955693 0.009436275648034138 0.010871928671131964
0 0.9322073770606001 0.9065753687982974 0.009899015011994736 0.011647846387780231
0 0.6731659712014408 0.8660277076714873 0.003977945479317965 0.006066052907632251
0 0.6379932009655497 0.8262093585470447 0.009845795838729195 0.010428801826808765
0 0.44489844467328943 0.7589934805165166 0.009646695593129034 0.008902591207753057
0 0.4264083530591881 0.8739692439203677 0.01123710300611413 0.011877474577530571
0 0.7514635998269786 0.8523294200067936 0.008649245552394701 0.009365330571713655
0 0.49708946891452954 0.6113911918971849 0.010721953018851902 0.013710187829059105
0 0.4955875769905421 0.5643307955368705 0.009586292764414911 0.010043745455534561
0 0.3156821002130923 0.749480682870616 0.01012520168138587 0.010560367418372112
0 0.7820068442303203 0.8718665371770444 0.008230292278787365 0.007532327071480129
0 0.8809908991274626 0.8988918014194653 0.008682333904763927 0.00811879531196926
0 0.4279183408488398 0.7072335326153301 0.009781360626220703 0.010022826816724695
0 0.29169274413067364 0.6042686338010043 0.008361920066501783 0.010421213896378227
0 0.30944505981777026 0.6424199290897536 0.010358250659445057 0.010296220364777939
0 0.5371008955914042 0.5554464381674061 0.012868508048679516 0.011589755182680876
0 0.28707281402919604 0.8372128113456394 0.009740642879320227 0.009404555610988451
0 0.7068790352862816 0.8466561358907947 0.011713691379712976 0.008904830269191576
0 0.6847489398458728 0.8435078081877336 0.008345894191576086 0.008829531462296196
0 0.5677475929260255 0.7754149436950684 0.01032418790070907 0.010272026062011719
0 0.46857894503551983 0.6133927676988684 0.009906219399493673 0.010374939959982166
0 0.31768815413765283 0.7311866387077 0.009778603263523268 0.018749610237453296
0 0.5656369458074156 0.7271162116009257 0.008426997972571331 0.007938053296959919
0 0.4607732814291248 0.4118987581004267 0.010632183240807575 0.012387358624002209
0 0.47197692290596344 0.9727736556011698 0.010920939238175102 0.009536287058954653
0 0.3109968848850416 0.6813573629959769 0.010928693025008492 0.009909132252568785
0 0.5198296982309093 0.46907243521317193 0.010665914286737856 0.011641979217529297
0 0.4790485008903172 0.6529341054999311 0.009432543878969938 0.012251003928806469
0 0.534743309020996 0.8043490700099778 0.008618023084557575 0.008844292682150135
0 0.6546774532483971 0.8677685779073964 0.00936752816905146 0.010266179623811142
0 0.4397545638291732 0.8923596506533416 0.009128580922665804 0.008695934129797894
0 0.5294916733451511 0.8315519664598549 0.008791467417841372 0.01264978491741678
0 0.19457130846769913 0.5609261367631995 0.010543408601180367 0.010806767836860989
0 0.7741002986973797 0.8617408107298704 0.007113693039041513 0.007127189178943578
0 0.432048569554868 0.8550231145775836 0.010094808495563011 0.01113190858260445
0 0.49068357633507764 0.44543196325716766 0.011747982191002888 0.010419855947079866
0 0.4537050724029541 0.6518989334935726 0.011315366496210512 0.012450031612230383
0 0.26454517115717346 0.5265783745309581 0.010231515635614809 0.01186829027922257
0 0.5059698020154574 0.5724840995596243 0.00755419133182008 0.008461434760076872
0 0.46841156482696533 0.6543346591617749 0.010554572810297426 0.010356633559517239
0 0.789592577063519 0.78991583119268 0.011346070662788723 0.009601427161175272
0 0.5621756263401197 0.618695767029472 0.010125948035198708 0.009494138800579569
0 0.4349565609641698 0.9606399536132812 0.010365423948868462 0.01080322265625
0 0.5089593451956044 0.47090824272321613 0.009828795557436735 0.010240461515343708
0 0.410289132076761 0.8287633605625317 0.012217335079027258 0.010561279628587805
0 0.8733732389367145 0.9016657497571862 0.012597706006920856 0.010975257210109546
0 0.6846624042676843 0.1672138493994008 0.008791633274244226 0.008417595987734587
0 0.6459268694338591 0.9688311867091968 0.009461983390476393 0.01018723197605299
0 0.2663533791251805 0.5123344711635424 0.01016260230022928 0.010422043178392492
0 0.41341346243153454 0.8134959676991338 0.009755590687627378 0.01024428657863451
0 0.4174911094748456 0.9092833684838336 0.010515575823576553 0.009780344755753227
0 0.5777561249940292 0.5562484057053275 0.007801657137663468 0.00930481371672257
0 0.5488149394159731 0.608822895132977 0.00820060398267663 0.00874848987745202
0 0.4595738234727279 0.9763957521189817 0.010546653167061184 0.009654708530591883
0 0.306580056314883 0.6985708319622538 0.009904218756634256 0.011491195015285328
0 0.5008749339891516 0.7559899454531462 0.008435954218325407 0.008651235829228941
0 0.6551956508470618 0.8565187868864641 0.010458158410113792 0.010473500127377718
0 0.3067815925764001 0.5961350980012314 0.01044984485792077 0.010662576426630434
0 0.7187988032465397 0.829564384792162 0.01097131812054178 0.011970188306725544
0 0.2567095030908999 0.8395114774289338 0.009455369866412619 0.014738538990850035
0 0.29604077339172363 0.5884724285291589 0.009472826252812925 0.013193503670070484
0 0.30415819002234423 0.7603341600169307 0.009601800338081692 0.010010553442913551
0 0.5596734648165496 0.721284700476605 0.00947502385015073 0.011491029158882473
0 0.5062114155810812 0.5931036368660305 0.009095627328623896 0.011411376621412195
0 0.5129659901494565 0.8911877922389819 0.013254746146824047 0.015309126480765965
0 0.5579593077949856 0.5918748689734418 0.01025788680366848 0.009506889011548914
0 0.44396394750346313 0.6955197375753651 0.00971706017203953 0.009838270104449728
0 0.3158839163572892 0.6527557787687883 0.010271632153054943 0.01209532696267833
0 0.7510096508523694 0.8633186506188433 0.008886420208474865 0.009228747823963995
0 0.14615892327350122 0.49927614046179725 0.011678363965905231 0.012094373288361923
0 0.5600085673124894 0.7493512526802395 0.009071308633555536 0.00918753250785496
0 0.3051374995190164 0.7477294051128885 0.010394075642461363 0.010334470997685972
0 0.5103696636531664 0.5089934597844663 0.010156071704366932 0.009885829427967901
0 0.2622346670731254 0.8965191633804984 0.012133598327636719 0.014489629994268003
0 0.49251621702443005 0.6385149022807246 0.010409168575121008 0.011060362276823624
0 0.28502918326336407 0.5314723927041759 0.011512839275857677 0.013058662414550781
0 0.6923874150151792 0.8528056766675867 0.008737066517705503 0.008166022922681726
0 0.5395787798840067 0.6916736934496008 0.010395609814187756 0.009744561236837635
0 0.17248914034470267 0.47664132325545594 0.009225150813227114 0.00984092380689538
0 0.7604246346846871 0.8664049272951873 0.00955162877621858 0.00902321027672809
0 0.5308009645213252 0.8164715352265732 0.010826898657757301 0.010260996611221977
0 0.2506065472312596 0.8454812298650328 0.010080689969270126 0.01189584317414657
0 0.4183356865592625 0.8568679353465204 0.00989569788393767 0.010729209236476734
0 0.7480579459148905 0.8598673239998196 0.0073034037714419155 0.007652075394340183
0 0.6220468438189962 0.20445130182349167 0.010008272917374321 0.009328531182330587
0 0.5524010865584664 0.7324502364448879 0.010302253391431726 0.009674155193826427
0 0.5395701035209324 0.7185397355452829 0.008205538210661514 0.00836206519085428
0 0.5611009597778319 0.6895050587861435 0.008878376172936481 0.008864071058190388
0 0.5327979792719302 0.7004987053249192 0.010022951209026833 0.008546580439028532
0 0.4543981241143268 0.6989366075266963 0.00788810978765073 0.008689921835194464
0 0.4546355112739231 0.7047270899233611 0.008741679398909859 0.00845162764839504
0 0.5059638284590445 0.5559127316045661 0.007789200851593767 0.006777159190365756
0 0.5599868193916653 0.6981635715650476 0.009497269340183424 0.010506505551545517
0 0.5499615876570992 0.7750350496043332 0.01170838397482167 0.012204833652662195
0 0.3171912379886793 0.6303633814272673 0.010532731595246689 0.011387659155804176
0 0.23726385572682257 0.8965146023294202 0.009996061739714249 0.010849081951638927
0 0.447515606880188 0.9789450686910877 0.010896091875822647 0.010223305743673573
0 0.5241885599882706 0.8968986842943275 0.009929864302925442 0.010609502377717392
0 0.4841573860334314 0.6132398273633874 0.01054890259452488 0.012737357098123302
0 0.4229848384857178 0.8148259909256645 0.00950802927431853 0.00876779141633407
0 0.8114784899570513 0.9828332598343879 0.005561753215801835 0.007269027550271607
0 0.5321616089862325 0.7492588706638503 0.010066198266070824 0.01056347722592561
0 0.5326155786928922 0.9876030839007832 0.008580498073412024 0.007692876069442085
0 0.28092161468837573 0.8171026395714801 0.009625704392142918 0.010061927463697351
0 0.49901701056438946 0.6323073221289593 0.010515047156292458 0.010602909585703974
0 0.42642137278681214 0.9086419395778489 0.01040325994076936 0.011000674703846807
0 0.2762730017952297 0.5362676019253938 0.01025991854460343 0.01141338763029679
0 0.5474055539006772 0.7132035338360331 0.010031202565068785 0.009313541909922724
0 0.5037202109461245 0.5425456503163213 0.010250278141187586 0.009539231010105299
0 0.5280438298764437 0.8380498471467392 0.008394034012504246 0.008525350819463316
0 0.4333073367243228 0.8609183352926503 0.008884554323942764 0.011276410973590355
0 0.517978398696236 0.7440944339918053 0.008416175842285156 0.0076862003492272415
0 0.47685275388800585 0.6043754245923914 0.009734993395598038 0.010018887727156929
0 0.5529121108677076 0.6033766684324846 0.011237310326617699 0.011034820390784222
0 0.5732937688412874 0.5902686326400094 0.008707958719004755 0.008931118509043818
0 0.6939965745677119 0.9453646825707477 0.009954493978749151 0.008876178575598675
0 0.5314299749291461 0.7099299223526664 0.009266770404318104 0.009652345076851223
0 0.4657447804575381 0.9865565092667289 0.011272565178249195 0.010319253672724184
0 0.32725230507228686 0.7021820234215778 0.008353399193805197 0.008980709573496943
0 0.46104951008506456 0.6567342799642811 0.010285947633826214 0.009353679159413214
0 0.3095951391303021 0.5849211941594663 0.00930643081665039 0.010750770568847656
0 0.48134143974470056 0.6252228695413341 0.011624139288197393 0.009596866110096807
0 0.31079720414203144 0.7936680213264796 0.009189875229545261 0.009548311648161514
0 0.5659667719965396 0.7969773126685101 0.00929434403129246 0.009398128675377888
0 0.25207834658415423 0.9214649822400964 0.009812935538913893 0.009810945262079653
0 0.43548328980155615 0.7670568175937817 0.009777276412300442 0.010147384975267492
0 0.23522602993509042 0.9323312925255817 0.009627964185631794 0.010838301285453465
0 0.464508549026821 0.6784888143124786 0.010097742080688477 0.010257057521654211
0 0.426848204239555 0.7240658428357996 0.00834166485330333 0.010492283365000849
0 0.48494874912759545 0.5906868395598038 0.008444640947424847 0.010320414667544157
0 0.4971348306407099 0.5881838694862698 0.010359888491423233 0.009569727856179943
0 0.44704503598420514 0.7081236010012419 0.00840021216351053 0.009491422901982847
0 0.2862678403439729 0.5172086176664934 0.009991645812988281 0.013154527415399965
0 0.26279101164444635 0.8498833490454634 0.010657808055048403 0.009987333546514097
0 0.5157006719838018 0.89377092278522 0.010629322217858356 0.010544320811396059
0 0.30496463568314264 0.7745132238968558 0.009608787039051886 0.010440287382706352
0 0.3178382023521092 0.7395611016646676 0.00878800516543181 0.016921540965204655
0 0.43323638646498963 0.9359270178753398 0.008720304654992145 0.008567892986795177
0 0.43772959190866223 0.7025120154671047 0.009253076885057531 0.00954748236614725
0 0.4214121725248253 0.8340646702310315 0.009554686753646187 0.009618054265561312
0 0.411351380140885 0.8481478691101075 0.009711037511410921 0.011463040890900986
0 0.22565092211184296 0.9721471952355426 0.009865035181460173 0.010672444882600204
0 0.3081298703732698 0.7655124664306641 0.009853611821713655 0.012621672257133152
0 0.4164987439694612 0.7406607088835342 0.009315034617548403 0.009145073268724524
0 0.4378062538478686 0.41035426440446265 0.009415750918181046 0.008334818093673042
0 0.44637472733207373 0.98519810386326 0.010988815971042797 0.008171993753184443
0 0.5624657713848612 0.540113179580025 0.008300076360287874 0.008991117062775986
0 0.4409120134685351 0.7318692829297937 0.009660212889961575 0.008921001268469769
0 0.5407420448634935 0.8627699147100034 0.008340006289274796 0.008434793223505434
0 0.31693172454833984 0.665070575216542 0.011502846427585766 0.010781827180281929
0 0.3091472646464472 0.6217652611110522 0.010663965474004332 0.011215790458347485
0 0.28763303549393365 0.5866595558498217 0.00877237319946289 0.011163462763247282
0 0.2754210492838984 0.5205439899278723 0.009123781453008238 0.013311842213506285
0 0.5317244322403617 0.766111415365468 0.01021940811820652 0.009588905002759851
0 0.539699243462604 0.769252694171408 0.011760836062224014 0.009960920914359715
0 0.5606395058009936 0.6791592058928118 0.00933149586553159 0.009178244549295177
0 0.7999543936356254 0.7884813806285029 0.011078254036281421 0.008585473765497622
0 0.46379966158022645 0.6462836824328697 0.010285947633826214 0.009353679159413214
0 0.4808506008502303 0.6446335880858048 0.010285947633826214 0.009353679159413214
0 0.4827757068968437 0.6388582578710775 0.010285947633826214 0.009353679159413214
0 0.4770003887570036 0.6339079748298827 0.010285947633826214 0.009353679159413214
0 0.453074070749095 0.6847858838643855 0.010285947633826214 0.009353679159413214
0 0.45499917679570834 0.693586387048732 0.010285947633826214 0.009353679159413214
0 0.4382232526752206 0.7098123147948708 0.010285947633826214 0.009353679159413214
0 0.43492307088102633 0.7224630381223689 0.010285947633826214 0.009353679159413214
0 0.43602313147909105 0.7348387457253561 0.010285947633826214 0.009353679159413214
0 0.43904829812376905 0.7430892174606809 0.010285947633826214 0.009353679159413214
0 0.42639760124602427 0.7521647363695384 0.010285947633826214 0.009353679159413214
0 0.42172234370424894 0.7469394376038327 0.010285947633826214 0.009353679159413214
0 0.42199735885376527 0.754639877890136 0.010285947633826214 0.009353679159413214
0 0.4239224649003786 0.7612402552783958 0.010285947633826214 0.009353679159413214
0 0.4296977830402185 0.7604152081048633 0.010285947633826214 0.009353679159413214
0 0.4340980254324775 0.759590160931331 0.010285947633826214 0.009353679159413214
0 0.43437304058199383 0.7513396891960064 0.010285947633826214 0.009353679159413214
0 0.43052282848876716 0.7419891545626384 0.010285947633826214 0.009353679159413214
0 0.4261225860965081 0.733188651378292 0.010285947633826214 0.009353679159413214
0 0.5785811704425776 0.5496480283170677 0.007801657137663468 0.00930481371672257
0 0.5747309583493511 0.5449727610003837 0.007801657137663468 0.00930481371672257
0 0.5708807462561245 0.5466228553474487 0.007801657137663468 0.00930481371672257
0 0.5623552766211226 0.5504730754906003 0.007801657137663468 0.00930481371672257
0 0.5689556402095112 0.5529482170111977 0.007801657137663468 0.00930481371672257
0 0.5642803826677358 0.5581735157769036 0.007801657137663468 0.00930481371672257
0 0.56180524632209 0.5639488459916309 0.007801657137663468 0.00930481371672257
0 0.5571299887803147 0.57027420765538 0.007801657137663468 0.00930481371672257
0 0.5708807462561242 0.5358972420915267 0.007801657137663468 0.00930481371672257
0 0.5037770497741735 0.5819623759470898 0.006151566240566139 0.006829672196124623
0 0.5043137375619474 0.5614130460947827 0.007789200851593767 0.006777159190365756
0 0.5147643132435626 0.5432620082770682 0.007789200851593767 0.006777159190365756
0 0.5076139193561418 0.5487623227672848 0.007789200851593767 0.006777159190365756
0 0.5106390860008198 0.5355615679907652 0.007789200851593767 0.006777159190365756
0 0.694453644538216 0.843507624373832 0.008737066517705503 0.008166022922681726
0 0.6882549559691057 0.8344161954643831 0.008737066517705503 0.008166022922681726
0 0.6981728576796822 0.8288373640881302 0.008737066517705503 0.008166022922681726
0 0.7060245298672219 0.8317300914684093 0.008737066517705503 0.008166022922681726
0 0.7105702348179028 0.8288373640881298 0.008737066517705503 0.008166022922681726
0 0.7109834807225103 0.8399950268406351 0.008737066517705503 0.008166022922681726
0 0.7008589560596303 0.8377221696132728 0.008737066517705503 0.008166022922681726
0 0.6766785613906033 0.8699535519732945 0.003977945479317965 0.006066052907632251
0 0.7699678396513062 0.8671130187218173 0.007113693039041513 0.007127189178943578
0 0.9081842415906821 0.9738440538753033 0.006258688244098294 0.0068944953877497295
