0 0.7844806546750277 0.2889644788659137 0.010730453159498133 0.010702216106912365
0 0.6564877551534901 0.5825835725535518 0.011272762132727581 0.012080192565917969
0 0.5276561819988749 0.4416094603745834 0.010786222374957542 0.011048804158749788
0 0.7439186676688814 0.5971148325049359 0.011672144350798233 0.015551815862241
0 0.8874194518379543 0.2641111767810324 0.01246319646420686 0.012248681939166527
0 0.592108674671339 0.41600399431974994 0.010515399601148523 0.01026016732920771
0 0.6263419959856116 0.684881127398947 0.010800050652545433 0.01127301091733186
0 0.7409774531488833 0.01631108898183574 0.010915424512780231 0.011099617118420809
0 0.9034014162809951 0.3231222629547119 0.013232770173445992 0.011816750402035921
0 0.7154053605121112 0.5427554735146103 0.006147426826075974 0.005942405293011419
0 0.8843478327212126 0.4130489515221637 0.02348651056704314 0.014062466828719429
0 0.8852304168369458 0.3045703431834345 0.011421410933784817 0.01226280046545941
0 0.6661026581473973 0.4525435074515965 0.010899004728897758 0.010974884033203125
0 0.7386788077976394 0.3827136133028114 0.012552841849949047 0.012194208476854406
0 0.7414295362389606 0.23877635209456735 0.011766848356827446 0.01140582043191661
0 0.6695950653242028 0.050938909468443504 0.009862713191820227 0.01004878852678382
0 0.6747480475384258 0.6934992956078571 0.008499228436013927 0.010152194810950237
0 0.5522450260494066 0.33841116661610804 0.011253667914349098 0.011454626269962475
0 0.7053159630816914 0.18008921457373578 0.011571635370669157 0.011667064998460852
0 0.6159257785133694 0.08089182946992957 0.009079746578050696 0.010445050571275793
0 0.7155918038409691 0.4077500208564427 0.011439033176587976 0.011601043784100075
0 0.7591389987779701 0.37612323139024817 0.012191565140433933 0.012057698291280994
0 0.5053894416145657 0.39105069637298584 0.00969633848770805 0.00988241900568423
0 0.8075094844983972 0.9404944751573645 0.00808877530305282 0.007805741351583729
0 0.926020456397015 0.1855589825174083 0.011981715326723845 0.012596171835194464
0 0.6865537684896718 0.05254692616670027 0.011044170545495075 0.010827168174411938
0 0.6393886441769807 0.6334634138190228 0.010388125544009 0.012003960816756538
0 0.8380025158757749 0.3763074071510979 0.011562803517217222 0.01109213932700779
0 0.6923944846443508 0.42771995585897693 0.010855674743652344 0.010605355967646059
0 0.8533306329146677 0.2945115358933159 0.011153469914975374 0.01185012900311014
0 0.5801265758016835 0.34880517617515894 0.010798039643660835 0.011329246603924294
0 0.6334346688312033 0.2886479004569676 0.010420260222061821 0.010634712550951086
0 0.759573397429093 0.41543833069179364 0.01047515869140625 0.011242348214854364
0 0.8507737906082815 0.20226095033728558 0.010174502497134 0.010467612225076427
0 0.6929250592770784 0.8228042436682661 0.009684728539508322 0.010249096414317255
0 0.6340472387230914 0.35921883323918224 0.011268325473951258 0.011535338733507238
0 0.7112537052320397 0.021210499431775963 0.011579098908797554 0.011522686999777088
0 0.6275653009829314 0.71313360463018 0.011003411334493885 0.011438203894573708
0 0.7190649405769679 0.2231892088185186 0.010769429414168648 0.010919695315153702
0 0.5333379662555197 0.324183749763862 0.010820057081139606 0.010572092688601951
0 0.7410980514858081 0.21431827545166016 0.011704527813455334 0.011511346568231997
0 0.6616839118625808 0.35046240428219666 0.01231657940408458 0.010888698308364204
0 0.6562532963960066 0.3817999673926312 0.011155128479003906 0.01107999552851138
0 0.5740987528925356 0.41005240315976343 0.010193534519361414 0.010871182317319124
0 0.8935652193815813 0.39232565009075665 0.011806488037109375 0.011833273846170177
0 0.5453298091888428 0.3885695908380591 0.010074304497760277 0.010064347930576489
0 0.750376846479333 0.5709883544756018 0.009861199752144192 0.00975241868392281
0 0.8389854431152344 0.2945868761643119 0.011549493540888247 0.011719807334568188
0 0.8167801110640817 0.9218754146410071 0.008541480354640795 0.009282817011294157
0 0.5056829763495404 0.3636702972909678 0.010116349095883577 0.010789187058158543
0 0.6378104064775549 0.5317372757455577 0.010086702263873558 0.01016013518623684
0 0.6394477719845978 0.5583107160485309 0.011118474213973335 0.011444921078889267
0 0.8152545224065365 0.1071070847303971 0.011088288348654041 0.010838125063025433
0 0.929661170296047 0.12546988155530847 0.010404420935589333 0.010455048602560291
0 0.6659466494684634 0.6226701840110447 0.010545523270316746 0.010784667471180792
0 0.9006916543711787 0.22026158415752906 0.011700505795686142 0.011754305466361668
0 0.8531599874081819 0.269451846247134 0.01203080882196841 0.012366709501846977
0 0.7399409128272016 0.4575966544773268 0.010612280472465183 0.010942707891049593
0 0.819575309753418 0.3935705190119536 0.011709379113238792 0.011960470158120861
0 0.5960151630899181 0.33339014098696085 0.01327676358430282 0.010237137260644333
0 0.7459005894868269 0.35769713961559796 0.011736621027407438 0.01228244408317234
0 0.784358895343283 0.3310326493304709 0.010256145311438519 0.012154454770295517
0 0.5790660899618397 0.48122527288353956 0.009960381881050442 0.010336938111678413
0 0.6033542052559231 0.3588818609714508 0.011637397434400476 0.012242133202760117
0 0.6568855306376581 0.651680728663569 0.010362853174624235 0.010597125343654468
0 0.8775993894648481 0.07040979044952264 0.010261137640625546 0.009109022956707472
0 0.5867379022681195 0.335902171290439 0.0105432012806768 0.012577261613762897
0 0.8716499494469684 0.32496776723343396 0.012007340140964672 0.011982107939927475
0 0.5471515966498334 0.44668519496917725 0.010018784066905146 0.01056819376738175
0 0.5425518491993779 0.5145647629447605 0.011794587840204653 0.010917746502420177
0 0.7839906112007472 0.7630817993827489 0.009093574855638586 0.009853777678116508
0 0.6377998434978983 0.04167925145315087 0.010432036026664402 0.010396027046701183
0 0.5659442155257516 0.5163120808808701 0.010074366693911345 0.011102220286493715
0 0.9179977956025498 0.1265898839287136 0.010886772819187329 0.010768589766129204
0 0.7312231478483779 0.5753866071286409 0.011193980341372282 0.010665022808572521
0 0.6409981354423191 0.025707673767338627 0.009992599487304688 0.010716741499693497
0 0.6167770883311396 0.4080252621484839 0.010426231052564539 0.011680566746255627
0 0.7584845501443614 0.12794321516285773 0.010192207668138586 0.010747474172840948
0 0.7336513892464015 0.9650049416915232 0.009043444757876188 0.009282526762589165
0 0.748057572737984 0.8964877957883088 0.007946346117102581 0.007892152537470278
0 0.6244028132894764 0.31514873711959174 0.010655237280804176 0.011152288188105043
0 0.9194400414176609 0.2467276842697807 0.011525485826575237 0.01197895796402641
0 0.7682823512865149 0.36400807162989735 0.0118408203125 0.011678607567496922
0 0.8483326746069868 0.35252537934676453 0.010913558628248133 0.011317320491956629
0 0.7253003742383874 0.9384059076723844 0.008289503014605978 0.009218133014181385
0 0.7316790663677711 0.14403954796169116 0.01068716463835343 0.010942376178243885
0 0.8275652553724206 0.3594846880954245 0.011667293051014776 0.011735470398612644
0 0.5378857591877813 0.42202429667763086 0.009854254515274712 0.009007713069086489
0 0.7285554305366848 0.39926394690638 0.011760794598123302 0.011957883834838867
0 0.6925345503765605 0.1131556293238764 0.009806715923806896 0.009952679924342943
0 0.7728266094041907 0.10250302501346754 0.011263888815174932 0.01078486442565918
0 0.8440682784370754 0.24733275952546493 0.011743213819420856 0.012013269507366676
0 0.845382897750191 0.69937395012897 0.011179882547129755 0.011136013528575068
0 0.8298790765845258 0.26753213094628375 0.011147664940875511 0.010886627694834833
0 0.6365271962207296 0.20530469521232272 0.01085644182951554 0.011278173197870668
0 0.5071901445803435 0.37768753715183423 0.010026807370393173 0.01027314559273098
0 0.8067687490712041 0.6779806924902875 0.01104537300441576 0.010538723157799763
0 0.6734433174133301 0.3423862982055415 0.010983301245647926 0.01109142795852993
0 0.5560528402743131 0.3731184835019319 0.01043006648188052 0.010756948719853941
0 0.6052707900171694 0.25444595710090967 0.009184153183646824 0.009004696555759596
0 0.6657528669937797 0.8344107088835342 0.011013445646866508 0.010592585024626358
0 0.6302307792331862 0.6748473125955333 0.010895438816236414 0.011540703151537024
0 0.5189437036928923 0.3446798428245213 0.010966010715650476 0.01059015937473463
0 0.6171908378601074 0.36961637761281885 0.010969369307808254 0.011643826961517334
0 0.5628482984459918 0.4818606324817823 0.010087635206139606 0.010070437970368759
0 0.5868543541949728 0.43967211764791736 0.010769802591075068 0.01063301252282184
0 0.6033501521400784 0.4057274953178737 0.010357836018437925 0.011224881462428882
0 0.7067330194556195 0.4382374701292618 0.010765117147694464 0.01103415696517281
0 0.680233851723049 0.31192610574805213 0.01104972673499066 0.009949953659721043
0 0.6428375658781631 0.6589368426281474 0.010880677596382473 0.011219584423562756
0 0.8629494957301926 0.39011111466780946 0.010400357453719429 0.011095668958581013
0 0.647542207137398 0.524406619693922 0.01034346870754076 0.010622729425844938
0 0.550334412118663 0.4784209520920464 0.009616976198942764 0.010014762049135954
0 0.7159797212351923 0.3115071421084197 0.01042776522429093 0.010813796001931896
0 0.8192589386649755 0.3379011102344679 0.010048576023267664 0.010309374850729237
0 0.6552102047464122 0.5634358447530995 0.010640185812245245 0.011091232299804688
0 0.7124929428100586 0.42437632187553076 0.011486385179602581 0.011763821477475374
0 0.8928018652874491 0.36085551199705707 0.010759851206903872 0.011126300562982973
0 0.789453299149223 0.49105582029923156 0.010891458262567934 0.011205009792162024
0 0.7209038734436035 0.29101751161658246 0.010212898254394531 0.009607812632685122
0 0.510687081710152 0.5042403884555983 0.010683474333389946 0.011183158211086109
0 0.7600473321002462 0.5161678998366647 0.009313417517620584 0.010156196096669073
0 0.827535691468612 0.03126294586969459 0.011005608931831692 0.011161988196165665
0 0.8680622888647992 0.8133243892503821 0.009098840796429178 0.008859053902004076
0 0.8563492401786472 0.047942225051962814 0.011619153230086617 0.010674785012784212
0 0.891532504040262 0.41091209909190307 0.012962880341903023 0.01325963891070822
0 0.678404704384182 0.07387017426283463 0.013515182163404383 0.010589801746865978
0 0.5909309179886527 0.5239384692648182 0.009913527447244396 0.009768859199855639
0 0.5952564944391665 0.5814727285633916 0.011888794277025305 0.011799770852793818
0 0.7741797695989193 0.2770849207173223 0.011959946673849354 0.011563363282576851
0 0.6477242760036301 0.18781250456105109 0.010008853414784307 0.009893064913542374
0 0.5916968013929285 0.3927124038986537 0.010401891625445824 0.010506780251212742
0 0.7021481679833453 0.45515846687814465 0.011213924573815388 0.011627166167549465
0 0.6649812408115554 0.41058360493701435 0.011494885320248812 0.012188507163006325
0 0.5671363498853601 0.29045404558596405 0.00992683742357337 0.009850066641102667
0 0.5830426527106244 0.36886018644208496 0.010588500810706097 0.010713642058165176
0 0.6553229871003523 0.17843327833258588 0.009962081909179688 0.010691425074701723
0 0.5169995349386464 0.3980736913888351 0.009621164073114809 0.010163187980651855
0 0.6555835267771846 0.7084651200667673 0.009593092876931896 0.009674486906632133
0 0.5421235872351605 0.26789101310398267 0.010482705157736073 0.010690606158712635
0 0.790710158970045 0.9210406386333964 0.0077316450036090355 0.007772570071013078
0 0.8601661143095598 0.8042446634043818 0.009618054265561312 0.010559164959451427
0 0.7006437674812651 0.603894389193991 0.009792037632154383 0.009851559348728346
0 0.6842868224434231 0.23054569700489874 0.011470794677734375 0.010619640350341797
0 0.6784959876019022 0.3553018362625785 0.011393505594004755 0.012340338333793308
0 0.7720721286276111 0.4120191698488982 0.010898175446883492 0.01061775373375934
0 0.7402754866558573 0.5261660244153894 0.009913112806237263 0.009731251260508661
0 0.5672676666923191 0.3522220953651097 0.010664483775263247 0.01062277607295824
0 0.6602981090545654 0.15525608477385147 0.009760545647662619 0.010549130647078804
0 0.6488357212232507 0.393101894337198 0.010277292002802309 0.0109878104666005
0 0.6742605333742889 0.5159812388212784 0.010682935300080673 0.010944117670473845
0 0.7723440087359884 0.02660609652166781 0.010577657948369566 0.010601120150607567
0 0.6771507263183594 0.1062201624331267 0.010558667390242867 0.010218910548997961
0 0.7585880238076915 0.634507707927538 0.010147053262461786 0.009865325430165167
0 0.6738012977268384 0.4425444447475931 0.010764495186183765 0.010959303897360096
0 0.6566635629405146 0.2654918795046599 0.010532379150390625 0.010708104009213655
0 0.7874920471854832 0.5877675284510073 0.010607097459876019 0.010523402172586193
0 0.6625958940257197 0.10692596435546875 0.010432575059973675 0.01082847429358441
0 0.6872036768042524 0.8413979696190875 0.009872229202933933 0.010110813638438349
0 0.757712758105734 0.06944812639899876 0.009863770526388416 0.010096897249636442
0 0.81259706745977 0.7237126516259234 0.009601841802182405 0.009090630904487942
0 0.636864599974259 0.22496921083201527 0.009385855301566746 0.009931875311810038
0 0.6743950843811035 0.39492042168327 0.010506132374639097 0.010389638983685036
0 0.6772736881090247 0.6459805032481318 0.012087407319442085 0.010601043701171875
0 0.5494584518930187 0.32583721014468564 0.010287927544635277 0.010349837982136269
0 0.6872909172721532 0.41668220706607983 0.010389037754224695 0.01015925407409668
0 0.6739216472791589 0.5661078535992167 0.00973747087561566 0.010004333827806555
0 0.716497918833857 0.5589385032653809 0.010120723558508831 0.010691808617633324
0 0.6679190552752949 0.1693558796592381 0.010937441950259 0.010407468546991762
0 0.7245663767275603 0.2639327878537385 0.012597871863323708 0.016896786897078804
0 0.7638080431067427 0.2306608117145041 0.010792193205460258 0.011157865109650986
0 0.7813539090363875 0.46185521975807525 0.01029943383258322 0.010321316511734673
0 0.6672750970591669 0.0771193582078685 0.009740248970363451 0.010422877643419348
0 0.6303182373876157 0.4413754577222078 0.010781350343123726 0.010869596315466839
0 0.6286083304363749 0.5168899764185366 0.010393142700195312 0.010126176087752632
0 0.7083734636721404 0.763431984445323 0.008654677349588146 0.009765666464100714
0 0.7602292143780253 0.2673963152843973 0.011021945787512737 0.010701946590257727
0 0.7916403646054476 0.10845139752263608 0.011423774387525476 0.011039319245711617
0 0.805282385452934 0.6378985798877218 0.010541584180748981 0.010754108428955078
0 0.7533725240956182 0.9178414137467094 0.00843711521314538 0.008182028065557066
0 0.7270451835964036 0.37263359971668414 0.01218215278957201 0.01168772966965385
0 0.9137501301972764 0.9862564128378163 0.008050877115000849 0.007518478061841883
0 0.608066641766092 0.4831443714058918 0.010809939840565557 0.009307477785193401
0 0.7468691286833389 0.41039473595826514 0.01106826118800951 0.011580975159354832
0 0.8532546914142111 0.3362908068558444 0.011364397795304008 0.012441528232201286
0 0.6692351154659104 0.1586762407551641 0.010829490164051886 0.010065783625063688
0 0.7744110770847488 0.4869530097298 0.009607729704483696 0.010282640871794327
0 0.810992779939071 0.329242142646209 0.01088026295537534 0.012740757154381794
0 0.5280440371969471 0.39171141386032104 0.009852119114087976 0.009487520093503206
0 0.6960320887358293 0.34471592047940125 0.010335880777110224 0.009925233281177023
0 0.8644978481790294 0.6901426107987112 0.010278287141219429 0.009943547456160835
0 0.5678181026292883 0.3199420908223028 0.010705450306768003 0.01032553548398225
0 0.8023764568826428 0.8133151220238726 0.009546860404636549 0.00945493449335513
0 0.9314084053039551 0.4303211077399876 0.009596078292183254 0.010056630424831226
0 0.6220454236735469 0.42505534835483716 0.011505106221074644 0.011032374008842136
0 0.9022977041161578 0.7671335676442022 0.010134862816852074 0.010468068330184273
0 0.6921031786047895 0.5137362687484078 0.010455587635869566 0.010383979133937671
0 0.6965294920879862 0.10227788531261942 0.009951259778893513 0.010587640430616297
0 0.7456373131793478 0.4466397451317829 0.01009393774944803 0.0105432012806768
0 0.8587926574375317 0.09533868665280548 0.011990381323772926 0.013210338094960089
0 0.5961189477340035 0.4881732982137928 0.010404213615085766 0.010273601697838825
0 0.7080442179804263 0.8428999859353771 0.008887829987899117 0.008774964705757473
0 0.609786261682925 0.5251849734264872 0.010337290556534477 0.010351865187935207
0 0.5926565502000891 0.451042916463769 0.009598607602326767 0.009903959606004797
0 0.8712940008743949 0.7500236345374066 0.011842022771420687 0.011041641235351562
0 0.9223013960796854 0.2998459857443105 0.01154538859491763 0.011121708413828974
0 0.7505931854248047 0.1507402917613154 0.01024304265561311 0.01059003498243249
0 0.6153075073076331 0.5020520790763523 0.010087904722794243 0.010609792626422386
0 0.7572476345559827 0.6646972946498706 0.009464844413425611 0.01054170857305112
0 0.8227792822796367 0.4524967359459919 0.010307726652725883 0.010416445524796196
0 0.7905886898870054 0.8630111735800038 0.0092004278431768 0.008933150249978771
0 0.6252237506534742 0.3494044892165972 0.010472525721010954 0.011564796385557755
0 0.7660066770470659 0.7261555713155995 0.009309354035750679 0.009253211643384851
0 0.8101645345273225 0.6472762149313221 0.010580394579016644 0.010357400645380434
0 0.7163602372874385 0.9310829328454059 0.008863075919773268 0.010524418043053669
0 0.7171467905459197 0.4706285258998041 0.010986742766007133 0.010848345963851265
0 0.6690746390301249 0.2678027256675389 0.010475656260614809 0.011363962422246519
0 0.7101383623869524 0.25789305438166077 0.011546756910241169 0.015010854472284731
0 0.6727269628773564 0.20732352007990296 0.010068644648012907 0.010234397390614386
0 0.6831117298292078 0.592464250067006 0.010035473367442255 0.010396480560302734
0 0.7209834430528724 0.17558893431787903 0.011269818181576937 0.011041236960369606
0 0.7241736287656038 0.9839557979417883 0.00907972584600034 0.009437892747961956
0 0.7951105366582456 0.7564899817756985 0.009387472401494566 0.0093530157338018
0 0.5334449540013853 0.35915541260138795 0.011003556458846382 0.011784250321595566
0 0.7891158228335173 0.4535804209501847 0.010116743004840355 0.009893873463506285
0 0.6526672010836394 0.4290156519931296 0.010293815446936565 0.010678840720135231
0 0.9100450018177861 0.9128831987795623 0.008777950121008831 0.008449347122855808
0 0.8621667157048764 0.3217076102028723 0.010618334231169327 0.014349416546199634
0 0.8265991832899011 0.6163016505863356 0.00967544058094854 0.011069484378980554
0 0.7821516990661621 0.38202066525169054 0.01087051889170771 0.01112756521805473
0 0.7090811729431152 0.04673555622930113 0.010508620220681896 0.010547513547150986
0 0.8828377931014352 0.24045573110165802 0.012440225352411684 0.011146628338357677
0 0.5952757337818975 0.3154121689174486 0.009840467701787535 0.010225420412809952
0 0.7019375303517217 0.7402958040652067 0.0091699102650518 0.009157471034837805
0 0.5511636630348538 0.24854037036066468 0.009797241376793903 0.010326281837795093
0 0.5994926328244417 0.37263483068217396 0.011346112126889437 0.011100323303886082
0 0.5979716363160508 0.29476466386214545 0.010784086973770805 0.01277923583984375
0 0.6273833254109258 0.08228346835012021 0.009505499964175016 0.00906136243239693
0 0.8573607361834981 0.3514943045118581 0.010954608087954313 0.01194168692049773
0 0.7058602208676545 0.7286590493243672 0.008892556895380434 0.009319056635317595
0 0.7671348322992739 0.47169319443080737 0.010806622712508492 0.011065255040707796
0 0.858737676039986 0.03557504130446393 0.011718045110287874 0.01083960481311964
0 0.8078863102456798 0.22058218458424445 0.010245323181152344 0.010720812756082287
0 0.7712573797806448 0.09045508374338564 0.01150375863780146 0.010667557301728622
0 0.6939331344936206 0.409024223037388 0.009949767071267834 0.01056311441504437
0 0.764352155768353 0.4306636012118796 0.010672735131305199 0.010432958602905273
0 0.7286880119987156 0.16401766175809113 0.010908334151558254 0.011201951814734417
0 0.6599235016366711 0.013117213612017422 0.009461589481519617 0.009502740009971287
0 0.8668177646139393 0.07844957579737125 0.011032519133194633 0.011128415232119352
0 0.6271196655605151 0.4076224591421045 0.010654076285984204 0.011059102804764458
0 0.8081833175990893 0.6626865138178286 0.010065037271250849 0.010996030724566917
0 0.7650767409283182 0.8207278251647949 0.008835046187691067 0.008794079656186312
0 0.5331798429074494 0.46937529937080713 0.009550716566002888 0.010453472966733187
0 0.860839677893597 0.959265190622081 0.009822182033372961 0.008854948956033459
0 0.6534262532773225 0.32843129887529043 0.011373519897460938 0.011283097707706947
0 0.6957108041514521 0.7806619768557341 0.00887472733207371 0.00867988752282184
0 0.7421965806380563 0.8400471521460492 0.009530689405358356 0.009072137915569803
0 0.9070298360741657 0.021127085322919098 0.01117768494979195 0.010465287643930187
0 0.7520665915116019 0.613731519035671 0.010523464368737263 0.010386902353037958
0 0.7377832246863325 0.6884853321573009 0.009680208952530571 0.00964591814124066
0 0.7344687710637633 0.6715836939604387 0.009650893833326258 0.009536701699961786
0 0.636491702950519 0.47728537994882336 0.009966124658999235 0.009777079457822054
0 0.6471107731694761 0.6265163214310355 0.009714541227921196 0.0107568243275518
0 0.8340828107750934 0.5261629560719365 0.010409977125084919 0.010909080505371094
0 0.8201557449672532 0.14023215874381686 0.011126269464907438 0.011135329370913298
0 0.6632655807163403 0.09564834573994511 0.010812303294306215 0.011914180672687034
0 0.8618136903514033 0.3783240266468214 0.010821591252866 0.010576610979826553
0 0.7312093610348909 0.819362267203953 0.008069950601328974 0.0076928346053413725
0 0.7417576002038043 0.42378836092741595 0.011272098707116169 0.012002696161684782
0 0.7952926677206287 0.7424809829048491 0.009857385054878567 0.01019560772439708
0 0.8436354554217794 0.7877704993538235 0.010512186133343239 0.010906592659328296
0 0.6883529994798744 0.6758065431014351 0.008991324383279552 0.009062891421110733
0 0.8229096039481785 0.6730620239091956 0.012444122977878735 0.010795448137366253
0 0.7310046942337699 0.7356843948364258 0.00940642149552055 0.00900368068529212
0 0.7476879824762759 0.592178956322048 0.009181188500445822 0.009336824002473251
0 0.7696135769719662 0.3953417384106179 0.011701708254606827 0.011635179105012314
0 0.8413365198218304 0.20744491660076636 0.01055671857750934 0.010775980742081352
0 0.8120880956235139 0.49520768808281945 0.010424821273140285 0.01041647662287173
0 0.6844641436701236 0.7773634247157886 0.009118163067361584 0.009322166442871094
0 0.5762391608694325 0.4992482869521432 0.01095450442770253 0.011589568594227667
0 0.7388164893440579 0.18454076932824176 0.010138511657714844 0.010582509248153023
0 0.5901916234389596 0.2723832026771877 0.008875743202541185 0.00910018837970236
0 0.6859023674674656 0.5726029147272524 0.009162446726923403 0.009585712267004925
0 0.6375228218410325 0.07535396710686061 0.014400067536727242 0.010673735452734905
0 0.6395353441653044 0.18621207320171856 0.010158580282460089 0.010735034942626953
0 0.5385200355363928 0.4620125449222068 0.010072645933731743 0.010686967683875042
0 0.6656454231428064 0.6974056907322095 0.011335725369660751 0.010174958602241848
0 0.8502400854359502 0.1842567713364311 0.00944693192191746 0.009135681649912958
0 0.6035337759100873 0.5092819151671037 0.010567063870637314 0.010529621787693188
0 0.5178158075913138 0.359934459561887 0.01028448602427607 0.01068642865056577
0 0.7826228141784667 0.5626835823059082 0.009519701418669327 0.00887410537056301
0 0.6687041572902515 0.3606621998807658 0.010521515556003735 0.010600320670915686
0 0.8637546456378439 0.7824537443078081 0.01087877024774966 0.011242907980213995
0 0.6223065645798392 0.5336030358853548 0.014218931612761124 0.011809286863907524
0 0.8189287392989449 0.20043268411055856 0.011530627375063688 0.011138687963071077
0 0.6985189396402111 0.37830053205075465 0.011158445607060972 0.018507065980330757
0 0.54982096215953 0.42112400739089295 0.009838311568550442 0.010077424671338953
0 0.8836935914081075 0.16260872716489044 0.010173839071522589 0.010468752487846043
0 0.7468970547551694 0.03326043616170469 0.010054007820461109 0.009720366934071417
0 0.6594236311705217 0.532340961953868 0.010364677595055622 0.010046751602836277
0 0.6721484350121539 0.4851491451263428 0.010359929955523949 0.010691248852273693
0 0.871273724929146 0.3105970880259638 0.011162011519722317 0.011041309522545856
0 0.6332897725312607 0.27545761025470233 0.010320290275242016 0.010137392126995583
0 0.6503669179004171 0.06911780782367873 0.00959145504495372 0.010824032451795496
0 0.8755357161812161 0.6837688736293628 0.009740829467773438 0.010111974633258324
0 0.7542022000188413 0.10356750695601752 0.010592294775921364 0.010694213535474695
0 0.5502633912343653 0.4969186311041657 0.005792536486093553 0.007945468199448224
0 0.7253570556640626 0.2119391793790071 0.010832496311353601 0.010856732078220532
0 0.8157220301420791 0.47202641549317725 0.009279292562733526 0.010434057401574177
0 0.6570208694623865 0.6369098476741624 0.01187853191209876 0.017946305482283882
0 0.7596444668977158 0.7758863490560779 0.00842310034710428 0.009567799775496773
0 0.7703120190164319 0.7411783674488897 0.009737595267917799 0.009767490884532099
0 0.8884626678798511 0.4588156886722732 0.010663032531738281 0.011005339415177055
0 0.9296613983486011 0.11471833353457245 0.00999438244363536 0.011148701543393343
0 0.7116711450659712 0.06180467553760694 0.010137267734693445 0.011067675507586937
0 0.7863740506379502 0.5118983310201893 0.010689693948496943 0.010363537332286005
0 0.6814171749612561 0.48524734248285706 0.010694752568783968 0.010487390601116676
0 0.809918217037035 0.7344614733820376 0.010072583737580673 0.00987969274106233
0 0.6846271597820781 0.04021980062774991 0.010657186093537704 0.010879824990811556
0 0.5447683230690334 0.30601062981978705 0.010188579559326172 0.010574195695960003
0 0.832704150158426 0.13838792883831522 0.010172263435695484 0.010204252989395805
0 0.6420594712962275 0.46424597760905384 0.010125657786493715 0.01130764380745266
0 0.7334004485088846 0.7941879811494246 0.00840232683264691 0.009011766184931215
0 0.7520975029986837 0.08388495445251465 0.011482570482336956 0.011858318163001019
0 0.9138340328050696 0.012115350560001705 0.010020214578379755 0.00978775063286657
0 0.817619572515073 0.7049039965090544 0.009254372638204823 0.00946695908256199
0 0.6953116707179856 0.6975891486458159 0.009839762812075407 0.009946532871412195
0 0.7565038515173871 0.5576746982076893 0.009670423424762228 0.010668547257133152
0 0.6103665103083071 0.31573319435119634 0.010468773219896399 0.01069721968277641
0 0.6133358063905134 0.43727570513020386 0.010021893874458645 0.010545844617097275
0 0.8691404591435972 0.45274241592573083 0.010652542114257812 0.01024305302163829
0 0.9163070139677629 0.21103657846865445 0.013407707214355469 0.01237326082975968
0 0.8385457785233206 0.8670778689177141 0.009270585101583729 0.010083986365276833
0 0.6876746467922044 0.1457050779591436 0.009623900703761889 0.010325887928838316
0 0.6329377112181289 0.05500664918319039 0.010663177656090778 0.010511045870573624
0 0.6653535366058348 0.041456398756607726 0.010663633761198624 0.010057366412618885
0 0.6521933908047882 0.6905111229938009 0.01022971194723378 0.01042075779127038
0 0.6833387872447138 0.4042924953543621 0.009690657905910326 0.010327639787093452
0 0.6762693653935972 0.679530952287757 0.008830443672511889 0.010277831036111584
0 0.7953076362609862 0.08020474599755328 0.010067110476286514 0.010996134384818699
0 0.7243572939997135 0.5877392706663713 0.009889478268830673 0.010252807451331097
0 0.5803299468496571 0.381473315798718 0.010427246923032015 0.011739031128261402
0 0.5913729874984078 0.32194004434606305 0.011745452880859375 0.0160862790501636
0 0.8347079650215481 0.6671238774838655 0.009654501210088316 0.00952911376953125
0 0.7060921295829441 0.5567904969920283 0.009604910145635191 0.01055132824441661
0 0.7844057912411897 0.2082150189772896 0.010015736455502718 0.010173569554867952
0 0.6521478943202805 0.27737893228945526 0.009876375613005264 0.00965893786886464
0 0.7111069430475649 0.8682949853980024 0.00917579816735309 0.009082586868949558
0 0.7997546817945398 0.5650436359903087 0.010631063710088316 0.010868031045664911
0 0.615534896435945 0.046142762121946915 0.01020719694054645 0.009101105772930643
0 0.7605679138847019 0.45377133721890656 0.010285916535750679 0.0100722831228505
0 0.5755549306454867 0.5188519643700641 0.009947652402131454 0.010359598242718239
0 0.8186711643053138 0.6019631157750669 0.009484374004861584 0.010769035505211872
0 0.6851741749307384 0.7222006631934125 0.008773347605829653 0.008992112201193104
0 0.8541040420532227 0.22926323310188626 0.011783516925314198 0.011890183324399202
0 0.8797184073406719 0.7322499441063921 0.011902684750764267 0.011615297068720278
0 0.7230392746303391 0.7087449405504309 0.009062186531398607 0.00896491175112517
0 0.726442461428435 0.34744213197542273 0.010138221409009851 0.01063239574432373
0 0.6432615674060324 0.24766714676566745 0.010102292765741762 0.010070842245350714
0 0.7539873123168945 0.04722583034764165 0.010153314341669497 0.010715686756631603
0 0.5153095722198486 0.37326180416604743 0.012449907219928245 0.010204190793244736
0 0.5894912740458613 0.5156540767006252 0.01049562122510827 0.010740259419316832
0 0.8284212609995967 0.1094017443449601 0.009628461754840353 0.010539365851360817
0 0.6279188964677893 0.39247211943502014 0.010035245314888332 0.011230100756106169
0 0.6246762483016305 0.35828343681667163 0.010141206824261208 0.010877889135609503
0 0.7953845936319103 0.3601145433342975 0.010399320851201597 0.010267527207084324
0 0.7820296287536621 0.24594337007273798 0.00994910364565642 0.009980595630148182
0 0.891728338987931 0.24031873371290124 0.010861645574155062 0.011262479035750679
0 0.8134166054103686 0.2988957529482634 0.01088739478069803 0.010694835496985394
0 0.8112238593723464 0.5470636409261952 0.010376557059909985 0.009123553400454313
0 0.7144881124081819 0.778023388074792 0.008913206017535666 0.008166271707286005
0 0.8214645385742188 0.5870503446330195 0.011171009229577106 0.010021520697552223
0 0.8313006110813306 0.7853031158447266 0.010908292687457542 0.010341146717900816
0 0.7176081408625063 0.7464963042217754 0.009546984796938688 0.009261380071225374
0 0.6410186290740967 0.5143736341725225 0.009565996087115744 0.010676840077275816
0 0.8585099759309187 0.6606898411460544 0.009243177331012228 0.009037162946618122
0 0.8060537835826045 0.06711473413135695 0.011408183885657269 0.011343391045280125
0 0.7655472755432129 0.5810966284378715 0.01001876333485479 0.00954200910485309
0 0.805484854656717 0.4735556322595347 0.010368513024371605 0.010837026264356531
0 0.7139321617458179 0.6209210727525794 0.009640154631241508 0.010547679403553839
0 0.6596010879230786 0.6690101988829167 0.008383127418958138 0.009474039574385069
0 0.7989121312680452 0.029568060584690258 0.009828318720278532 0.010230904040129288
0 0.6941263986670453 0.331466041829275 0.010531342547872791 0.010083298320355623
0 0.7566371793332307 0.7147081623906675 0.009233433267344599 0.009031378704568615
0 0.6385659756867781 0.6230773511140243 0.009633603303328804 0.010193700375764267
0 0.8428039965422258 0.45027962974880054 0.010216422702955164 0.010191834491232166
0 0.6318233738774839 0.38530803763348126 0.011069173398225204 0.011780075404954992
0 0.8340177536010742 0.6855386443760083 0.010043351546577785 0.01028280672819718
0 0.7811788476031758 0.478869863178419 0.01060286812160326 0.010315252387005348
0 0.7417956642482589 0.2688549887860115 0.010280526202658166 0.009871021817204072
0 0.6532220773905698 0.6751193062375062 0.00796443777469482 0.010086120781102152
0 0.8144715972568679 0.1235810362774393 0.010490127231763758 0.010231349779211956
0 0.7617257159689198 0.17168153887209686 0.010515959366508152 0.009687817615011463
0 0.6067362038985543 0.30536774967027747 0.009797427965247112 0.010522282641866932
0 0.7693727327429731 0.8529558803724206 0.009125668069590693 0.00907097692074983
0 0.869664544644563 0.7045478406159773 0.010983052461043648 0.010299848473590355
0 0.746995034425155 0.5159702715666399 0.0103485687919285 0.010515627653702446
0 0.6605922553850256 0.28719562032948365 0.01049636757892111 0.01011446247930112
0 0.6172135083571725 0.05778969889101775 0.009535395580789318 0.009142782377160114
0 0.8546632891115935 0.6371918346570886 0.00980489150337551 0.00945393935493801
0 0.7295424627221149 0.698792436848516 0.008992360985797384 0.008798557779063349
0 0.5404675525167714 0.3670033890268077 0.010324892790421196 0.010240243828814964
0 0.8399669398432194 0.36562569245048193 0.010768973309060802 0.011136303777280062
0 0.7509863687598187 0.7545195040495498 0.00917090540346892 0.009500420611837635
0 0.6614477427109426 0.5163379130156144 0.009878925655199133 0.010684013366699219
0 0.7274990289107615 0.7265141321265179 0.009298200192658798 0.00945319300112517
0 0.8011063285495923 0.41982684446417773 0.010749733966329823 0.011559621147487476
0 0.7037406382353408 0.4717617294062738 0.010386384051779041 0.0100766368534254
0 0.8272571149079695 0.22105611925539762 0.010198344355044157 0.010880739792533543
0 0.6838028949239978 0.15559980661972708 0.009681618731954823 0.010121127833490786
0 0.6925271075704823 0.0737724096878715 0.009944418202275816 0.01072370487710704
0 0.7835644224415654 0.7472207027932872 0.008945589480192764 0.009371798971424932
0 0.8280238690583601 0.06086363481438678 0.010323648867399796 0.0106015101723049
0 0.8839089144831118 0.10230153539906377 0.010158746138862942 0.01042131755663001
0 0.7586953950964886 0.9820129975028661 0.007695737092391304 0.006909080173658289
0 0.8484044904294222 0.17446274342744247 0.00991982999055282 0.01006485068279764
0 0.6884670879529871 0.20206267937369968 0.01029441667639691 0.009661404982857082
0 0.7867015755694845 0.4203300890715226 0.011022733605426292 0.010647276173467222
0 0.6271461611208708 0.2587662054144818 0.009296044059421705 0.010171330493429432
0 0.7476021517877993 0.4782857894897461 0.009960713593856148 0.010456085205078125
0 0.7595648350922959 0.69286819126295 0.009199764417565388 0.008594678795855978
0 0.7939799350240956 0.9691646410071332 0.00849989186162534 0.008224653161090353
0 0.709534562152365 0.5383652085843292 0.013528243355129078 0.011221947877303413
0 0.770527984784997 0.8772707400114639 0.00848989901335343 0.008296054342518682
0 0.6356478981349779 0.7487242325492527 0.008841970692510191 0.00802413277004076
0 0.7455426091733186 0.5629509324612825 0.010061844535495922 0.009523080742877462
0 0.8297089701113495 0.15990220982095468 0.010740943576978601 0.010445035022238026
0 0.8326767631199048 0.4308549632196841 0.010909619538680367 0.010473334270974865
0 0.7122791124426802 0.37170464318731555 0.010435353154721468 0.01083051121753195
0 0.8828100917547387 0.06054392969101794 0.010739865510360054 0.010892303093619968
0 0.8255338046861731 0.4717622839886209 0.010008231453273609 0.011365227077318274
0 0.7455373432325281 0.14001323865807577 0.010519027709960938 0.01023933161859927
0 0.6332915243895157 0.48647219201792835 0.009920431220013163 0.010165877964185633
0 0.834228868069856 0.323054993606132 0.010740321615467901 0.011516189445619997
0 0.5660740188930345 0.42408864912779437 0.009909878606381624 0.010653132977692978
0 0.8394771244214929 0.34139700557874597 0.01035507865574049 0.011037349700927734
0 0.8358082356660264 0.6178736168405284 0.008886212887971298 0.009534276050070057
0 0.6626621536586597 0.4017573439556619 0.011121210844620415 0.011540827543839165
0 0.5410505792369014 0.3767412123472794 0.00990884200386379 0.009620438451352327
0 0.814325477765954 0.7572874193606169 0.009380464968474014 0.009695011636485224
0 0.8089767400170536 0.5161271048769895 0.006942418029051686 0.006257325137931316
0 0.7706844081049379 0.5219889620076055 0.010180763576341711 0.009945268216340439
0 0.6830328029134998 0.1658741857694543 0.010067193404487942 0.010355400002521019
0 0.7948889110399329 0.33098640811184177 0.011334460714588995 0.011319154630536619
0 0.7727404055388079 0.15303478033646292 0.010062673817510191 0.010555889295495075
0 0.8313684048859971 0.18882251822430157 0.009565436321756115 0.010128933450450068
0 0.9103565423384957 0.7545068989629331 0.009193627730659817 0.01151474662449049
0 0.8868015952732253 0.9328771881435229 0.007868725320567255 0.007828546606976053
0 0.9051936191061267 0.357745331266652 0.011493599933126698 0.010671771090963612
0 0.7740110521731169 0.4515024682749872 0.011112254598866339 0.010318071945853855
0 0.7915342372396716 0.9589876091998555 0.008180742678434952 0.009006251459536345
0 0.7719489595164424 0.7526983800141709 0.009828526040782099 0.009838062783946161
0 0.7055667794269064 0.5136583162390668 0.009843494581139606 0.009846479996390965
0 0.7918591084687605 0.14460968971252441 0.013248485067616339 0.015104708464249321
0 0.7781629977018938 0.34240755503592285 0.013175798499065895 0.010938816744348278
0 0.9272406204887058 0.9535311201344365 0.008981372999108356 0.009066250013268513
0 0.598836608555006 0.26139384767283563 0.009207103563391644 0.009610279746677565
0 0.7735516299372134 0.1687469534252001 0.010260499042013416 0.009533768114836319
0 0.8503327784330947 0.9531324635381284 0.008623164633046026 0.008822648421577785
0 0.6445226876632028 0.43729232705157733 0.01111664979354195 0.012324996616529383
0 0.7118451284325641 0.07380187252293462 0.009734402532162874 0.010098141172657843
0 0.9333349310833475 0.5070177368495776 0.008115187935207201 0.008611554684846298
0 0.7991791186125383 0.6582173782846202 0.009185873943826427 0.010200894397238026
0 0.8460597991943358 0.5513693249743917 0.010598472926927649 0.010472525721010954
0 0.6069598612578018 0.01237210469401401 0.00909660173499066 0.008234175003093222
0 0.8393018556677777 0.014020295246787693 0.010954400767450747 0.009962861952574356
0 0.8707486235577128 0.5332610918127972 0.011282091555388077 0.011514000270677649
0 0.7845413166543713 0.7895933648814326 0.008916730466096298 0.009281490160071331
0 0.5489652260490085 0.4362179351889569 0.011242949444314709 0.009737771490345831
0 0.7120427670686142 0.25333825401637866 0.009600432022758152 0.00976662013841712
0 0.6399198304051938 0.4275886701500934 0.010193721107814625 0.01004121614539105
0 0.7523161639337954 0.646437230317489 0.012239414712657099 0.011106159376061481
0 0.6959946259208347 0.5761617162953252 0.009069111036217731 0.009530191836149796
0 0.7702024501302968 0.651292261870011 0.009947776794433594 0.009412599646526834
0 0.6537682388139807 0.6422567782194719 0.010568432185960852 0.011257586271866508
0 0.6747697125310483 0.670532993648363 0.009372255076532778 0.013405219368312671
0 0.7656489040540612 0.5942682286967402 0.010893075362495754 0.010121532108472742
0 0.6672484978385594 0.377409323402073 0.010741316753885021 0.02057840513146442
0 0.7597944218179454 0.5696565897568412 0.013510123543117359 0.009286196335502293
0 0.9156241002290144 0.11480433526246445 0.010313158449919327 0.010722668274589207
0 0.734702545663585 0.8114495899366295 0.00857332478398862 0.008279717486837635
0 0.7185807228088379 0.4422694911127504 0.010216132454250171 0.011068012403405231
0 0.8156845673270847 0.5325879325037417 0.009374203889266304 0.010767874510391899
0 0.6731183736220651 0.19860023000965946 0.009495216867198114 0.010371000870414402
0 0.701032825138258 0.08015425308890965 0.00967394787332286 0.009130934010381285
0 0.5540350831073263 0.4905826889950296 0.010246650032375171 0.010590066080508024
0 0.6624188734137494 0.4681622463723887 0.010842965996783714 0.011399227639903193
0 0.8927883479906165 0.143774908521901 0.010381698608398438 0.010291877000228218
0 0.8180706397346829 0.2728639685589334 0.01032020734704059 0.011714852374532948
0 0.7261568359706714 0.8638781049977178 0.007695612700089165 0.011042926622473675
0 0.7103002175040867 0.6928812317226243 0.00870551233706267 0.008929584337317425
0 0.6280337727588156 0.7558263073796812 0.008103557254957117 0.007323430932086447
0 0.7247916719187861 0.6209838079369586 0.010085105895996094 0.00962717636771824
0 0.5973042923471202 0.4791978753131369 0.009457733320153278 0.011058724444845448
0 0.6861425068067468 0.49916885210120154 0.009773751963739809 0.011058807373046875
0 0.8496838237928308 0.434351050335428 0.01171862560769786 0.010442070339037024
0 0.8085552920465884 0.904602403226106 0.009075123330821161 0.01244955477507218
0 0.8090681200442107 0.88006359597911 0.00856130019478176 0.008929957514223845
0 0.761554075324017 0.6255015290301779 0.009554033694059952 0.01020062488058339
0 0.795685457146686 0.36995394333549164 0.011148245438285496 0.010949756788170856
0 0.6855312637660815 0.2656024538952371 0.009911371314007303 0.010289378788160242
0 0.7155384602754011 0.7187954653864321 0.009220164755116339 0.009625351947286854
0 0.8490231762761655 0.12046104410420293 0.009786066801651665 0.009474681771319845
0 0.5881857975669529 0.4597993259844573 0.011216433151908543 0.00952489479728367
0 0.7423252644746201 0.9336838100267493 0.007541366245435633 0.007833480834960938
0 0.8295314622961957 0.8860254287719727 0.009909671285878057 0.010083405867866848
0 0.873772040657375 0.3773695385974387 0.009959511134935461 0.010003608206044073
0 0.7106320754341457 0.36225461830263556 0.010524832684060802 0.010882214359615162
0 0.7939702738886295 0.09130705180375473 0.010948844577955164 0.010466010674186375
0 0.901638466378917 0.30284121762151306 0.011298594267471977 0.011339913243832796
0 0.6508059812628705 0.31588106570036517 0.010687268298605213 0.010435809259829313
0 0.7849790946297024 0.0825282438941624 0.010746624158776325 0.010096871334573498
0 0.787835058958634 0.5526966426683508 0.01022202035655146 0.009461693141771399
0 0.7677429862644363 0.4419404631075652 0.010898258375084919 0.01007036540819251
0 0.6064258554707402 0.28077576471411664 0.009551732436470364 0.009484809377919073
0 0.9059351216191831 0.161254478537518 0.012631374856700068 0.013205839240032692
0 0.7011110471642535 0.28884616105452826 0.009586583013119905 0.012632204138714333
0 0.6391561135001804 0.4554371108179507 0.010521474091903023 0.010038396586542543
0 0.5575114229451055 0.30107841284378717 0.009007640506910242 0.009225575820259426
0 0.7759786274122155 0.6933918828549592 0.008868922357973845 0.008251438970151155
0 0.7892663167870562 0.8061055722443955 0.009485617927882982 0.009094072424847147
0 0.786690794903299 0.1526116651037465 0.00967896502950917 0.010045331457386847
0 0.7528468836908755 0.1824879024339759 0.011764858079993206 0.010471634242845617
0 0.840477238530698 0.7572859888491424 0.008617566979449728 0.008961553158967392
0 0.7154842874278193 0.460053651229195 0.01022015447201936 0.010131172511888586
0 0.7611867863198986 0.5092810340549635 0.0107390776924465 0.013008946957795517
0 0.6853684549746306 0.7429121266240659 0.00902482737665591 0.00910286281419837
0 0.6932815468829611 0.3026582987412162 0.010229193645974865 0.010212089704430622
0 0.690935819045357 0.27949997653131897 0.010010138801906421 0.009176399396813435
0 0.8891059419383176 0.6398941952249279 0.010303207065748133 0.010267879651940388
0 0.8658397923345151 0.620875068332838 0.010451772938603941 0.011279728101647419
0 0.8014090994130011 0.515889074491418 0.011179219121518343 0.010214204373567001
0 0.735773169476053 0.047390366378037826 0.010699894117272419 0.011726071005282194
0 0.5977317872254745 0.2831110435983409 0.009175611578899881 0.010368616684623386
0 0.7040426627449367 0.6748928609101668 0.00878918689230214 0.009143953738005264
0 0.7431099933126697 0.7927258532980214 0.008448891017747961 0.008454198422639267
0 0.7206500716831372 0.10944457676099695 0.00970222639000934 0.00974354536637016
0 0.7356642432834792 0.8839264952618143 0.008787403935971468 0.008605998495350714
0 0.8079783812813136 0.23573285600413446 0.010623102602751358 0.010379646135413128
0 0.9019562057826829 0.448982342429783 0.011887882066809612 0.012751579284667969
0 0.7099807780721913 0.8173665793045707 0.008858763653299084 0.00895238959270975
0 0.9297604560852051 0.9709394496420155 0.008239207060440727 0.009130519369374151
0 0.8726485293844471 0.3926402745039566 0.010716396829356318 0.011128726212874702
0 0.7440212083899457 0.7224512929501741 0.008454944776452106 0.009936125382133152
0 0.6050952348891737 0.4653432213741798 0.008374076796842125 0.0070371960084941836
0 0.7175462349601414 0.8342287851416547 0.008051291756007982 0.008599778880243715
0 0.7770466182542883 0.43699958531752875 0.010812676471212635 0.011119044345358143
0 0.9273283377937649 0.2899652253026548 0.010692140330439028 0.011265733967656675
0 0.8605264580768087 0.10828255570453145 0.011977237203846807 0.010492718738058338
0 0.758694026781165 0.16127364531807278 0.009927915490191916 0.009131307187287704
0 0.5550091681273086 0.29140841442605725 0.009092310200566832 0.009401445803434952
0 0.6712405474289602 0.31318369119063666 0.009516529414964758 0.010000166685684868
0 0.8370735748954441 0.19691192585489026 0.009798215783160666 0.01009910002998684
0 0.82593588207079 0.5991709439650826 0.010086101034413214 0.010011113208273182
0 0.5802146973817245 0.4642841453137605 0.010978180429209833 0.00943972753441852
0 0.8166320012963335 0.5564803040545919 0.010132706683614979 0.009936083918032438
0 0.7425823418990426 0.12780800591344418 0.009934425354003906 0.010189792384272036
0 0.7374204552691915 0.484612946924956 0.009883134261421535 0.009761509688004204
0 0.8418368878571885 0.8903168388034985 0.00975973709769871 0.009347832721212635
0 0.5836202061694601 0.3891803026199341 0.010396770809007727 0.010753621225771696
0 0.6780938480211341 0.14305107489876126 0.01099706732708475 0.010619889134946077
0 0.7999217613883641 0.7726792667223059 0.008349833281143852 0.009035151937733526
0 0.8045788847881816 0.15135621506234873 0.010029875713845959 0.009256539137467094
0 0.7988685524981953 0.1692068162171737 0.008927884309188179 0.008361339569091797
0 0.6874472991279934 0.5492645553920581 0.009905027306598166 0.009330459263013758
0 0.7817331811656123 0.8227344803188157 0.009209176768427309 0.008688097414763077
0 0.8169677568518597 0.17939621469248895 0.009927086208177649 0.011406774106233017
0 0.82410482738329 0.5410010192705237 0.008921789086383322 0.009455577186916185
0 0.7297270401664403 0.6522589766460917 0.009520240451978601 0.009156227111816406
0 0.729188006857167 0.5031626639158829 0.009841006735096807 0.009004572163457457
0 0.8150180941042693 0.07768160882203476 0.0104834100474482 0.01089849679366402
0 0.9130240937937861 0.3868871020234149 0.010865957840629246 0.010041625603385593
0 0.9117910758308743 0.30383603469185205 0.010097545126210089 0.011478672856869905
0 0.7263112897458284 0.6399481296539307 0.00989005876624066 0.009801595107368801
0 0.9050431251525879 0.36712341464084125 0.010662617890731148 0.012731184130129606
0 0.7284179977748704 0.5175063610076905 0.009880770807680876 0.010044035704239555
0 0.9216239763342817 0.21408574477485992 0.010656771452530571 0.010646363963251528
0 0.7095612443011738 0.5759207269419795 0.009254745815111242 0.010325846464737602
0 0.6958039532537045 0.5914916784866996 0.009232438128927479 0.009094777314559273
0 0.5325922344041907 0.3773028565489727 0.009729053663170856 0.010351891102998154
0 0.8333139419555664 0.22537589073181152 0.01304701100225034 0.013399600982666016
0 0.7920301271521527 0.1674534808034482 0.009962413621985394 0.009241052295850672
0 0.6064161632371985 0.44086210624031397 0.012775752855383831 0.011166178661844006
0 0.8152364855227263 0.7862362032351288 0.009840384773586107 0.009382123532502548
0 0.838101511416228 0.024611438098161117 0.011414403500764267 0.010509478009265404
0 0.7959510761758557 0.5269322084343951 0.01019423940907354 0.01061329634293266
0 0.6560682628465735 0.49944561460743775 0.009802362193231997 0.009607335795526918
0 0.7122752122573217 0.6625842653201377 0.007616781254735305 0.009648838404257232
0 0.9144984328228496 0.6196268434109895 0.010825240093728771 0.010307913241179092
0 0.7907032551972761 0.9016739181850266 0.008698795152747112 0.008156361787215523
0 0.5426918423694113 0.4143577814102173 0.009591289188550867 0.00923609733581543
0 0.8138899181200111 0.8493133420529573 0.008531819219174593 0.008375872736391813
0 0.6774721352950387 0.5560464651688285 0.010565011397652004 0.012115934620732847
0 0.7507393256477687 0.9829033146733822 0.007362655971361242 0.006936944049337635
0 0.8549248239268428 0.7171450490536897 0.010528232740319294 0.012301486471424932
0 0.8144624958867613 0.7681565492049509 0.009106345798658289 0.009747380795686142
0 0.8685477920200515 0.5757891406183657 0.010163390118142834 0.010097545126210089
0 0.9172341719917629 0.465268207632977 0.011795624442722485 0.01180949418441109
0 0.907615786013396 0.6664621519005817 0.009811816008194633 0.009638496067212976
0 0.7996255211208176 0.411289209904878 0.010793105415675953 0.011825468229210895
0 0.8957635423411494 0.9437729379405146 0.007940250894297724 0.008465393729831861
0 0.5858770868052607 0.40740831520246423 0.01080720320991848 0.010452633318693741
0 0.8227629454239553 0.7730213248211405 0.009511284206224524 0.009869368179984715
0 0.8774419038192086 0.6359045816504437 0.00932411525560462 0.009787020475968071
0 0.6465185414189878 0.7024307458297067 0.010732319044030231 0.010505717733631964
0 0.8020409293796706 0.3204923920009447 0.011093968930451767 0.01049568342125934
0 0.896582955899446 0.4944596186928127 0.010890919229258661 0.010626979496168054
0 0.7715691690859587 0.6839435826177183 0.00925420678180197 0.008978387583856997
0 0.6695147804591965 0.37225369266841724 0.010516291079313858 0.010523557662963867
0 0.8710425625676693 0.46737294093422266 0.010733355646548063 0.010977879814479664
0 0.817510749982751 0.7954233211019763 0.009097431017004925 0.00859521782916525
0 0.8788939409207484 0.17444004923829648 0.0062638242855610204 0.006263328146438551
0 0.8454221227894658 0.9248449076776918 0.00948997165845788 0.009547357973845108
0 0.7739805760590925 0.3443071816278541 0.012036074762759 0.012187019638393238
0 0.7115820179814878 0.11180829483529794 0.009509459785793139 0.00928950309753418
0 0.8062540966531505 0.9304858912592349 0.008467798647673233 0.007748976997707201
0 0.7227005129275114 0.8988956990449326 0.008821611819059952 0.00885246110999066
0 0.6608432790507441 0.6098656032396399 0.010382382766060207 0.011269693789274796
0 0.7881812427354896 0.8743359731591266 0.00912637295930282 0.008805523747983187
0 0.9127169070036516 0.5846373101939326 0.010434938513714333 0.011097990948220959
0 0.8786417712336001 0.6155313823534094 0.009704050810440727 0.01015837296195652
0 0.7756308265354321 0.5508445760478144 0.010283511617909307 0.009673802748970364
0 0.826675104058307 0.4206455479497495 0.012140564296556555 0.013555526733398438
0 0.8866393462471339 0.5225787473761517 0.01048005145529042 0.00988601601642111
0 0.6254380682240361 0.49925988653431763 0.010557672251825747 0.011022277500318445
0 0.7038665647092073 0.1621033834374469 0.010373364324155062 0.01115740900454314
0 0.6379698774088984 0.2602244978365691 0.009747816168743631 0.008982679118280825
0 0.8942564259404722 0.11898073942764946 0.010210286016049593 0.009602277175239895
0 0.9124834433845851 0.37807269459185394 0.011098986086638077 0.011119090992471447
0 0.7303222573321798 0.6007841048033341 0.00991920802904212 0.009991334832232931
0 0.585201698800792 0.2646215169326119 0.009631488634192425 0.009933119234831436
0 0.9309337657430897 0.8997191968171492 0.007697271264117697 0.008238170457922894
0 0.8245347064474354 0.8656087543653405 0.00945182468580163 0.00970948260763417
0 0.7386749723683232 0.7087466613106106 0.010895148567531421 0.009434160978897758
0 0.7034394637398098 0.5045959327531897 0.010414455247961956 0.009913921356201172
0 0.7922567699266516 0.6088164992954419 0.010518530140752378 0.011473158131475035
0 0.6651812947314718 0.22774275489475415 0.011672952900762144 0.009884792825450068
0 0.8341441569120989 0.6328014290851095 0.00956887784211532 0.01015870467476223
0 0.8443698675736137 0.5056575692218283 0.010507542154063349 0.011047529137652855
0 0.7795582232267961 0.5324236621027407 0.010198593139648438 0.010483244191045347
0 0.8910544436910877 0.6034910471543021 0.009801449983016304 0.010124227275019106
0 0.7210267523060674 0.6642081633858059 0.00940530196480129 0.009626222693401834
0 0.7287387018618375 0.06908010659010513 0.010438836139181385 0.010205823442210321
0 0.8150850586269212 0.4084021941475246 0.011081737020741339 0.01079194442085598
0 0.717434717261273 0.87736409643422 0.009142253709876019 0.008959604346233866
0 0.7227562620572805 0.6747299649493805 0.009140221968942272 0.006875481315345769
0 0.8848806256833284 0.9835783916970958 0.00901168325672979 0.008434461510699728
0 0.6978199378303862 0.6588440978008768 0.008870954098908798 0.009578663369883661
0 0.8137549110080884 0.9829011170760446 0.008505199266516644 0.00780586574388587
0 0.8511214048966117 0.1353914737701416 0.00982765529466712 0.008970322816268257
0 0.7765373147052267 0.9730235390041186 0.00780536817467731 0.007817143979279892
0 0.6430214591648269 0.07662937174672665 0.009682530942170517 0.00980197346728781
0 0.9310227062391199 0.9281053957731829 0.008526967919391134 0.008013186247452446
0 0.9212557958519976 0.9671813716059146 0.007465735725734545 0.008866849152938179
0 0.7687116913173508 0.9614664368007495 0.007450228152067765 0.00831002774445907
0 0.6276813175367273 0.02237947933051897 0.009579534115998642 0.011840435473815254
0 0.6889098830845044 0.8113185426463252 0.010028383006220278 0.00950095964514691
0 0.695926230886708 0.7708172590836233 0.00857581263003142 0.009301890497622282
0 0.7234751452570376 0.3390208638232688 0.010124413863472317 0.011068281920059868
0 0.8976600481116255 0.6850946675176206 0.010268086972443954 0.010426562765370245
0 0.7483545386272928 0.7808792902075726 0.008322093797766644 0.00851204084313434
0 0.9102058617965035 0.41756635126860253 0.011440484420112942 0.010893676591956097
0 0.8274648500525433 0.809247286423393 0.010084649790888247 0.009719807168711786
0 0.8636835554371709 0.1374512807182644 0.009870570638905401 0.009543304858000382
0 0.7700128555297853 0.8348956315413766 0.008923240329908289 0.009578124336574389
0 0.6828232848125957 0.7581929745881453 0.009131846220596977 0.008821819139563519
0 0.7168559613435164 0.7618477240852688 0.008890483690344769 0.009359401205311651
0 0.5553208434063456 0.3098152202108632 0.010973266933275305 0.009927293528681215
0 0.6361429691314697 0.39918585186419286 0.010201018789540167 0.011082996492800505
0 0.8249968860460364 0.414547059846961 0.009891468545664911 0.010876759238865063
0 0.6625848023787789 0.47902742676112964 0.010049488233483356 0.013178597325864046
0 0.5570776151574176 0.43542801297229267 0.014327837073284645 0.011342121207195778
0 0.8369627206221872 0.496631850367007 0.011063658672830334 0.010483658832052479
0 0.63869944907599 0.49661838859862056 0.00664080834006196 0.007549935978876157
0 0.7984214243681533 0.9499119468357253 0.008983902309251867 0.008771979290506115
0 0.5295357289521592 0.42075541226760194 0.010623475779657778 0.012461092161095661
0 0.5707803498143735 0.45430212953816285 0.009516114773957626 0.009493216224338697
0 0.8523225162340247 0.15461639217708423 0.01012632121210513 0.009727218876714292
0 0.7833178561666737 0.6524847072103748 0.010088215703549593 0.009892049043074898
0 0.740170084911844 0.6602889143902323 0.010288611702297046 0.010393764661706013
0 0.8603710713593857 0.8747725279434868 0.008405146391495415 0.008259648862092392
0 0.7222011814946714 0.4524083241172459 0.009444692860478941 0.00932931900024414
0 0.7995808435522992 0.916193734044614 0.008196499036706013 0.00855043660039487
0 0.876497227212657 0.9527310495791228 0.008517638496730639 0.00863622582477072
0 0.6617272625798765 0.31724157540694525 0.010241508483886719 0.009717837623927904
0 0.8597652601159137 0.6495156495467477 0.00982939678689708 0.009293141572371773
0 0.9180618161740509 0.9429665855739429 0.00837545809538468 0.008803077366041101
0 0.774907402370287 0.9213271763013757 0.007917984672214674 0.007984327233355978
0 0.7808047792185908 0.9147457869156546 0.007928392161493715 0.0078122512153957204
0 0.7524029482965884 0.16729127324145776 0.009325815283733866 0.010753579761670984
0 0.6640369477479353 0.3079532955003821 0.009284496307373047 0.00829203232474949
0 0.8903524564660112 0.29051419963007385 0.01071092356806216 0.011534856713336449
0 0.7408489144366719 0.1722060597461203 0.009631530098293139 0.010154205819834833
0 0.7609133927718453 0.4845411259195079 0.009823425956394361 0.010367808134659477
0 0.8584488785785177 0.49933182674905524 0.009904239488684612 0.009764339612877888
0 0.7223924139271609 0.9179858954056449 0.009320549342943274 0.012197453042735224
0 0.7867312845976457 0.9389645742333453 0.008192020913828974 0.008460210717242697
0 0.625275705171668 0.46236630626346753 0.010390965834907864 0.010776447213214378
0 0.7403243520985479 0.627534296201623 0.015451431274414062 0.012732858243195908
0 0.6813071499700131 0.29822196131167206 0.008826172870138416 0.008004727570906929
0 0.8111982345581055 0.7134430512138035 0.009834787119989809 0.00945207347040591
0 0.7651132708010467 0.9137055562890093 0.008693404819654383 0.008293359175972317
0 0.6323855545209802 0.25427932324616803 0.00983285903930664 0.009017363838527514
0 0.8913957347040592 0.15197713478751804 0.010384269382642664 0.009980015132738196
0 0.7069434497667395 0.8324777976326321 0.009321254232655401 0.008593559265136719
0 0.8241307009821353 0.1706869498543117 0.010061637214992359 0.009870943815811821
0 0.7759271289991296 0.7224064909893534 0.009601261304772419 0.009924556898034138
0 0.9020033504651941 0.6105119560075842 0.00933825451394786 0.009290881778882898
0 0.905575938846754 0.9871574070142662 0.007597011068592901 0.008069411568019701
0 0.7089635600214419 0.636192570561948 0.011945475702700407 0.009705833766771399
0 0.7010122589443042 0.3131896620211394 0.01052255215852157 0.009375800257143766
0 0.8264442734096362 0.33053979666336725 0.010651754296344261 0.010133764018183168
0 0.6890761955924657 0.01640494491743005 0.014941630156143852 0.010025001090505848
0 0.7481608805449111 0.6605265658834706 0.009306658869204313 0.010027180547299593
0 0.7842063489167588 0.8371601104736328 0.010265599126401155 0.009601012520168139
0 0.9256431330805239 0.45352274956910504 0.011037080184273098 0.011342867561008618
0 0.9002473250679348 0.37679985554321954 0.012718034827190895 0.010877987612848696
0 0.7370615005493164 0.8580101676609206 0.00888749827509341 0.00878806736158288
0 0.7484554000522778 0.549760745919269 0.010444931361986242 0.010795613993769106
0 0.7707250843877378 0.25218586299730383 0.009509459785793139 0.010346868763799253
0 0.7204412999360457 0.27109346182450006 0.00948097394860309 0.009754284568454908
0 0.8211234134176503 0.9446164006772249 0.008716085682744566 0.009273446124532948
0 0.6985165761864702 0.26209960813107697 0.009957230609396229 0.009540702985680622
0 0.7491334832232931 0.6454562518907629 0.009954535442849865 0.008975941201914911
0 0.7563113544298256 0.4408986050149668 0.010370047196097996 0.011374266251273777
0 0.6485687546108081 0.508270263671875 0.009942966958750849 0.009621827498726223
0 0.6966391439023225 0.32058047211688495 0.009299817292586617 0.009567115617835003
0 0.7342989755713423 0.2841114686883014 0.00981127697488536 0.010199650474216625
0 0.8281956962917163 0.567097570585168 0.009914481121560802 0.010290995888088062
0 0.6682373544444209 0.642898300419683 0.010678498641304348 0.010599530261495838
0 0.852905563686205 0.4144921769266543 0.009656408558721128 0.009859199109284775
0 0.6932430474654488 0.21143588812454886 0.010078471639881964 0.008949507837710173
0 0.7952917762424634 0.8916634269382644 0.00871077827785326 0.008447149525518003
0 0.8408074793608293 0.18721683129020358 0.00935351330301036 0.011053147523299507
0 0.8613575852435567 0.1807303739630658 0.009987167690111242 0.009489577749501104
0 0.6548610422255158 0.5389199137550085 0.007832638210526613 0.005684414089709922
0 0.8717522413834281 0.020363720214885216 0.010835067085597828 0.00920869345250337
0 0.8761762743410857 0.10429399428160295 0.010410764942998472 0.009423805319744608
0 0.6114552228347115 0.45091741499693505 0.009405322696851648 0.010840778765471085
0 0.8832230982573137 0.2827240384143332 0.01112353283426036 0.010588376418403957
0 0.6957444730012314 0.5287256240844727 0.011719164641007133 0.014021997866423233
0 0.791894829791525 0.03384687589562457 0.008251107257345448 0.009531383929045303
0 0.7939605505570121 0.7131096798440686 0.008704931839652683 0.009049291196076767
0 0.8323928376902705 0.5068208342013152 0.009668142899222996 0.00954742016999618
0 0.8291179200877314 0.4439957245536473 0.012618064880371094 0.012736279031504755
0 0.7311299158179242 0.5318341980809751 0.009965938070546026 0.010889944822891899
0 0.7422672769297723 0.7777667667554773 0.008534721706224524 0.008701158606487772
0 0.833986634793489 0.12608416184135104 0.01083535733430282 0.010411138119904892
0 0.8842317747033159 0.4953846154005631 0.01031469262164572 0.010738238044407055
0 0.8405516043953274 0.05732308263364046 0.010368305703868036 0.010635635127191958
0 0.685554089753524 0.5371618892835535 0.010653620180876358 0.009830516317616339
0 0.8362307963163957 0.4708512140356976 0.009936000989831013 0.01119858285655146
0 0.9029867338097614 0.9628250702567722 0.010911443959111753 0.010314526765242867
0 0.7096432810244353 0.4941364319428153 0.008796111397121264 0.008605967397275179
0 0.9325250128041143 0.5479687607806661 0.008566980776579483 0.008807596953018852
0 0.6677572345836554 0.6544413092747727 0.00910952445720454 0.007625858242567589
0 0.7554004088692043 0.9409382861593495 0.008089563120966372 0.007379946501358696
0 0.6134190663047459 0.027173907860465675 0.009156538092571756 0.008124532906905464
0 0.7278572994729747 0.5502674061319103 0.010446216749108356 0.010548301365064539
0 0.7855117010033648 0.6944469990937605 0.009476247041121773 0.00850714807925017
0 0.7592452712680984 0.49271273094674817 0.00986617544422979 0.008829604024472444
0 0.7838164412457012 0.021654913606850998 0.009822306425675102 0.010897238617358
0 0.7177792010099993 0.84939952518629 0.008476091467815897 0.008431061454441236
0 0.8816662456678307 0.6702444657035496 0.009390582209048063 0.008543346239172894
0 0.91250233028246 0.15500508702319601 0.00996125262716542 0.00975346565246582
0 0.6982926700426184 0.49524435789688775 0.0103003045786982 0.009854938672936481
0 0.8651392563529636 0.941593543342922 0.008746852045473845 0.008084089859672215
0 0.8417081210924231 0.6317763743193254 0.009534794351328974 0.009672662486200747
0 0.8370744871056597 0.09114260258881943 0.009957437929899796 0.009088454039200493
0 0.7167696952819824 0.857382069463315 0.008592978767726732 0.008210472438646399
0 0.5257312940514606 0.4185463656549868 0.009903037029763927 0.0100066558174465
0 0.7606197440105936 0.9028019283128821 0.00784990061884341 0.008472027985945992
0 0.8608922336412512 0.4587066277213719 0.009571863257366678 0.010314568229343579
0 0.8424518004707667 0.5631510693094005 0.010897926662279211 0.00930885646654212
0 0.7989131471385127 0.7895758670309314 0.008832558341648268 0.008984773055366848
0 0.9097437858581543 0.6036653622337009 0.010230230248492699 0.010000249613886293
0 0.9178713508274243 0.2886047570601753 0.011478175287661345 0.011635531549868376
0 0.8623359514319379 0.4130413635917332 0.010352922522503395 0.01192748028299083
0 0.6677069664001465 0.5487573561461077 0.010360178740128227 0.010680136473282524
0 0.8046695667764416 0.36512926609619806 0.01120546589726987 0.010958054791326109
0 0.744066632312277 0.6259051405865214 0.009270585101583729 0.009946864584217901
0 0.898860910664434 0.5109418164128843 0.010023490242336109 0.01076370736827021
0 0.7580836959507153 0.7638279251430344 0.00944730509882388 0.009319429812224014
0 0.8685630922732146 0.5516915010369342 0.011606838392174763 0.01477670669555664
0 0.7123680736707605 0.5267228665559188 0.00940766541854195 0.00912500464397928
0 0.7612978686457095 0.057302244331525726 0.009762598120647928 0.010167251462521761
0 0.6733802608821702 0.25006140833315643 0.012164924455725628 0.009928661844004755
0 0.7728763041288955 0.5941381869108782 0.009372089220129925 0.010492905326511547
0 0.6573058661976267 0.5513687146116814 0.0044098120283478206 0.005859452325323011
0 0.7599283093991487 0.8781761915787406 0.008638920991317085 0.008444164110266644
0 0.9056448729141898 0.675947666168213 0.009768942128057066 0.00956124844758407
0 0.8249693467629409 0.501541536086923 0.006332121811889035 0.006900223218052649
0 0.8525049375451129 0.4618261948875758 0.009475790936013927 0.010400326355643894
0 0.6901423412820568 0.7351419822029446 0.008946377298106318 0.008453825245732847
0 0.9269853467526643 0.880459391552469 0.008217396943465523 0.008470493814219599
0 0.8330659451692002 0.9372716157332711 0.009024412735648777 0.00955888499384341
0 0.7607382484104321 0.8603492819744608 0.008548156074855639 0.008347884468410326
0 0.8608920055886975 0.4782382923623791 0.010693011076554008 0.011012409044348675
0 0.6441096015598462 0.2343598034070885 0.008907525435737942 0.008878542029339334
0 0.8838270436162534 0.510859841885774 0.010769802591075068 0.010887933814007301
0 0.8860990897468899 0.5950035012286642 0.009360810984735903 0.009220289147418478
0 0.556033704591834 0.45743253956670343 0.011717775593633238 0.00831908765046493
0 0.8620484393575917 0.9324064669401748 0.008903835130774456 0.011044875435207203
0 0.7114046552906865 0.33052201569080353 0.00994047911270805 0.009465957465379135
0 0.8753703158834706 0.11596797860187033 0.009506391442340353 0.009298137996507727
0 0.9101945835611095 0.6550940327022388 0.009409738623577616 0.008761094964068869
0 0.7565743404885997 0.7328076155289358 0.008835170579993206 0.009145487909731657
0 0.9079367388849673 0.5205582950426184 0.009018815082052479 0.010007568027662195
0 0.9109898650127909 0.5409773640010669 0.011003038157587465 0.009148618449335512
0 0.7764051478842029 0.6035971848861031 0.010530844978664234 0.01106187571649966
0 0.8059885812842328 0.7003894888836405 0.009276555932086447 0.009775078814962635
0 0.8266933689946714 0.0843873775523642 0.013035732766856318 0.014725742132767387
0 0.6241350899571958 0.49381764038749365 0.008751267972199814 0.01248007235319718
0 0.8612643946772036 0.012083910405635834 0.010701138040293818 0.009026780724525452
0 0.7395577638045602 0.04049843420153078 0.01007154713506284 0.009842890760172968
0 0.7379258611927857 0.11024478059659534 0.010148836218793367 0.009942404237305495
0 0.7640022609544836 0.8403343117755391 0.008357089498768682 0.008898859438688858
0 0.6233250058215597 0.04504307327063188 0.011948855026908543 0.010351059229477592
0 0.7109008042708688 0.6111052243605904 0.008812531181003736 0.009748106417448624
0 0.8190882309623386 0.88547188302745 0.008473852406377378 0.008966611779254416
0 0.6262311520783796 0.4720523512881735 0.009648945020592731 0.0091207856717317
0 0.786651673524276 0.013221533726090971 0.010098374408224354 0.010696400118910748
0 0.7907714429108994 0.21741688769796624 0.009596617325492527 0.008936508842136549
0 0.681547455165697 0.7001816500788149 0.007920555446458899 0.007459847823433254
0 0.8182264618251633 0.09091416130895201 0.011032643525496773 0.010216764781786047
0 0.7151004127834153 0.5917111065076746 0.009886866030485733 0.009509252465289572
0 0.7614194828531017 0.9556412489517875 0.007731935252314029 0.00790231124214504
0 0.7637319564819336 0.5307079605434252 0.009735107421875 0.0097014800361965
0 0.7974872174470322 0.018196156491403995 0.010685630466627039 0.009711620600327202
0 0.8542679081792418 0.7498042687125829 0.009720512058423914 0.01071328702180282
0 0.8179578988448434 0.1613507944604625 0.009605863819951597 0.00958636532659116
0 0.792944742285687 0.7788849291594131 0.009770849476689878 0.00894853343134341
0 0.7971482276916504 0.2121192683344302 0.009583307349163553 0.010082161944845448
0 0.8346043255018152 0.3103100527887759 0.015067100524902344 0.011484685151473335
0 0.7390024972998578 0.7571172299592392 0.008623164633046026 0.010747992474099865
0 0.6727325605309528 0.6040280798207158 0.012535675712253735 0.009310763815174932
0 0.7704796376435652 0.7803513692772905 0.011423815851626188 0.010402886763862942
0 0.7280743433081586 0.6100987766100012 0.010074905727220617 0.009857882624087126
0 0.6512868715369183 0.23264974096547003 0.008446237315302309 0.007807814556619396
0 0.9013835865518321 0.5534493819527004 0.010038831959600035 0.009522396585215693
0 0.7817608791848888 0.3999021597530531 0.010857125987177309 0.010729297347690746
0 0.7409293547920558 0.7450980310854705 0.009195244830587635 0.007924121359120245
0 0.7749278441719387 0.9419908938200579 0.008544756018597147 0.00751395847486413
0 0.8845654363217561 0.5832983099895975 0.00917617134425951 0.008860214896824049
0 0.6837234497070312 0.7137164240298064 0.008591029954993206 0.009161990621815557
0 0.8413908377937648 0.12872144968613333 0.009438100068465523 0.00920862736909286
0 0.8700090698573901 0.3713749543480251 0.009984679844068445 0.00957904691281526
0 0.9325454131416653 0.5963821929434071 0.009439965952997622 0.009808478148087212
0 0.9293015106864595 0.4787494617959727 0.009337715480638586 0.008908271789550781
0 0.8430431614751401 0.11199036370153014 0.009649774302606997 0.010079414948173191
0 0.8623872632565706 0.1163750524106233 0.009390996850055197 0.00881964227427607
0 0.7372893250506857 0.5548626236293627 0.009843370188837465 0.009703636169433594
0 0.7052370154339335 0.23073542636373773 0.009182888528575068 0.008597539818805197
0 0.675256812054178 0.29453207098919415 0.007998839668605639 0.007960651231848675
0 0.8447770035785177 0.8047010380288829 0.011333009471064028 0.00927771692690642
0 0.7970095717388652 0.27808236039203144 0.009492500968601393 0.010051416314166527
0 0.6185191921565845 0.02576791462690934 0.008428926053254501 0.008295209511466648
0 0.7960688549539318 0.38709742867428326 0.010297609412151833 0.009275089139523714
0 0.7260890214339547 0.4620703355125758 0.010714323624320652 0.009566835735155188
0 0.8838767383409584 0.6240850013235341 0.009494491245435633 0.009387741918149202
0 0.8480589493461277 0.48746716457864514 0.01693310944930367 0.011800890383513077
0 0.5986142884130063 0.26992953341940173 0.008618831634521484 0.009511574454929518
0 0.8627588023310122 0.8921901039455249 0.010105464769446331 0.009478278782056726
0 0.7002420010774031 0.28386268408402154 0.009120360664699389 0.009671688079833984
0 0.876706309940504 0.4921521103900412 0.009765583535899286 0.010310007178265114
0 0.5445437845976455 0.31751222195832624 0.009203330330226732 0.008996217147163723
0 0.6998876903368079 0.3589938827182936 0.010082244873046875 0.013073257778001867
0 0.7332013171652088 0.34156001456405805 0.010306731514308765 0.011316417352012966
0 0.8856408285058063 0.5627025417659594 0.009854980137037195 0.008782034334929092
0 0.6640076015306555 0.3908187436020893 0.00946807861328125 0.010438416315161663
0 0.8224242459172788 0.9063505089801289 0.009058537690535835 0.009572568147078804
0 0.8375805149907651 0.6523665967194929 0.009110989777938179 0.010095928026282269
0 0.69503697105076 0.5575662177541981 0.008943474811056385 0.00978782902593198
0 0.7553241356559421 0.8322388192881709 0.009353845015816067 0.008682582689368206
0 0.8508602017941682 0.9094506968622622 0.008641823478367018 0.008686977884043818
0 0.5527352457461151 0.46754432242849603 0.008989831675653872 0.01081675031910772
0 0.8696694581404977 0.48050872139308765 0.00973485863727072 0.01111403755519701
0 0.8052325663359268 0.28434590671373455 0.009744768557341202 0.010026662246040676
0 0.8897420841714612 0.9606937740160071 0.009400948234226393 0.009351730346679688
0 0.8517120082116069 0.6719285049675043 0.00847569949794304 0.007132953762342797
0 0.5341453759566598 0.3866321029870406 0.010277913964313011 0.008987504503001337
0 0.7348092949908712 0.5023477077484131 0.009357784105383831 0.01002633053323497
0 0.8203198184137759 0.9663330990335216 0.008191025775411854 0.00975899074388587
0 0.6672809642294179 0.602856967760169 0.011222300322159477 0.00908586253290591
0 0.8770617194797681 0.5902445834615956 0.009998155676800272 0.010110979494841202
0 0.7221151227536409 0.7906134232230808 0.008477128070333729 0.008174398671025816
0 0.6971491108769956 0.7990259709565535 0.0077215277630349865 0.008497943048891813
0 0.7475528509720512 0.9509408992269764 0.008649038231891134 0.008214162743609884
0 0.8443575734677522 0.5325853409974473 0.010319253672724184 0.01052174360855766
0 0.736561567887016 0.4956909832747086 0.010530057160750679 0.008788036263507345
0 0.8181877550871477 0.48853382338648255 0.009432585343070652 0.008837648060010828
0 0.7384761934695037 0.19649867389513098 0.011289803878120754 0.010912376901377802
0 0.8319635598555856 0.9691108620685079 0.00797798322594684 0.008465310801630434
0 0.8821567037831182 0.5406250953674316 0.009991023851477581 0.01032269519308339
0 0.8284662288168202 0.3384165115978407 0.010480590488599695 0.010527232418889585
0 0.6253427526225215 0.45464887308037794 0.0104552351910135 0.008817206258359163
0 0.7931711777396822 0.1251547906709754 0.010443811831266983 0.011670413224593452
0 0.7472293895223866 0.9704155507295029 0.007474111474078634 0.009577834087869396
0 0.8793103176614513 0.6595477228579314 0.008887415346891983 0.008412734321925951
0 0.9170371967813243 0.4453460237254267 0.009044771609099014 0.008703439132027004
0 0.8497155023657759 0.6203588402789572 0.009080181951108187 0.00904356915017833
0 0.6678672458814537 0.48422873538473377 0.010112679522970448 0.009360976841138758
0 0.8128262188123621 0.8936565647954526 0.008851051330566406 0.009374618530273438
0 0.6974291801452637 0.3730633984441342 0.01028206037438434 0.012196126191512398
0 0.8427937893430303 0.599834918975831 0.009026693261188008 0.009818651981935414
0 0.8396745557370393 0.4775955573372219 0.009998943494713825 0.011105869127356487
0 0.7897261536639669 0.1297623230063397 0.009502286496369736 0.009514549504155699
0 0.7217387531114661 0.6883234563081162 0.00934439120085343 0.00895089688508407
0 0.8961745415378402 0.5291652815602417 0.006079798877811413 0.007242110529390508
0 0.9317578025486157 0.6200393075528352 0.009722834048063858 0.008845930514128311
0 0.7730090099832287 0.8946920685146167 0.010031326957370922 0.00960777116858441
0 0.8453943003778872 0.7491179756496265 0.010795427405315895 0.009819196618121603
0 0.8754065140433934 0.901737399723219 0.007597384245499321 0.008360945660135021
0 0.7420942679695461 0.06932967642079228 0.012768911278766136 0.009215344553408415
0 0.8854496582694675 0.1224705758302108 0.009781795999278193 0.009802258532980213
0 0.7785196511641793 0.6684197342914086 0.009521277054496433 0.01124734463899032
0 0.8561307865640392 0.42727479727371886 0.011088205420452614 0.01054463179215141
0 0.8732193034628163 0.9762871369071628 0.00801836926004161 0.007880749909774117
0 0.8495743171028469 0.7594607601995054 0.010197639465332031 0.009477159251337465
0 0.8361912810284159 0.04486552269562431 0.010371539903723675 0.010812971902930218
0 0.9245093594426694 0.7109232156173043 0.011160933453103771 0.011923541193423063
0 0.7441833122916843 0.8037474051765773 0.009529569874639097 0.007290425507918648
0 0.9156972014385723 0.40277717165325 0.009858214336892834 0.011564923369366188
0 0.6643846138663914 0.23880759529445483 0.009243965148925781 0.011800973311714504
0 0.6480337640513544 0.48652327579000726 0.008778862331224524 0.009506432906441067
0 0.8484334116396697 0.9383467591327168 0.008658035941745924 0.008503499238387398
0 0.8021726608276367 0.9744159449701723 0.0073339213495669155 0.008408670840056046
0 0.9088101387023926 0.4803755957147349 0.010844811149265454 0.010189896044523819
0 0.7994811638541843 0.5384870197462 0.009020805358886719 0.009104562842327616
0 0.9147786886795708 0.5651161359704059 0.00988757092019786 0.010551411172618036
0 0.7407258282537047 0.8235157054403552 0.008226270261018173 0.008282246796981148
0 0.7345243536907694 0.9461134413014287 0.007941785066024117 0.008938374726668648
0 0.8183479101761527 0.2290110380753227 0.010127813919730808 0.011057273201320484
0 0.7260405291681704 0.3249127706107886 0.009896029596743376 0.009677544236183167
0 0.8497050741444463 0.4764109694439432 0.009879236635954483 0.011121127916418987
0 0.7171663823335068 0.7014913558959961 0.010909743930982508 0.010855135710343071
0 0.7335195126740828 0.903816907302193 0.009069442749023438 0.007514331651770551
0 0.8951030192167861 0.6207056149192478 0.009769564089567764 0.009622138479481573
0 0.7418616129004437 0.9083811925805132 0.00862648176110309 0.00849678205407184
0 0.8654085034909456 0.6374017881310504 0.009564565575641134 0.009084452753481657
0 0.5617733830990999 0.43195742627848743 0.010736382525900135 0.009043123411095661
0 0.7954496508059293 0.6761579928190811 0.01046765368917714 0.008944055308466372
0 0.7080767052829399 0.4802129171149863 0.0069893413302191095 0.00754812859217173
0 0.7598430592080821 0.7016833761463994 0.00838358505912449 0.008900600930918818
0 0.9016875806062119 0.9364842539248259 0.008266863615616508 0.008297878762950068
0 0.7489137856856637 0.8662152912305748 0.008156776428222656 0.00759688667629076
0 0.7721930172132409 0.6336330745531165 0.010355866473654041 0.010402016017747961
0 0.8229824149090311 0.9125346515489661 0.008517638496730639 0.008578134619671366
0 0.8995775761811629 0.4621477438055951 0.010104179382324219 0.01092697226482889
0 0.6547662140965913 0.5460065344105606 0.0063620451909727075 0.00510189020577352
0 0.764970592830492 0.8688719168953276 0.007580093715501867 0.007919021274732508
0 0.7368271869161853 0.8959541320800781 0.00872529071310292 0.008602474046790081
0 0.7065912122311799 0.7947375670723293 0.008621174356211786 0.009349822998046875
0 0.7560916361601457 0.8059362121250317 0.009296375772227411 0.008158600848654041
0 0.7329925454181173 0.92876848967179 0.007900486821713655 0.009298075800356657
0 0.7022975009420643 0.2222837779832923 0.009476620218028193 0.013719309931216032
0 0.7534984297476319 0.5315194083437881 0.005600709136145261 0.0062672529886125235
0 0.7506278013674921 0.5396252438266821 0.00744163192040537 0.007261455997923549
0 0.9231533382249915 0.42192237273506494 0.009799791418987772 0.010339280833368715
0 0.7910744832909625 0.6036584688269574 0.009663415991741678 0.009677140609077785
0 0.7202825753585153 0.5315330961476201 0.009570121765136719 0.010200707808784817
0 0.9227065625398054 0.8004296136939008 0.010301589965820312 0.010694628176481827
0 0.8329071169314178 0.07176291942596437 0.009670133176057236 0.011064373928567638
0 0.6738561547320822 0.13019755093947702 0.007640921551248302 0.007667510405830715
0 0.7130814427914827 0.8113764057988705 0.007434844970703125 0.007707347040591033
0 0.6658037019812543 0.29071808897930645 0.012952224068019703 0.0108155167621115
0 0.9237040436786152 0.5261438825856084 0.008993853693423063 0.009559092314346977
0 0.7354895964912747 0.8686995091645615 0.00887986888056216 0.008966238602347996
0 0.8520984856978707 0.6516463549240776 0.010494771211043648 0.00893706860749618
0 0.7980902091316555 0.945077481477157 0.007719661878502887 0.010586697122325068
0 0.8716418639473293 0.9168020745982295 0.008419036865234375 0.008317947387695312
0 0.6910757811173147 0.22344997654790466 0.010667552118716032 0.010270823603091032
0 0.7218303473099418 0.6351129179415497 0.012439686319102411 0.012876448423966118
0 0.8391788524130116 0.904361683389415 0.009276058362877888 0.008565985638162365
0 0.5639698194420856 0.4643614395805028 0.009043071580969769 0.008753900942595108
0 0.7171328171439793 0.5393613939699919 0.008853580640709919 0.009744685629139776
0 0.8737138250599736 0.9293458980062733 0.007838954096255095 0.007684334464695143
0 0.6872891757799231 0.6663541275521984 0.010030870852263077 0.009038282477337381
0 0.7175270163494608 0.7316576501597529 0.008223989735478941 0.010839959849481997
0 0.8748404046763545 0.9877880967181661 0.00731658935546875 0.006921643796174422
0 0.7756160653155781 0.6394980886708135 0.009570494942043139 0.009383325991423233
0 0.7532853250918181 0.8859677107437798 0.008598493493121603 0.008244224216627039
0 0.7359909182009489 0.5440721304520316 0.011898331020189367 0.010273850482443104
0 0.7373739325481913 0.7499874778415845 0.008488613626231318 0.010097254877505095
0 0.8561371927675994 0.5834667889968209 0.009387638257897419 0.008710674617601477
0 0.8657421443773352 0.6001936145450757 0.008984109629755434 0.009412413058073624
0 0.6944135582965353 0.016187442385632057 0.01014220196267833 0.009101662946783978
0 0.8672076722849971 0.15512729209402334 0.008917974389117697 0.009243809658548107
0 0.825442873913309 0.955353135647981 0.009570951047150986 0.008159761843474014
0 0.8640518188476562 0.4912132802216903 0.010235827902088995 0.009476661682128906
0 0.856078168620234 0.5130677741506825 0.009264863055685291 0.010781391807224438
0 0.9043336329252825 0.9515002914096997 0.007694037064262058 0.012149354685907778
0 0.8409689405690068 0.9116657298544179 0.008222621420155401 0.00988168301789657
0 0.9296303832012672 0.6418802219888439 0.008564285610033117 0.00977263243302055
0 0.9334712443144426 0.45904796019844385 0.008419824683147928 0.008979196133820908
0 0.9183002347531526 0.4801772521889728 0.010555060013480808 0.01069553002067234
0 0.9224378337030825 0.5069063435430112 0.008386114369268003 0.010015155958092731
0 0.7615461764128311 0.3332467493803605 0.008801750514818274 0.007753123407778533
0 0.6805880588033925 0.6864702597908352 0.010196934575619905 0.009327556775963825
0 0.9268286331840183 0.4664480012396108 0.010880843452785328 0.010864599891330883
0 0.8122454311536705 0.9643484613169794 0.007737076800802479 0.00936101830523947
0 0.7690285392429517 0.17061426846877392 0.009376857591711956 0.00799356336178987
0 0.8576139781786047 0.14729826864988907 0.009934549746306046 0.00944692155589228
0 0.801046786100968 0.26189026625260065 0.010549545288085938 0.008783589238705843
0 0.7874090153238048 0.5438694539277451 0.013541719187860903 0.011905131132706352
0 0.8970357438792353 0.4688769112462584 0.010264562523883324 0.009985301805579144
0 0.7472801001175589 0.06456029674281245 0.010964310687521229 0.013047793637151304
0 0.7213995974996815 0.924524970676588 0.009516259898310122 0.008842965830927309
0 0.922885977703592 0.4080453333647355 0.009891012440557066 0.010166126748789911
0 0.9330554215804391 0.9420879405477772 0.00722304634425951 0.007958246314007303
0 0.7995569394982379 0.39567490764286206 0.013483793839164402 0.011895625487617825
0 0.6126316319341245 0.4805458421292512 0.010920483133067255 0.008846656135890795
0 0.7501043303322351 0.11369010281969112 0.008677205665956401 0.0068740765818711335
0 0.8823976309403129 0.9687923141147781 0.009419855864151665 0.008957945782205334
0 0.8025683112766431 0.8495825477268384 0.010446548461914062 0.008364801821501358
0 0.709560663803764 0.5829934659211533 0.009272160737410835 0.008984109629755434
0 0.7540534475575322 0.8191182302392047 0.011785258417544157 0.00830778868302055
0 0.8063274673793628 0.5354935500932776 0.010049032128375511 0.00969063717385997
0 0.7397377387337063 0.9837357064952021 0.007109807885211447 0.00693511962890625
0 0.9215548971424932 0.4964492217354153 0.009307778399923573 0.009203288866126019
0 0.8026228780331819 0.12237890388654629 0.009891924650772758 0.010324799496194591
0 0.6928337138632069 0.23500024754068125 0.00916451993195907 0.00866518849911897
0 0.7903706716454546 0.40119247851164447 0.010342183320418648 0.009499632793924084
0 0.7351319271585216 0.06273339623990266 0.010835150013799253 0.011377469353053882
0 0.7726355635601543 0.7988550352013629 0.007847868877908459 0.008394407189410666
0 0.9026687870854917 0.7410413700601329 0.00893576248832371 0.009007370990255604
0 0.5513886990754501 0.4578502851983775 0.008251356041949728 0.01123176450314729
0 0.8957729339599609 0.4879861707272736 0.009660223255986753 0.009836818860924763
0 0.9323447061621626 0.5760259213654892 0.009290156157120415 0.010063668955927309
0 0.7082123549088187 0.6033989553866179 0.009580943895422894 0.00834599785182787
0 0.8436988954958708 0.4241198042164679 0.009898268658181896 0.00976805064989173
0 0.6165027618408202 0.030507057905197144 0.007321647975755774 0.008426015791685684
0 0.7973090669383174 0.8408498142076576 0.008076833642047384 0.008450591045877209
0 0.8480551553809125 0.14509714168051016 0.008836124254309612 0.009657341500987177
0 0.6268787073052448 0.5314691688703455 0.010064560434092646 0.01004660647848378
0 0.8754101421522057 0.5138114016989003 0.009288995162300442 0.010321907375169836
0 0.573764767964576 0.4681669871780339 0.005792536486093553 0.007945468199448224
0 0.5597639477848759 0.47191720160318157 0.005792536486093553 0.007945468199448224
0 0.5727647093803117 0.4754174017333195 0.005792536486093553 0.007945468199448224
0 0.6103455424565614 0.47159357874942587 0.008374076796842125 0.0070371960084941836
0 0.6185960257767418 0.46959346438934707 0.008374076796842125 0.0070371960084941836
0 0.6228462747598651 0.48109412195979984 0.008374076796842125 0.0070371960084941836
0 0.6595984277315776 0.48859455081009506 0.008374076796842125 0.0070371960084941836
0 0.6490978125968025 0.4980950940204691 0.008374076796842125 0.0070371960084941836
0 0.671099101450617 0.5258466807665615 0.008374076796842125 0.0070371960084941836
0 0.673599247911278 0.5313469952567781 0.008374076796842125 0.0070371960084941836
0 0.6778494968944014 0.5395974669921029 0.008374076796842125 0.0070371960084941836
0 0.6770994529562033 0.5463478529573687 0.008374076796842125 0.0070371960084941836
0 0.6685989549899571 0.5408475384671522 0.008374076796842125 0.0070371960084941836
0 0.6419496394748491 0.4998685744337486 0.00664080834006196 0.007549935978876157
0 0.7028263977155522 0.485713231605203 0.0069893413302191095 0.00754812859217173
0 0.7698303228612593 0.5409663908023781 0.0069893413302191095 0.00754812859217173
0 0.7770807475971754 0.5419664479824176 0.0069893413302191095 0.00754812859217173
0 0.8989247026445668 0.5394158676556451 0.006079798877811413 0.007242110529390508
0 0.891674277908651 0.5379157818855862 0.006079798877811413 0.007242110529390508
0 0.8869239996333955 0.5319154388053501 0.006079798877811413 0.007242110529390508
0 0.8871740142794617 0.5491664251610293 0.006579828169943229 0.00574202475933123
0 0.8936743950771797 0.567167454401738 0.006579828169943229 0.00574202475933123
0 0.8984246733524348 0.5649173257466493 0.006579828169943229 0.00574202475933123
0 0.9204259622062493 0.5594170112564326 0.006579828169943229 0.00574202475933123
0 0.9261762990657689 0.552666625291167 0.006579828169943229 0.00574202475933123
0 0.9191758889759192 0.5411659677207143 0.006579828169943229 0.00574202475933123
0 0.9131755374703334 0.5326654816903799 0.006579828169943229 0.00574202475933123
0 0.918175830391655 0.5296653101502617 0.006579828169943229 0.00574202475933123
0 0.9261762990657694 0.5114142666145434 0.006579828169943229 0.00574202475933123
0 0.9304265480488926 0.5141644238596518 0.006579828169943229 0.00574202475933123
0 0.9209259914983818 0.5154144953347011 0.006579828169943229 0.00574202475933123
0 0.8671728425941765 0.5096641665494748 0.006579828169943229 0.00574202475933123
0 0.8584223299818642 0.5069140093043666 0.006579828169943229 0.00574202475933123
0 0.8774234430828856 0.47816236537823487 0.006579828169943229 0.00574202475933123
0 0.8871740142794624 0.4774123224932054 0.006579828169943229 0.00574202475933123
0 0.8931743657850482 0.4786623939682546 0.006579828169943229 0.00574202475933123
0 0.8334208653752572 0.5464162679159219 0.006579828169943229 0.00574202475933123
0 0.8441714951560982 0.579418154857221 0.006579828169943229 0.00574202475933123
0 0.8441714951560982 0.5886686837725853 0.006579828169943229 0.00574202475933123
0 0.8526719931223448 0.5944190125578118 0.006579828169943229 0.00574202475933123
0 0.867422857240243 0.5946690268528217 0.006579828169943229 0.00574202475933123
0 0.8544220956448073 0.607169741603314 0.006579828169943229 0.00574202475933123
0 0.8506718759538164 0.6126700560935305 0.006579828169943229 0.00574202475933123
0 0.8426714072797022 0.6136701132735699 0.006579828169943229 0.00574202475933123
0 0.8479217148470898 0.5989192698679894 0.006579828169943229 0.00574202475933123
0 0.8569222421054684 0.5976691983929402 0.006579828169943229 0.00574202475933123
0 0.8669228279481114 0.5864185551174975 0.006579828169943229 0.00574202475933123
0 0.8341709093134563 0.552666625291169 0.006579828169943229 0.00574202475933123
0 0.8336708800213242 0.5746678832520351 0.006579828169943229 0.00574202475933123
0 0.8336708800213242 0.5609170970264937 0.006579828169943229 0.00574202475933123
0 0.8651727254256493 0.5149144667446829 0.006579828169943229 0.00574202475933123
0 0.8626725789649885 0.5161645382197321 0.006579828169943229 0.00574202475933123
0 0.8579223006897333 0.5194147240548601 0.006579828169943229 0.00574202475933123
0 0.8576722860436672 0.5236649670700275 0.006579828169943229 0.00574202475933123
0 0.8381711436505137 0.5349156103454705 0.006579828169943229 0.00574202475933123
0 0.8224202209483513 0.4954133517339156 0.006579828169943229 0.00574202475933123
0 0.923176123312976 0.568667540171797 0.006579828169943229 0.00574202475933123
0 0.9299265187567599 0.567167454401738 0.006579828169943229 0.00574202475933123
0 0.9279264015882314 0.5621671685015412 0.006579828169943229 0.00574202475933123
0 0.9169257571613244 0.5244150099550553 0.006579828169943229 0.00574202475933123
0 0.9136755667624655 0.5199147526448782 0.006579828169943229 0.00574202475933123
0 0.613953558817163 0.46179989677832434 0.008374076796842125 0.0070371960084941836
0 0.6913747912897098 0.5839621137205068 0.009232438128927479 0.009094777314559273
0 0.7170639306808784 0.6021216522742658 0.009232438128927479 0.009094777314559273
0 0.7795151143732013 0.6805177089575675 0.009232438128927479 0.009094777314559273
0 0.7879305221047912 0.6858326958513504 0.009232438128927479 0.009094777314559273
0 0.8025467565859732 0.7035493188306277 0.009232438128927479 0.009094777314559273
0 0.7972317622291797 0.7066497278520011 0.009232438128927479 0.009094777314559273
0 0.7870446897119924 0.6752027220637841 0.009232438128927479 0.009094777314559273
0 0.698904366628501 0.6681160728720734 0.009232438128927479 0.009094777314559273
0 0.7074031340969276 0.6581551095753183 0.007616781254735305 0.009648838404257232
0 0.6677572345836557 0.6606421273175197 0.00910952445720454 0.007625858242567589
0 0.7426814966410578 0.2816995404459875 0.010280526202658166 0.009871021817204072
0 0.7236361001958812 0.2812566248715055 0.010280526202658166 0.009871021817204072
0 0.6948465474299167 0.2679691576370475 0.010280526202658166 0.009871021817204072
0 0.7028190389651069 0.3397214807031203 0.010280526202658166 0.009871021817204072
0 0.7028190389651069 0.3277627601921082 0.010280526202658166 0.009871021817204072
0 0.8144339204577694 0.26752624206256564 0.010280526202658166 0.009871021817204072
0 0.8033610155477828 0.2684120732115295 0.010280526202658166 0.009871021817204072
0 0.7976031049945901 0.28922910521218026 0.010280526202658166 0.009871021817204072
0 0.8082330937081769 0.2529100281046619 0.010280526202658166 0.009871021817204072
0 0.8188630824217636 0.2520241969556981 0.010280526202658166 0.009871021817204072
0 0.819305998618163 0.24183713874261364 0.010280526202658166 0.009871021817204072
0 0.8082330937081766 0.24582337891295108 0.010280526202658166 0.009871021817204072
0 0.8574635159642091 0.16531435030710778 0.008917974389117697 0.009243809658548107
0 0.8605639293390055 0.17240099949881874 0.008917974389117697 0.009243809658548107
0 0.8734084990345897 0.17683015524363804 0.008917974389117697 0.009243809658548107
0 0.797539803908997 0.1612343358764989 0.008927884309188179 0.008361339569091797
0 0.7687502511430324 0.16034850472753504 0.008927884309188179 0.008361339569091797
0 0.7370400287999866 0.11777434536278815 0.010148836218793367 0.009942404237305495
0 0.7505472465286336 0.12154741167804492 0.008677205665956391 0.00752956476619293
0 0.76085495244931 0.051101426288778694 0.009762598120647928 0.010167251462521761
0 0.8843518306795113 0.11293150918663011 0.010158746138862942 0.01042131755663001
0 0.8347452166827724 0.08237033454737691 0.010158746138862942 0.01042131755663001
0 0.8343023004863729 0.10008695752665417 0.010158746138862942 0.01042131755663001
0 0.8374027138611692 0.10673069114388319 0.010158746138862942 0.01042131755663001
0 0.7496782897864827 0.7254462141900971 0.008454944776452106 0.009936125382133152
0 0.6964351707602525 0.7264445212700715 0.008454944776452106 0.009936125382133152
0 0.9093241769637704 0.74503459838003 0.00893576248832371 0.009007370990255604
0 0.9033896119395073 0.8263632518484565 0.008777950121008831 0.008449347122855808
0 0.8508120319011045 0.8776096819538037 0.008777950121008831 0.008449347122855808
0 0.8617934252002649 0.881602910273701 0.008777950121008831 0.008449347122855808
0 0.8518103403828468 0.8852633695669401 0.008777950121008831 0.008449347122855808
0 0.8774335914142201 0.9118848916995881 0.008777950121008831 0.008449347122855808
0 0.8997291475064542 0.928190574005835 0.008777950121008831 0.008449347122855808
0 0.9113760797934419 0.9448290253387401 0.008777950121008831 0.008449347122855808
0 0.9093794628299584 0.9797697731378407 0.008777950121008831 0.008449347122855808
0 0.9163676222021513 0.9737799306579947 0.008777950121008831 0.008449347122855808
0 0.8328424792297521 0.9484894846319792 0.008777950121008831 0.008449347122855808
0 0.8301803232784407 0.9618002456983032 0.008777950121008831 0.008449347122855808
0 0.8621261946941791 0.9205368863926988 0.008777950121008831 0.008449347122855808
0 0.8681160455846301 0.9265267288725445 0.008777950121008831 0.008449347122855808
0 0.8894132931951225 0.9192058102860662 0.008777950121008831 0.008449347122855808
0 0.8960686830734014 0.9072261253263747 0.008777950121008831 0.008449347122855808
0 0.9223574730926029 0.8939153642600509 0.008777950121008831 0.008449347122855808
0 0.9183642391656354 0.8892565978868374 0.008777950121008831 0.008449347122855808
0 0.8877494457255527 0.9068933562997167 0.008777950121008831 0.008449347122855808
0 0.9047206899151636 0.8965775164733156 0.008777950121008831 0.008449347122855808
0 0.9180314696717212 0.9085572014330076 0.008777950121008831 0.008449347122855808
0 0.9260179375256556 0.9128831987795628 0.008777950121008831 0.008449347122855808
0 0.9027240729516799 0.9182075032060923 0.008777950121008831 0.008449347122855808
0 0.8960686830734009 0.9002379757665553 0.008777950121008831 0.008449347122855808
0 0.8408289470836868 0.9511516368452446 0.008777950121008831 0.008449347122855808
0 0.7476534887877833 0.9408357970188438 0.008777950121008831 0.008449347122855808
0 0.7539761091721481 0.9594708625116976 0.008777950121008831 0.008449347122855808
0 0.7642919634834802 0.9661262430448596 0.008777950121008831 0.008449347122855808
0 0.7672868889287057 0.9761093138446028 0.008777950121008831 0.008449347122855808
0 0.7503156447390945 0.9657934740182017 0.008777950121008831 0.008449347122855808
0 0.7316805530799138 0.9528154819785359 0.008777950121008831 0.008449347122855808
0 0.7519794922086643 0.9751110067646287 0.008777950121008831 0.008449347122855808
0 0.763959193989566 0.9328493403790502 0.008777950121008831 0.008449347122855808
0 0.7300071618869423 0.8752745005687038 0.008787403935971468 0.008605998495350714
0 0.7473111755704674 0.872612348355439 0.008787403935971468 0.008605998495350714
0 0.7443162501252419 0.8796004979152591 0.008787403935971468 0.008605998495350714
0 0.7679428841931316 0.895906180221506 0.008787403935971468 0.008605998495350714
0 0.7049273647616101 0.8077155591119953 0.008621174356211786 0.009349822998046875
0 0.6956098189320198 0.8070500210586792 0.008621174356211786 0.009349822998046875
0 0.7155759885668563 0.7880821865391675 0.008621174356211786 0.009349822998046875
0 0.6859595036085157 0.7671177378597072 0.008621174356211786 0.009349822998046875
0 0.7425303175738855 0.8313421600047206 0.008621174356211786 0.009349822998046875
0 0.7684863380991729 0.8043878688454147 0.008621174356211786 0.009349822998046875
0 0.7827954263374726 0.7990635644188852 0.008621174356211786 0.009349822998046875
0 0.7748089584835381 0.8176986299117389 0.008621174356211786 0.009349822998046875
0 0.7901163552035796 0.8399941546978316 0.008621174356211786 0.009349822998046875
0 0.748852937958251 0.8133726325651839 0.008621174356211786 0.009349822998046875
0 0.7614981787269808 0.8083810971653124 0.008621174356211786 0.009349822998046875
0 0.8503809302359511 0.6642748173543681 0.00847569949794304 0.007132953762342797
0 0.7227562620572805 0.6803870384025683 0.009140221968942272 0.006875481315345769
