0 0.088315 0.9599180000000002 0.01087 0.006793
0 0.09375 0.9442929999999999 0.008152 0.01087
0 0.101902 0.929348 0.005435 0.01087
0 0.102582 0.950408 0.004076 0.006793
0 0.102582 0.9599180000000002 0.004076 0.006793
0 0.10597800000000002 0.9633149999999999 0.005435 0.005435
0 0.10597800000000002 0.9286680000000002 0.005435 0.006793
0 0.107337 0.921196 0.008152 0.008152
0 0.10801599999999999 0.932745 0.004076 0.009511
0 0.110054 0.9857339999999999 0.008152 0.009511
0 0.11005400000000001 0.9544840000000001 0.005435 0.006793
0 0.11005400000000001 0.976223 0.005435 0.006793
0 0.11005400000000001 0.945652 0.005435 0.008152
0 0.11141300000000001 0.930027 0.005435 0.006793
0 0.116168 0.9701090000000001 0.006793 0.008152
0 0.11684800000000001 0.918478 0.008152 0.01087
0 0.12024500000000002 0.9463320000000001 0.006793 0.006793
0 0.12024500000000002 0.9619569999999998 0.006793 0.01087
0 0.125 0.970788 0.008152 0.006793
0 0.129755 0.8974180000000002 0.009511 0.012228
0 0.13383200000000003 0.9823370000000001 0.006793 0.008152
0 0.14877700000000002 0.21263599999999996 0.006793 0.009511
0 0.152853 0.202446 0.006793 0.008152
0 0.188859 0.218071 0.005435 0.006793
0 0.193614 0.213995 0.004076 0.006793
0 0.19769000000000003 0.216712 0.004076 0.006793
0 0.231658 0.24592399999999998 0.006793 0.008152
0 0.23980999999999997 0.234375 0.006793 0.009511
0 0.23980999999999997 0.24320699999999998 0.004076 0.005435
0 0.243886 0.248641 0.004076 0.005435
0 0.25 0.249321 0.005435 0.006793
0 0.25747299999999995 0.246603 0.006793 0.006793
0 0.269022 0.206522 0.005435 0.005435
0 0.273098 0.206522 0.005435 0.005435
0 0.342391 0.129076 0.008152 0.008152
0 0.34307099999999996 0.10462000000000002 0.006793 0.01087
0 0.347826 0.11684800000000001 0.008152 0.008152
0 0.34850499999999995 0.151495 0.006793 0.009511
0 0.363451 0.12092400000000002 0.006793 0.005435
0 0.366168 0.126359 0.006793 0.005435
0 0.37024500000000005 0.122283 0.004076 0.005435
0 0.37567900000000004 0.116168 0.004076 0.006793
0 0.380435 0.127717 0.005435 0.005435
0 0.3865489999999999 0.16168499999999997 0.009511 0.008152
0 0.396739 0.101223 0.008152 0.009511
0 0.40964699999999993 0.063179 0.006793 0.006793
0 0.4164399999999999 0.068614 0.006793 0.006793
