1 0.42530540333045974 0.32692829965083875 0.013575467937659624 0.014661505372672324
1 0.4130446069479159 0.32677503969605676 0.011736348480277652 0.01251586600572697
1 0.4007838105653719 0.32892067906300204 0.012349388299403902 0.0131289058248542
1 0.3820860960819934 0.33167935824907424 0.011736348480277652 0.01251586600572697
1 0.4176424055913697 0.3439401546316177 0.011736348480277652 0.01251586600572697
1 0.40599464902795324 0.34118147544554545 0.011736348480277652 0.01251586600572697
1 0.4148837264052972 0.3552813912854706 0.011736348480277652 0.01251586600572697
1 0.39986425083668137 0.3525227120993983 0.011736348480277652 0.01251586600572697
1 0.39465341237410034 0.33995539580729106 0.011736348480277652 0.01251586600572697
1 0.38944257391151943 0.3457792740889992 0.011736348480277652 0.01251586600572697
1 0.37810133725766654 0.34945751300376243 0.011736348480277652 0.01251586600572697
1 0.4029294499323172 0.36202482929586954 0.011736348480277652 0.01251586600572697
1 0.4124315671287885 0.37030086685408653 0.011736348480277652 0.01251586600572697
1 0.4010903304749357 0.37459214558797677 0.011736348480277652 0.01251586600572697
1 0.39066865354977376 0.36570306821063264 0.011736348480277652 0.01251586600572697
1 0.3787143770767937 0.3626378691149968 0.011736348480277652 0.01251586600572697
1 0.361242742231669 0.3638639487532511 0.011736348480277652 0.01251586600572697
1 0.3676796603325044 0.3770443048644854 0.011736348480277652 0.01251586600572697
1 0.37687525761941215 0.3736725858592861 0.011736348480277652 0.01251586600572697
1 0.3891360540019557 0.3798029840505579 0.011736348480277652 0.01251586600572697
1 0.4090598481235891 0.3850138225131389 0.011736348480277652 0.01251586600572697
1 0.417335885681806 0.3948224596191738 0.011736348480277652 0.01251586600572697
1 0.39771861146973625 0.38991814106615635 0.011736348480277652 0.01251586600572697
1 0.39066865354977376 0.39482245961917395 0.011736348480277652 0.01251586600572697
1 0.37779481734810294 0.3880790216087749 0.011736348480277652 0.01251586600572697
1 0.3667601006038137 0.3920637804331015 0.011736348480277652 0.01251586600572697
1 0.3566449435882152 0.3905311808852836 0.011736348480277652 0.01251586600572697
1 0.35357974449257923 0.4021789374486999 0.011736348480277652 0.01251586600572697
1 0.36338838159861425 0.40279197726782706 0.011736348480277652 0.01251586600572697
1 0.3716644191568312 0.40708325600171724 0.011736348480277652 0.01251586600572697
1 0.3863773748158835 0.4089223754590987 0.011736348480277652 0.01251586600572697
1 0.40078381056537216 0.40371153699651763 0.011736348480277652 0.01251586600572697
1 0.4004772906558085 0.4190375324746971 0.011736348480277652 0.01251586600572697
1 0.3833121757202474 0.4217962116607694 0.011736348480277652 0.01251586600572697
1 0.38177957617242947 0.43375048813374945 0.011736348480277652 0.01251586600572697
1 0.39618601192191816 0.4362026474102582 0.011736348480277652 0.01251586600572697
1 0.3655340209655592 0.4263940103042234 0.011736348480277652 0.01251586600572697
1 0.3532732245830157 0.419957092203388 0.011736348480277652 0.01251586600572697
1 0.34101242820047206 0.42148969175120593 0.011736348480277652 0.01251586600572697
1 0.3299777114561829 0.42240925147989655 0.011736348480277652 0.01251586600572697
1 0.3177169150736394 0.4276200899424776 0.011736348480277652 0.01251586600572697
1 0.30423003905284135 0.437735246958076 0.011736348480277652 0.01251586600572697
1 0.3167973553449486 0.4423330456015298 0.011736348480277652 0.01251586600572697
1 0.3278320720892377 0.4389613265963303 0.011736348480277652 0.01251586600572697
1 0.3431580675674171 0.4343635279528765 0.011736348480277652 0.01251586600572697
1 0.367066620513377 0.43773524695807603 0.011736348480277652 0.01251586600572697
1 0.37074485942814 0.44693084424498364 0.011736348480277652 0.01251586600572697
1 0.3876034544541374 0.4509156030693103 0.011736348480277652 0.01251586600572697
1 0.3937338526454093 0.46317639945185385 0.011736348480277652 0.01251586600572697
1 0.38024697662461127 0.46409595918054464 0.011736348480277652 0.01251586600572697
1 0.3667601006038134 0.46164379990403587 0.011736348480277652 0.01251586600572697
1 0.360323182502978 0.4509156030693103 0.011736348480277652 0.01251586600572697
1 0.3505145453969431 0.44723736415454723 0.011736348480277652 0.01251586600572697
1 0.3358015897378907 0.44876996370236505 0.011736348480277652 0.01251586600572697
1 0.3275255521796737 0.45704600126058187 0.011736348480277652 0.01251586600572697
1 0.30882783769629474 0.45459384198407315 0.011736348480277652 0.01251586600572697
1 0.30116483995720505 0.45520688180320007 0.011736348480277652 0.01251586600572697
1 0.3057626386006589 0.46532203881879836 0.011736348480277652 0.01251586600572697
1 0.32047559425971117 0.4650155189092348 0.011736348480277652 0.01251586600572697
1 0.32783207208923737 0.4708393971909428 0.011736348480277652 0.01251586600572697
1 0.33825374901439936 0.45827208089883564 0.011736348480277652 0.01251586600572697
1 0.34775586621087057 0.4567394813510176 0.011736348480277652 0.01251586600572697
1 0.34101242820047156 0.46716115827617954 0.011736348480277652 0.01251586600572697
1 0.3560319037690873 0.46716115827617943 0.011736348480277652 0.01251586600572697
1 0.3624688218699226 0.4757437157439599 0.011736348480277652 0.01251586600572697
1 0.37258397888552097 0.4809545542065408 0.011736348480277652 0.01251586600572697
1 0.38545781508719174 0.4742111161961418 0.011736348480277652 0.01251586600572697
1 0.35541886394996 0.4846327931213038 0.011736348480277652 0.01251586600572697
1 0.3403993883813441 0.4772763152917775 0.011736348480277652 0.01251586600572697
1 0.31373215624931183 0.47482415601526873 0.011736348480277652 0.01251586600572697
1 0.3030039594145862 0.47942195465872245 0.011736348480277652 0.01251586600572697
1 0.29258228248942414 0.49321535058908395 0.011736348480277652 0.01251586600572697
1 0.37656873770984745 0.4975066293229742 0.011736348480277652 0.01251586600572697
1 0.36584054087512174 0.4916827510412659 0.011736348480277652 0.01251586600572697
1 0.36246882186992224 0.5021044279664278 0.011736348480277652 0.01251586600572697
1 0.3495949856682515 0.4956675098655925 0.011736348480277652 0.01251586600572697
1 0.3388667888335258 0.49474795013690165 0.011736348480277652 0.01251586600572697
1 0.32936467163705446 0.487697992216939 0.011736348480277652 0.01251586600572697
1 0.3204755942597104 0.48677843248824815 0.011736348480277652 0.01251586600572697
1 0.3091343576058576 0.49076319131257473 0.011736348480277652 0.01251586600572697
1 0.31863647480232865 0.49903922887079155 0.011736348480277652 0.01251586600572697
1 0.3272190322701092 0.5011848682377367 0.011736348480277652 0.01251586600572697
1 0.33610810964745325 0.5079283062481357 0.011736348480277652 0.01251586600572697
1 0.34744934630130586 0.5057826668811906 0.011736348480277652 0.01251586600572697
1 0.36951877978988434 0.5162043438063525 0.011736348480277652 0.01251586600572697
1 0.35695146349777723 0.5109935053437714 0.011736348480277652 0.01251586600572697
1 0.3563384236786501 0.5211086623593698 0.011736348480277652 0.01251586600572697
1 0.34070590829090697 0.518656503082861 0.011736348480277652 0.01251586600572697
1 0.3269125123605454 0.518656503082861 0.011736348480277652 0.01251586600572697
1 0.313732156249311 0.5106869854342077 0.011736348480277652 0.01251586600572697
1 0.30147135986676743 0.5027174677855543 0.011736348480277652 0.01251586600572697
1 0.29319532230855044 0.5079283062481352 0.011736348480277652 0.01251586600572697
1 0.286758404207715 0.5158978238967885 0.011736348480277652 0.01251586600572697
1 0.3036169992337124 0.5162043438063519 0.011736348480277652 0.01251586600572697
1 0.3088278376962934 0.5257064610028231 0.011736348480277652 0.01251586600572697
1 0.31710387525451034 0.5269325406410774 0.011736348480277652 0.01251586600572697
1 0.29871268068069484 0.5287716600984589 0.011736348480277652 0.01251586600572697
1 0.3330429105518168 0.5336759786514762 0.011736348480277652 0.01251586600572697
1 0.34836890602999626 0.5324498990132218 0.011736348480277652 0.01251586600572697
1 0.358177543136031 0.5385802972044935 0.011736348480277652 0.01251586600572697
1 0.3649209811464299 0.5333694587419124 0.011736348480277652 0.01251586600572697
1 0.3180234349832008 0.538886817114057 0.011736348480277652 0.01251586600572697
1 0.3042300390528392 0.5394998569331839 0.011736348480277652 0.01251586600572697
1 0.30331047932414834 0.5496150139487821 0.011736348480277652 0.01251586600572697
1 0.2904366431224776 0.5450172153053281 0.011736348480277652 0.01251586600572697
1 0.29319532230854983 0.5545193325017992 0.011736348480277652 0.01251586600572697
1 0.3014713598667667 0.5621823302408889 0.011736348480277652 0.01251586600572697
1 0.3164908354353826 0.5646344895173976 0.011736348480277652 0.01251586600572697
1 0.31557127570669175 0.5514541334061631 0.011736348480277652 0.01251586600572697
1 0.32967119154661695 0.5490019741296543 0.011736348480277652 0.01251586600572697
1 0.32629947254141745 0.5667801288843423 0.011736348480277652 0.01251586600572697
1 0.34070590829090625 0.5701518478895415 0.011736348480277652 0.01251586600572697
1 0.3403993883813427 0.5465498148531452 0.011736348480277652 0.01251586600572697
1 0.3419319879291607 0.5539062926826713 0.011736348480277652 0.01251586600572697
1 0.3480623861204324 0.5597301709643795 0.011736348480277652 0.01251586600572697
1 0.3541927843117041 0.5499215338583446 0.011736348480277652 0.01251586600572697
1 0.35756450331690365 0.5609562506026338 0.011736348480277652 0.01251586600572697
1 0.3618557820507939 0.5680062085225963 0.011736348480277652 0.01251586600572697
1 0.3701318196090108 0.5768952858999403 0.011736348480277652 0.01251586600572697
1 0.35235366485432257 0.5713779275277956 0.011736348480277652 0.01251586600572697
1 0.37503613816202824 0.5900756420111745 0.011736348480277652 0.01251586600572697
1 0.3434645874769785 0.578427885447758 0.011736348480277652 0.01251586600572697
1 0.34162546801959676 0.5876234827346657 0.011736348480277652 0.01251586600572697
1 0.3563384236786491 0.5876234827346657 0.011736348480277652 0.01251586600572697
1 0.330284231365744 0.5796539650860123 0.011736348480277652 0.01251586600572697
1 0.3180234349832004 0.5817996044529574 0.011736348480277652 0.01251586600572697
1 0.30790827796760195 0.5793474451764486 0.011736348480277652 0.01251586600572697
1 0.2990192005902579 0.5756692062616855 0.011736348480277652 0.01251586600572697
1 0.28706492411727785 0.5695388080704136 0.011736348480277652 0.01251586600572697
1 0.2794019263781881 0.5667801288843414 0.011736348480277652 0.01251586600572697
1 0.2714324087295348 0.5827191641816479 0.011736348480277652 0.01251586600572697
1 0.2784823666494973 0.5903821619207376 0.011736348480277652 0.01251586600572697
1 0.28951708339378646 0.58547784336772 0.011736348480277652 0.01251586600572697
1 0.29840616077113064 0.5913017216494282 0.011736348480277652 0.01251586600572697
1 0.28583884447902347 0.5989647193885178 0.011736348480277652 0.01251586600572697
1 0.3030039594145844 0.5998842791172085 0.011736348480277652 0.01251586600572697
1 0.3195560345310183 0.5955930003833182 0.011736348480277652 0.01251586600572697
1 0.33151031100399814 0.6011103587554627 0.011736348480277652 0.01251586600572697
1 0.34959498566824976 0.6103059560423703 0.011736348480277652 0.01251586600572697
1 0.35143410512563134 0.6014168786650261 0.011736348480277652 0.01251586600572697
1 0.36492098114642935 0.5998842791172081 0.011736348480277652 0.01251586600572697
1 0.37289049879508257 0.6057081573989161 0.011736348480277652 0.01251586600572697
1 0.36645358069424716 0.6130646352284422 0.011736348480277652 0.01251586600572697
1 0.3603231825029753 0.6210341528770955 0.011736348480277652 0.01251586600572697
1 0.3621623019603568 0.6314558298022575 0.011736348480277652 0.01251586600572697
1 0.35235366485432196 0.6308427899831301 0.011736348480277652 0.01251586600572697
1 0.3431580675674142 0.6228732723344768 0.011736348480277652 0.01251586600572697
1 0.3333494304613793 0.612145075499751 0.011736348480277652 0.01251586600572697
1 0.3204755942597085 0.6106124759519329 0.011736348480277652 0.01251586600572697
1 0.30821479787716494 0.6103059560423693 0.011736348480277652 0.01251586600572697
1 0.2965670413137485 0.609692916223242 0.011736348480277652 0.01251586600572697
1 0.2698998091817162 0.6075472768562967 0.011736348480277652 0.01251586600572697
1 0.2827736453833869 0.612451595409314 0.011736348480277652 0.01251586600572697
1 0.2628498512617536 0.616129834324077 0.011736348480277652 0.01251586600572697
1 0.2702063290912797 0.6219537126057851 0.011736348480277652 0.01251586600572697
1 0.28246712547382324 0.6234863121536031 0.011736348480277652 0.01251586600572697
1 0.29564748158505755 0.6228732723344758 0.011736348480277652 0.01251586600572697
1 0.30484307887196516 0.6201145931484034 0.011736348480277652 0.01251586600572697
1 0.3118930367919277 0.6201145931484033 0.011736348480277652 0.01251586600572697
1 0.3204755942597081 0.619501553329276 0.011736348480277652 0.01251586600572697
1 0.32967119154661584 0.6271645510683657 0.011736348480277652 0.01251586600572697
1 0.3385602689239599 0.6375862279935277 0.011736348480277652 0.01251586600572697
1 0.34959498566824915 0.647701385009126 0.011736348480277652 0.01251586600572697
1 0.3551123440403938 0.6581230619342878 0.011736348480277652 0.01251586600572697
1 0.3673731404229374 0.6611882610299237 0.011736348480277652 0.01251586600572697
1 0.3483689060299948 0.6624143406681781 0.011736348480277652 0.01251586600572697
1 0.3336559503709424 0.6504600641951979 0.011736348480277652 0.01251586600572697
1 0.33334943046137894 0.6611882610299236 0.011736348480277652 0.01251586600572697
1 0.32568643272228925 0.6418775067274173 0.011736348480277652 0.01251586600572697
1 0.3146517159780001 0.632375389530946 0.011736348480277652 0.01251586600572697
1 0.30606915851021954 0.6372797080839633 0.011736348480277652 0.01251586600572697
1 0.2876779639364042 0.6354405886265817 0.011736348480277652 0.01251586600572697
1 0.2812410458355687 0.6372797080839633 0.011736348480277652 0.01251586600572697
1 0.2631563711713169 0.6299232302544371 0.011736348480277652 0.01251586600572697
1 0.24966949515051887 0.6277775908874919 0.011736348480277652 0.01251586600572697
1 0.241393457592302 0.6400383872700354 0.011736348480277652 0.01251586600572697
1 0.24292605714011992 0.6516861438334515 0.011736348480277652 0.01251586600572697
1 0.2551868535226635 0.6394253474509076 0.011736348480277652 0.01251586600572697
1 0.25304121415571834 0.6562839424769049 0.011736348480277652 0.01251586600572697
1 0.26591505035738916 0.6473948650995609 0.011736348480277652 0.01251586600572697
1 0.2714324087295337 0.6559774225673414 0.011736348480277652 0.01251586600572697
1 0.2833866852025137 0.6618013008490494 0.011736348480277652 0.01251586600572697
1 0.2873714440268404 0.6519926637430145 0.011736348480277652 0.01251586600572697
1 0.29534096167549373 0.648620944737815 0.011736348480277652 0.01251586600572697
1 0.29534096167549373 0.648620944737815 0.011736348480277652 0.01251586600572697
1 0.3091343576058552 0.6550578628386502 0.011736348480277652 0.01251586600572697
1 0.3238473132649075 0.6492339845569419 0.011736348480277652 0.01251586600572697
1 0.323540793355344 0.6614947809394858 0.011736348480277652 0.01251586600572697
1 0.34070590829090497 0.6746751370507199 0.011736348480277652 0.01251586600572697
1 0.35296670467344854 0.6749816569602833 0.011736348480277652 0.01251586600572697
1 0.34836890602999465 0.6854033338854454 0.011736348480277652 0.01251586600572697
1 0.3333494304613788 0.6847902940663181 0.011736348480277652 0.01251586600572697
1 0.3290581517274884 0.6728360175933381 0.011736348480277652 0.01251586600572697
1 0.3226212336266531 0.6789664157846098 0.011736348480277652 0.01251586600572697
1 0.31526475579712704 0.6728360175933381 0.011736348480277652 0.01251586600572697
1 0.30392351914327415 0.6694642985881387 0.011736348480277652 0.01251586600572697
1 0.2821606055642593 0.6719164578646474 0.011736348480277652 0.01251586600572697
1 0.29013012321291254 0.6792729356941734 0.011736348480277652 0.01251586600572697
1 0.2695932892721521 0.6651730198542483 0.011736348480277652 0.01251586600572697
1 0.26254333135218955 0.6706903782263928 0.011736348480277652 0.01251586600572697
1 0.27235196845822446 0.6759012166889736 0.011736348480277652 0.01251586600572697
1 0.2481368956027009 0.6682382189498839 0.011736348480277652 0.01251586600572697
1 0.24537821641662866 0.6759012166889734 0.011736348480277652 0.01251586600572697
1 0.23771521867753895 0.6670121393116293 0.011736348480277652 0.01251586600572697
1 0.2554933734322271 0.6841772542471902 0.011736348480277652 0.01251586600572697
1 0.2668346100860799 0.6847902940663174 0.011736348480277652 0.01251586600572697
1 0.27786932683036897 0.6835642144280629 0.011736348480277652 0.01251586600572697
1 0.29074316303203984 0.6912272121671527 0.011736348480277652 0.01251586600572697
1 0.30177787977632897 0.687855493161953 0.011736348480277652 0.01251586600572697
1 0.3134256363397454 0.6850968139758806 0.011736348480277652 0.01251586600572697
1 0.34070590829090486 0.6952119709914791 0.011736348480277652 0.01251586600572697
1 0.34438414720566796 0.7074727673740226 0.011736348480277652 0.01251586600572697
1 0.33212335082312433 0.702568448821005 0.011736348480277652 0.01251586600572697
1 0.3213951539883987 0.7001162895444962 0.011736348480277652 0.01251586600572697
1 0.3128125965206182 0.7059401678262042 0.011736348480277652 0.01251586600572697
1 0.2996322404093838 0.7047140881879497 0.011736348480277652 0.01251586600572697
1 0.3382537490143961 0.716361844751366 0.011736348480277652 0.01251586600572697
1 0.32997771145617916 0.7224922429426377 0.011736348480277652 0.01251586600572697
1 0.3235407933553438 0.714829245203548 0.011736348480277652 0.01251586600572697
1 0.2843062449312043 0.7010358492731864 0.011736348480277652 0.01251586600572697
1 0.27173892863909715 0.6939858913532235 0.011736348480277652 0.01251586600572697
1 0.27051284900084277 0.7037945284592584 0.011736348480277652 0.01251586600572697
1 0.2582520526182991 0.699503249725368 0.011736348480277652 0.01251586600572697
1 0.23924781822535657 0.6906141723480236 0.011736348480277652 0.01251586600572697
1 0.24629777614531911 0.7019554090018767 0.011736348480277652 0.01251586600572697
1 0.23679565894884783 0.7102314465600935 0.011736348480277652 0.01251586600572697
1 0.2450716965070647 0.7114575261983477 0.011736348480277652 0.01251586600572697
1 0.2505890548792093 0.7191205239374372 0.011736348480277652 0.01251586600572697
1 0.26560853044782523 0.7105379664696565 0.011736348480277652 0.01251586600572697
1 0.2772562870112416 0.7077792872835841 0.011736348480277652 0.01251586600572697
1 0.27756280692080515 0.7194270438470004 0.011736348480277652 0.01251586600572697
1 0.28645188429814916 0.7191205239374368 0.011736348480277652 0.01251586600572697
1 0.30606915851021893 0.7145227252939829 0.011736348480277652 0.01251586600572697
1 0.3171038752545081 0.7261704818573992 0.011736348480277652 0.01251586600572697
1 0.30760175805803686 0.7359791189634342 0.011736348480277652 0.01251586600572697
1 0.3256864327222887 0.7344465194156161 0.011736348480277652 0.01251586600572697
1 0.3250733929031615 0.741496477335579 0.011736348480277652 0.01251586600572697
1 0.333655950370942 0.7445616764312148 0.011736348480277652 0.01251586600572697
1 0.33764070919526856 0.7583550723615765 0.011736348480277652 0.01251586600572697
1 0.33702766937614137 0.7706158687441199 0.011736348480277652 0.01251586600572697
1 0.32415383317447066 0.7647919904624118 0.011736348480277652 0.01251586600572697
1 0.3204755942597076 0.7534507538085591 0.011736348480277652 0.01251586600572697
1 0.29135620285116653 0.7353660791443073 0.011736348480277652 0.01251586600572697
1 0.282773645383386 0.7319943601391078 0.011736348480277652 0.01251586600572697
1 0.2653020105382614 0.7283161212243447 0.011736348480277652 0.01251586600572697
1 0.2426195372305558 0.7304617605912896 0.011736348480277652 0.01251586600572697
1 0.2361826191297204 0.7240248424904544 0.011736348480277652 0.01251586600572697
1 0.2318913403958301 0.7405769176068882 0.011736348480277652 0.01251586600572697
1 0.2576390127991716 0.7396573578781974 0.011736348480277652 0.01251586600572697
1 0.26928676936258794 0.7384312782399433 0.011736348480277652 0.01251586600572697
1 0.25610641325135364 0.7503855547129231 0.011736348480277652 0.01251586600572697
1 0.26560853044782484 0.7571289927233221 0.011736348480277652 0.01251586600572697
1 0.2726584883677874 0.7506920746224867 0.011736348480277652 0.01251586600572697
1 0.2751106476442961 0.7601941918189579 0.011736348480277652 0.01251586600572697
1 0.2876779639364033 0.7531442338989953 0.011736348480277652 0.01251586600572697
1 0.2821606055642587 0.7436421167025241 0.011736348480277652 0.01251586600572697
1 0.29288880239898435 0.7436421167025241 0.011736348480277652 0.01251586600572697
1 0.3045365589624007 0.7537572737181226 0.011736348480277652 0.01251586600572697
1 0.29687356122331093 0.7598876719093944 0.011736348480277652 0.01251586600572697
1 0.3094408775154181 0.7654050302815391 0.011736348480277652 0.01251586600572697
1 0.290130123212912 0.7690832691963021 0.011736348480277652 0.01251586600572697
1 0.29901920059025605 0.7752136673875739 0.011736348480277652 0.01251586600572697
1 0.2971800811328745 0.7834897049457907 0.011736348480277652 0.01251586600572697
1 0.30606915851021865 0.7837962248553544 0.011736348480277652 0.01251586600572697
1 0.3134256363397448 0.7847157845840452 0.011736348480277652 0.01251586600572697
1 0.28553232456945815 0.7825701452171 0.011736348480277652 0.01251586600572697
1 0.271432408729533 0.775213667387574 0.011736348480277652 0.01251586600572697
1 0.2643824508095704 0.7724549882015019 0.011736348480277652 0.01251586600572697
1 0.254267293793972 0.7620333112763399 0.011736348480277652 0.01251586600572697
1 0.25089557478877245 0.7700028289249932 0.011736348480277652 0.01251586600572697
1 0.23986085804448323 0.7654050302815394 0.011736348480277652 0.01251586600572697
1 0.2294391811193211 0.769389789105866 0.011736348480277652 0.01251586600572697
1 0.2432325770496826 0.7552898732659409 0.011736348480277652 0.01251586600572697
1 0.2364891390392836 0.7509985945320505 0.011736348480277652 0.01251586600572697
1 0.23556957931059286 0.758048552452013 0.011736348480277652 0.01251586600572697
1 0.22974570102888467 0.7608072316380852 0.011736348480277652 0.01251586600572697
1 0.2346500195819021 0.7804245058501549 0.011736348480277652 0.01251586600572697
1 0.24261953723055543 0.7785853863927734 0.011736348480277652 0.01251586600572697
1 0.2499760150600816 0.7782788664832097 0.011736348480277652 0.01251586600572697
1 0.2619302915330616 0.7831831850362273 0.011736348480277652 0.01251586600572697
1 0.27020632909127845 0.7908461827753169 0.011736348480277652 0.01251586600572697
1 0.27633672728255027 0.7853288244031724 0.011736348480277652 0.01251586600572697
1 0.2843062449312036 0.7939113818709529 0.011736348480277652 0.01251586600572697
1 0.2974866010424379 0.7969765809665889 0.011736348480277652 0.01251586600572697
1 0.31066695715367226 0.8092373773491325 0.011736348480277652 0.01251586600572697
1 0.2971800811328743 0.8101569370778233 0.011736348480277652 0.01251586600572697
1 0.2885975236650938 0.8034134990674243 0.011736348480277652 0.01251586600572697
1 0.2898236033033481 0.8178199348169132 0.011736348480277652 0.01251586600572697
1 0.30514959878152753 0.8224177334603668 0.011736348480277652 0.01251586600572697
1 0.2729650082773507 0.8110764968065142 0.011736348480277652 0.01251586600572697
1 0.2772562870112409 0.8218046936412398 0.011736348480277652 0.01251586600572697
1 0.26193029153306147 0.7994287402430978 0.011736348480277652 0.01251586600572697
1 0.2515086146078994 0.7923787823231352 0.011736348480277652 0.01251586600572697
1 0.24078041777317377 0.7942179017805168 0.011736348480277652 0.01251586600572697
1 0.25242817433659015 0.805252618524806 0.011736348480277652 0.01251586600572697
1 0.2459912562357548 0.8098504171682599 0.011736348480277652 0.01251586600572697
1 0.23526305940102912 0.8006548198813522 0.011736348480277652 0.01251586600572697
1 0.23097178066713892 0.7929918221422625 0.011736348480277652 0.01251586600572697
1 0.23618261912971994 0.8098504171682599 0.011736348480277652 0.01251586600572697
1 0.2282131014810666 0.8141416959021502 0.011736348480277652 0.01251586600572697
1 0.2337304598532112 0.8196590542742948 0.011736348480277652 0.01251586600572697
1 0.24231301732099172 0.818739494545604 0.011736348480277652 0.01251586600572697
1 0.25365425397484453 0.8205786140029855 0.011736348480277652 0.01251586600572697
1 0.26376941099044304 0.8181264547264768 0.011736348480277652 0.01251586600572697
1 0.2374086987679744 0.827935091832512 0.011736348480277652 0.01251586600572697
1 0.25334773406528105 0.8325328904759659 0.011736348480277652 0.01251586600572697
1 0.2723519684582236 0.8343720099333474 0.011736348480277652 0.01251586600572697
1 0.2861453643885851 0.8334524502046569 0.011736348480277652 0.01251586600572697
1 0.30239091959545544 0.8374372090289838 0.011736348480277652 0.01251586600572697
1 0.30239091959545544 0.8478588859541456 0.011736348480277652 0.01251586600572697
1 0.3033104793241462 0.8585870827888713 0.011736348480277652 0.01251586600572697
1 0.2925822824894206 0.8570544832410535 0.011736348480277652 0.01251586600572697
1 0.28706492411727597 0.848471925773273 0.011736348480277652 0.01251586600572697
1 0.2794019263781863 0.8561349235123628 0.011736348480277652 0.01251586600572697
1 0.273578048096478 0.8478588859541459 0.011736348480277652 0.01251586600572697
1 0.26223681144262523 0.8417284877628742 0.011736348480277652 0.01251586600572697
1 0.26468897071913394 0.8542958040549814 0.011736348480277652 0.01251586600572697
1 0.25365425397484465 0.8426480474915651 0.011736348480277652 0.01251586600572697
1 0.24169997750186464 0.838969808576802 0.011736348480277652 0.01251586600572697
1 0.2450716965070641 0.8475523660445825 0.011736348480277652 0.01251586600572697
1 0.25242817433659026 0.8622653217036348 0.011736348480277652 0.01251586600572697
1 0.24231301732099175 0.8656370407088343 0.011736348480277652 0.01251586600572697
1 0.268980249453024 0.8745261180861784 0.011736348480277652 0.01251586600572697
1 0.2545738137035353 0.873606558357488 0.011736348480277652 0.01251586600572697
1 0.27940192637818606 0.870541359261852 0.011736348480277652 0.01251586600572697
1 0.2922757625798569 0.8680891999853435 0.011736348480277652 0.01251586600572697
1 0.29442140194680194 0.8772847972722514 0.011736348480277652 0.01251586600572697
1 0.3036169992337096 0.8861738746495956 0.011736348480277652 0.01251586600572697
1 0.2858388444790214 0.8861738746495956 0.011736348480277652 0.01251586600572697
1 0.29564748158505627 0.8953694719365033 0.011736348480277652 0.01251586600572697
1 0.29013012321291165 0.9100824275955556 0.011736348480277652 0.01251586600572697
1 0.3008583200476372 0.9113085072338097 0.011736348480277652 0.01251586600572697
1 0.28062800601644033 0.9011933502182111 0.011736348480277652 0.01251586600572697
1 0.2714324087295327 0.890771673293049 0.011736348480277652 0.01251586600572697
1 0.2763367272825501 0.9082433081381734 0.011736348480277652 0.01251586600572697
1 0.2689802494530239 0.9033389895851558 0.011736348480277652 0.01251586600572697
1 0.269593289272151 0.9149867461485721 0.011736348480277652 0.01251586600572697
1 0.2582520526182982 0.9110019873242453 0.011736348480277652 0.01251586600572697
1 0.24874993542182672 0.8993542307608289 0.011736348480277652 0.01251586600572697
1 0.24047389786360998 0.8913847131121755 0.011736348480277652 0.01251586600572697
1 0.2450716965070638 0.9149867461485719 0.011736348480277652 0.01251586600572697
1 0.2579455327087345 0.8950629520269385 0.011736348480277652 0.01251586600572697
1 0.2591716123469888 0.8852543149209035 0.011736348480277652 0.01251586600572697
1 0.2591716123469888 0.9214236642494071 0.011736348480277652 0.01251586600572697
1 0.2551868535226621 0.9293931818980604 0.011736348480277652 0.01251586600572697
1 0.2653020105382605 0.9315388212650055 0.011736348480277652 0.01251586600572697
1 0.2628498512617517 0.9398148588232224 0.011736348480277652 0.01251586600572697
1 0.2720454485486593 0.9483974162910027 0.011736348480277652 0.01251586600572697
1 0.2757236874634224 0.9410409384614767 0.011736348480277652 0.01251586600572697
1 0.28216060556425776 0.9321518610841326 0.011736348480277652 0.01251586600572697
1 0.2852258046598936 0.944412657466676 0.011736348480277652 0.01251586600572697
1 0.30361699923370883 0.9404278986423494 0.011736348480277652 0.01251586600572697
1 0.29656704131374634 0.9483974162910027 0.011736348480277652 0.01251586600572697
1 0.2895170833937837 0.9548343343918382 0.011736348480277652 0.01251586600572697
1 0.2797084462877487 0.9624973321309278 0.011736348480277652 0.01251586600572697
1 0.30208439968589074 0.9594321330352917 0.011736348480277652 0.01251586600572697
1 0.2980996408615641 0.971079889598708 0.011736348480277652 0.01251586600572697
1 0.30147135986676354 0.9811950466143063 0.011736348480277652 0.01251586600572697
1 0.28890404357465643 0.9762907280612887 0.011736348480277652 0.01251586600572697
1 0.2748041277347314 0.9772102877899794 0.011736348480277652 0.01251586600572697
1 0.2870649241172733 0.9857928452577585 0.01173634848027762 0.007611547452706732
