0 0.220109 0.9782609999999999 0.021739 0.013587
0 0.358016 0.880435 0.012228 0.01087
0 0.370924 0.887908 0.008152 0.014946
0 0.451087 0.953125 0.008152 0.009511
0 0.45856 0.914402 0.012228 0.01087
0 0.461277 0.955842 0.006793 0.009511
0 0.476223 0.9130429999999999 0.012228 0.01087
0 0.4789399999999999 0.9823370000000001 0.006793 0.008152
0 0.480978 0.987772 0.005435 0.005435
0 0.48981 0.984375 0.006793 0.006793
0 0.491848 0.988451 0.008152 0.004076
0 0.498641 0.988451 0.005435 0.004076
0 0.49932100000000007 0.981658 0.004076 0.006793
0 0.502717 0.9775820000000001 0.005435 0.006793
0 0.5040759999999999 0.9857340000000001 0.005435 0.006793
0 0.5040759999999999 0.9741850000000001 0.005435 0.008152
0 0.507473 0.9782609999999999 0.004076 0.005435
0 0.511549 0.987092 0.006793 0.006793
0 0.5122279999999999 0.971467 0.005435 0.008152
0 0.513587 0.9802990000000001 0.008152 0.006793
0 0.5149459999999999 0.985054 0.005435 0.005435
0 0.522418 0.981658 0.006793 0.009511
0 0.5468749999999999 0.988451 0.009511 0.004076
0 0.555027 0.8396740000000001 0.006793 0.008152
0 0.557065 0.824728 0.008152 0.008152
0 0.557745 0.8532610000000002 0.009511 0.008152
0 0.581522 0.7595110000000002 0.008152 0.008152
0 0.586277 0.94837 0.009511 0.008152
0 0.591712 0.9442929999999999 0.006793 0.005435
0 0.5985049999999998 0.941576 0.006793 0.008152
0 0.605299 0.83356 0.009511 0.009511
0 0.6141300000000001 0.824728 0.008152 0.008152
0 0.618886 0.8817929999999999 0.006793 0.01087
0 0.621603 0.809103 0.006793 0.006793
0 0.6236410000000001 0.8158970000000001 0.008152 0.006793
0 0.624321 0.8688860000000002 0.006793 0.012228
0 0.63519 0.8057070000000001 0.006793 0.008152
0 0.64606 0.904212 0.009511 0.009511
0 0.6494569999999998 0.781929 0.005435 0.009511
0 0.6535329999999999 0.7798910000000001 0.005435 0.008152
0 0.668478 0.8498639999999998 0.008152 0.009511
0 0.6841029999999999 0.861413 0.009511 0.01087
0 0.6888590000000001 0.8057069999999998 0.008152 0.01087
0 0.688179 0.788723 0.004076 0.006793
0 0.689538 0.778533 0.006793 0.008152
0 0.6929350000000001 0.7642660000000001 0.008152 0.006793
0 0.692935 0.7880430000000002 0.005435 0.008152
0 0.6963319999999998 0.7561139999999998 0.009511 0.009511
0 0.6963320000000001 0.8552990000000001 0.006793 0.012228
0 0.699728 0.7955160000000001 0.008152 0.006793
0 0.700408 0.8084240000000001 0.006793 0.008152
0 0.7044840000000001 0.7873640000000001 0.006793 0.006793
0 0.706522 0.7588320000000001 0.005435 0.006793
0 0.7099180000000002 0.785326 0.006793 0.008152
0 0.710598 0.6093750000000001 0.008152 0.012228
0 0.7167120000000001 0.5944290000000001 0.012228 0.012228
0 0.714674 0.7533970000000001 0.005435 0.006793
0 0.7180709999999999 0.7615490000000001 0.009511 0.006793
0 0.722147 0.517663 0.009511 0.008152
0 0.721467 0.7533970000000001 0.005435 0.006793
0 0.7255429999999999 0.5088319999999998 0.01087 0.009511
0 0.726223 0.73981 0.006793 0.006793
0 0.7282610000000002 0.747962 0.008152 0.006793
0 0.7323370000000001 0.7595110000000002 0.008152 0.008152
0 0.7330159999999999 0.752717 0.009511 0.005435
0 0.7336959999999999 0.731658 0.005435 0.006793
0 0.73913 0.47894 0.01087 0.012228
0 0.7404889999999998 0.5169839999999999 0.01087 0.009511
0 0.73981 0.7364129999999999 0.006793 0.005435
0 0.742527 0.7255430000000002 0.006793 0.008152
0 0.7438860000000002 0.7438859999999999 0.006793 0.009511
0 0.7486410000000001 0.49524500000000005 0.008152 0.012228
0 0.7486410000000001 0.730978 0.008152 0.008152
0 0.7493209999999999 0.472147 0.009511 0.012228
0 0.749321 0.7221470000000001 0.006793 0.006793
0 0.7513589999999999 0.5224179999999999 0.01087 0.009511
0 0.752038 0.5407610000000002 0.012228 0.01087
0 0.752717 0.531929 0.01087 0.006793
0 0.754755 0.5047549999999998 0.009511 0.009511
0 0.76019 0.460598 0.009511 0.008152
0 0.76087 0.572011 0.01087 0.013587
0 0.76087 0.47078799999999993 0.008152 0.009511
0 0.762228 0.44089699999999993 0.01087 0.009511
0 0.762228 0.501359 0.008152 0.008152
0 0.7635870000000001 0.451087 0.008152 0.008152
0 0.7690220000000001 0.497283 0.008152 0.008152
0 0.7717390000000001 0.449728 0.008152 0.01087
0 0.7778529999999999 0.44225500000000006 0.009511 0.012228
