0 0.557745 0.734375 0.017663 0.02038
0 0.5679349999999999 0.9347829999999999 0.019022 0.019022
0 0.57269 0.9592389999999998 0.02038 0.016304
0 0.576087 0.9830160000000001 0.021739 0.014946
0 0.6046200000000002 0.9646740000000001 0.021739 0.021739
0 0.605299 0.9239129999999999 0.017663 0.019022
0 0.641304 0.8654889999999998 0.016304 0.019022
0 0.648098 0.832201 0.016304 0.014946
0 0.65625 0.8627720000000001 0.013587 0.021739
0 0.769022 0.6372279999999999 0.019022 0.016304
0 0.8328799999999998 0.5427990000000001 0.019022 0.025815
0 0.8580160000000001 0.5455160000000001 0.02038 0.028533
