1 0.477582 0.9857339999999999 0.012228 0.009511
1 0.478261 0.9721470000000001 0.008152 0.012228
1 0.4789399999999999 0.863451 0.006793 0.017663
1 0.47961999999999994 0.914402 0.008152 0.01087
1 0.48369599999999996 0.9014950000000002 0.01087 0.012228
1 0.48981 0.974185 0.009511 0.01087
1 0.49252700000000005 0.986413 0.012228 0.008152
1 0.49660300000000007 0.952446 0.014946 0.01087
1 0.49660300000000007 0.9232340000000001 0.012228 0.012228
1 0.497962 0.908967 0.009511 0.013587
1 0.49932099999999996 0.892663 0.009511 0.01087
1 0.500679 0.97962 0.012228 0.008152
1 0.500679 0.938179 0.012228 0.009511
