1 0.17723758842634119 0.01819985197938007 0.011629446693088696 0.01168994022452313
1 0.14619985870693042 0.07292802955793298 0.012639709140943445 0.01197721647179645
1 0.21128254351408582 0.029740323191103726 0.01162956071936566 0.01130291689997134
1 0.11664345471755318 0.02468583441298941 0.01293622929116954 0.01279686196990635
1 0.1411890568940536 0.04808199016944222 0.012348838474439539 0.011771790359331213
1 0.1621259347252224 0.08988323678141054 0.010900860247404678 0.010021204533784286
1 0.19851127914760422 0.02448170858880748 0.0168084890946098 0.014888530192167862
1 0.15357865457949432 0.016084860200467316 0.01027548831442128 0.011151331922282343
1 0.19079689357591711 0.020553712611613068 0.010616717131241508 0.011701035758723383
1 0.17004278950069263 0.076076398725095 0.011363184970358143 0.013172149658203125
1 0.15363063501275107 0.028545991234157398 0.010615753090899925 0.010726622913194738
1 0.17478576432103698 0.06301307937373286 0.01106020678644595 0.01059058956477953
1 0.16288563997849173 0.029654978410057396 0.012127306150353474 0.012273252010345459
1 0.19946692300879437 0.06372341124907784 0.010483181994894276 0.010453509247821312
1 0.19702684361001718 0.0517756083737249 0.009971639384394106 0.01019138356913691
1 0.2219295605369236 0.013077720675779425 0.010847817296567171 0.00996827236984087
1 0.15314555168151853 0.08629005888234013 0.009629581285559612 0.010208482327668564
1 0.1861211216968039 0.04139751843784167 0.009609782177469006 0.009666113749794338
1 0.17515434907830282 0.050483276014742645 0.010793945063715395 0.011266475138456924
1 0.14841451333916705 0.1541718503703242 0.013305280519568401 0.013262168220851734
1 0.1892823240031367 0.06461718030597853 0.009484684985616932 0.009696934534155804
1 0.14782656275707742 0.9873672360959261 0.01243026360221531 0.011813246685525646
1 0.16511881351470947 0.9585629131482994 0.012289306391840395 0.012484301691469938
1 0.19331955909729004 0.987544702446979 0.010638257731562075 0.00942118271537449
1 0.1803855274034583 0.9879508640455164 0.012663509534752888 0.009218630583389946
1 0.17213155394015103 0.9770145623580271 0.011591092399928882 0.01223153653352157
1 0.18891063980434253 0.978704887887706 0.011750366376793903 0.009477408035941746
