1 0.068614 0.722826 0.004076 0.008152
1 0.068614 0.6161679999999999 0.004076 0.009511
1 0.068614 0.605978 0.004076 0.008152
1 0.068614 0.9755429999999999 0.004076 0.01087
1 0.069973 0.629076 0.006793 0.008152
1 0.076766 0.711277 0.009511 0.009511
1 0.07812500000000001 0.6949730000000001 0.009511 0.012228
1 0.08152200000000001 0.981658 0.01087 0.009511
1 0.08220100000000001 0.925272 0.009511 0.01087
1 0.086277 0.8654889999999998 0.012228 0.01087
1 0.08899500000000002 0.965353 0.009511 0.006793
1 0.08899500000000002 0.935462 0.006793 0.009511
1 0.09307100000000001 0.8478259999999999 0.006793 0.01087
1 0.094429 0.9150819999999998 0.009511 0.009511
1 0.095788 0.8763589999999999 0.012228 0.01087
1 0.09578800000000001 0.938179 0.006793 0.009511
1 0.09714700000000001 0.8552990000000001 0.006793 0.006793
1 0.09850500000000001 0.95788 0.006793 0.01087
1 0.101223 0.8369570000000001 0.009511 0.008152
1 0.101223 0.9307070000000001 0.009511 0.008152
1 0.101902 0.90625 0.01087 0.008152
1 0.107337 0.8634509999999999 0.013587 0.009511
1 0.108016 0.8057070000000001 0.009511 0.008152
1 0.109375 0.851223 0.009511 0.009511
1 0.10937500000000001 0.987772 0.006793 0.005435
1 0.111413 0.950408 0.01087 0.006793
1 0.111413 0.918478 0.01087 0.008152
1 0.11413000000000001 0.980978 0.013587 0.008152
1 0.11277200000000001 0.792799 0.008152 0.009511
1 0.11345100000000001 0.8294839999999999 0.006793 0.009511
1 0.11413000000000001 0.8192930000000002 0.008152 0.008152
1 0.11481 0.930027 0.009511 0.009511
1 0.118207 0.9680709999999999 0.013587 0.009511
1 0.12024500000000002 0.835598 0.006793 0.01087
1 0.12092400000000002 0.911685 0.008152 0.01087
1 0.12160300000000002 0.866848 0.009511 0.01087
1 0.12160300000000002 0.8505430000000002 0.006793 0.008152
1 0.123641 0.784647 0.008152 0.009511
1 0.125 0.7982339999999999 0.01087 0.009511
1 0.12432100000000001 0.82337 0.006793 0.008152
1 0.125 0.987772 0.008152 0.005435
1 0.125679 0.809103 0.009511 0.006793
1 0.126359 0.901495 0.008152 0.006793
1 0.127038 0.9313859999999999 0.009511 0.009511
1 0.131114 0.776495 0.009511 0.009511
1 0.130435 0.8186139999999998 0.005435 0.009511
1 0.131793 0.877717 0.008152 0.008152
1 0.131793 0.86481 0.005435 0.009511
1 0.134511 0.8498640000000001 0.008152 0.006793
1 0.134511 0.921875 0.008152 0.009511
1 0.134511 0.908288 0.008152 0.009511
1 0.13587 0.7880429999999999 0.008152 0.01087
1 0.13858699999999996 0.9653529999999999 0.013587 0.009511
1 0.13587 0.720788 0.005435 0.009511
1 0.138587 0.8349180000000002 0.01087 0.006793
1 0.137908 0.804348 0.006793 0.008152
1 0.139266 0.824728 0.009511 0.008152
1 0.140625 0.8138590000000001 0.009511 0.008152
1 0.143342 0.796196 0.009511 0.008152
1 0.143342 0.939538 0.006793 0.012228
1 0.144022 0.7092389999999998 0.008152 0.01087
1 0.144701 0.77038 0.009511 0.008152
1 0.14538 0.911005 0.01087 0.009511
1 0.144701 0.879755 0.006793 0.009511
1 0.144701 0.85462 0.006793 0.008152
1 0.14606 0.9279890000000001 0.006793 0.008152
1 0.146739 0.8451090000000001 0.008152 0.008152
1 0.148098 0.972826 0.01087 0.008152
1 0.147418 0.783967 0.006793 0.008152
1 0.148098 0.7561140000000001 0.008152 0.006793
1 0.14877700000000002 0.922554 0.006793 0.005435
1 0.149457 0.8682069999999998 0.005435 0.01087
1 0.15081500000000003 0.8994570000000001 0.008152 0.008152
1 0.151495 0.886549 0.009511 0.009511
1 0.152174 0.942255 0.008152 0.009511
1 0.152174 0.7771740000000001 0.005435 0.008152
1 0.152853 0.732337 0.006793 0.01087
1 0.153533 0.723505 0.008152 0.006793
1 0.153533 0.908288 0.005435 0.009511
1 0.15421200000000002 0.799592 0.006793 0.009511
1 0.154891 0.6732339999999999 0.008152 0.009511
1 0.154891 0.9857340000000001 0.008152 0.006793
1 0.15557100000000001 0.75 0.006793 0.008152
1 0.15557100000000001 0.8131790000000001 0.006793 0.012228
1 0.15557100000000001 0.830163 0.006793 0.008152
1 0.15625 0.7669840000000001 0.008152 0.006793
1 0.15625 0.9694290000000001 0.008152 0.006793
1 0.156929 0.7099180000000002 0.009511 0.006793
1 0.157609 0.686821 0.01087 0.006793
1 0.156929 0.9334240000000001 0.006793 0.008152
1 0.158967 0.7017659999999999 0.008152 0.009511
1 0.158967 0.8600540000000001 0.008152 0.008152
1 0.159647 0.869565 0.009511 0.008152
1 0.16032600000000002 0.785326 0.01087 0.008152
1 0.16032600000000002 0.976223 0.01087 0.006793
1 0.160326 0.851223 0.008152 0.006793
1 0.16168500000000002 0.919158 0.01087 0.006793
1 0.16168499999999997 0.8974179999999999 0.008152 0.009511
1 0.162364 0.7588319999999998 0.006793 0.009511
1 0.16304299999999997 0.7255430000000002 0.008152 0.008152
1 0.16304299999999997 0.73981 0.008152 0.006793
1 0.16304299999999997 0.773777 0.005435 0.006793
1 0.16372299999999998 0.682745 0.006793 0.009511
1 0.16440199999999996 0.716712 0.008152 0.009511
1 0.16440199999999996 0.8817930000000002 0.008152 0.008152
1 0.16508199999999998 0.950408 0.009511 0.006793
1 0.165761 0.6936140000000001 0.01087 0.006793
1 0.16576099999999996 0.8322009999999999 0.008152 0.009511
1 0.16643999999999998 0.849185 0.009511 0.005435
1 0.16643999999999998 0.986413 0.009511 0.008152
1 0.16712 0.9286679999999999 0.008152 0.009511
1 0.16779899999999998 0.8029890000000001 0.009511 0.008152
1 0.16779899999999998 0.908967 0.009511 0.008152
1 0.168478 0.817935 0.01087 0.01087
1 0.16712 0.968071 0.005435 0.012228
1 0.168478 0.7065220000000001 0.008152 0.008152
1 0.171196 0.7282610000000002 0.008152 0.008152
1 0.171196 0.9381790000000001 0.008152 0.006793
1 0.171196 0.8580160000000001 0.005435 0.006793
1 0.171875 0.747283 0.006793 0.008152
1 0.17391300000000004 0.7880430000000002 0.01087 0.008152
1 0.173234 0.840353 0.006793 0.006793
1 0.173234 0.894022 0.006793 0.01087
1 0.173234 0.976902 0.006793 0.01087
1 0.173234 0.682745 0.006793 0.009511
1 0.173913 0.757473 0.008152 0.009511
1 0.174592 0.872962 0.009511 0.009511
1 0.174592 0.953125 0.009511 0.009511
1 0.174592 0.8111410000000001 0.006793 0.008152
1 0.175272 0.775815 0.008152 0.008152
1 0.17730999999999997 0.883152 0.009511 0.005435
1 0.17730999999999997 0.800951 0.006793 0.006793
1 0.17730999999999997 0.988451 0.006793 0.004076
1 0.17866799999999997 0.830842 0.009511 0.009511
1 0.17866799999999997 0.9619570000000001 0.009511 0.008152
1 0.17866799999999997 0.716033 0.006793 0.01087
1 0.17866799999999997 0.9157610000000002 0.006793 0.008152
1 0.18002699999999996 0.699728 0.009511 0.008152
1 0.18002699999999996 0.7411679999999999 0.009511 0.009511
1 0.18070699999999998 0.6834240000000001 0.008152 0.008152
1 0.182745 0.817255 0.006793 0.006793
1 0.182745 0.941576 0.006793 0.008152
1 0.184783 0.92731 0.005435 0.006793
1 0.186141 0.8913040000000001 0.008152 0.008152
1 0.186141 0.8627720000000001 0.008152 0.008152
1 0.186821 0.6623639999999998 0.009511 0.009511
1 0.18750000000000003 0.72962 0.01087 0.008152
1 0.1875 0.984375 0.008152 0.009511
1 0.188179 0.9741850000000001 0.009511 0.008152
1 0.188179 0.909647 0.006793 0.009511
1 0.188859 0.777853 0.008152 0.006793
1 0.188859 0.8478259999999999 0.008152 0.01087
1 0.188859 0.79212 0.008152 0.008152
1 0.190217 0.692255 0.008152 0.006793
1 0.190217 0.720788 0.008152 0.006793
1 0.190217 0.807065 0.008152 0.008152
1 0.190897 0.8349179999999999 0.009511 0.009511
1 0.19157600000000002 0.95856 0.01087 0.009511
1 0.192255 0.6779890000000001 0.012228 0.008152
1 0.191576 0.7044840000000001 0.008152 0.006793
1 0.191576 0.75 0.008152 0.005435
1 0.191576 0.8736410000000001 0.008152 0.008152
1 0.19293499999999997 0.9334240000000001 0.005435 0.008152
1 0.19497299999999998 0.7642659999999999 0.006793 0.009511
1 0.19565199999999996 0.9048909999999999 0.008152 0.01087
1 0.19633199999999998 0.980978 0.009511 0.01087
1 0.19565199999999996 0.7330160000000001 0.005435 0.006793
1 0.19633199999999998 0.825408 0.006793 0.009511
1 0.197011 0.919158 0.005435 0.009511
1 0.19837 0.8892660000000001 0.008152 0.006793
1 0.19837 0.745924 0.005435 0.005435
1 0.199728 0.796875 0.008152 0.009511
1 0.20040799999999998 0.7853259999999999 0.009511 0.01087
1 0.20040799999999998 0.970788 0.009511 0.009511
1 0.201087 0.716033 0.008152 0.008152
1 0.203804 0.945652 0.01087 0.008152
1 0.204484 0.86413 0.012228 0.008152
1 0.202446 0.7513590000000001 0.005435 0.008152
1 0.203125 0.844429 0.006793 0.009511
1 0.204484 0.8294839999999999 0.009511 0.009511
1 0.205842 0.9334240000000001 0.012228 0.008152
1 0.205163 0.811821 0.008152 0.006793
1 0.205842 0.904212 0.009511 0.006793
1 0.20652200000000004 0.659647 0.01087 0.009511
1 0.206522 0.703125 0.008152 0.006793
1 0.20788 0.7642660000000001 0.008152 0.006793
1 0.20923900000000004 0.8811140000000001 0.01087 0.006793
1 0.20788 0.919158 0.005435 0.012228
1 0.209239 0.8552990000000001 0.008152 0.006793
1 0.21195699999999998 0.78125 0.008152 0.008152
1 0.21331500000000003 0.976902 0.01087 0.008152
1 0.21195699999999998 0.847147 0.005435 0.009511
1 0.21331499999999998 0.744565 0.008152 0.008152
1 0.21331500000000003 0.8063859999999999 0.005435 0.009511
1 0.213995 0.7724179999999999 0.006793 0.009511
1 0.21467399999999998 0.94837 0.008152 0.008152
1 0.216033 0.961277 0.01087 0.009511
1 0.215353 0.79212 0.006793 0.008152
1 0.216712 0.903533 0.009511 0.008152
1 0.216712 0.9286679999999999 0.009511 0.009511
1 0.217391 0.819973 0.008152 0.009511
1 0.21875 0.752038 0.008152 0.006793
1 0.22010900000000003 0.91712 0.01087 0.01087
1 0.22010900000000003 0.9857340000000001 0.01087 0.006793
1 0.220788 0.762908 0.009511 0.009511
1 0.22146700000000002 0.836277 0.01087 0.009511
1 0.22418499999999997 0.939538 0.013587 0.006793
1 0.222147 0.8654890000000001 0.006793 0.008152
1 0.223505 0.9673910000000001 0.009511 0.008152
1 0.223505 0.845788 0.006793 0.006793
1 0.223505 0.8552990000000001 0.006793 0.006793
1 0.224864 0.8913040000000001 0.009511 0.008152
1 0.224864 0.9252720000000001 0.006793 0.008152
1 0.22690199999999996 0.77106 0.005435 0.009511
1 0.22826099999999996 0.875679 0.008152 0.009511
1 0.22893999999999998 0.798913 0.006793 0.008152
1 0.22962 0.754076 0.008152 0.008152
1 0.22962 0.784647 0.008152 0.009511
1 0.230978 0.8111410000000001 0.008152 0.008152
1 0.230978 0.9028529999999999 0.008152 0.009511
1 0.23369600000000001 0.9538040000000001 0.01087 0.008152
1 0.235734 0.934783 0.009511 0.008152
1 0.235734 0.8267660000000001 0.006793 0.006793
1 0.235734 0.851902 0.006793 0.008152
1 0.236413 0.8919839999999999 0.008152 0.009511
1 0.237772 0.919837 0.008152 0.01087
1 0.238451 0.9680709999999999 0.009511 0.009511
1 0.23980999999999997 0.9823370000000001 0.012228 0.008152
1 0.23913 0.7697009999999999 0.008152 0.009511
1 0.23913 0.8029890000000001 0.008152 0.008152
1 0.24048900000000004 0.8736409999999999 0.01087 0.01087
1 0.24116799999999997 0.8423909999999999 0.006793 0.01087
1 0.24252699999999996 0.785326 0.009511 0.008152
1 0.24456499999999998 0.8192930000000002 0.008152 0.008152
1 0.245245 0.7513590000000001 0.006793 0.008152
1 0.246603 0.903533 0.009511 0.008152
1 0.248641 0.9517659999999999 0.008152 0.009511
1 0.25 0.9307070000000001 0.005435 0.008152
1 0.252038 0.866848 0.009511 0.008152
1 0.2527170000000001 0.8525819999999998 0.01087 0.009511
1 0.252717 0.9626359999999999 0.008152 0.009511
1 0.253397 0.8811139999999998 0.009511 0.009511
1 0.253397 0.773098 0.009511 0.008152
1 0.254755 0.7955159999999999 0.009511 0.009511
1 0.25611399999999995 0.9116850000000001 0.009511 0.008152
1 0.25611399999999995 0.9782609999999999 0.006793 0.01087
1 0.25679299999999994 0.815217 0.008152 0.008152
1 0.25747299999999995 0.892663 0.009511 0.008152
1 0.25747299999999995 0.835598 0.006793 0.01087
1 0.2629079999999999 0.941576 0.009511 0.008152
1 0.263587 0.807065 0.005435 0.008152
1 0.26698399999999994 0.855978 0.009511 0.008152
1 0.269701 0.919158 0.012228 0.006793
1 0.27038 0.8396740000000001 0.01087 0.008152
1 0.27105999999999997 0.869565 0.006793 0.008152
1 0.27241799999999994 0.953125 0.009511 0.009511
1 0.27241799999999994 0.819973 0.006793 0.009511
1 0.27309799999999995 0.887228 0.008152 0.01087
1 0.27309799999999995 0.898777 0.008152 0.006793
1 0.275136 0.8002720000000001 0.006793 0.008152
1 0.277853 0.9307070000000001 0.006793 0.008152
1 0.2785329999999999 0.828125 0.008152 0.009511
1 0.28124999999999994 0.845788 0.008152 0.006793
1 0.28260899999999994 0.8654890000000001 0.008152 0.008152
1 0.28532599999999997 0.905571 0.008152 0.006793
1 0.28804299999999994 0.8267659999999999 0.008152 0.009511
1 0.28940199999999994 0.9232340000000001 0.008152 0.006793
1 0.2914399999999999 0.88587 0.009511 0.008152
1 0.29211999999999994 0.8376359999999999 0.008152 0.009511
1 0.2927989999999999 0.94769 0.009511 0.009511
1 0.2927989999999999 0.804348 0.006793 0.01087
1 0.2941579999999999 0.8491850000000001 0.006793 0.008152
1 0.29755399999999993 0.872962 0.008152 0.009511
1 0.29959199999999997 0.861413 0.009511 0.008152
1 0.30163 0.960598 0.01087 0.008152
1 0.30366799999999994 0.940217 0.006793 0.008152
1 0.30434799999999995 0.8451090000000001 0.008152 0.008152
1 0.30502699999999994 0.825408 0.009511 0.009511
1 0.305707 0.913723 0.008152 0.009511
1 0.306386 0.879755 0.009511 0.009511
1 0.306386 0.9701090000000001 0.009511 0.008152
1 0.306386 0.900815 0.006793 0.01087
1 0.31114099999999995 0.8573370000000001 0.008152 0.008152
1 0.31249999999999994 0.8892659999999999 0.008152 0.009511
1 0.31385899999999994 0.930027 0.008152 0.006793
1 0.31385899999999994 0.955842 0.008152 0.006793
1 0.317935 0.904212 0.01087 0.009511
1 0.320652 0.976902 0.01087 0.008152
1 0.322011 0.9429350000000001 0.008152 0.008152
1 0.32269 0.855978 0.009511 0.01087
1 0.32269 0.877717 0.009511 0.008152
1 0.324728 0.955163 0.008152 0.008152
1 0.325408 0.914402 0.006793 0.01087
1 0.32676599999999995 0.9313859999999999 0.009511 0.009511
1 0.331522 0.870924 0.008152 0.01087
1 0.33220099999999997 0.987772 0.009511 0.005435
1 0.33288000000000006 0.9021740000000001 0.01087 0.008152
1 0.33288000000000006 0.887908 0.01087 0.012228
1 0.336277 0.94837 0.009511 0.008152
1 0.340353 0.9150820000000001 0.009511 0.006793
1 0.341033 0.8620920000000001 0.008152 0.012228
1 0.341712 0.9653529999999999 0.009511 0.009511
1 0.34578799999999993 0.935462 0.009511 0.009511
1 0.346467 0.898777 0.008152 0.009511
1 0.349864 0.921196 0.012228 0.008152
1 0.347826 0.909647 0.005435 0.009511
1 0.349185 0.8885870000000001 0.008152 0.008152
1 0.350543 0.9782610000000002 0.01087 0.008152
1 0.35258199999999995 0.8627720000000001 0.009511 0.008152
1 0.35258199999999995 0.8743209999999999 0.006793 0.009511
1 0.3552989999999999 0.955842 0.009511 0.009511
1 0.357337 0.9001359999999999 0.008152 0.009511
1 0.360734 0.9259509999999999 0.006793 0.009511
1 0.361413 0.887908 0.008152 0.009511
1 0.36345099999999997 0.981658 0.009511 0.009511
1 0.36413000000000006 0.8763590000000001 0.008152 0.008152
1 0.36481 0.866848 0.006793 0.008152
1 0.372283 0.903533 0.01087 0.008152
1 0.372962 0.955163 0.009511 0.008152
1 0.372962 0.9782610000000002 0.009511 0.008152
1 0.37567899999999993 0.887228 0.009511 0.01087
1 0.376359 0.9701090000000001 0.01087 0.008152
1 0.37839699999999993 0.9123639999999998 0.009511 0.009511
1 0.37839699999999993 0.8709240000000001 0.009511 0.008152
1 0.37839699999999993 0.936821 0.009511 0.006793
1 0.38111399999999995 0.8974179999999999 0.009511 0.009511
1 0.38111399999999995 0.987092 0.009511 0.006793
1 0.381793 0.92731 0.01087 0.009511
1 0.38247299999999995 0.859375 0.009511 0.009511
1 0.3865489999999999 0.94837 0.006793 0.01087
1 0.387908 0.8716029999999999 0.006793 0.009511
1 0.388587 0.8845109999999999 0.008152 0.01087
1 0.38926599999999995 0.9782609999999999 0.009511 0.01087
1 0.38994599999999996 0.900815 0.008152 0.008152
1 0.392663 0.9626360000000002 0.01087 0.006793
1 0.392663 0.92663 0.008152 0.008152
1 0.39470099999999997 0.914402 0.009511 0.01087
1 0.39538000000000006 0.889946 0.008152 0.008152
1 0.396739 0.940217 0.008152 0.01087
1 0.399457 0.863451 0.013587 0.006793
1 0.400136 0.875 0.009511 0.008152
1 0.400136 0.987772 0.006793 0.005435
1 0.402174 0.957201 0.008152 0.006793
1 0.40557099999999996 0.9701090000000001 0.009511 0.008152
1 0.40692899999999993 0.894022 0.006793 0.01087
1 0.407609 0.9307070000000001 0.008152 0.008152
1 0.40964699999999993 0.913723 0.009511 0.009511
1 0.40964699999999993 0.94837 0.009511 0.008152
1 0.408967 0.9592390000000001 0.005435 0.008152
1 0.410326 0.983696 0.008152 0.008152
1 0.415761 0.861413 0.01087 0.01087
1 0.414402 0.9341029999999999 0.005435 0.009511
1 0.41508199999999995 0.889946 0.006793 0.008152
1 0.415761 0.9694290000000001 0.008152 0.006793
1 0.419158 0.875679 0.012228 0.009511
1 0.419158 0.9599180000000002 0.012228 0.006793
1 0.42255399999999993 0.898777 0.01087 0.009511
1 0.42459199999999997 0.981658 0.009511 0.009511
1 0.425272 0.88587 0.008152 0.008152
1 0.42731 0.9252720000000001 0.009511 0.008152
1 0.428668 0.910326 0.009511 0.008152
1 0.428668 0.941576 0.009511 0.008152
1 0.430707 0.8654890000000001 0.008152 0.008152
1 0.432065 0.966712 0.01087 0.009511
1 0.434103 0.976902 0.006793 0.008152
1 0.435462 0.8763590000000001 0.009511 0.008152
1 0.434783 0.952446 0.005435 0.01087
1 0.436141 0.892663 0.008152 0.01087
1 0.436141 0.988451 0.005435 0.004076
1 0.43953799999999993 0.935462 0.009511 0.009511
1 0.44089699999999993 0.8709240000000001 0.006793 0.008152
1 0.44361399999999995 0.9646740000000001 0.006793 0.008152
1 0.444293 0.887908 0.008152 0.009511
1 0.44497299999999995 0.92731 0.009511 0.009511
1 0.445652 0.902174 0.01087 0.01087
1 0.447011 0.9130429999999999 0.008152 0.01087
1 0.447011 0.8756790000000001 0.008152 0.006793
1 0.44836999999999994 0.9510870000000001 0.008152 0.008152
1 0.44836999999999994 0.97962 0.008152 0.008152
1 0.45584199999999997 0.872962 0.009511 0.009511
1 0.45584199999999997 0.9259509999999999 0.009511 0.009511
1 0.45788000000000006 0.9782610000000002 0.008152 0.008152
1 0.459918 0.889946 0.006793 0.008152
1 0.464674 0.940217 0.01087 0.008152
1 0.464674 0.955842 0.008152 0.009511
1 0.466033 0.904212 0.008152 0.006793
1 0.466712 0.8811140000000001 0.009511 0.006793
1 0.46807099999999996 0.9150820000000001 0.009511 0.006793
1 0.46807099999999996 0.972147 0.009511 0.009511
1 0.470109 0.8892659999999999 0.008152 0.009511
1 0.47078799999999993 0.9259509999999999 0.006793 0.009511
1 0.472826 0.986413 0.01087 0.008152
1 0.475543 0.965353 0.008152 0.006793
1 0.47622299999999995 0.877717 0.009511 0.008152
1 0.476902 0.898777 0.008152 0.006793
1 0.47758199999999995 0.92663 0.006793 0.01087
1 0.4789399999999999 0.940897 0.009511 0.009511
1 0.4816579999999999 0.9076090000000001 0.009511 0.008152
1 0.482337 0.890625 0.01087 0.006793
1 0.485734 0.94769 0.012228 0.009511
1 0.48437499999999994 0.9755430000000002 0.006793 0.008152
1 0.485734 0.9592390000000001 0.006793 0.008152
1 0.48913000000000006 0.9279889999999998 0.008152 0.01087
1 0.48913000000000006 0.898777 0.008152 0.006793
1 0.491168 0.98913 0.006793 0.002717
1 0.493207 0.879076 0.01087 0.008152
1 0.49388600000000005 0.9116850000000001 0.012228 0.008152
1 0.493207 0.893342 0.008152 0.006793
1 0.493886 0.973505 0.006793 0.006793
1 0.497283 0.9470109999999999 0.008152 0.01087
1 0.502717 0.9653529999999999 0.008152 0.009511
1 0.5047549999999998 0.934783 0.009511 0.008152
1 0.505435 0.983696 0.01087 0.008152
1 0.504755 0.921196 0.004076 0.008152
1 0.5067930000000002 0.892663 0.008152 0.008152
1 0.51019 0.94769 0.009511 0.009511
1 0.5095109999999999 0.9592389999999998 0.005435 0.01087
1 0.5129079999999999 0.9028529999999999 0.009511 0.009511
1 0.513587 0.9130430000000002 0.008152 0.008152
1 0.5169839999999999 0.9748639999999998 0.009511 0.009511
1 0.516984 0.9354620000000001 0.006793 0.012228
1 0.519022 0.922554 0.008152 0.01087
1 0.5203800000000001 0.891304 0.008152 0.005435
1 0.52106 0.9517659999999999 0.009511 0.009511
1 0.5244570000000001 0.914402 0.008152 0.008152
1 0.5271740000000001 0.9341029999999999 0.008152 0.009511
1 0.5285330000000001 0.924592 0.008152 0.009511
1 0.5285330000000001 0.9449730000000001 0.008152 0.012228
1 0.530571 0.9048910000000001 0.009511 0.008152
1 0.5319290000000001 0.976902 0.012228 0.013587
1 0.5326090000000001 0.957201 0.008152 0.012228
1 0.5360049999999998 0.89606 0.006793 0.006793
1 0.5360049999999998 0.929348 0.006793 0.01087
1 0.5360049999999998 0.91644 0.006793 0.006793
1 0.5407610000000002 0.942935 0.008152 0.01087
1 0.5455159999999999 0.910326 0.006793 0.008152
1 0.547554 0.9001360000000002 0.005435 0.006793
1 0.5516300000000001 0.9415759999999999 0.008152 0.01087
1 0.5529890000000001 0.9279890000000001 0.008152 0.008152
1 0.553668 0.9055709999999999 0.006793 0.009511
1 0.560462 0.917799 0.006793 0.009511
1 0.564538 0.903533 0.006793 0.01087
