0 0.13637564385000286 0.05732744757487378 0.012834987868332686 0.011847681109230157
0 0.1319171724381688 0.0492464681409246 0.012834987868332686 0.011847681109230157
0 0.13553968046028397 0.03614970836866214 0.012834987868332686 0.011847681109230157
0 0.11909906712914597 0.02834738339795259 0.012834987868332686 0.011847681109230157
0 0.11826310373942711 0.017479859331607152 0.012834987868332686 0.011847681109230157
0 0.08677514939334931 0.027790074471473344 0.012834987868332686 0.011847681109230157
0 0.08259533244475488 0.015529278088929765 0.012834987868332686 0.011847681109230157
0 0.06852328205115371 0.01580793255216939 0.008097861993259025 0.009618445403313145
0 0.2461655023664158 0.05286897616303977 0.012834987868332686 0.011847681109230157
0 0.2589836076754387 0.0642938091558645 0.012834987868332686 0.011847681109230157
0 0.2470014657561348 0.07516133322220993 0.012834987868332686 0.011847681109230157
0 0.22777430779260058 0.07293209751629291 0.012834987868332686 0.011847681109230157
0 0.23808452293246674 0.08129173141348173 0.012834987868332686 0.011847681109230157
0 0.24616550236641596 0.0860288572885554 0.012834987868332686 0.011847681109230157
0 0.22470910869696467 0.08881540192095166 0.012834987868332686 0.011847681109230157
0 0.23083950688823648 0.10790323265286596 0.0072618986035401425 0.00878248201359439
0 0.23279008813091376 0.09452781841736396 0.011163061088894982 0.010454408793032053
0 0.23780586846922713 0.10957515943230373 0.0072618986035401425 0.00878248201359439
0 0.2704084406682634 0.08644683898341478 0.011163061088894982 0.010454408793032053
0 0.28322654597728625 0.0981503264394791 0.011163061088894982 0.010454408793032053
0 0.2723590219109408 0.10177283446159427 0.011163061088894982 0.010454408793032053
0 0.2745882576168578 0.11208304960146048 0.011163061088894982 0.010454408793032053
0 0.29520868789659005 0.0864468389834148 0.011163061088894982 0.010454408793032053
0 0.31192795569096765 0.0842176032774978 0.011163061088894982 0.010454408793032053
0 0.30328966733053914 0.09480647288060362 0.011163061088894982 0.010454408793032053
0 0.3163864271028015 0.10065821660863579 0.011163061088894982 0.010454408793032053
0 0.33171242258098105 0.10344476124103202 0.011163061088894982 0.010454408793032053
0 0.35651266980930774 0.08923338361581107 0.011163061088894982 0.010454408793032053
0 0.3721173197507268 0.0708421890419957 0.011163061088894982 0.010454408793032053
0 0.3785263724052381 0.07892316847594487 0.011163061088894982 0.010454408793032053
0 0.3877219696921458 0.07613662384354862 0.011163061088894982 0.010454408793032053
0 0.38019829918467585 0.0906266559320092 0.011163061088894982 0.010454408793032053
0 0.42589763115597457 0.08031644079214302 0.011163061088894982 0.010454408793032053
0 0.427848212398652 0.0644331363874843 0.011163061088894982 0.010454408793032053
0 0.42840552132513127 0.028765365092812065 0.011163061088894982 0.010454408793032053
0 0.43760111861203904 0.03238787311492722 0.011163061088894982 0.010454408793032053
0 0.39636025805257424 0.11570555762357565 0.011163061088894982 0.010454408793032053
0 0.36598692155945495 0.10650996033666793 0.011163061088894982 0.010454408793032053
0 0.36347903139029825 0.11431228530737748 0.011163061088894982 0.010454408793032053
0 0.3547014157982499 0.10567399694694897 0.008655170919738464 0.009339790940073674
0 0.34564514574296207 0.10734592372638677 0.011163061088894982 0.010454408793032053
0 0.3289258779485845 0.11542690316033596 0.011163061088894982 0.010454408793032053
0 0.32056624405139567 0.11932806564569072 0.011163061088894982 0.010454408793032053
0 0.3030110128672992 0.1480294753593723 0.011163061088894982 0.010454408793032053
0 0.3216808619043542 0.14301369502105898 0.011163061088894982 0.010454408793032053
0 0.28378385490376484 0.1619621985213536 0.011163061088894982 0.010454408793032053
0 0.2748669120800968 0.1745016493671368 0.011163061088894982 0.010454408793032053
0 0.30245370394081983 0.16530605208022905 0.011163061088894982 0.010454408793032053
0 0.3180583538822389 0.17422299490389714 0.011163061088894982 0.010454408793032053
0 0.3381214752354921 0.18230397433784631 0.011163061088894982 0.010454408793032053
0 0.3294831868750635 0.16530605208022903 0.008933825382978232 0.009897099866552706
0 0.3358922395295749 0.1614048895948742 0.008933825382978232 0.009897099866552706
0 0.3450878368164826 0.15806103603599866 0.008933825382978232 0.009897099866552706
0 0.35484074302986945 0.1561104547933213 0.008933825382978232 0.009897099866552706
0 0.3333843493604182 0.14440696733725697 0.008933825382978232 0.009897099866552706
0 0.33115511365450134 0.1527666012344458 0.008933825382978232 0.009897099866552706
0 0.33728551184577316 0.1274090450796397 0.008933825382978232 0.009897099866552706
0 0.3384001296987315 0.13549002451358885 0.008933825382978232 0.009897099866552706
0 0.34453052789000327 0.13939118699894368 0.008933825382978232 0.009897099866552706
0 0.35372612517691093 0.13994849592542294 0.008933825382978232 0.009897099866552706
0 0.3520541983974731 0.14747216643289282 0.008933825382978232 0.009897099866552706
0 0.35344747071367094 0.16460941592212983 0.008376516456499044 0.009061136476833794
0 0.35038227161803503 0.16962519626044312 0.008376516456499044 0.009061136476833794
0 0.3069121753526533 0.17965675693706973 0.008376516456499044 0.009061136476833794
0 0.2843411638302435 0.18690177298130004 0.008376516456499044 0.009061136476833794
0 0.29130752541123417 0.19470409795200955 0.008376516456499044 0.009061136476833794
0 0.3071908298158929 0.1921962077828529 0.008376516456499044 0.009061136476833794
0 0.32391009761027045 0.18857369976073773 0.008376516456499044 0.009061136476833794
0 0.32418875207351 0.19693333365792656 0.008376516456499044 0.009061136476833794
0 0.3615284501476201 0.177984830157632 0.008376516456499044 0.009061136476833794
0 0.36821615726537116 0.1855085006651019 0.008376516456499044 0.009061136476833794
0 0.37852637240523734 0.1882950452974982 0.008376516456499044 0.009061136476833794
0 0.38716466076566575 0.1726903953560791 0.008376516456499044 0.009061136476833794
0 0.37964099025819587 0.13813724191436536 0.008376516456499044 0.009061136476833794
0 0.3807556081111544 0.12894164462745764 0.008376516456499044 0.009061136476833794
0 0.375739827772841 0.12420451875238397 0.008376516456499044 0.009061136476833794
0 0.40917836336159624 0.14315302225267856 0.008376516456499044 0.009061136476833794
0 0.4164233794058266 0.13340011603929158 0.008376516456499044 0.009061136476833794
0 0.43425726505316264 0.14426764010563706 0.008376516456499044 0.009061136476833794
0 0.4462394069724666 0.14148109547324078 0.008376516456499044 0.009061136476833794
0 0.46797445510515767 0.13813724191436522 0.008376516456499044 0.009061136476833794
0 0.4473540248254252 0.15234861953958614 0.008376516456499044 0.009061136476833794
0 0.4562709676490932 0.15959363558381645 0.008376516456499044 0.009061136476833794
0 0.5033635719365901 0.11918873841407056 0.008376516456499044 0.009061136476833794
0 0.499741063914475 0.14120244101000112 0.008376516456499044 0.009061136476833794
0 0.49751182820855794 0.15987229004705614 0.008376516456499044 0.009061136476833794
0 0.5150670593926544 0.15262727400282577 0.008376516456499044 0.009061136476833794
0 0.5189682218780092 0.14203840439972 0.008376516456499044 0.009061136476833794
0 0.5256559289957603 0.13200684372309346 0.008376516456499044 0.009061136476833794
0 0.5345728718194285 0.13535069728196897 0.008376516456499044 0.009061136476833794
0 0.5462763592754928 0.11027179559040254 0.008376516456499044 0.009061136476833794
0 0.5454403958857739 0.09438849118574381 0.008376516456499044 0.009061136476833794
0 0.5613237002904325 0.07070286181037554 0.008376516456499044 0.009061136476833794
0 0.4493046060681025 0.1810500292532678 0.008376516456499044 0.009061136476833794
0 0.4395516998547154 0.19052428100341515 0.008376516456499044 0.009061136476833794
0 0.4253403222294944 0.1807713747900282 0.008376516456499044 0.009061136476833794
0 0.41809530618526414 0.17073981411340164 0.008376516456499044 0.009061136476833794
0 0.41085029014103386 0.168231923944245 0.008376516456499044 0.009061136476833794
0 0.41085029014103386 0.18773773637101882 0.008376516456499044 0.009061136476833794
0 0.4100143267513149 0.20055584168004162 0.008376516456499044 0.009061136476833794
0 0.3567913242725462 0.19609737026820767 0.008376516456499044 0.009061136476833794
0 0.350103617154795 0.19916256936384355 0.008376516456499044 0.009061136476833794
0 0.3152718092498416 0.2044570041653965 0.008376516456499044 0.009061136476833794
0 0.2907502164847544 0.21894703625385714 0.008376516456499044 0.009061136476833794
0 0.31248526461744525 0.21978299964357595 0.008376516456499044 0.009061136476833794
0 0.3339416582868966 0.2164391460847004 0.008376516456499044 0.009061136476833794
0 0.33422031275013625 0.20780085772427204 0.008376516456499044 0.009061136476833794
0 0.3475957269856382 0.21142336574638715 0.008376516456499044 0.009061136476833794
0 0.3645936492432553 0.21142336574638715 0.008376516456499044 0.009061136476833794
0 0.3799196447214348 0.2250774344451288 0.008376516456499044 0.009061136476833794
0 0.30328966733053736 0.23204379602611952 0.008376516456499044 0.009061136476833794
0 0.33449896721337546 0.23455168619527622 0.008376516456499044 0.009061136476833794
0 0.31443584586012224 0.2420753567027461 0.008376516456499044 0.009061136476833794
0 0.3278112600956243 0.24625517365134056 0.008376516456499044 0.009061136476833794
0 0.3364495484560527 0.24569786472486133 0.008376516456499044 0.009061136476833794
0 0.3127639190806844 0.2582373155706444 0.008376516456499044 0.009061136476833794
0 0.3177796994189977 0.266039640541354 0.008376516456499044 0.009061136476833794
0 0.3292045324118223 0.27913640031361636 0.008376516456499044 0.009061136476833794
0 0.34118667433112626 0.29557701364475436 0.008376516456499044 0.009061136476833794
0 0.34759572698563773 0.3044939564684224 0.008376516456499044 0.009061136476833794
0 0.36180710461085874 0.2886106520637638 0.008376516456499044 0.009061136476833794
0 0.35818459658874346 0.2757925467547409 0.008376516456499044 0.009061136476833794
0 0.34982496269155466 0.24848440935725746 0.008376516456499044 0.009061136476833794
0 0.3601351778314209 0.24068208438654787 0.008376516456499044 0.009061136476833794
0 0.37351059206692305 0.2529428807690915 0.008376516456499044 0.009061136476833794
0 0.3863286973759459 0.266039640541354 0.008376516456499044 0.009061136476833794
0 0.40499854641300087 0.2632530959089577 0.008376516456499044 0.009061136476833794
0 0.41893126957498217 0.25377884415881036 0.008376516456499044 0.009061136476833794
0 0.4150301070896274 0.24430459240866298 0.008376516456499044 0.009061136476833794
0 0.41447279816314814 0.23176514156287978 0.008376516456499044 0.009061136476833794
0 0.42199646867061813 0.21532452823174184 0.008376516456499044 0.009061136476833794
0 0.4359291918325994 0.21448856484202294 0.008376516456499044 0.009061136476833794
0 0.4409449721709127 0.20919413004047002 0.008376516456499044 0.009061136476833794
0 0.42506166776625404 0.23817419421739122 0.008376516456499044 0.009061136476833794
0 0.432585338273724 0.2303718692466817 0.008376516456499044 0.009061136476833794
0 0.44456748019302794 0.2284212880040043 0.008376516456499044 0.009061136476833794
0 0.4621227113771244 0.2103087478934286 0.008376516456499044 0.009061136476833794
0 0.46936772742135474 0.21170202020962672 0.008376516456499044 0.009061136476833794
0 0.4724329265169906 0.21922569071709672 0.008376516456499044 0.009061136476833794
0 0.46658118278895844 0.230929178173161 0.008376516456499044 0.009061136476833794
0 0.47299023544346963 0.24318997455570457 0.008376516456499044 0.009061136476833794
0 0.47605543453910554 0.25210691737937263 0.008376516456499044 0.009061136476833794
0 0.4735475443699489 0.2601878968133218 0.008376516456499044 0.009061136476833794
0 0.475776780075866 0.27300600212234466 0.008376516456499044 0.009061136476833794
0 0.36821615726537005 0.31508282607152827 0.008376516456499044 0.009061136476833794
0 0.36515095816973414 0.32260649657899826 0.008376516456499044 0.009061136476833794
0 0.20070567505773454 0.23138285527446859 0.008376516456499044 0.009061136476833794
0 0.13875687289950342 0.30991274946018166 0.009297688235803674 0.010442894145790723
0 0.14013863056846027 0.322348568480793 0.009297688235803674 0.010442894145790723
0 0.16109528854763877 0.3283361850462726 0.009297688235803674 0.010442894145790723
0 0.5416705003789687 0.36002910011324607 0.009067395290977349 0.009752015311312624
0 0.5471975310547961 0.3867430817130781 0.009067395290977349 0.009752015311312624
0 0.5610151077443644 0.3768404850855541 0.009067395290977349 0.009752015311312624
0 0.5596333500754076 0.3342362902927187 0.009067395290977349 0.009752015311312624
0 0.5764447350477159 0.34344800808576414 0.009067395290977349 0.009752015311312624
0 0.588650261123501 0.3524294329339835 0.009067395290977349 0.009752015311312624
0 0.5870382105097182 0.33032131023067424 0.009067395290977349 0.009752015311312624
0 0.5927955341303717 0.3188066629893674 0.009067395290977349 0.009752015311312624
0 0.60661311081994 0.3241034007203687 0.009067395290977349 0.009752015311312624
0 0.6119098485509413 0.314661389982497 0.009067395290977349 0.009752015311312624
0 0.6061525249302879 0.2999226415136242 0.009067395290977349 0.009752015311312624
0 0.591413776461415 0.3019952780170594 0.009067395290977349 0.009752015311312624
0 0.5780567856614991 0.3072920157480606 0.009067395290977349 0.009752015311312624
0 0.6373203720830579 0.014741676217624042 0.008376516456499044 0.009061136476833794
0 0.6714037279173265 0.01312962560384108 0.008376516456499044 0.009061136476833794
0 0.6780822233172844 0.02556544462445252 0.008376516456499044 0.009061136476833794
0 0.6836092539931117 0.01589314094175473 0.008376516456499044 0.009061136476833794
0 0.688905991724113 0.019347535114146795 0.008376516456499044 0.009061136476833794
0 0.6891362846689391 0.02878954585201844 0.008376516456499044 0.009061136476833794
0 0.6847607187172424 0.03869214247954236 0.008376516456499044 0.009061136476833794
0 0.7043356190274642 0.032474232969236634 0.008376516456499044 0.009061136476833794
0 0.7110141144274222 0.03777097070023779 0.008376516456499044 0.009061136476833794
0 0.6994994671861154 0.04375858726571737 0.008376516456499044 0.009061136476833794
0 0.7144685085998144 0.049976496776023095 0.008376516456499044 0.009061136476833794
0 0.7082505990895085 0.07346637714828914 0.008376516456499044 0.009061136476833794
0 0.7103232355929436 0.08751424678268353 0.008376516456499044 0.009061136476833794
0 0.7004206389654197 0.09004746917577106 0.008376516456499044 0.009061136476833794
0 0.7198803928032281 0.05158854738980599 0.00584329406341131 0.009061136476833728
0 0.724716544644577 0.052970305058762816 0.00584329406341131 0.009061136476833728
0 0.7258680093687078 0.06080026518285148 0.00584329406341131 0.009061136476833728
0 0.7313950400445348 0.05987909340354692 0.00584329406341131 0.009061136476833728
0 0.7355403130514052 0.07715106426550725 0.00584329406341131 0.009061136476833728
0 0.7400310254755155 0.07162403358968003 0.008376516456499044 0.009061136476833794
0 0.7513153797719961 0.06379407346559134 0.008376516456499044 0.009061136476833794
0 0.7485518644340817 0.07715106426550712 0.006994758787541057 0.009061136476833773
0 0.752697137440952 0.0764601854310287 0.006994758787541057 0.009061136476833773
0 0.757533289282302 0.1427845535409566 0.008376516456499044 0.009061136476833794
0 0.742333954923777 0.15867476673396014 0.008376516456499044 0.009061136476833794
0 0.7662844211856954 0.09764713635503358 0.008376516456499044 0.009061136476833794
0 0.7685873506339569 0.0886657115068142 0.008376516456499044 0.009061136476833794
0 0.7805625837649157 0.08452043849994371 0.008376516456499044 0.009061136476833794
0 0.7853987356062647 0.0863627820585528 0.008376516456499044 0.009061136476833794
0 0.7929984027855274 0.0868233679482051 0.008376516456499044 0.009061136476833794
0 0.7796414119856113 0.07254520536898454 0.008376516456499044 0.009061136476833794
0 0.79046518039244 0.10087123758259951 0.008376516456499044 0.009061136476833794
0 0.7976042616820503 0.09672596457572898 0.008376516456499044 0.009061136476833794
0 0.8047433429716605 0.09258069156885845 0.008376516456499044 0.009061136476833794
0 0.8033615853027039 0.08682336794820499 0.008376516456499044 0.009061136476833794
0 0.8126884495681626 0.09856830813433794 0.006764465842715967 0.00721879291822455
0 0.8168337225750331 0.0946533280722936 0.006764465842715967 0.00721879291822455
0 0.8189063590784683 0.10248328819638226 0.006764465842715967 0.00721879291822455
0 0.8154519649060762 0.08797483267233558 0.006764465842715967 0.00721879291822455
0 0.813609621347467 0.08060545843789915 0.006764465842715967 0.00721879291822455
0 0.8195972379129468 0.08336897377581279 0.006764465842715967 0.00721879291822455
0 0.8244333897542957 0.07692077132068093 0.006764465842715967 0.00721879291822455
0 0.8345662793266457 0.07669047837585478 0.006764465842715967 0.00721879291822455
0 0.8318027639887322 0.08452043849994345 0.006764465842715967 0.00721879291822455
0 0.828118076871514 0.08866571150681393 0.006764465842715967 0.00721879291822455
0 0.8271969050922094 0.09649567163090263 0.006764465842715967 0.00721879291822455
0 0.8306512992646016 0.10018035874812078 0.006764465842715967 0.00721879291822455
0 0.8419356535610822 0.09856830813433781 0.006764465842715967 0.00721879291822455
0 0.8354874511059505 0.108931490651514 0.006764465842715967 0.00721879291822455
0 0.841244774726604 0.08682336794820475 0.006764465842715967 0.00721879291822455
0 0.8463112195127789 0.08613248911372633 0.006764465842715967 0.00721879291822455
0 0.8569046949747814 0.09304127745851044 0.006764465842715967 0.00721879291822455
0 0.8562138161403031 0.08175692316202968 0.006764465842715967 0.00721879291822455
0 0.8670375845471316 0.07876311487928984 0.006764465842715967 0.00721879291822455
0 0.8557532302506509 0.07415725598276707 0.006764465842715967 0.00721879291822455
0 0.8617408468161305 0.07116344770002726 0.006764465842715967 0.00721879291822455
0 0.855522937305825 0.06655758880350451 0.006764465842715967 0.00721879291822455
0 0.8668072916023057 0.06425465935524315 0.006764465842715967 0.00721879291822455
0 0.8668072916023057 0.054352062727719225 0.006764465842715967 0.00721879291822455
0 0.8785522317884389 0.04744327438293508 0.006764465842715967 0.00721879291822455
0 0.8900668790297456 0.046752395548456664 0.006764465842715967 0.00721879291822455
0 0.8831580906849615 0.06886051825176588 0.006764465842715967 0.00721879291822455
0 0.9068782640020538 0.053891476838066936 0.006764465842715967 0.00721879291822455
0 0.8985877179883128 0.09327157040333649 0.006764465842715967 0.00721879291822455
0 0.8953636167607469 0.04007390014849866 0.006764465842715967 0.00721879291822455
0 0.9027329909951832 0.036619505976106595 0.006764465842715967 0.00721879291822455
0 0.9045753345537926 0.02579573756927811 0.006764465842715967 0.00721879291822455
0 0.9094114863951414 0.030862182355453138 0.006764465842715967 0.00721879291822455
0 0.9137870523468381 0.01980812100379852 0.006764465842715967 0.00721879291822455
0 0.920465547746796 0.018656656279667828 0.006764465842715967 0.00721879291822455
0 0.9209261336364486 0.026256323458930364 0.006764465842715967 0.00721879291822455
0 0.926683457257102 0.06747876058280904 0.006764465842715967 0.00721879291822455
0 0.9305984373191464 0.07323608420346248 0.006764465842715967 0.00721879291822455
0 0.9241502348640144 0.08313868083098638 0.006764465842715967 0.00721879291822455
0 0.9319801949881032 0.08705366089303075 0.006764465842715967 0.00721879291822455
0 0.9292166796501895 0.09925918696881599 0.006764465842715967 0.00721879291822455
0 0.911829562315816 0.16926824219596184 0.007915930566847269 0.008600550587181214
0 0.9244956742812535 0.18469786949931308 0.007915930566847269 0.008600550587181214
0 0.9256471390053842 0.2038121839198825 0.007915930566847269 0.008600550587181214
0 0.9226533307226442 0.21417536643705865 0.007915930566847269 0.008600550587181214
0 0.9302825193157092 0.24244824181135788 0.007915930566847269 0.008600550587181214
0 0.9333477184113452 0.27769803141117055 0.007915930566847269 0.008600550587181214
0 0.9115848048323305 0.29946094499018533 0.007915930566847269 0.008600550587181214
0 0.8938066500776419 0.30712394272927496 0.007915930566847269 0.008600550587181214
0 0.9002435681784776 0.3009935445380033 0.007915930566847269 0.008600550587181214
0 0.8462960640952857 0.3518758495255591 0.007915930566847269 0.008600550587181214
0 0.8392461061753229 0.40766247306613224 0.007915930566847269 0.008600550587181214
0 0.8272918297023429 0.4073559531565686 0.007915930566847269 0.008600550587181214
