0 0.5645380000000001 0.5441579999999999 0.014946 0.009511
0 0.567255 0.53125 0.017663 0.013587
0 0.5706519999999999 0.5550270000000002 0.019022 0.014946
0 0.5842389999999998 0.5421200000000002 0.019022 0.01087
0 0.5849180000000002 0.5230979999999998 0.014946 0.019022
0 0.5951089999999999 0.49320699999999995 0.019022 0.019022
0 0.607337 0.525815 0.013587 0.019022
0 0.607337 0.511549 0.013587 0.017663
0 0.619565 0.530571 0.01087 0.02038
0 0.667799 0.5346470000000001 0.017663 0.012228
0 0.671875 0.519701 0.017663 0.017663
0 0.7343750000000001 0.508832 0.012228 0.017663
0 0.7411680000000002 0.52106 0.017663 0.012228
0 0.8430709999999999 0.46535300000000007 0.009511 0.014946
0 0.8498639999999998 0.46535300000000007 0.009511 0.012228
