0 0.15780387754025665 0.04834715698076331 0.013148328532343325 0.013132820958676546
0 0.14397115292756454 0.05393493693807851 0.011452674865722656 0.015185636022816534
0 0.20589982944986093 0.03228545188903809 0.015843204830003822 0.01834944020146909
0 0.19450337990470554 0.05716462757276452 0.013237517812977667 0.013416279917177946
1 0.3708126467207204 0.34867981205815857 0.0185712368591972 0.01937389373779297
1 0.3889787793159485 0.39697947450306104 0.018897486769634743 0.01896003536556078
1 0.25068781686865765 0.3510442194731339 0.016268875287926716 0.019150070522142494
1 0.358180767816046 0.4798795554948889 0.018479116584943688 0.0221135719962742
1 0.2276929772418478 0.0777746231659599 0.019273509149966034 0.022516053655873173
1 0.2065211586330248 0.3531528400338214 0.017260509988536007 0.02008333413497261
1 0.36027691027392506 0.23272373365319293 0.01705421831296838 0.01909550376560377
1 0.24296268172886062 0.2798373077226721 0.016306897868280826 0.019509502079175865
1 0.2492047185483186 0.3108614838641623 0.0176176817520805 0.017118578371794327
1 0.47402269943900727 0.2034385929936948 0.01779392491216245 0.019171631854513416
1 0.3692729162133258 0.3770784295123557 0.017529404681661854 0.01988933397376019
1 0.3425834295542344 0.8611590758613918 0.015096454516701076 0.015844345092773438
1 0.34133606371672265 0.2117385242296302 0.0173333624134893 0.016671678294306217
1 0.2731993820356286 0.20931980920874554 0.017401135486105213 0.017073195913563603
1 0.2948336497597072 0.3207548746596212 0.016618210336436397 0.022094714900721676
1 0.40590769311656116 0.1659021118412847 0.01880465383115022 0.019323442293250042
1 0.23264756410018259 0.33196171470310376 0.01645876013714334 0.03171725895093835
1 0.34932375926038495 0.3898060840109121 0.018463239721629932 0.016997461733610733
1 0.34258025042388746 0.271088341008062 0.016374516746272213 0.016406826350999916
1 0.36802924197653053 0.3178420792455259 0.018604817597762398 0.018792587777842647
1 0.37833001561786817 0.4250328074330869 0.017747604328653088 0.017963212469349735
1 0.26709884145985485 0.2879802247752314 0.015443967736285667 0.016533436982528023
1 0.22604563961858337 0.46470148667045263 0.017025470733642578 0.020159182341202446
1 0.5152604372605033 0.10961858604265295 0.017764112223749576 0.018354384795479153
1 0.2299549786940865 0.4187655656234077 0.01610774579255477 0.01638470525326936
1 0.2566374177518098 0.24971987890160602 0.015405592711075493 0.016738124515699303
1 0.3068336403888205 0.3926709423894468 0.01612377166748047 0.03117208895475968
1 0.30784563396288 0.17767354198124097 0.01647385306980299 0.016804166462110436
1 0.3042061121567436 0.4247278130572775 0.019515597301980724 0.028570755668308422
1 0.3921269282050755 0.3074311069820238 0.017711877822875977 0.018193804699441662
1 0.7026213770327361 0.8679612201193103 0.016107227491295856 0.015588511591372282
1 0.2025786379109258 0.1300819490266883 0.016761800517206608 0.03402478798576023
1 0.26712675716566003 0.426350738691247 0.017070790995722233 0.017619464708411175
1 0.40247879857602326 0.540566112684167 0.016790472942849865 0.019060632456903873
1 0.45704664873040235 0.15818748785101847 0.01825603194858717 0.017677835796190346
1 0.27108521046845807 0.31194573899974 0.015659187151038128 0.014949487603229027
1 0.24916365872258722 0.40799178247866424 0.017315512118132217 0.016291411026664402
1 0.3102362777875817 0.44089765134065045 0.016763915186342987 0.01624497123386549
1 0.5117089644722317 0.08626012180162512 0.01722028981084409 0.017778064893639606
1 0.18924053855564282 0.3767133873441945 0.015424064967943274 0.015949150790338932
1 0.13093497960463815 0.5334546047708263 0.017264003339021103 0.018152817435886547
1 0.27749223294465436 0.34712773820628295 0.01678052155867867 0.016129887622335682
1 0.2321685604427172 0.2033634082130764 0.015457381372866423 0.014944760695747707
1 0.4034991886304772 0.373467813367429 0.02267895574155061 0.029507170552792755
1 0.25055481039959454 0.19738604711449664 0.017343438189962635 0.01686243388963782
1 0.20099242873813797 0.2990178647248641 0.0144567696944527 0.015543605970299763
1 0.2211003821829091 0.14902405635170315 0.013677659242049507 0.014266397642052692
1 0.3255540281534195 0.3092545219089674 0.018373674672582874 0.017469281735627548
1 0.3937157107436139 0.5615431329478389 0.015536645184392515 0.015647805255392323
1 0.25806268401767896 0.3768057201219642 0.0163030831710152 0.018643752388332203
1 0.2712124015973961 0.2588104890740436 0.016444475754447605 0.01669956290203592
1 0.2975562966388205 0.26817515622014587 0.01685548865276834 0.03172445297241211
1 0.2797095568283745 0.46222603839376686 0.01789924372797427 0.031903805940047554
1 0.4945187568664551 0.10543755344722582 0.01669962509818699 0.020017696463543434
1 0.22714298704396121 0.2213598748911982 0.017539335333782692 0.01618144823157269
1 0.30405223887899646 0.47060589168382727 0.016419721686321755 0.034242049507472824
1 0.2760788979737655 0.18369502606599228 0.016840333523957626 0.015664473823879078
1 0.22038034770799717 0.41262516768082336 0.02549913655156675 0.018084940703018852
1 0.25995969772338867 0.3342727785525114 0.01674361850904382 0.01697117349375849
1 0.2479087891785995 0.48213838494342304 0.015941640605097233 0.015997430552607
1 0.3506095590798751 0.4543475482774817 0.01793875383294147 0.017916347669518513
1 0.324159188762955 0.16008440307948898 0.019409349431162296 0.02088816269584324
1 0.2403678272081458 0.14252002861188806 0.016026828600012737 0.01569763473842455
1 0.33326761618904444 0.25233997469363006 0.016439997631570568 0.01631183209626571
1 0.46392919187960424 0.10781405801358432 0.01824168536974036 0.017236243123593536
1 0.2061422596807065 0.03216029250103494 0.015867357668669327 0.01997176978899085
1 0.26921775030053174 0.5467937925587529 0.015084536179252293 0.015373271444569464
1 0.22509960506273352 0.16993870942488962 0.013935752536939539 0.015242576599121094
1 0.22588145214578376 0.29586635465207306 0.017672331436820652 0.017202646835990574
1 0.24613174148227857 0.18058555540831192 0.01655696785968283 0.014772695043812628
1 0.19829270114069403 0.27977638659269916 0.015898891117261803 0.015359173650326937
1 0.28215131552323053 0.2221485739168914 0.01573212250419285 0.01581065551094387
1 0.3794919874357141 0.4635827023050059 0.017277562099954357 0.017962911854619564
1 0.19165953345920728 0.3487974755142045 0.015188341555388077 0.020849551843560257
1 0.42197885202324914 0.40013079021288 0.016548208568407143 0.01666612210481063
1 0.21019006812054175 0.23784108783887783 0.017188486845596977 0.016302357549252716
1 0.3030285731605861 0.46256552571835724 0.016417399696681812 0.016515192778214165
1 0.3357918022767358 0.9368991022524626 0.01582297682762146 0.017937618753184444
1 0.30978102269379987 0.29466220606928284 0.01773276536361031 0.016595011172087296
1 0.2964510917663575 0.2809090821639351 0.01762605750042459 0.01791332079016644
1 0.19312486441239063 0.24023401218911875 0.015001276265019957 0.015673989834992783
1 0.3358514023863751 0.359281353328539 0.017243307569752567 0.01701342541238536
1 0.2243417138638703 0.13469086522641388 0.01443226441093113 0.014461206353229027
1 0.6952041957689368 0.9439650825832202 0.017215728759765625 0.016948699951171875
1 0.3254649075477019 0.3247033137342204 0.018949623989022297 0.017174873663031536
1 0.2703957764998727 0.5251938778421154 0.014869980190111242 0.01526202326235564
1 0.42846233948417334 0.590786830238674 0.017342650372049084 0.017968177795410156
1 0.2676795876544455 0.8631006323772928 0.013918213222337805 0.014253367548403532
1 0.4080949866253396 0.4062165799348251 0.017304296078889267 0.03914194521696671
1 0.21426554348157797 0.1909108369246773 0.01649754980336065 0.015412330627441406
1 0.4184428816256316 0.4978892492211383 0.01919916401738706 0.02103312119193699
1 0.38320251133130945 0.5874484932940939 0.016214536583941917 0.016719735187032948
1 0.29513302056685736 0.4411644520966903 0.01581015794173531 0.015817766604216202
1 0.323380822720735 0.5687739538109821 0.015841815782629925 0.015358759009319801
1 0.43199410127556837 0.24174545122229535 0.01997741408970045 0.02110012717868971
1 0.8272321742513905 0.9242180741351583 0.016799885293711788 0.0182171282560929
1 0.43751059407773224 0.4913984796275263 0.022524087325386376 0.027151439500891647
1 0.23908157970594324 0.1617747648902561 0.01545696673185929 0.01551745248877484
1 0.27060790683912195 0.49836929984714673 0.015891489775284477 0.014623476111370583
1 0.9015267620915952 0.8739377312038257 0.014971981877866 0.014958174332328465
1 0.3045391932777736 0.3459832253663436 0.017022195069686226 0.01587932006172512
1 0.14110105452330216 0.5878730856853983 0.017191275306369946 0.017579783564028534
1 0.7311932936958645 0.8136053914609163 0.020169465438179345 0.018990475198496944
1 0.40507169391797937 0.3964509653008502 0.01719653088113536 0.017121335734491764
1 0.3014566069063933 0.36702809126480773 0.028503646021303924 0.018592875936756962
1 0.27253615337869397 0.3948673994644829 0.015570930812669836 0.014875163202700407
1 0.418534227039503 0.5753008386363154 0.017819176549496857 0.019225991290548573
1 0.3219883613612341 0.14292502921560538 0.017365386304648026 0.017596338106238323
1 0.32911450966544775 0.19060295561085577 0.019875049591064453 0.026888992475426712
1 0.2320020820783532 0.3244040945301886 0.015228250752324644 0.014699355415675953
1 0.6945572936016581 0.8455463906993037 0.015041392782460089 0.015772612198539402
1 0.41135046793066943 0.44829911252726684 0.017578518908956776 0.01714981120565663
1 0.4216504459795744 0.4208521428315536 0.01753074189890986 0.017990817194399628
1 0.2574814195218293 0.2728508244390073 0.015260053717571755 0.015776261039402172
1 0.80901284839796 0.878013341323189 0.01717729153840438 0.016807597616444462
1 0.2762540216031281 0.4462590217590332 0.016238523566204567 0.015504795572032099
1 0.24964855028235394 0.45351836992346717 0.016828246738599693 0.016970427139945652
1 0.3993082875790803 0.6201905271281367 0.016938085141389267 0.017213883607283882
1 0.24422037083169687 0.2192608791848888 0.015470027923583984 0.01636567323104195
1 0.3081658301146134 0.40083648847497033 0.016805213430653446 0.015860930733058765
1 0.3966678951097571 0.3651797460473102 0.016933938731317936 0.016505075537640114
1 0.32326965617096937 0.4110109702400539 0.017901666786359703 0.01945657315461532
1 0.1584007688190626 0.6135217210520869 0.015431062034938648 0.015611441239066746
1 0.2114934817604397 0.32571115701094916 0.0150633894878885 0.014628804248312244
1 0.8525260220403257 0.9313320698945418 0.017298864281695824 0.016336980073348335
1 0.7622817702915357 0.8840096307837446 0.016564369201660156 0.017524428989576256
1 0.6749507344287373 0.925237572711447 0.01603688364443572 0.016743867293648098
1 0.3000898775847062 0.545728289562723 0.014267838519552479 0.014873380246369736
1 0.3653750484404357 0.4065813137137372 0.017028484655463177 0.016268802725750466
1 0.8948483881743057 0.8918363529702892 0.01567653987718665 0.016840105471403702
1 0.7851331544959028 0.9541977177495541 0.017923769743546196 0.017653589663298233
1 0.22336986790532648 0.7975995022317638 0.01647795801577361 0.016120496003524117
1 0.4319448885710343 0.10080570241679318 0.01807113315748132 0.01905154145282248
1 0.4931121390798818 0.14519824670708698 0.018338929051938263 0.017059108485346256
1 0.33075291177500843 0.7472358993861987 0.015047985574473505 0.015689808389414913
1 0.19893289648968238 0.6639579586360764 0.01725043421206267 0.016899875972581947
1 0.3163716482079547 0.36841382151064667 0.02944834335990574 0.020130116006602413
1 0.3209055713985277 0.03890157912088477 0.015099090078602667 0.015497702619303827
1 0.9238506607387378 0.8855011359505031 0.015608870464822521 0.015354695527449898
1 0.42360918936522113 0.03909454138382622 0.01828424826912258 0.018545534299767536
1 0.23361132455908734 0.2609133927718453 0.015150878740393597 0.014136853425399117
1 0.21416071186894958 0.6455277152683423 0.016060082808784817 0.016885011092476223
1 0.9102749202562416 0.9448047928188157 0.016800590183423912 0.01640581048053244
1 0.27564420907393744 0.8791718275650687 0.01388543585072393 0.013174057006835938
1 0.1604840651802395 0.5712914881498918 0.01693700707477072 0.01635132665219514
1 0.4357170488523401 0.6273761002913766 0.016248277995897377 0.017044482023819633
1 0.3161372205485468 0.7653655798538871 0.014193306798520296 0.015358427296514097
1 0.3656418427177098 0.5734427078910496 0.015721694282863453 0.015600702036981997
1 0.4001322259073672 0.4338397772415825 0.017694711685180664 0.017002810602602753
1 0.2932682970295782 0.5012073516845704 0.016084899073061737 0.01605838278065557
1 0.27638055967248004 0.1686099249383678 0.017217221467391304 0.01720458528269892
1 0.3310377597808838 0.5281879176264224 0.015673367873482082 0.017641979715098507
1 0.12056251194166101 0.5576169490814208 0.018083696779997452 0.01619925706282906
1 0.7759702723959218 0.9278213666832965 0.016784211863642155 0.019743131554645042
1 0.7896618221117103 0.905931804491126 0.016020401664402172 0.019297392471976902
1 0.15634868455969766 0.5482983589172364 0.016083530757738197 0.01654206151547639
1 0.35766576165738306 0.4304455518722535 0.017522635667220406 0.016415212465369183
1 0.23186319807301398 0.11929357570150625 0.015135246774424677 0.014341914135476818
1 0.3535894000011941 0.554837879927262 0.016052971715512482 0.01670545080433721
1 0.22627670868583347 0.7007213260816492 0.01688886725384256 0.015823198401409645
1 0.2312335553376571 0.24513385606848676 0.01575959247091542 0.015879755434782608
1 0.451599385427392 0.12604494716810144 0.01753762493962827 0.015892982482910156
1 0.20834898948669434 0.1430774460668149 0.01482687825741975 0.014593684155008068
1 0.4108732886936354 0.46489971098692523 0.017286300659179688 0.016286134719848633
1 0.21165125266365384 0.6293175635130509 0.016147053760030994 0.015482342761495838
1 0.22278354478918988 0.3899547120799189 0.02971495752749236 0.016968063686204994
1 0.21011973463970685 0.31102730916893995 0.014516975568688435 0.014684946640678074
1 0.7084132277447245 0.852591846300208 0.015355110168457031 0.015603521595830503
1 0.4633934083192245 0.03972586989402772 0.016657393911610478 0.01580199728841367
1 0.3492402926735256 0.7565118333567744 0.014938872793446417 0.016468835913616676
1 0.18487406813580054 0.650749921798706 0.016313407732092815 0.015316527822743292
1 0.43343210220336914 0.4835947285527768 0.016638258229131283 0.017592388650645382
1 0.4180938057277514 0.7099070963652239 0.012345438418181046 0.013152537138565727
1 0.47121948262919555 0.14304403636766516 0.017056993816209877 0.01755162943964419
1 0.2082785938097083 0.6887500804403554 0.019581089849057404 0.01975387075672979
1 0.20841212894605554 0.25678539276123047 0.017975185228430706 0.015667044598123302
1 0.3339167677837869 0.19840328589729644 0.015981135161026665 0.01610156764154849
1 0.5003032477005668 0.19750996257947842 0.02093244635540506 0.02812076651531717
1 0.1749411043913468 0.633547948754352 0.01543662859045941 0.01660993824834409
1 0.3947382387907609 0.7198634562285049 0.013803813768469769 0.013614696005116339
1 0.18888596866441812 0.6201568582783574 0.016026227370552395 0.01635487183280613
1 0.6041024975154711 0.9162926881209665 0.014081561047097912 0.015938634457795517
1 0.18823665121327277 0.3549710667651633 0.01386260986328125 0.016040615413499916
1 0.24690677808678668 0.32751379842343536 0.014914388241975204 0.015583079794178839
1 0.32332591323748877 0.37287388677182404 0.01733835754187211 0.016956080561098846
1 0.8611441280530847 0.9122550176537554 0.01646021138066831 0.016513865926991337
1 0.43811882578808337 0.6829588516898777 0.013826339141182278 0.014331402985945992
1 0.8591126773668372 0.9541865639064622 0.01720001386559528 0.01605788521144701
1 0.3724989994712498 0.49155417732570483 0.01784505014834197 0.031488169794497284
1 0.2994840248771336 0.894436794778575 0.014776561571204144 0.01568404487941576
1 0.28048077873561694 0.3730153000873068 0.016686066337253735 0.030917416448178497
1 0.357869425545568 0.9112460302269976 0.012682266857313074 0.013170532558275305
1 0.4783952598986418 0.2256772207177204 0.017842406811921493 0.01776396709939708
1 0.8557036441305408 0.9711115671240765 0.015319160793138586 0.014248516248620075
1 0.352032993150794 0.948543175407078 0.012738932733950407 0.014482498168945312
1 0.9288722328517749 0.9281043591706648 0.014765366264011547 0.01628801097040591
1 0.6575481062350066 0.9398899285689645 0.015967099562935207 0.014728090037470278
1 0.4350745574287746 0.5404481473176377 0.021229453708814537 0.02345325635827106
1 0.3861920522606891 0.50915817592455 0.016823353974715523 0.014874250992484715
1 0.2438137323960014 0.7643409604611604 0.016992631165877632 0.016271549722422726
1 0.35511643990226427 0.721074456753938 0.016905639482581097 0.017318767050038212
1 0.20587312656900153 0.3871668525364088 0.015210421189017918 0.02679227746051291
1 0.9148739317189092 0.8962178852247156 0.01501676310663638 0.01385862930961277
1 0.20051370496335238 0.4428442042806875 0.014890401259712551 0.015427921129309612
1 0.3282750274824059 0.7692338487376338 0.01358838703321374 0.014796091162640114
1 0.22087306561677353 0.10746444826540738 0.025714210841966713 0.017768279365871265
1 0.4566515839618186 0.26919585725535516 0.019546550253163212 0.02043767597364343
1 0.7242754438649053 0.858360705168351 0.016419908274774967 0.01640394459600034
1 0.3795146942138672 0.2050789853800898 0.018062591552734375 0.019600266995637314
1 0.2982767975848654 0.8752558956975522 0.013800621032714844 0.01403572248375934
1 0.28277230262756353 0.36590433250302856 0.014172243035357933 0.015526437241098156
1 0.310003311737724 0.9463761371114978 0.013963181039561396 0.014131131379500679
1 0.20802156821541165 0.37962589574896766 0.015379760576331097 0.01446606801903766
1 0.3827760323234227 0.5254966072414232 0.014886234117590862 0.014684013698412024
1 0.21828657647837763 0.3918277595354164 0.01440404809039572 0.015387472899063774
1 0.40188577900762146 0.5149536754774011 0.01667711009149966 0.016930580139160156
1 0.2998995988265328 0.8579845013825791 0.015468058378800102 0.015130830847698708
1 0.45966641280962073 0.6994273766227391 0.013483451760333519 0.014401684636655062
1 0.3413959482441778 0.9852754344110903 0.013481409653373386 0.012102873429008152
1 0.2302480987880541 0.7154411440310271 0.017241395038107166 0.016066551208496094
1 0.894720512887706 0.9574087806369949 0.017337674679963486 0.0160967785379161
1 0.40003517399663513 0.7467601610266644 0.013819860375445824 0.014554065206776495
1 0.5473287623861561 0.918633046357528 0.012810209523076597 0.012580456941024117
1 0.5950384347335153 0.9474014406618864 0.016092217486837635 0.017826204714567764
1 0.6576234776040782 0.8028186093205991 0.015711618506390114 0.015327080436374829
1 0.3623777265134065 0.8471219435982082 0.012916108836298403 0.012949487437372622
1 0.2535889045051906 0.7379573531772778 0.019131328748620075 0.025410403376040253
1 0.14097923817841904 0.5583466757898745 0.0174719354380732 0.015917259713877804
1 0.3129576703776484 0.0856128542319588 0.015936125879702362 0.016574056252189304
1 0.5879345769467561 0.858828876329505 0.013019312982973845 0.014011631841244905
1 0.27007309250209643 0.8361485522726306 0.01711279412974482 0.02002500451129416
1 0.35809666177500843 0.7926199539847996 0.014083530591881794 0.013326479041058083
1 0.8775686181109883 0.9390745992245882 0.01701155952785326 0.015720450359842052
1 0.5210892635843029 0.12576813283173935 0.01786406143851902 0.016448311183763588
1 0.4920295010442319 0.1293303862861965 0.017814594766368038 0.016897823499596638
1 0.2642453649769659 0.4829156502433445 0.01704755036727242 0.016873027967370075
1 0.8468857018843942 0.87914574664572 0.015328158502993376 0.015677991120711617
1 0.3585724558519281 0.9795928623365319 0.012803671152695366 0.013013093367866848
1 0.47154225473818573 0.03104361632595892 0.01588726043701172 0.015544748824575672
1 0.2864445914392886 0.3021229142728059 0.01692392515099567 0.01729113122691279
1 0.3611815908680792 0.7687428308569867 0.012394946554432745 0.012359660604725714
1 0.3595488175101903 0.8124881619992462 0.013875214949898098 0.013668184695036514
1 0.6353507352911908 0.9440038100532863 0.013949705206829567 0.01503554634425951
1 0.3442366019539211 0.49718804981397546 0.028852006663446842 0.015407189078952954
1 0.4700660083604895 0.7455486214679219 0.012141310650369396 0.01344622736391814
1 0.32623202904410986 0.8219395305799401 0.014167433199675186 0.014326302901558254
1 0.5340012674746305 0.9042529645173447 0.012046150539232336 0.011643036552097485
1 0.11413481442824654 0.5396567012952722 0.015762318735537323 0.0174706915150518
1 0.1943197872327721 0.056888572547746735 0.013960672461468239 0.01442873477935791
1 0.6485833603402844 0.9224416691323986 0.013962061508842136 0.014727924181067425
1 0.3218053320179815 0.3457603143609088 0.027286280756411346 0.018293608789858612
1 0.22834207700646442 0.10526898114577582 0.01505880770475968 0.018980430520099144
1 0.3709224877150163 0.5181628310162089 0.014731500459753948 0.014461475869883661
1 0.35565389627995697 0.49756435725999915 0.016682062460028606 0.014773161514945652
1 0.1569520494212275 0.047508636246556823 0.014181074888809868 0.015541050745093304
1 0.8140873287035072 0.9657854619233504 0.014689238175101902 0.0157769659291143
1 0.8197750008624533 0.9351679760476818 0.016731676848038383 0.01577617811120075
1 0.1987508898196013 0.6414378000342329 0.016329557999320652 0.015145467675250511
1 0.35158330461253295 0.5383454198422639 0.017031565956447437 0.016005806300951088
1 0.43490198384160583 0.5192759347998578 0.01555268660835598 0.015525527622388758
1 0.37304884454478393 0.5409494275632113 0.01598171565843665 0.01574296536652938
1 0.3273311179617177 0.8028732175412385 0.014062363168467646 0.014914180921471638
1 0.8304506592128589 0.9627354456030804 0.015923002491826595 0.015097452246624489
1 0.3815224326175193 0.9624617618063221 0.012071785719498344 0.011278318322223167
1 0.676307491634203 0.958992460499639 0.016760494398034138 0.015133650406547215
1 0.46226146946782654 0.7178845820219619 0.01358633456022843 0.0122954741768215
1 0.23451279557269555 0.522301839745563 0.01847746061242145 0.0188203065291695
1 0.43706830169843586 0.7441254076750383 0.011367517968882685 0.01232221852178159
1 0.8331235388050908 0.9767193379609482 0.01630550882090693 0.014570858167565388
1 0.3875002575957257 0.8684470549873684 0.012239305869392727 0.011292084403659985
1 0.09394566909126613 0.036694467067718506 0.011458935944930367 0.01263259804767111
1 0.7892140720201575 0.9222945337710173 0.016741337983504585 0.016517224519149117
1 0.3374355979587722 0.10690517010896103 0.01987395079239555 0.024361610412597656
1 0.35543887122817663 0.19361956223197602 0.016834308271822723 0.015151438505753227
1 0.44559448698292603 0.7051643495974333 0.012831294018289318 0.01299837361211362
1 0.39194274985271954 0.9825585821400518 0.012797936149265454 0.012937545776367188
1 0.3705002017643141 0.4999633457349695 0.01590852115465247 0.014425360638162365
1 0.2873407965121062 0.5228853433028512 0.015830143638279125 0.01577796106753142
1 0.28734109712683636 0.3936248862225076 0.015356437019679859 0.015573999156122622
1 0.3253945682359779 0.47965501702350116 0.016805648803710938 0.016225897747537365
1 0.3981899178546408 0.8196948507557745 0.012739181518554688 0.012499270231827446
1 0.37559440861577575 0.9424060323963994 0.011353326880413551 0.011875152587890625
1 0.43921317224917206 0.7690102950386379 0.012018369591754417 0.011459184729534645
1 0.3144173829451851 0.5486356486444888 0.014706653097401495 0.015117396479067595
1 0.39884807493375696 0.22594420806221344 0.017416575680608334 0.018098997033160667
1 0.723260838052501 0.7906704363615618 0.020729977151621944 0.019285202026367188
1 0.3110918687737506 0.5286424885625425 0.016147426936937416 0.016569718070652172
1 0.3741614948148313 0.8334025922028916 0.012378811836242676 0.012975526892620583
1 0.20952831143918246 0.07154721280802852 0.0161047189132027 0.015606227128402046
1 0.28436014963232953 0.867306315380594 0.013118308523426886 0.014493154442828636
1 0.21961525212163513 0.7713312480760657 0.01693837539009426 0.016324084738026493
1 0.4487863882728245 0.7353372159211533 0.011808115503062372 0.011395330014436142
1 0.6333202693773352 0.9291788184124492 0.011973837147588316 0.013025864310886547
1 0.37949462558912195 0.5493083414824114 0.015943776006283966 0.014567872752314028
1 0.4410569149514903 0.8535665843797767 0.01019212473993716 0.01137982244076936
1 0.32244012569603714 0.026086509227752686 0.015317707605983898 0.016189855077992314
1 0.5729565620422363 0.8732062422710917 0.012244307476541271 0.012744696243949558
1 0.3600898410962975 0.8928812897723654 0.011226322339928669 0.011576486670452614
1 0.3391183789657509 0.47527824277463165 0.016884172740189926 0.017744997273320736
1 0.28067946434021 0.478640079498291 0.017058102980903957 0.01814746856689453
1 0.21066421011219855 0.4490772744883661 0.015670693438986073 0.017031628152598507
1 0.495435092760169 0.8288664610489554 0.011309416397758152 0.011057646378226902
1 0.7458518069723377 0.7775776904562245 0.017878739730171535 0.01805330359417459
1 0.32751348744268 0.8919997629912004 0.012146908303965693 0.012988339299741
1 0.391343759453815 0.49335604128630267 0.015369705531908117 0.015630804974099865
1 0.3516766079094099 0.5097962255063264 0.015392969483914583 0.015075766521951427
1 0.5516942480336064 0.8599008477252462 0.013117085332455843 0.01196687117866848
1 0.4081154284269914 0.7070025568423064 0.015923541525135868 0.014678789221722145
1 0.7128210275069528 0.9656057150467583 0.017838063447371773 0.016408630039380943
1 0.8451180250748344 0.8208704824032991 0.01799699534540591 0.017084287560504417
1 0.8729565869206967 0.8664689064025879 0.014521515887716541 0.01371139028797979
1 0.4532929296078889 0.7555621810581374 0.011356104975161345 0.011974210324494736
1 0.32573490557463275 0.8691191673278809 0.013195120769998302 0.015061958976413891
1 0.781744500865107 0.8497114803480066 0.018878439198369564 0.020423681839652687
1 0.5743013568546461 0.9366515201071034 0.014173694278882898 0.014844562696373981
1 0.34508523733719537 0.8049012681712275 0.01306208320285963 0.013207518536111584
1 0.21845253654148267 0.18019785051760467 0.014746417169985563 0.013677037280538807
1 0.6121596875398055 0.9783310890197753 0.012451171875 0.011148577151091202
1 0.32549474550330115 0.9672523788783862 0.01537849592125934 0.014920483464780062
1 0.3456248511438784 0.15561027112214462 0.021172793015189796 0.01949986167576002
1 0.3459804161735203 0.8789921428846277 0.01373817609704059 0.013047218322753906
1 0.5581193177596383 0.0649562789046246 0.019294655841329823 0.0186094563940297
1 0.42990598471268365 0.5333952903747559 0.014989458996316662 0.013981819152832031
1 0.4162536704021951 0.8344141918679943 0.011824483456818954 0.011940168297809105
1 0.48262723632480786 0.05866218649822733 0.017960652061130688 0.019192115120265796
1 0.48503427401832916 0.7527656347855277 0.011926744295203167 0.011550447215204653
1 0.5427684783935546 0.8415723468946373 0.012210348378057066 0.012790431147036345
1 0.6773647018100906 0.8089952676192576 0.017917259879734204 0.01810617032258407
1 0.6339774235435154 0.9700833818186885 0.015089760655942171 0.017152164293372112
1 0.40851495576941455 0.964746558147928 0.012694275897482166 0.011644114618716032
1 0.3260687246270802 0.9097274282704229 0.013144434794135715 0.013004302978515625
1 0.8471843056056809 0.8991609241651453 0.015781153803286346 0.017170698746390965
1 0.19829742804817532 0.33330016550810443 0.013157409170399542 0.01249228353085725
1 0.4614119944365129 0.779907972916313 0.011935648710831352 0.011688895847486414
1 0.6726581221041472 0.7828504313593325 0.019500753153925358 0.02004026330035666
1 0.8595948219299316 0.8788902448571246 0.014188061589780062 0.01506805419921875
1 0.4426457259965979 0.7208198049794072 0.012445553489353344 0.012231412141219429
1 0.1240130144616832 0.5840274976647418 0.01794279139974843 0.024056310239045517
1 0.9209232952283777 0.8646851415219514 0.01480090099832286 0.015024019324261208
1 0.32263386767843494 0.8367018077684485 0.014206596042798914 0.014855675075365149
1 0.16270748946977698 0.6269075144892153 0.013850844424703846 0.014850865239682405
1 0.4424469367317531 0.7882838456527047 0.012807058251422386 0.011659290479577106
1 0.42485396758369776 0.9211291852204695 0.011599457782247791 0.011812210083007812
1 0.40604400634765625 0.8517464347507642 0.011140242866847828 0.011239590852156929
1 0.6376779079437257 0.7755917880846107 0.015619215757950493 0.015843806059464165
1 0.5006164882494055 0.8429559210072394 0.011860640152640965 0.01226483220639436
1 0.5108915515567944 0.7991863333660624 0.013903265414030655 0.013280370961064878
1 0.3920408124509065 0.9487380566804307 0.012713929881220278 0.012379438980765965
1 0.8757858898328699 0.971872557764468 0.016502090122388756 0.01447822736657184
1 0.19742245259492297 0.31905183584793756 0.016383191813593326 0.01642262417337169
1 0.4859328684599504 0.9131951124771781 0.012519297392471977 0.011572215868079144
1 0.2604455636895221 0.8066466165625532 0.016171227330746857 0.01958063374394956
1 0.4195761421452398 0.807336827983027 0.013114483460136082 0.013465425242548403
1 0.09384491132653278 0.023082783688669624 0.012079529140306555 0.012036595655524212
1 0.320208103760429 0.09674737246140191 0.017520054526951 0.01638191679249639
1 0.38435537400452985 0.8037949023039446 0.012588179629781971 0.012342287146526833
1 0.5852306925732157 0.9747933097507642 0.012559787086818531 0.015938800314198368
1 0.9042949054552162 0.9734624572422192 0.016315087028171704 0.014885902404785156
1 0.4284456968307495 0.20268141705056894 0.018061171407284943 0.01854204094928244
1 0.4886778333912725 0.7674042660257092 0.011801802593728771 0.011047943778659985
1 0.48951354234114935 0.8004974282306172 0.011723601299783459 0.011512341706649117
1 0.5346835177877675 0.09599501412847766 0.01935602271038553 0.019778039144433063
1 0.1438103551449983 0.0528178422347359 0.012823685355808422 0.014865388040957243
1 0.4220566542252251 0.7533445772917375 0.013721217279848845 0.012998580932617188
1 0.3731998567995818 0.883474992669147 0.011838125145953636 0.01212372987166695
1 0.4122773460719896 0.685799038928488 0.02034046338952106 0.022869814997134003
1 0.391880989074707 0.9266759623651919 0.011911060499108356 0.011471955672554348
1 0.40903199237325916 0.9397884037183679 0.011892318725585938 0.012057262918223505
1 0.40708162473595666 0.4898874241372813 0.02054882049560547 0.02233608909275221
1 0.5152491071949834 0.8170401946358059 0.012162954910941746 0.011767594710640285
1 0.43921775403230084 0.8112449231355088 0.011700049690578296 0.011182453321373981
1 0.33200734594593884 0.03455310671225838 0.018996280172596806 0.021251224953195324
1 0.4519441438757855 0.8942968119745669 0.011762784874957542 0.012418498163637907
1 0.4959311277970023 0.8632587349933126 0.011590957641601562 0.011150774748429008
1 0.653874925945116 0.779937868532927 0.015932933143947437 0.019419877425484035
1 0.48848270333331556 0.7857243081797725 0.01127612072488536 0.010444972826086956
1 0.8473054015118143 0.8531609410824983 0.014111104218856148 0.014657808386761208
1 0.46701897745547094 0.8402631593787152 0.011461548183275305 0.011407520460045856
1 0.881199961123259 0.9164680398028829 0.015588677447775135 0.021497975225033966
1 0.47673730228258215 0.16163979924243432 0.018057574396548065 0.016199910122415295
1 0.33996169463447906 0.8956367658532184 0.012279551962147589 0.012416839599609375
1 0.3753328323364258 0.9267071641009786 0.011579513549804688 0.012576849564262058
1 0.5651472133138905 0.9779207810111668 0.012040304101031761 0.012185304061226223
1 0.8054464588994564 0.9225977607395339 0.01547042183254076 0.016346226567807404
1 0.5217578514762546 0.03358250726824221 0.01778751870860224 0.01817113161087036
1 0.4114741190620091 0.8798973663993505 0.011267174845156462 0.011887011320694633
1 0.6514551328576128 0.9776579193446948 0.014634671418563179 0.01525178162947945
1 0.8370151519775391 0.8615066694176714 0.015528637429942255 0.01379369652789572
1 0.4683320833289105 0.7650884960008705 0.012407800425653872 0.012371312017026155
1 0.38766124974126404 0.8486383272253949 0.013013881185780401 0.013036727905273438
1 0.39536590161530866 0.7665398224540378 0.012979051341181215 0.012744157210640285
1 0.7404543627863346 0.9813208787337595 0.013170117917268173 0.013073216313901155
1 0.3791547858196756 0.91238316245701 0.012756430584451427 0.025224685668945312
1 0.6894867938497792 0.9763837897259257 0.01625533725904382 0.014677794083305027
1 0.4229380928951761 0.5158283192178478 0.016579244447791058 0.01528478705364725
1 0.4448171854019165 0.04783528524896373 0.018491154131682022 0.01780495954596478
1 0.4861530065536499 0.03261072091434313 0.01608022399570631 0.01713453945906266
1 0.47486514630525006 0.794674417246943 0.011358717213506285 0.012020608653192934
1 0.39647604071575665 0.4728142541387806 0.018658928249193275 0.018398668455040974
1 0.569991339807925 0.9136207622030507 0.012483389481254246 0.012448310852050781
1 0.8980005720387334 0.8246904870738154 0.015319036400836449 0.01699016405188519
1 0.5415837039118228 0.8834838037905486 0.012312059817106827 0.011366305143936821
1 0.4537320137023926 0.8203924013220747 0.010940261509107508 0.010986908622409985
1 0.3455105864483377 0.7817751842996349 0.014219325521717901 0.014070427936056385
1 0.8822373514590056 0.8964197739310887 0.015653195588485054 0.014665852422299593
1 0.5202160710873811 0.43242462821628735 0.02321749148161515 0.02287242723547894
1 0.7988843295885169 0.8556570799454398 0.015807068866232166 0.016758711441703465
1 0.4768832040869671 0.8225572420203169 0.01138857136601987 0.011364729508109715
1 0.4958139709804369 0.8891861542411472 0.013627052307128906 0.013742778612219769
1 0.5648838333461595 0.9529649693032971 0.013199225715968921 0.013829645903214165
1 0.4550828467244687 0.8584277733512548 0.010785216870515243 0.010239849919858187
1 0.47656739276388416 0.8966502314028533 0.011586562446925953 0.011788741402004078
1 0.45383141870084015 0.08940319392992102 0.019824722538823666 0.01857614517211914
1 0.4838994896930197 0.08029387308203655 0.016991325046705162 0.021323349164879837
1 0.43534021792204486 0.8281123119851819 0.01144210152004076 0.011465653129245922
1 0.37264013419980585 0.1760985229326331 0.018094868763633396 0.019479067429252293
1 0.7485833582670791 0.7999740061552629 0.01797696818476138 0.01759251304294752
1 0.43263084473817237 0.7293986859528914 0.011413771173228388 0.012134469073751698
1 0.4597602305204972 0.8013455764107082 0.011645317077636719 0.010648146919582203
1 0.4131188185318656 0.8962339318316915 0.0102386474609375 0.011305435844089672
1 0.5129587546638821 0.9136708093726117 0.012573698292607847 0.0119635125865107
1 0.21018616012904956 0.053057188573090934 0.017460595006528107 0.01532726702482804
1 0.5691709311112113 0.8612645398015562 0.012754067130710766 0.012416051781695824
1 0.5197439193725585 0.8707633640455164 0.012153127919072691 0.011183033818783968
1 0.4634512403736944 0.8776401436847188 0.012108802795410156 0.012881818025008492
1 0.30899322551229724 0.9873040240743886 0.012796215389085852 0.012799304464588995
1 0.3910393922225289 0.8955929175667141 0.011061709860096807 0.011810758839482847
1 0.3962804960167926 0.11314743498097295 0.018171890922214672 0.018192146135413128
1 0.517174762228261 0.833029373832371 0.011841317881708559 0.011437789253566578
1 0.8932877623516579 0.9178865059562351 0.014604858730150305 0.018534162770146908
1 0.4260104946468186 0.22002811017243762 0.01879801957503609 0.015969152035920517
1 0.2727733384007993 0.021863652312237282 0.014269351959228516 0.013733366261357847
1 0.40046011883279553 0.9061541764632515 0.01166094904360564 0.011292747829271399
1 0.5839913409689198 0.9135060103043265 0.012149064437202785 0.012532690297002378
1 0.47716478679491126 0.8618735023166821 0.011342712070630945 0.011155252871306046
1 0.5554541504901388 0.09396000789559407 0.01786526389743971 0.018787772759147312
1 0.44537298057390295 0.20971229802007257 0.018632754035617993 0.016667200171429176
1 0.9200605102207349 0.8360889476278554 0.015175736468771229 0.017404100169306217
1 0.6685682379681132 0.7656830497409985 0.01857467319654382 0.016838405443274456
1 0.2944840451945429 0.2938524951105532 0.016382072282874065 0.016840354256007984
1 0.611463971759962 0.9675107002258301 0.013149821239969006 0.013662960218346638
1 0.8197826302569845 0.8034228863923447 0.01827530238939368 0.0192553478738536
1 0.193168018175208 0.32378295193547785 0.012005640112835426 0.011421680450439453
1 0.8172310124272885 0.769816481548807 0.016036158022673233 0.014958257260529892
1 0.4037663003672724 0.7932595999344535 0.018161690753439198 0.025387183479640796
1 0.3182587105294932 0.3438990867656211 0.01631431994230851 0.015349916789842688
1 0.263589506563933 0.7985918003579846 0.016565986301587975 0.01675012837285581
1 0.7521290364472764 0.9851094536159348 0.012311230535092562 0.011782936427904211
1 0.7189125185427458 0.8367969678795856 0.019014399984608524 0.01853544815726902
1 0.4467973138975061 0.8386453545611837 0.009475407393082329 0.00842484183933424
1 0.5618457172227942 0.8428529034490171 0.014491495878800102 0.015113374461298403
1 0.5142648738363514 0.8551872916843579 0.011298843052076258 0.011876811151919157
1 0.4346197947211888 0.13572568997092868 0.025102086689161217 0.01855890647224758
1 0.7523377459982167 0.8536005849423617 0.016314216282056725 0.013573356296705164
1 0.3428266592647718 0.08322148737700089 0.018078715904899265 0.01808456752611243
1 0.4977583677872367 0.42829459646473766 0.0284716564676036 0.023888048918350883
1 0.5133469830388608 0.052520187004752784 0.0242546330327573 0.020676136016845703
1 0.786313886227815 0.020828377941380375 0.013063430786132812 0.012059084747148596
1 0.5396734113278596 0.8637194426163382 0.012766838073730469 0.010751309602156929
1 0.9203345671943997 0.9836146105890688 0.01506481999936311 0.014847257862920347
1 0.2854875481646994 0.316449383030767 0.018337000971255096 0.018390800641930622
1 0.5331556900687839 0.853453719097635 0.010981269504712976 0.011495921922766644
1 0.7699139221854829 0.7903404028519339 0.016396646914274796 0.017162862031356148
1 0.3771367073059082 0.19327282905578616 0.014193368994671364 0.012820927993110989
1 0.3607916417329208 0.18325143275053604 0.013575636822244396 0.012694462485935375
1 0.45220545063848083 0.9838844382244608 0.010536691416864809 0.010436431221340015
1 0.24102344720259958 0.799563283505647 0.018866103628407353 0.018078347911005436
1 0.3836969914643661 0.0711339815803196 0.018700599670410156 0.01908272245655889
1 0.4820427531781404 0.46582020883974823 0.01869356113931407 0.023460097934888756
1 0.897981540016506 0.9869870102923848 0.015014689901600714 0.011009589485500171
1 0.7977136529010275 0.039243722739426994 0.014332978621773098 0.013916577981865925
1 0.7450963725214418 0.022368672749270565 0.015857033107591713 0.015203796003175818
1 0.8814812535824983 0.8076491148575492 0.022220943285071335 0.02285882701044497
1 0.8637287720389989 0.9867322133935016 0.015251242596170177 0.012197950611943785
1 0.3322117257377375 0.05812466403712398 0.016424628703490547 0.0157328636749931
1 0.26867065222367 0.0506514284921729 0.013314392255700153 0.013738585555035134
1 0.3502492075381071 0.13188887679058572 0.020173694776452103 0.0178216436634893
1 0.37406063079833984 0.12995597590570865 0.019921675972316578 0.02133315542469854
1 0.8182902128800101 0.8510087054708729 0.017929243004840355 0.0211181640625
1 0.4320262826007346 0.05384974894316301 0.018260292384935463 0.013670848763507347
