1 0.5552155867866848 0.7010843442833942 0.011110720427139946 0.011477428933848505
1 0.1588239047838294 0.4460038516832435 0.012083468229874321 0.01171348405920941
1 0.6489159335260806 0.8961004174273945 0.009323161581288214 0.009324364040208899
1 0.1648984318194182 0.45705500374669616 0.010547772697780445 0.01076581167138141
1 0.5149894071661908 0.6688669453496519 0.010591361833655315 0.011136511097783628
1 0.7248266468877378 0.5251529113106106 0.008501052856445312 0.008432720018469769
1 0.17473328113555908 0.4208749273548956 0.011718760366025179 0.012271134749702785
1 0.20198770191358484 0.37629734433215595 0.011227897975755774 0.011952659358148989
1 0.7569297707599141 0.6007452218428903 0.013072718744692595 0.01033471978229025
1 0.6031434224999469 0.7742122152577275 0.01021024455194888 0.010263111280358356
1 0.3296064293902854 0.5498667799908182 0.011150650356126867 0.011451182158096977
1 0.596624809762706 0.7833045254582944 0.010823581529700237 0.010404047758682915
1 0.27627152981965436 0.491001440131146 0.011166531106700068 0.010818108268406079
1 0.6279601947120999 0.4850290702736896 0.01042318344116211 0.010996663052102795
1 0.46989086399907654 0.7092299046723738 0.011624336242675781 0.01140432772429093
1 0.4648578633432803 0.6925213855245839 0.024616189624952232 0.013803482055664062
1 0.3524947581083878 0.5042300638945206 0.010440702023713486 0.010491619939389437
1 0.2714224069014839 0.4131508340006289 0.010209829910941746 0.010619028754856274
1 0.8155979488206947 0.9828808825948964 0.011198790177055027 0.010479470957880434
1 0.45368663124416186 0.6167428493499755 0.010784812595533289 0.010213831196660582
1 0.3954747034155804 0.5883897076482358 0.010576206704844599 0.01042627251666525
1 0.5180567969446597 0.7253230343694272 0.010736859363058338 0.010701179504394531
1 0.19016927221547003 0.418538528939952 0.010885238647460938 0.010644788327424423
1 0.23184908991274628 0.3904456496238708 0.010216961736264437 0.010108735250390095
1 0.5283285223919413 0.6968847565028979 0.011237517647121265 0.0110809906669285
1 0.840420847353728 0.9561280582262122 0.011883611264436142 0.01265952898108441
1 0.790559602820355 0.5559624174366826 0.010573843251103941 0.010497259057086449
1 0.8006738994432533 0.5426025701605756 0.010413045468537704 0.009315387062404467
1 0.8585008330967114 0.9556426587312117 0.011920306993567425 0.012128995812457542
1 0.5011341260827106 0.6998820926832117 0.011407686316448708 0.01231749161430027
1 0.17064917605856192 0.47755109745523205 0.01002738786780316 0.011460988417915676
1 0.8424349245817766 0.9227946115576703 0.010466368302055027 0.009794857191002888
1 0.5279508155325184 0.6497870528179667 0.010544092758842136 0.010244410970936651
1 0.26791344518246857 0.37000674786775 0.011357680610988453 0.012728276460067085
1 0.6692995610444443 0.5283183222231658 0.010134531104046364 0.01056306258491848
1 0.5761343292568042 0.9215518080669901 0.009898517442786175 0.008406058601711107
1 0.5884839140850565 0.7681526308474333 0.010596192401388416 0.010023490242336109
1 0.4314708709716797 0.5525411730227262 0.011763199515964672 0.011886886928392492
1 0.34422741765561304 0.5146475667538851 0.010424157847528872 0.010155221690302309
1 0.7758098270582117 0.9822188045667566 0.010472007419752039 0.010554396587869396
1 0.40337995860887615 0.6297997702722964 0.010238108427628227 0.010167681652566662
1 0.4706468271172565 0.7284226210220999 0.011097638503364895 0.010327629421068274
1 0.25087629193845 0.37941700479258667 0.011576134225596552 0.011506453804347828
1 0.5983516029689624 0.7624528719031293 0.010321078093155571 0.010548798934273098
1 0.2910374869471011 0.5012396729510763 0.010894049768862516 0.011663478353749151
1 0.39278900623321533 0.602115247560584 0.010464533515598461 0.010774342910103176
1 0.5815605080646017 0.8204324763754139 0.009995336117951767 0.010569572448730469
1 0.32838146582893707 0.4750386424686598 0.009871337724768597 0.009857778963835342
1 0.3382598109867262 0.5039053688878599 0.010444371596626614 0.010083550992219345
1 0.6493271433788798 0.8691995454871136 0.009199287580407185 0.009252216504967731
1 0.1981668057649032 0.3997612206832222 0.012175435605256454 0.019065815469493038
1 0.21536384458127228 0.4830510046171106 0.009564876556396484 0.010540329891702404
1 0.5722703000773555 0.701445538064708 0.010525102200715439 0.01098143536111583
1 0.3962569029434867 0.618644092393958 0.011000177134638247 0.01058172143023947
1 0.6073805352915889 0.8300071384595789 0.009874260943868885 0.009337052055027174
1 0.25630900134211 0.4108302489570949 0.011289409969163977 0.015528305717136547
1 0.8277293080868928 0.9018026227536408 0.010915424512780231 0.01145010409147843
1 0.3534214107886604 0.5825022510860277 0.010343619014905847 0.011116338812786598
1 0.2532340339992357 0.3979313477225926 0.011836383653723675 0.010174709817637568
1 0.732392974521803 0.5153520418250043 0.009360023166822351 0.010217666625976562
1 0.5245128403539243 0.6788429591966711 0.0100317208663277 0.011858152306598167
1 0.5454737621804943 0.8148506620655886 0.009389296821925951 0.00893240389616593
1 0.5577494683473005 0.7697662477907927 0.010440556899360989 0.010043227154275646
1 0.5343735736349354 0.89422955720321 0.010273643161939539 0.01018524169921875
1 0.2002121572909148 0.3950581084127011 0.010597581448762314 0.010779888733573582
1 0.7027323971623959 0.5651440827742867 0.009884751361349354 0.01100556746773098
1 0.5628468472024669 0.7441414750140645 0.01095481540845788 0.010462677997091541
1 0.7917781498121179 0.5747020140938137 0.010883994724439539 0.011188507080078125
1 0.5514250319937001 0.8239514931388523 0.00980433173801588 0.009089801622473675
1 0.5655149584231168 0.7878983953724737 0.009891966114873472 0.010319004888119905
1 0.9304042484449304 0.36863753847453906 0.009363754935886549 0.009489634762639585
1 0.4429328441619873 0.6891284403593645 0.010671387548032015 0.011442142984141474
1 0.4825741104457689 0.698205968608027 0.01308752142864725 0.014864341072414234
1 0.7323603422745413 0.9207276883332627 0.01124373726222826 0.009298905082370924
1 0.8414262688678243 0.902804830799932 0.011015518851902172 0.011678944463315218
1 0.6850983163584836 0.5366488125013269 0.009558387424634851 0.010106252587359886
1 0.27272193328193994 0.4779412850089696 0.01121284650719684 0.01078045886495839
1 0.34689994480298914 0.5640064322430155 0.010129265163255774 0.011090485945991848
1 0.5455105097397513 0.6618460883264957 0.010257617287013843 0.011824379796567171
1 0.5153570382491403 0.640505956566852 0.02048745362654976 0.011833481166673742
1 0.24535753415978473 0.4398432451745738 0.011521090631899626 0.011251335558683975
1 0.5356145527051843 0.7539752255315367 0.009506391442340353 0.009891219761060633
1 0.933016818502675 0.7154666651850161 0.009190517923106318 0.010316848754882812
1 0.3029969360517419 0.46608933158542803 0.009890950244405994 0.010233340056046196
1 0.42955812163974927 0.5894088226815929 0.010245965874713402 0.01033950888592264
1 0.356599413830301 0.5958631660627283 0.014243291771930199 0.012408401655114216
1 0.5308955959651782 0.733927643817404 0.009943029154901918 0.009996911753778872
1 0.4783076203387717 0.6464230910591457 0.010181468466053839 0.01063861017641814
1 0.8230397597603176 0.36593776682148815 0.009191595989724865 0.00914392263992973
1 0.3380963698677394 0.5420801743217136 0.011253315469493036 0.010554272195567255
1 0.8027810843094534 0.410382602525794 0.009955157404360563 0.011470877605935802
1 0.698520971381146 0.8457348657690961 0.008387399756390116 0.00856843202010445
1 0.5626488561215608 0.8969331409620203 0.01019950534986413 0.009512776913850204
1 0.5541303054146145 0.9576926231384277 0.010438255641771399 0.011382020038107166
1 0.5124340368353802 0.6559430412624194 0.010372099669083305 0.01063562476116678
1 0.7055584036785624 0.9722732875658118 0.008369114087975544 0.008891976397970448
1 0.8412416706914487 0.9867236095926037 0.010864423668902855 0.010023863419242527
1 0.4003428168918775 0.6514132126517918 0.010882336160411005 0.01101585056470788
1 0.807527251865553 0.43847722074259887 0.009237538213315218 0.009176098782083263
1 0.6145283035610034 0.790170897608218 0.01064089070195737 0.01101058462391729
1 0.7420511453048043 0.9135634173517642 0.008485337962274965 0.008205455282460089
1 0.5458050188810929 0.8966042477151622 0.009485493535580843 0.009874343872070312
1 0.5720770566359811 0.8275988827580991 0.009244193201479704 0.008743742237920347
1 0.3951176560443381 0.5258014305778171 0.009380879609481148 0.009800828021505604
1 0.7012306088986604 0.9649478041607401 0.011210607445758324 0.014435353486434273
1 0.31721165905828064 0.5154010420260222 0.0097125302190366 0.009960734325906506
1 0.7189762695975925 0.8418022446010425 0.009241104125976562 0.009363132974375849
1 0.7492996713389521 0.6014010284257971 0.008870332137398098 0.00980196828427522
1 0.7674762684365978 0.5741241911183232 0.00949308146601138 0.010317553644594938
1 0.7276568827421768 0.5721179609713346 0.009125626605489979 0.009415522865627123
1 0.5959381849869437 0.8873546849126401 0.009633022805918818 0.00892075248386549
1 0.820827173150104 0.3797062790912131 0.008515855540399965 0.008618520653766134
1 0.16852069937664532 0.44060669774594513 0.010244514631188435 0.011321855627972145
1 0.5995128673055897 0.8177533149719238 0.00986269245976987 0.010378837585449219
1 0.48104022378506867 0.5981178387351658 0.01029459289882494 0.011121687681778618
1 0.3885800294254137 0.6317153495291005 0.011591947597006092 0.013310204381528109
1 0.6720838650413181 0.8622321045917012 0.010372804558795433 0.008905783943507982
1 0.7417820847552754 0.5475513002146846 0.009058371834132982 0.009153407552967901
1 0.3169658702352773 0.4472165885178939 0.010560243026069973 0.010851372843203337
1 0.47220583583997644 0.65748813877935 0.01027138336845066 0.011680976204250171
1 0.3752326550691024 0.5671971258909807 0.010748572971509851 0.011436731918998386
1 0.6819948528123938 0.9555891700412917 0.009242348048997961 0.009056671806003736
1 0.38700115421543946 0.5672487486963687 0.010357582050821056 0.01104829622351605
1 0.46795452677685284 0.6062114653380021 0.010311759036520252 0.010002861852231234
1 0.19800277378248132 0.4303259434907333 0.010286082392153532 0.010656066562818445
1 0.7128544268400772 0.5730988461038341 0.010092279185419497 0.010339985723080843
1 0.4137274804322616 0.712856562241264 0.012227452319601307 0.012966446254564367
1 0.5868693434673807 0.807478490083114 0.010603655939516813 0.010723611582880434
1 0.20634944542594577 0.4797144195307856 0.010502379873524542 0.010212473247362219
1 0.6770383171413257 0.7929859576017961 0.011223751565684443 0.011812873508619226
1 0.2694018923717996 0.397702113441799 0.017668081366497536 0.011696981347125511
1 0.6172530651092529 0.8211526456086533 0.010127585867176886 0.010736299597698708
1 0.8112628770911176 0.3887998124827509 0.00891212795091712 0.009660015935483187
1 0.40651179396587866 0.6081607134445853 0.010759415833846382 0.010999658833379332
1 0.4845092659411223 0.6637443252231765 0.01117779897606891 0.010878645855447521
1 0.7343223613241443 0.5866721816684889 0.008463610773501188 0.009974313818890116
1 0.4893845164257547 0.7415222085040548 0.01049462608669115 0.011267537656037704
1 0.661709909853728 0.8434041686680007 0.009449668552564539 0.009301766105320143
1 0.3418113252390986 0.5293420501377272 0.010540506114130434 0.010952783667522926
1 0.5409672511598909 0.6974242666493286 0.010365557139971796 0.011864620706309453
1 0.427045780679454 0.7103930970896846 0.01063562476116678 0.010598929032035496
1 0.7354493555815322 0.5042250260062839 0.008480196413786514 0.00884520489236583
1 0.6721845191457996 0.9407232118689496 0.009526480799135954 0.009309519892153532
1 0.4583487251530523 0.718204809271771 0.011314464652019997 0.011065648949664574
1 0.269496140272721 0.438163073166557 0.009882325711457626 0.010740404543669327
1 0.28300548636395 0.41028216610784113 0.011244027510933254 0.010866517605988876
1 0.5516680945520814 0.8502694420192554 0.00979056565657906 0.009322788404381794
1 0.7176417060520337 0.9216217165407927 0.008675782576851223 0.008055935735287874
1 0.44126589401908545 0.6074598975803541 0.009932891182277514 0.010153646054475204
1 0.30497815297997516 0.48497253397236706 0.010684448739756708 0.010136490282805069
1 0.4737684208413829 0.6335654673369033 0.009976801664932915 0.010794059089992359
1 0.45320633183354914 0.6979273091191832 0.010158891263215439 0.010767646457837976
1 0.9340030836022418 0.6422674552254055 0.008480818375297215 0.010597187539805536
1 0.214263511740643 0.3660281145054361 0.011476413063381031 0.010965777480083962
1 0.7266388354094131 0.48392113395359204 0.008126383242399796 0.008729188338569973
1 0.6637112679688826 0.5151288820349652 0.00990251872850501 0.010710757711659307
1 0.48608261087666393 0.6375554955523947 0.009779049002605936 0.010366025178328804
1 0.4184221184771994 0.5399427206619926 0.010252828183381454 0.01188522836436396
1 0.36729408347088366 0.5520748055499533 0.010955852010975714 0.01078431502632473
1 0.7691661585932194 0.9021552541981572 0.010242710942807405 0.010487100352411684
1 0.5087747988493546 0.6263283439304518 0.010537437770677649 0.010577699412470278
1 0.863568285237188 0.9343555699224056 0.010402555051057236 0.011089242022970448
1 0.8143818482108738 0.9106616766556449 0.009933057038680367 0.010360676309336786
1 0.7901553071063497 0.941064855326777 0.010526283927585766 0.010668588721233864
1 0.7600085009699282 0.5846528488656749 0.009581317072329313 0.00921612200529679
1 0.3579455406769462 0.5191694757212764 0.010974189509516176 0.010984254919964333
1 0.4695273689601733 0.6197243255117665 0.010187563688858696 0.009811670883842136
1 0.5908256613689921 0.7958292339159094 0.010501529859459919 0.01026717476222826
1 0.18248084317082947 0.4646460180697234 0.009724306023639181 0.011034571606179943
1 0.7840117371600606 0.5874711119610331 0.010257845339567764 0.012477916219960089
1 0.28386020660400385 0.45066955815190857 0.010666681372601051 0.01967343040134596
1 0.5760615493940271 0.845785203187362 0.010077787482220192 0.009821311287257982
1 0.44668691054634424 0.5977009690326193 0.009551504383916441 0.009665281876273777
1 0.4374320351559183 0.6496612922005031 0.010451783304629118 0.012646426325259
1 0.9221135844355045 0.3423966849627702 0.010702381963315218 0.011702598437019016
1 0.1980188203894574 0.44254223678423005 0.010500451792841372 0.010799231736556343
1 0.9209674752276876 0.4023929938026097 0.009808996449346128 0.009952970173047937
1 0.23972029271333115 0.4603726967521336 0.010623869688614555 0.011201734128205673
1 0.1916880503944729 0.45205798356429383 0.010096778040346891 0.011600452920664911
1 0.4875227057415506 0.7226270385410474 0.021925304246985397 0.012398305146590523
1 0.4426762124766474 0.5684885045756465 0.009979330975076427 0.010353814000668734
1 0.9279609970424485 0.6313513050908628 0.009744685629139776 0.011068178259808083
1 0.8432459623917289 0.9759381128394086 0.010501861572265625 0.010598099750021229
1 0.17542925606603205 0.38948586194411566 0.013047436009282652 0.012860318888788637
1 0.5219601962877356 0.7119769220766815 0.011065151380456013 0.011444921078889267
1 0.4730680196181588 0.6941607516744862 0.011227172353993292 0.012032135673191235
1 0.7526944616566534 0.8877134115799613 0.008858556332795517 0.00891814024552055
1 0.6828057869620945 0.8217977233555005 0.008980004683784817 0.008585681086001188
1 0.8017731749493144 0.4553232296653416 0.008488738018533459 0.010071920311969261
1 0.474110281985739 0.6742422891699751 0.011302761409593664 0.010394345159116
1 0.43172127267588734 0.725283373957095 0.011420042618461277 0.010648893273395042
1 0.17878092890200406 0.444397869317428 0.01095904474673064 0.012252175289651623
1 0.27736570524132775 0.46397554874420166 0.010400108669115149 0.009909287742946459
1 0.7246369486269744 0.9636020245759382 0.009358447530995245 0.009133629176927649
1 0.42120069006214966 0.6004736630812936 0.010021168252696161 0.010232572970182999
1 0.45892884938613226 0.6624146440754767 0.010743856430053711 0.011244877524997875
1 0.7206405349399732 0.5866819050001062 0.010079549706500511 0.011236522508704144
1 0.647175343140312 0.9126101162122644 0.009347148563550867 0.009201008340586786
1 0.7001789963763693 0.810478459233823 0.00922505751900051 0.00878242824388587
1 0.2661922703618589 0.46740142158840015 0.009926713031271229 0.011512922204059105
1 0.635806767836861 0.49442922550698987 0.009848262952721638 0.010248578113058338
1 0.7627748613772185 0.44592486775439716 0.008991282919178839 0.009321907292241636
1 0.9000351532645847 0.4004696970400603 0.008759457132090693 0.009080638056216032
1 0.36577000825301453 0.5092448566270911 0.010706611301587976 0.012687848961871605
1 0.7928973488185715 0.9638734900433082 0.01048378322435462 0.010730079982591711
1 0.4997738340626593 0.6701082146686056 0.011186019234035328 0.01099835271420686
1 0.5675706863403319 0.9545862363732379 0.009786108265752378 0.009237952854322351
1 0.20065865309342099 0.46792149543762207 0.010018514550250511 0.010871493298074474
1 0.28902524450550904 0.42265684190003766 0.012361194776452106 0.011771834414938221
1 0.6337359780850617 0.8006181924239449 0.011005463807479195 0.010336875915527344
1 0.9215133086494778 0.6463844257852306 0.010513720305069633 0.011145342951235563
1 0.8811902792557424 0.35114925192750024 0.008721268695333729 0.009008705615997314
1 0.36378414734550146 0.5998685359954835 0.010084940039593239 0.011816128440525219
1 0.6205804347991942 0.8002573303554368 0.01004710404769234 0.010227327761442764
1 0.2212989226631496 0.4621980967728988 0.010171890258789062 0.009496263835741125
1 0.5146978730740754 0.6920257858608081 0.01014964476875637 0.010706984478494396
1 0.5044103290723718 0.6850479996722677 0.011101930037788723 0.0117218598075535
1 0.6544081542802894 0.5060042816659679 0.00846794377202573 0.009022899295972742
1 0.37802850422651874 0.6154510663903278 0.011201179545858631 0.010881341021993885
1 0.5468346865280814 0.7958595856376316 0.008748697197955587 0.010058610335640285
1 0.4890675389248391 0.6125291534092117 0.01042018765988557 0.020277355028235397
1 0.5645213541777238 0.8453235626220703 0.009293390356976053 0.00942404373832371
1 0.5473971988843835 0.687756289606509 0.010632722274116848 0.009794981583305027
1 0.4557809466901033 0.6350834887960682 0.012395931326824684 0.013482218203337296
1 0.6694034493487814 0.909724878228229 0.009520157523777174 0.009077030679453974
1 0.49097482536150067 0.6816008401953656 0.011850056440933891 0.011776343635890796
1 0.44479372708693793 0.6333522692970608 0.009886316631151281 0.01051788744719132
1 0.8062739786894426 0.9536455610524053 0.01059710461160411 0.011166075001592222
1 0.747341653575068 0.8689071406488833 0.009867460831351902 0.01030291681704314
1 0.4223264455795288 0.5608344492704973 0.010270108347353727 0.00945219786270805
1 0.6373529226883597 0.8617682456970215 0.00933825451394786 0.009459163831627888
1 0.22302319692528766 0.4032313253568567 0.00973529401032821 0.010148017302803371
1 0.46654842210852576 0.7409396378890328 0.010732899541440218 0.010520354561183765
1 0.6650205798771069 0.8188182374705439 0.009966373443603516 0.010129223699155062
1 0.3580177763234015 0.5667788360429846 0.010494605354640796 0.010774259981901749
1 0.9065884714541228 0.33508465341899707 0.008409251337466032 0.009101354557534923
1 0.5438491779824962 0.7150926797286323 0.01445459282916525 0.011368088100267492
1 0.2451533130977465 0.4060149866601695 0.00940146653548531 0.010402855665787407
1 0.673522306525189 0.8978787919749387 0.008969721586807915 0.009875960971998133
1 0.5399874500606372 0.7433688329613727 0.01016254010407821 0.00991958120594854
1 0.6325772948887036 0.8885661415431811 0.009014171102772589 0.009432419486667799
1 0.2133388622947361 0.37925318013066833 0.010789228522259255 0.009893749071204144
1 0.5345506149789562 0.8042924922445546 0.009508526843527088 0.009406504423721977
1 0.7343917929607889 0.8669719903365426 0.010581555573836617 0.009608102881390116
1 0.6494344421055005 0.48586332279702893 0.010509532430897589 0.009909049324367357
1 0.25464884094569995 0.45447783366493555 0.010372887486996859 0.010827800501947817
1 0.38953853430955315 0.539186021556025 0.010174248529517132 0.009832050489342731
1 0.8920389051022737 0.3299434272491414 0.009791042493737263 0.00988861076209856
1 0.4956397802933402 0.6303621064061704 0.010070427604343579 0.010034540425176207
1 0.6422595459481946 0.45356733384339704 0.009602069854736328 0.010516861210698667
1 0.7344546525374703 0.9389468897943911 0.009783122850501019 0.009284475575322691
1 0.7593350410461426 0.46707771135413123 0.009045517962911854 0.008778281833814539
1 0.41701148903888197 0.5879509863646134 0.009977962659752888 0.009943692580513332
1 0.4676370620727539 0.6435418439948042 0.010802144589631454 0.010273705358090609
1 0.7124721485635509 0.8211974683015242 0.009494988814644192 0.011857986450195312
1 0.5004917020383087 0.7475316213524859 0.010811391084090523 0.010340441828188688
1 0.8229707634967306 0.4432152095048324 0.008974655814792799 0.009119769801264223
1 0.5547814058220905 0.7319811738055684 0.009455204010009766 0.0100676909736965
1 0.6757878427920134 0.5095254545626432 0.009284807288128397 0.010305135146431301
1 0.37809029351110046 0.5928472746973452 0.009581970131915548 0.010244431702987007
1 0.3282274888909381 0.5195470374563466 0.010892474133035412 0.02114364375238833
1 0.7430372860120691 0.930199788964313 0.008262426956840183 0.008836248646611753
1 0.8345979607623556 0.9404515805451765 0.010733065397843071 0.011809473452360733
1 0.4027087792106297 0.5323696862096372 0.010110813638438349 0.011307985886283543
1 0.579635474992835 0.7874708382979684 0.010069681250530739 0.009765583535899286
1 0.35791123431661853 0.48969286421070923 0.010079342385996943 0.010766133018161938
1 0.245832111524499 0.4206428320511527 0.010342390640922215 0.010512600774350374
1 0.8587897342184315 0.3812999466191168 0.010140045829441235 0.0099612629931906
1 0.41060435512791504 0.5510531301083773 0.009731121685193933 0.01344373951787534
1 0.6425770054692808 0.9481320173844047 0.010219242261803669 0.01049829565960428
1 0.45583863880323333 0.6787143997524094 0.010798868925675102 0.011565125506857166
1 0.9331053858217986 0.3560375648996104 0.009161493052606997 0.009463092555170473
1 0.9316737962805707 0.3899892983229264 0.008977558301842731 0.008907950442770252
1 0.5022992776787799 0.793934034264606 0.008883331132971722 0.009745224662449049
1 0.20836349155591882 0.4362201276032821 0.00986791693645975 0.01035283959430197
1 0.755496481190557 0.5253770455070164 0.009233640587848166 0.008825675300929857
1 0.6332340033158012 0.46966492093127704 0.011409966841987942 0.010759674984475841
1 0.65374407560929 0.4598263191140216 0.009774912958559782 0.012881040573120117
1 0.694681395655093 0.5514192581176759 0.011048399883767834 0.010611243869947351
1 0.8021726815596872 0.4793196553769319 0.008811079937478771 0.008845702461574389
1 0.6755914480789847 0.49402259743731947 0.008889198303222656 0.010547513547150986
1 0.7759837689607039 0.44420619632886804 0.008226726366126019 0.008990681689718494
1 0.5673099393429964 0.8763436856477158 0.009534296782120415 0.009093740712041441
1 0.9324497969254203 0.7287921698197073 0.010800154312797215 0.01329815906027089
1 0.8970482245735499 0.37958287674447777 0.009464388308317764 0.009385679079138714
1 0.8324660218280294 0.3880639387213665 0.009252755538277004 0.008706528207530146
1 0.831441008526346 0.9291916930157207 0.009180566538935122 0.00918715933094854
1 0.39243036767710815 0.5169814669567606 0.010300968004309612 0.010134634764298149
1 0.43878941432289453 0.6226190587748652 0.0098153715548308 0.010540692702583645
1 0.5832022169361943 0.8889404794444209 0.009196613145911175 0.009147975755774456
1 0.27490585783253546 0.4495474877564803 0.009417513142461363 0.010354477426280146
1 0.5664071622102158 0.9680934574293053 0.010416611381199047 0.011815444282863453
1 0.5699437908504321 0.9395260396211043 0.009632214255954908 0.008873856585958729
1 0.7905392232148543 0.4549116570016612 0.008301734924316406 0.009973173556120499
1 0.7184646440588911 0.93797839206198 0.009081550266431726 0.009960962378460428
1 0.28864086192587146 0.46195202288420306 0.01072624455327573 0.012941319009532099
1 0.28788141582323157 0.47999912759532104 0.009922856869904892 0.010226539943529211
1 0.65744135690772 0.9215871147487473 0.009352746217147163 0.00996962837550951
1 0.8087653284487517 0.4015862786251565 0.008673128874405571 0.008257503094880478
1 0.7523605927177097 0.9871462946352751 0.011015104210895042 0.008710280708644701
1 0.33361293958581006 0.4663446675176206 0.010561486949091372 0.01130311385444973
1 0.6699255860370137 0.8294156530629033 0.009657030520231827 0.009044978929602581
1 0.7618145320726478 0.960487241330354 0.009779556937839674 0.010263277136761208
1 0.8790285690971044 0.3353291788826818 0.009899554045304008 0.00972490466159323
1 0.8097400872603707 0.5284518573595129 0.0088202020396357 0.009281034054963486
1 0.18152393465456756 0.4825952571371328 0.011575387871783714 0.010232966879139776
1 0.5518294106359067 0.9783243096393087 0.010619101317032524 0.011700505795686142
1 0.8694272248641306 0.36921758755393663 0.009361681730850883 0.008743856264197308
1 0.8145557279172151 0.48681726144707727 0.009244545646335768 0.008715225302654764
1 0.6865794555000639 0.47019346382306965 0.009022588315217392 0.009603697320689325
1 0.6275303778441057 0.875606350276781 0.009426925493323284 0.008921374445376188
1 0.7713624083477519 0.5577688009842582 0.009295546490213146 0.00942856332530146
1 0.5331062441286833 0.8702436737392261 0.010037505108377209 0.00967643571936566
1 0.49331070029217267 0.7102611583212147 0.010875618976095448 0.010583836099375849
1 0.36397409439086914 0.49732653991035797 0.010515171548594599 0.010051851687224014
1 0.6732437299645465 0.8509008573449175 0.009691570116126019 0.009314910225246264
1 0.9309087006942086 0.3005918419879416 0.009980409041694973 0.009734941565472147
1 0.650272099868111 0.8434779747672703 0.009844862896463146 0.009674528370732847
1 0.3228408739618633 0.45643398554428766 0.010310042163600092 0.009655859159386677
1 0.33089696842691174 0.4909296398577483 0.010392085365627125 0.009875722553419031
1 0.4106774122818656 0.6960243556810463 0.012066385020380434 0.012202055557914402
1 0.5916543628858484 0.8511333880217178 0.009488810663637907 0.008928464806598166
1 0.5418846088906993 0.6767103983008343 0.019927273625912872 0.01135266345480214
1 0.24010941256647522 0.38173868086027063 0.00964150221451469 0.011034473128940746
1 0.23214592104372772 0.4118724283964738 0.010289420252260954 0.010165629179581352
1 0.6583569360815961 0.9075260162353516 0.009272409522015116 0.009212245111880095
1 0.586327490599259 0.7420259973277217 0.013926340186077614 0.020866974540378735
1 0.7055444095445715 0.9872199348781419 0.010037007539168648 0.008477584175441576
1 0.9242653017458708 0.6573401015737782 0.009741202644679857 0.011258063109024712
1 0.3429810897163722 0.4767048203426858 0.010147924008576767 0.01164773236150327
1 0.5467698055764904 0.9363302147906759 0.011525195577870245 0.011474443518597145
1 0.4373496719028639 0.7031099692634915 0.011152474776558254 0.011563632799231487
1 0.22880045227382492 0.37310057101042376 0.010160425434941832 0.011457526165506115
1 0.6361149912295133 0.9022495435631793 0.010762836622155231 0.009979248046875
1 0.6679222894751508 0.9544619891954504 0.009577668231466541 0.010282475015391474
1 0.3550389538640561 0.5325285351794699 0.010816532632578974 0.010370109392249065
1 0.5961108000382133 0.838467971138332 0.009671584419582201 0.009025159089461617
1 0.39809152354364813 0.5777632982834525 0.011883196623429008 0.009198914403500765
1 0.665738292362379 0.47476399981457257 0.009621951891028362 0.009819994802060335
1 0.380280473957891 0.6041049024333125 0.011415440103282099 0.010442505712094515
1 0.3029867877130923 0.4947859618974769 0.010172221971594769 0.01052601441093113
1 0.29441248852273694 0.47079661618108337 0.010294458140497622 0.009813163591467815
1 0.7904085076373556 0.5386844510617463 0.009238865064538044 0.008792006451150646
1 0.7884647535241167 0.4926953626715619 0.010038127069887907 0.010230707085650902
1 0.9152619942374851 0.3795918744543325 0.009186578833538553 0.009110419646553371
1 0.6964140974957012 0.5210086988366168 0.00823199230691661 0.008909888889478601
1 0.5313547383184019 0.8459884394770083 0.00978826439898947 0.00948922530464504
1 0.304948962253073 0.5074463305266007 0.01012165650077488 0.011609118917713995
1 0.7607040197952932 0.5575658964074176 0.00917654452116593 0.009291192759638247
1 0.8959996181985607 0.345863506845806 0.008976977804432745 0.009092121020607326
1 0.9093049920123556 0.3948792478312616 0.008687641309655231 0.008817942246146824
1 0.34498309052508813 0.4665907776874045 0.01126656324967094 0.010438711746879246
1 0.5581591854924741 0.9185888870902683 0.009038137352984884 0.009127990059230639
1 0.45168880276058027 0.729892399000085 0.010451513787974482 0.010236905968707542
1 0.7933544076007345 0.47296022332232934 0.008673045946204144 0.008772228075110394
1 0.583446564881698 0.9367777782937755 0.009016161379606827 0.010457412056300953
1 0.8866540660028872 0.39146844718767243 0.009321627409561821 0.008838954179183296
1 0.3227186261311822 0.5030357215715491 0.010458916425704956 0.009640382683795431
1 0.725528095079505 0.46936939073645556 0.009445605070694633 0.00856706370478091
1 0.7723236498625383 0.9398292458575703 0.009830889494522758 0.01030291681704314
1 0.8194223486858867 0.5267446144767429 0.008263297702955164 0.008671428846276325
1 0.4437437161155369 0.6726356278295101 0.010155491206956946 0.01114486611407736
1 0.3824994797291963 0.5552333126897397 0.00994426789491073 0.010396584220554516
1 0.926077469535496 0.32885531352266023 0.010849164879840355 0.009732524014037588
1 0.6768416529116423 0.5216304011966871 0.010333102682362432 0.00979371692823327
1 0.5200958873914636 0.8583837799403979 0.010543615921683933 0.010693798894467562
1 0.5794003528097401 0.9113304926001509 0.00865148461383322 0.009112772734268852
1 0.6896936789802883 0.8023020080898118 0.009632898413616678 0.008636764858079992
1 0.7179329706274945 0.5170476125634235 0.009176378664763077 0.008998414744501528
1 0.5652401758276898 0.7314039520595383 0.010132374970809273 0.01046616098155146
1 0.8456991237142811 0.39171069342157117 0.010354622550632641 0.008495584778163744
1 0.8864649482395339 0.3800182549849801 0.009094901706861414 0.009500793788744055
1 0.8211518370586893 0.4983373310254967 0.009136407271675442 0.008696265842603601
1 0.37656757365102356 0.519943496455317 0.01811354574949845 0.010531860849131708
1 0.4801579713821411 0.6245221366053042 0.011335632075434145 0.01086933716483738
1 0.7215491999750552 0.8783529530400814 0.009495776632557745 0.009053935175356657
1 0.7134551794632621 0.8911384706911832 0.008603261864703634 0.008495455202849014
1 0.7832985338957414 0.44157567231551453 0.013088475102963655 0.008722885795261549
1 0.5534461788509203 0.9075694291487985 0.00918610199638035 0.009150961171025816
1 0.6434234536212423 0.476430110309435 0.010637780894403872 0.009876323782879374
1 0.7587520143260127 0.5109522239021633 0.009238491887631624 0.008658077405846638
1 0.7825357810310695 0.529596878134686 0.008284485858419666 0.008613109588623047
1 0.7769872623941173 0.957259406214175 0.00924520907194718 0.00938942121422809
1 0.8534976710443912 0.9275934385216754 0.011150608892026155 0.011359090390412704
1 0.5831044653187627 0.987433848173722 0.009679296742314878 0.009208762127420177
1 0.817663047624671 0.43283843994140625 0.008519255596658459 0.008800423663595448
1 0.41606366634368896 0.6153932343358579 0.009619868319967518 0.009770082390826681
1 0.7488166352976924 0.587886613348256 0.009591185528299084 0.009514497674029806
1 0.6043341470801312 0.795443928760031 0.01241613470989725 0.010415408922278362
1 0.9315790922745414 0.6715856220411218 0.009872934092646059 0.011291172193444294
1 0.6502555142278257 0.8083467483520508 0.010345251663871433 0.010519359422766644
1 0.9182436777197797 0.31467222130816913 0.00948959848155146 0.009679918703825577
1 0.5030591798865277 0.7333201740099036 0.009641979051672894 0.010284797005031421
1 0.7067954643912937 0.5519630390664806 0.009465549303137737 0.009177290874978771
1 0.6869062962739363 0.8473113930743673 0.008932155111561651 0.00850777004076087
1 0.5370692170184591 0.8255146897357443 0.009832009025242018 0.011347438978112263
1 0.40259603832079016 0.555616513542507 0.009957811106806215 0.009448942930802055
1 0.9030099122420602 0.3666805534259132 0.009087769881538723 0.008537056653395943
1 0.5460566023121709 0.9192588640295941 0.010357939678689709 0.010642673658288044
1 0.690495076386825 0.8327372177787447 0.009008656377377718 0.008431559023649796
1 0.7737849691639775 0.487481309020001 0.009147975755774456 0.009222497110781462
1 0.20420509835948114 0.41855430603027344 0.010439914205799932 0.010546311088230297
1 0.6555746119955311 0.9391448394111965 0.00951373058816661 0.00896453857421875
1 0.30267569293146546 0.4350801084352576 0.010266905245573624 0.010797428048175316
1 0.4482907989750738 0.6533922734467881 0.011086287705794624 0.01152026134988536
1 0.6415472445280654 0.9695664281430453 0.010136977485988453 0.011040563168733017
1 0.7394803503285283 0.975375693777333 0.009027398150900135 0.009638952172320822
1 0.5479548288428265 0.7674957565639331 0.009599810061247452 0.010130550550377888
1 0.6543718628261399 0.8567090656446374 0.009838394496751867 0.009434078050696331
1 0.7336365865624468 0.5550251940022344 0.008646301601244055 0.008905846139659052
1 0.6681847365006155 0.9226853329202404 0.009262002032736073 0.010572184687075407
1 0.6540851282036823 0.47061241709667706 0.010189367377239723 0.01082740659299104
1 0.4864063470259957 0.7792107540628185 0.009652054828146229 0.009933803392493206
1 0.5265376049539318 0.8168854091478431 0.009925013003141983 0.010553774626358696
1 0.6991317790487538 0.4731152472288712 0.00911186052405316 0.009456862574038298
1 0.46065265199412475 0.58524373303289 0.00966725142105766 0.010119168654732082
1 0.8446102971615999 0.9395645183065662 0.010214349497919497 0.010397662287173063
1 0.569919254468835 0.7721659618875255 0.010275716366975204 0.010111020958941917
1 0.6264681194139563 0.8375253262727156 0.009021510248598845 0.008914118227751358
1 0.7423532734746519 0.5942271066748578 0.008719900380010191 0.010232718094535496
1 0.5811342467432437 0.7790202265200408 0.010044699129850967 0.009773088538128397
1 0.6986598761185355 0.9091131583504055 0.008775089098059612 0.008795821148416271
1 0.5617254298666249 0.9295416085616404 0.010985457378885021 0.010194073552670687
1 0.5802442301874575 0.960047721862793 0.009896817414656929 0.009336554485818615
1 0.5911574467368748 0.9293183451113494 0.00911407885344132 0.008533560711404552
1 0.7293551486471425 0.8533798508022141 0.01115442358929178 0.01238876840342646
1 0.718349373858908 0.9728133367455524 0.008740632430366848 0.00813281017801036
1 0.5335280791572903 0.722387355306874 0.010844935541567595 0.01086823836616848
1 0.6931191941966182 0.7893423412157141 0.010277001754097317 0.009511450062627378
1 0.7179000895956288 0.8587089621502422 0.009011600328528362 0.009652013364045517
1 0.49023031151813007 0.7636404037475586 0.011193399843962296 0.011903431104577106
1 0.465142151583796 0.7662393528482189 0.009905141332875128 0.010539054870605469
1 0.791985034942627 0.5211258763852328 0.008814397065535835 0.008632991624915081
1 0.4085123849951703 0.5958013223565143 0.010241923124893852 0.010509304378343664
1 0.1858498531839122 0.43184377836144483 0.0107452973075535 0.010567748028299084
1 0.573617696762085 0.899973143701968 0.009205341339111328 0.009774954422660496
1 0.8540204918902853 0.3553628118141837 0.009925676428753397 0.010172807652017345
1 0.4106119119602701 0.6769288726474929 0.011617385822793713 0.012130529984183933
1 0.8308552244435186 0.430190718692282 0.008713307587996773 0.008784273396367613
1 0.7977868163067362 0.4242140521173892 0.009525921033776325 0.009414963100267492
1 0.6287536413773246 0.9454282885012419 0.010379915652067764 0.008918223173721977
1 0.7471901022869608 0.9537568299666697 0.009877992712933084 0.010069556858228601
1 0.5540097589078158 0.8861319500467053 0.00937584172124448 0.00959802710491678
1 0.5486988399339758 0.7564632581627887 0.01042938232421875 0.01065337139627208
1 0.4081123600835386 0.6439180996107019 0.011567240175993546 0.010684510935907778
1 0.5462529866591744 0.7815316034399946 0.010273041932479195 0.009926298390264097
1 0.4435453000275985 0.7159385059190833 0.011719993923021399 0.012158559716266136
1 0.8698896947114363 0.34876457634179486 0.010329163592794666 0.009254971276158873
1 0.5643092445705248 0.8182611258133597 0.009282153585682745 0.009921820267387058
1 0.7628445625305176 0.5426461074663245 0.009161700373110563 0.010021686553955078
1 0.7826736284338911 0.562829121299412 0.010193700375764267 0.010920441668966541
1 0.6083659192790156 0.8089109918345575 0.012992962546970532 0.010429299396017323
1 0.7758702817170515 0.9266693695731786 0.010507003120754078 0.010925375896951427
1 0.7439459925112517 0.523145748221356 0.00900857344917629 0.009166074835735819
1 0.5820596321769382 0.8692730198735775 0.009827530902364979 0.009090340655782948
1 0.5505234676858654 0.680195891338846 0.010983425637950068 0.01060460961383322
1 0.7093780559042225 0.5297053067580514 0.009375820989194124 0.008592875107474949
1 0.37909920319266943 0.5315986819889233 0.011962434519892153 0.011538484822148863
1 0.5770972604336947 0.9768842199574346 0.009235651596732761 0.009282651154891304
1 0.7287486532460088 0.9004617981288743 0.008203672326129416 0.009218340334684952
1 0.8097031427466351 0.4258617473685223 0.008584022521972656 0.00843805852143661
1 0.45197538707567303 0.7603679947231126 0.012221751005753227 0.011745577273161514
1 0.5715797880421514 0.8072938711746879 0.009764671325683594 0.009597239287003227
1 0.7822899196458899 0.5470781740934954 0.00938904803732167 0.009293017180069633
1 0.6767780055170474 0.48006585369939386 0.01022438381029212 0.010121615036674168
1 0.8483346234197202 0.36914378663767944 0.008336647697117018 0.008050483206044073
1 0.7081838068754776 0.48648462088211725 0.00904195205025051 0.008689154749331266
1 0.44997036975363025 0.5813806575277577 0.010587111763332203 0.010163224261739979
1 0.20968984520953632 0.46129820139511774 0.010367227637249489 0.010570764541625977
1 0.37142038345336914 0.5300593168839164 0.010511439779530401 0.010437592216159985
1 0.9325598426487134 0.6821648556253185 0.00878317459769871 0.009937286376953125
1 0.7090009606402853 0.9451839405557384 0.009388052898904552 0.009579658508300781
1 0.3045160148454749 0.4508095254068789 0.010595259459122368 0.010210731755132261
1 0.8304128646850586 0.40249904601470277 0.008871078491210938 0.008820518203403639
1 0.21156641711359442 0.40256909442984545 0.009706683780836023 0.009723056917605192
1 0.4241936621458634 0.6425095019133193 0.009456074756124744 0.009319222491720448
1 0.9328806918600331 0.7039383597995923 0.008959728738536005 0.0114288330078125
1 0.5979169969973357 0.8694500301195227 0.009567302206288214 0.009450166121773098
1 0.7050746627475903 0.8644521754720936 0.008400502412215523 0.00897453142249066
1 0.5677734146947446 0.9127924545951511 0.009578684101934019 0.009940769361413044
1 0.5641728484112284 0.9853388744851818 0.009958059891410496 0.009949808535368546
1 0.21355114812436313 0.42416810989379883 0.011346029198688011 0.00988931241242782
1 0.6880185500435207 0.9692257798236348 0.009168873662533968 0.00905472299327021
1 0.9097268892371136 0.32415264391380816 0.009785942409349524 0.009484473777853924
1 0.25739198145659076 0.44282990434895386 0.009702578834865404 0.010965129603510317
1 0.8243720013162364 0.917901080587636 0.009345676587975544 0.009386477263077446
1 0.6719481012095576 0.9675063672273057 0.011586396590523098 0.009739668472953465
1 0.7964391086412512 0.5077377920565398 0.009126953456712805 0.0091168154840884
1 0.6306666291278341 0.9590816705123238 0.009733822034752888 0.0094000360240107
1 0.7021149967027748 0.8265522251958434 0.008960018987241 0.009434575619904892
1 0.5911334908526876 0.8286902593529742 0.010300843612007473 0.009772715361221977
1 0.22500936881355618 0.425492991571841 0.009719744972560717 0.010664483775263247
1 0.4694521478984667 0.5947962843853495 0.010514394096706226 0.00969870194144871
1 0.736309880795686 0.5324000690294348 0.008834673010784647 0.008637428283691406
1 0.854419065558392 0.9424288998479429 0.01017010730245839 0.010555474654487942
1 0.7720759225928266 0.529234502626502 0.008874188298764437 0.00935394867606785
1 0.7111456912496815 0.9131093854489534 0.008609854656717052 0.008225192194399626
1 0.5019928476084834 0.6593432944753895 0.010093523108440895 0.012085935343866762
1 0.4670294626899388 0.7811659729999043 0.009981621866640837 0.010555640510890796
1 0.8291543255681577 0.9760070469068445 0.010718843211298403 0.011560854704483696
1 0.8077977221945056 0.4964283860248069 0.010851984438688858 0.011010501695715862
1 0.6984662595002546 0.5385206471318784 0.009441126947817595 0.008654635885487432
1 0.9162055305812669 0.36909824868907104 0.008967772774074389 0.00905808158542799
1 0.7217803830685823 0.5628830660944399 0.00977089094079059 0.009558760601541271
1 0.3287757064985193 0.5148881829303243 0.009555547133735989 0.01010496720023777
1 0.47924920268680743 0.682181855906611 0.011100945265396782 0.012258280878481657
1 0.6722861165585726 0.8788150911745818 0.009661384250806726 0.0093530157338018
1 0.5451978807863981 0.860787930695907 0.011545305666716202 0.011476931364639946
1 0.4267246308534042 0.6232045837070631 0.012191461480182152 0.013242431308912195
1 0.5726872527081034 0.8892221450805664 0.00914876357368801 0.008959977523140285
1 0.5518752388332201 0.7452453530353048 0.0098540679268215 0.010096591451893682
1 0.8201596218606702 0.3947611813959868 0.008896454520847486 0.008709435877592667
1 0.7845446752465289 0.4781040523363196 0.008834051049273947 0.009118038675059443
1 0.8124250329059103 0.968075296153193 0.01162155814792799 0.011286362357761547
1 0.26611659837805707 0.45592565121858014 0.009737553803817085 0.01065088355022928
1 0.5340891713681428 0.7788460772970448 0.011060134224269703 0.010203320047129755
1 0.391828495523204 0.5577168050019637 0.00980551346488621 0.010352383489194124
1 0.8018849621648373 0.9741173205168352 0.009205154750658117 0.00918015189792799
1 0.31938624382019043 0.4867298188416854 0.010429900625477667 0.010206243266230043
1 0.6564846453459368 0.8838175276051397 0.00906571097995924 0.009071806202764097
1 0.589033956113069 0.899524626524552 0.009214235388714334 0.00898216081702191
1 0.221051838086999 0.47173580916031554 0.010876945827318274 0.011930673018745754
1 0.736935097238292 0.9608236188473909 0.009762432264245075 0.010035846544348675
1 0.7129964206529701 0.4688273668289185 0.00971947545590608 0.00911197455033012
1 0.4434151856795602 0.770572848941969 0.010288238525390625 0.011058682980744736
1 0.5204175347867218 0.739379758420198 0.010272171186364216 0.010563145513119905
1 0.1726490777471791 0.46686383952265204 0.010399186092874279 0.01395515773607337
1 0.4791330254596213 0.7965223063593326 0.011079705279806385 0.011892567510190218
1 0.7529037724370543 0.9720844393191131 0.009655828061311142 0.01039285245149032
1 0.5933559977489969 0.9686813769133196 0.010375209476636804 0.010275467582370922
1 0.8640434845634128 0.3596404907496079 0.009355462115743885 0.009492467279019564
1 0.7213602273360543 0.5046243874923043 0.009200096130371094 0.009294136710788893
1 0.7163078681282374 0.537558130595995 0.008529953334642492 0.00876797800478728
1 0.7618971285612686 0.9416042410809061 0.009280412093452785 0.008595508077870245
1 0.4580019142316736 0.5993363649948783 0.010788274847942848 0.010237258413563604
1 0.6959346480991531 0.9807147979736327 0.009402689726456352 0.00951874774435292
1 0.6392472619595734 0.8133281002873961 0.009699883668319038 0.009204740109650986
1 0.7229865530262823 0.9871700742970342 0.010157046110733696 0.009224808734396229
1 0.5775501417077106 0.7483211392941682 0.012887705927309782 0.011322394661281421
1 0.7801738821941874 0.968119932257611 0.009421804676885191 0.00978075939676036
1 0.7676523042761761 0.5181286542311959 0.008763603542162024 0.008989354838495668
1 0.6639593580494757 0.8949242052824602 0.010009475376295008 0.009386062622070312
1 0.7062131010967754 0.8384245789569357 0.008759747380795687 0.009067162223484205
1 0.6166687633680261 0.9632181706635847 0.009430968243142834 0.00924794570259426
1 0.2666441357654074 0.4261942117110543 0.01155096551646357 0.010227410689644192
1 0.4146248568659243 0.626642082048499 0.010251625724460766 0.010285626287045687
1 0.7069199810857358 0.9018749361452849 0.009235838185185972 0.008412941642429518
1 0.7682713632998259 0.971490072167438 0.010090123052182405 0.00919930831245754
1 0.35014268626337464 0.5530019221098527 0.018726265948751698 0.010517244753630264
1 0.4841338344242263 0.7244768350020699 0.014026496721350628 0.012025045311969261
1 0.656984225563381 0.8224533122518787 0.008793996727984884 0.01091604647429093
1 0.4928702271502951 0.7990106914354407 0.010390945102857508 0.01087188720703125
1 0.8317778421484907 0.4562997817993164 0.010051188261612602 0.011862443841021995
1 0.7109902423361073 0.9627096963965375 0.008879205454950747 0.009278629137122112
1 0.6938905301301375 0.9366561433543332 0.009608973627505095 0.009534545566724695
1 0.7972559306932532 0.5290553984434707 0.009305788123089334 0.009034218995467476
1 0.4935818029486615 0.6527615215467371 0.011635220569113026 0.01177655095639436
1 0.5580175959545634 0.8668910316798997 0.00951441474582838 0.00944320015285326
1 0.36479819339254627 0.540936387103537 0.011029906894849695 0.010202739549719769
1 0.7265446911687437 0.4571222637010657 0.00943229509436566 0.009197898533033289
1 0.5550912670467212 0.7932956944341245 0.012742934019669243 0.010305238806683083
1 0.639748884283978 0.8487305433853812 0.0098120233286982 0.00900169040845788
1 0.34905287493830145 0.4909726225811502 0.009997264198634935 0.01027890910273013
1 0.7396657363228176 0.9049023337986157 0.008838321851647419 0.008179042650305706
1 0.643559518067733 0.8775070024573286 0.008825509444527004 0.009564855824346128
1 0.5291078919949739 0.6626770392708157 0.01969567589137865 0.011435550192128057
1 0.6439788134201713 0.5003155832705292 0.010369487430738367 0.010151324064835258
1 0.9332959133645764 0.3133324540179709 0.007780738498853601 0.008746520332668139
1 0.7257309789242952 0.5440562497014585 0.009307529615319294 0.01126874011495839
1 0.8920257402502972 0.3579687618690988 0.009284309718919836 0.009961234486621359
1 0.5246962671694548 0.8344510119894276 0.009690243264903193 0.010875784832498302
1 0.2946437649104906 0.45065559511599335 0.010267817455789318 0.010936094366985817
1 0.3668050144029701 0.575776079426641 0.010531757188879925 0.010688242704971977
1 0.8114745305932086 0.5040691002555515 0.00878081114395805 0.008799718773883322
1 0.8532004149063773 0.4014094731082087 0.008489608764648438 0.00880035628443179
1 0.7334977440212085 0.8895372515139373 0.008320601090140965 0.00880983601445737
1 0.5068115980728812 0.8273417638695758 0.011482902195142664 0.010920524597167969
1 0.746922596641209 0.4677644190580949 0.011809929557468579 0.009841960409413214
1 0.7480348089466924 0.5116014895231826 0.009132053541100544 0.009423629097316576
1 0.5231793756070344 0.7532739431961722 0.011257772860319717 0.010515171548594599
1 0.476914582045182 0.7681252438089123 0.009898040605627972 0.009580860967221468
1 0.41272414248922595 0.5777674965236499 0.010079383850097656 0.011015767636506454
1 0.49740127376888116 0.6394601490186609 0.010856721712195355 0.010744136312733526
1 0.3799270961595618 0.5800836293593697 0.01077345143193784 0.01089570833289105
1 0.2933912380881932 0.4878413262574569 0.010358416515847912 0.010656336079473082
1 0.8127336709395699 0.460853213849275 0.009350444959557575 0.009427671847136124
1 0.7473596489947777 0.5356894990672236 0.009464927341627039 0.008979838827381964
1 0.8319332081338634 0.3673526100490404 0.010323690331500511 0.008555785469386889
1 0.5624513418778129 0.8328078311422596 0.009039049563200577 0.009372545325237772
1 0.5893045922984248 0.9172416769939922 0.009544455486795177 0.009378682012143343
1 0.7602858958037004 0.47781781528307044 0.008790099102517834 0.009460718735404636
1 0.22380402813787043 0.450399751248567 0.01018318922623344 0.010919944099757984
1 0.6836483789526899 0.7883700080539868 0.008281334586765455 0.009540309076723845
1 0.5104999749556832 0.8165144505708115 0.009877370751422384 0.008992278057595959
1 0.281190592309703 0.43055756714033044 0.01063531378041143 0.01025136657383131
1 0.6828038796134618 0.8736452849014945 0.0092804535575535 0.018819891888162365
1 0.7824994584788446 0.45859175143034564 0.008292115252950916 0.008876220039699389
1 0.7855187499004862 0.5048041965650476 0.009135577989661175 0.008121034373407778
1 0.6939914744833241 0.484023524367291 0.009107548257578974 0.009276379709658415
1 0.7634986172551694 0.9811745933864429 0.009340659431789232 0.009001441623853601
1 0.5106489243714707 0.6403722659401272 0.010277685911759087 0.011387970136559528
1 0.4389483410379161 0.5859649285026218 0.008996611056120499 0.008878210316533628
1 0.8053138152412747 0.986718924149223 0.011164872542671535 0.009309436963952106
1 0.7303584762241531 0.49464735259180487 0.008266075797702955 0.008167401604030443
1 0.4318194803984269 0.6693294151969578 0.010828391365382984 0.011748148047405739
1 0.5316386222839354 0.8576020365175994 0.012131027553392492 0.009275104688561481
1 0.8119482579438582 0.47397939018581225 0.008205704067064367 0.008937462516452955
1 0.3814543433811354 0.543543991835221 0.010022619496221128 0.011504774508268936
1 0.6891581701195758 0.8138771471769912 0.009269175322159477 0.009521401446798573
1 0.4118405995161637 0.5651207177535348 0.010840301928312882 0.009398460388183594
1 0.3835347217062246 0.5205760831418244 0.014864299608313519 0.010677876679793648
1 0.6811573194420856 0.9165102295253587 0.008812531181003736 0.008782884348993715
1 0.37777044462121045 0.5035262522490128 0.010086598603621773 0.01680071457572605
1 0.7416253297225288 0.578893816989401 0.008715919826341711 0.00969026399695355
1 0.5972906402919603 0.9085322670314624 0.008931242901345959 0.008377158123513927
1 0.6747934610947318 0.8079737580340843 0.015046140421991762 0.010314651157545008
1 0.6831815761068593 0.9428574105967645 0.009336927662725035 0.009969296662703804
1 0.6643656233082647 0.8650508341581924 0.009146192799443785 0.009270419245180876
1 0.729277983955715 0.9503396075704823 0.009433912194293478 0.008941318677819294
1 0.6402569128119427 0.46118601508762525 0.009432771931523863 0.012949860614279041
1 0.4755114627921063 0.7558758155159329 0.010634391204170559 0.010089169377866
1 0.37899542373159656 0.5094866752624512 0.010656014732692554 0.012188165084175442
1 0.433865847794906 0.5698981077774711 0.010360448256782864 0.00977424953294837
1 0.8457015286321224 0.4194514647774074 0.008414185565450916 0.008398698723834494
1 0.7123174252717392 0.5004102976425834 0.008723715077275816 0.008578984633735989
1 0.7561514066613237 0.5719422568445619 0.009063637774923573 0.009492065595543903
1 0.7951509848884915 0.43686244280441955 0.008809172588845959 0.008726876714955206
1 0.6044860715451448 0.8560869797416355 0.010485732037088146 0.009373872176460598
1 0.49928055638852326 0.620051560194596 0.012847361357315727 0.011329920395560886
1 0.5955103376637334 0.983700068100639 0.011057273201320484 0.01173927472985309
1 0.6968284275220787 0.500689351040384 0.008456520412279211 0.009432315826416016
1 0.6758045942887015 0.929037861202074 0.008789477141007133 0.010043061297872791
1 0.7154295133507769 0.478263953457708 0.00866674340289572 0.008460967437080715
1 0.6241418382395869 0.9725625411323879 0.009640693664550781 0.00988595382027004
1 0.4287213294402412 0.6799479774806811 0.009391712105792501 0.009575553562330164
1 0.770463570304539 0.45629149934519897 0.008581824924634851 0.0087976248367973
1 0.7466752010843029 0.9427509722502336 0.009773171466329823 0.009566182675568954
1 0.476270898528721 0.7802506737087083 0.011407821074776028 0.009825996730638586
1 0.6592557326607082 0.9504841514255691 0.009834787119989809 0.009768444558848505
1 0.5337347569672959 0.8797508115353792 0.00875029356583305 0.008197825887928839
1 0.49917801566745923 0.7811594009399415 0.011306928551715355 0.010088630344556726
1 0.8248453614085149 0.4113572192605654 0.008167610395581469 0.008837426102467509
1 0.6413247274315875 0.9236821506334388 0.008427951646887737 0.009076201397439709
1 0.229967563048653 0.43544810751210095 0.014267195825991423 0.012735200964886208
1 0.5787775205529254 0.7621481107628864 0.009444734324579653 0.00981903076171875
1 0.6619569425997527 0.4966037791708242 0.014893676923668903 0.010903690172278362
1 0.4361336283061815 0.7358746321304984 0.014015187387881071 0.011857240096382473
1 0.5870326705600905 0.7550596154254415 0.010125906571097996 0.01044903630795686
1 0.7464113650114639 0.48028090725774353 0.009404223898182745 0.009366014729375425
1 0.5422821977864141 0.8835686808047087 0.010273663893989895 0.010079010673191235
1 0.31308074619459064 0.45896767533343774 0.008951850559400476 0.009533737016760784
1 0.5953856758449388 0.9562781168066938 0.010085396144701086 0.008908686430557915
1 0.8411080318948497 0.353173932303553 0.007833812547766644 0.007780463799186375
1 0.2127371248991593 0.45166983811751654 0.01108551025390625 0.009578165800675102
1 0.6875920088394828 0.5278650988703188 0.008532068003778872 0.01017524885094684
1 0.5542568953140922 0.8752417149751084 0.009628959324048914 0.00911948991858441
1 0.35410629795945214 0.5532487268033235 0.012230492156484852 0.009232749109682829
1 0.40516610767530353 0.5438501212907874 0.012159969495690388 0.011012927345607593
1 0.7339343817337699 0.9852746051290759 0.008821280106254246 0.007981673530910326
1 0.5355370770330015 0.79052560225777 0.011978605519170347 0.009704258130944294
1 0.5640023480290952 0.718616423399552 0.009963284368100374 0.010556386864703636
1 0.6897475823112156 0.9249172418013863 0.008904954661493715 0.009934922923212465
1 0.5773895927097487 0.7336550588193147 0.012006842571756115 0.010333931964376698
1 0.6931713767673657 0.94841250129368 0.00933174465013587 0.009093367535135021
1 0.6999430241792097 0.8757945558299188 0.008158103279445482 0.008556490359099014
1 0.6499392260675845 0.9314166359279468 0.009189813033394192 0.012114400449006454
1 0.7723679335221 0.9180170349452805 0.01053694020146909 0.013675979945970617
1 0.8222893010015073 0.4230352070020593 0.008320103520932405 0.00782012939453125
1 0.8396931316541588 0.4098304821097333 0.008985726729683254 0.008733635363371475
1 0.5566732365152108 0.7150540016025979 0.011042014412257984 0.013108004694399626
1 0.5533798259237538 0.9445346127385679 0.009652718253757643 0.010535323101541271
1 0.6140032851177714 0.9502417730248492 0.010586406873620075 0.009411811828613281
1 0.5676955554796301 0.8583681065103282 0.00915514904519786 0.00955851181693699
1 0.18952341701673425 0.4621188018632971 0.010985229326331097 0.01232966132785963
1 0.7072975531868313 0.9357081081556238 0.009131846220596977 0.008571417435355808
1 0.6318645477294923 0.9868710352026899 0.010000892307447351 0.008493299069611923
1 0.7035496131233547 0.9227927456731382 0.008831065634022589 0.00875153748885445
1 0.9223208012788193 0.3558010368243507 0.009705792302670687 0.00874368781628816
1 0.5361021601635477 0.6641312267469324 0.012434648430865745 0.010991345281186312
1 0.6654900053273076 0.4860199430714483 0.009805637857188349 0.01575623387875764
1 0.6342285508694856 0.8284035558285922 0.009255637293276579 0.007879340130349865
1 0.9182531937308933 0.39162387796070264 0.009657901266346807 0.009526859159054964
1 0.906469262164572 0.3474518229132113 0.008791467417841372 0.008953781231589939
1 0.5795093101003895 0.8579254357711129 0.0099401681319527 0.009546653084132982
1 0.5995852221613345 0.9465288079303243 0.009614488352899965 0.009264738663383152
1 0.23448707746422812 0.42160251347914984 0.01119443644648013 0.013885280360346254
1 0.2475100289220395 0.43039262813070545 0.011700899704642918 0.010293027629023012
1 0.6736872921819272 0.9758948015973378 0.010110398997431224 0.007080157075451643
1 0.5226275195246157 0.7914095546888269 0.010037007539168648 0.0097662469615107
1 0.624865894732268 0.8236899168595023 0.01164388656616211 0.010145519090735394
1 0.691809488379437 0.8844249766805897 0.00834066971488621 0.008338057476541271
1 0.7726147900456967 0.4755447377329287 0.009374742922575577 0.008709627649058466
1 0.7442022199216095 0.8803760072459345 0.008678560671599014 0.009121314339015795
1 0.5544983615045962 0.8396917011426842 0.009463973667310633 0.009837855463442595
1 0.6314294856527577 0.9332207389499829 0.009800910949707031 0.008558770884638247
1 0.8077193550441577 0.5179468134175176 0.010138221409009851 0.012453680453093155
1 0.8144868560459304 0.451301968615988 0.008307539898416271 0.010393681733504585
1 0.7531392885291058 0.489407876263494 0.007868974105171535 0.008069919503253439
1 0.7716237980386487 0.501341788665108 0.009410567905591883 0.009659082993217136
1 0.6839186419611392 0.9048003735749617 0.009187242259149965 0.009242099264393682
1 0.29138498720915423 0.42973421449246607 0.010669500931449558 0.01096554424451745
1 0.8425171271614407 0.375664208246314 0.00828763713007388 0.009678560754527216
1 0.5901410165040389 0.7466322857400646 0.009806156158447266 0.009695053100585938
1 0.6911981831426206 0.4919134430263354 0.009330334870711617 0.00901806872823964
1 0.6269405510114587 0.8111344420391581 0.010381760804549507 0.010489132093346638
1 0.6833312822424848 0.8589907314466394 0.008852585502292799 0.00890487173329229
1 0.6783478778341541 0.8377657351286516 0.008630006209663723 0.008044035538383152
1 0.6238264830216117 0.9207119941711426 0.01187034275220788 0.009571531544560972
1 0.22544895047726837 0.3834562094315239 0.011384238367495329 0.01453636003577191
1 0.21613296218540357 0.39144076730894006 0.01152633584063986 0.01027579411216404
1 0.7690422431282375 0.951229012530783 0.009479978810185972 0.009554655655570652
1 0.8016553547071374 0.9827741539996603 0.008465062017026155 0.010725767716117527
1 0.5689315173936926 0.7576280884120776 0.012280132459557575 0.010542952496072521
1 0.6959823940111243 0.8631363744321076 0.009593217269234035 0.008551887843919836
1 0.9316360017527705 0.6921087140622346 0.008101960887079653 0.009929200877314028
1 0.5118629621422809 0.7654845403588336 0.01619919486667799 0.01737565579621688
1 0.7456147981726605 0.5985865178315537 0.009890763655952785 0.008592232413913893
1 0.7464576804119608 0.5619073121444039 0.008829116821289062 0.008207321166992188
1 0.6050378757974376 0.9635428760362708 0.009583804918372112 0.010610538980235224
1 0.5163631853849993 0.7562469606814176 0.010332853897758152 0.009941391322923742
1 0.899576539578645 0.3902088870172915 0.008232406947923742 0.008604505787725035
1 0.9331917970076852 0.6633411283078401 0.009212659752887228 0.012499228767726734
1 0.42315646876459534 0.5776277521382207 0.009938903476880945 0.008617131606392239
1 0.5856187447257664 0.8396390002706776 0.009775120279063349 0.010446963102921196
1 0.9141001908675485 0.3585354141567065 0.008463071740191916 0.008390551028044327
1 0.6139788420304008 0.8116013278131899 0.010420591934867527 0.008642155191172724
1 0.7081755555194357 0.519541885541833 0.008953550587529722 0.00800435439400051
1 0.34006315728892456 0.4850738877835481 0.012484384619671364 0.009836155435313349
1 0.5342243650685186 0.687942587811014 0.010874914086383324 0.011782355930494226
1 0.7504052493883215 0.9000097772349482 0.008732132289720617 0.008936177129330843
1 0.6308556328649106 0.8489678838978644 0.009143808613652769 0.0074312790580417796
1 0.4019044585849928 0.5675611081330673 0.013452156730320141 0.010064290917438011
1 0.7369938311369524 0.48126988307289453 0.010417938232421875 0.008650644965793776
1 0.9320633722388226 0.37827762054360425 0.009275560793669327 0.00881412236586861
1 0.7629938332930857 0.4913283638332201 0.008702361065408459 0.009260882502016813
1 0.5560570385145105 0.8132156289142111 0.010728462882663891 0.010396957397460938
1 0.5805613165316373 0.9464744484942892 0.009799687758735989 0.01073480689007303
1 0.7396474506544031 0.8872153033380923 0.008402451224949049 0.00769768590512483
1 0.2608422196429709 0.43141566152157984 0.010303994883661684 0.011199743851371433
1 0.35114808834117384 0.542258594347083 0.010003450124160103 0.010986493981402855
1 0.6798356304997983 0.8070436353268831 0.00860558385434358 0.008752781411875849
1 0.41459524631500244 0.647522490957509 0.011488655339116636 0.011077341826065727
1 0.3160651352094567 0.49774010285087256 0.011337383933689282 0.009329878765603771
1 0.45235214026077936 0.5896517712136974 0.008096881534742273 0.00853903397269871
1 0.264245489369268 0.3990699311961298 0.010459485261336617 0.010210990905761719
1 0.5717314429905104 0.8665701410044795 0.008951850559400476 0.008888327557107677
1 0.618658159090125 0.8534596069999364 0.00813150405883789 0.009044730144998302
1 0.31660478011421533 0.47559776513472846 0.009904032168181046 0.009809825731360394
1 0.7553599813710088 0.5001911702363387 0.009419482687245245 0.009542174961255945
1 0.7537852577541186 0.5470244158869204 0.009550094604492188 0.009265692337699558
1 0.3641108844591223 0.5903371727984884 0.00972735363504161 0.009691404259723166
1 0.6197198370228643 0.892076989878779 0.008386238761570143 0.009117955746858017
1 0.6027177727740743 0.9212449115255604 0.00829141036323879 0.008621298748513927
1 0.686742119167162 0.5084274955417799 0.009718521781589674 0.007982419884723166
1 0.6149211551832117 0.9341141244639521 0.009602836940599524 0.008616240128226902
1 0.7183728840040123 0.5527800891710364 0.01086152118185292 0.010324022044306215
1 0.2169455963632335 0.4426284924797389 0.00977269462917162 0.011643233506575874
1 0.5633298106815503 0.9470483323802119 0.009655931721562925 0.008876676144807236
1 0.6058044226273246 0.8807544293610945 0.008890483690344769 0.010753216950789742
1 0.4340064421943996 0.5779854629350745 0.009127782738727072 0.009520966073741083
1 0.4874701085297958 0.6198882538339366 0.013443283412767492 0.011476205742877464
1 0.613650425620701 0.909103372822637 0.008429029713506285 0.008945589480192764
1 0.8434671733690344 0.3437158789323723 0.0073717366094174595 0.00809109470118647
1 0.8440102701601775 0.4014940754227016 0.008325908495032269 0.008393189181452211
1 0.7371521618055261 0.5677539369334346 0.008864817412003227 0.009171320044476053
1 0.9331110664035962 0.6572407224903937 0.0075170268183169155 0.008923613506814709
1 0.5125603572182034 0.7391807514688243 0.013825105584186058 0.01102136529010275
1 0.4327092999997346 0.765532742375913 0.010924919791843579 0.01039148413616678
1 0.7280605564946715 0.9732458695121433 0.010344380917756454 0.008709948995838995
1 0.5220955351124639 0.7800745134768279 0.010517493538234546 0.009868248649265455
1 0.6457800346872082 0.8204187102939771 0.00950616338978643 0.008365009142004925
1 0.6115574007448942 0.8431215286254883 0.009960713593856148 0.00883658035941746
1 0.6882975827092709 0.9878808104473612 0.00906384509542714 0.007572630177373471
1 0.6009012512538745 0.9341118232063625 0.010036095328952954 0.008986141370690388
1 0.5142292458078136 0.7964524393496306 0.008480673250944717 0.013272658638332203
1 0.6586415456688921 0.49857487885848334 0.008950731028681215 0.009423380312712296
1 0.4273676042971404 0.6515984327896781 0.009777525196904722 0.011654812356700068
1 0.6268137226934019 0.8998899874479873 0.009195078974184782 0.007552271303923234
1 0.21531369375145953 0.4120868288952371 0.013374183488928753 0.009279727935791016
1 0.6098900877911112 0.893076108849567 0.00936437689739725 0.009735190350076427
1 0.7051563775650226 0.505423031037285 0.008723715077275816 0.008578984633735989
1 0.6818829725181935 0.49038483085318013 0.008723715077275816 0.008578984633735989
1 0.774618540320174 0.46496311149433617 0.008723715077275816 0.008578984633735989
1 0.7373810922452475 0.4685436353476945 0.008723715077275816 0.008578984633735989
1 0.7785571165588682 0.5124050525513336 0.008723715077275816 0.018962503808475435
1 0.8205415151919182 0.47075691871778974 0.008205704067064367 0.008937462516452955
1 0.8141037898484399 0.4095669573338862 0.008167610395581469 0.008837426102467509
1 0.5734518729489637 0.7089288329182267 0.010525102200715439 0.01098143536111583
1 0.5722703000773555 0.7215322768820478 0.010525102200715439 0.01098143536111583
1 0.581329025426352 0.7235015650013947 0.010525102200715439 0.01098143536111583
1 0.5592760565426621 0.7237365725098543 0.009963284368100374 0.010556386864703636
1 0.6392440863997674 0.8367823951614903 0.009844862896463146 0.009674528370732847
1 0.6439703778862003 0.8304806731795794 0.009844862896463146 0.009674528370732847
1 0.7082140342804675 0.8813085625640905 0.008158103279445482 0.008556490359099014
1 0.7023061699224263 0.8844594235550458 0.008158103279445482 0.008556490359099014
1 0.694429017445038 0.8978505827666058 0.008158103279445482 0.008556490359099014
1 0.6857641497199108 0.8935181489040422 0.008158103279445482 0.008556490359099014
1 0.6822194311050861 0.8868225692982619 0.008158103279445482 0.008556490359099014
1 0.6735545633799589 0.8868225692982619 0.008158103279445482 0.008556490359099014
1 0.6578002584251823 0.875006840582179 0.008158103279445482 0.008556490359099014
1 0.6444090992136222 0.8864287116743919 0.008158103279445482 0.008556490359099014
1 0.7542953762731888 0.9092724538588179 0.008158103279445482 0.008556490359099014
1 0.7605970982550994 0.9167557487123368 0.008158103279445482 0.008556490359099014
1 0.7542953762731888 0.9250267588135942 0.008158103279445482 0.008556490359099014
1 0.755476949144797 0.9332977689148519 0.008158103279445482 0.008556490359099014
