1 0.2490361151487931 0.5654928787894871 0.01280678873476775 0.013113104778787365
1 0.25691799495531165 0.2981276304825493 0.014806705972422724 0.01539823283319888
1 0.25944423675537115 0.354703374530958 0.013754222704016644 0.014721061872399372
1 0.24738671468651813 0.3769247635551121 0.01625954586526622 0.01478178604789402
1 0.28324639278909436 0.6221082521521527 0.01260587443476138 0.013496979423191235
1 0.21828581975853964 0.3443857068600862 0.026551930800728173 0.015609036321225374
1 0.25443613010904065 0.39376538732777466 0.032186943551768425 0.015219854271930199
1 0.24194905032282288 0.35524666827657947 0.01430969652922257 0.01464279838230299
1 0.18016356488932733 0.3154848554859991 0.015130094859911047 0.016078700190005096
1 0.15691880039546802 0.250498336294423 0.014588304187940515 0.014877277871836786
1 0.21438243078148883 0.32630060030066455 0.015128861302914827 0.016128954680069633
1 0.267010730245839 0.38398288643878437 0.014310961184294327 0.02578250221584154
1 0.2662670612335205 0.2272950566333273 0.01460023548292077 0.01460732584414275
1 0.23778931990913724 0.5034471802089525 0.012928257817807405 0.01319648908532184
1 0.1821653428285018 0.3752963853918988 0.015723456507143768 0.01514036759086277
1 0.14504921436309814 0.48048156240712037 0.01357052637183148 0.013937576957370922
1 0.1132916315742161 0.10455526476321012 0.01418894270192022 0.013829272726307745
1 0.1057810524235601 0.23685052083886188 0.014213447985441788 0.01471115195232889
1 0.27762105153954547 0.5649317243824834 0.013391059377919073 0.013151044430940048
1 0.14916703493698782 0.3818138993304709 0.01527001546776813 0.01506967129914657
1 0.25711778972459876 0.5490481335183849 0.013394065525220789 0.01370728534200917
1 0.2507722585097603 0.4843742121820864 0.014754067296567171 0.014242669810419497
1 0.2589974403381348 0.4635110316069229 0.014703004256538723 0.014710011689559273
1 0.247891436452451 0.6563820942588475 0.012601292651632557 0.013215624767801037
1 0.16495699986167572 0.4195177866064984 0.014967659245366636 0.01482155012047809
1 0.07244192517322041 0.3011841048365054 0.013805814411329187 0.014524273250413977
1 0.103224692137345 0.46262643648230517 0.014493195906929348 0.014582053474757984
1 0.20480736442234207 0.36459833642710804 0.014855011649753735 0.015972095987071163
1 0.2670906730320143 0.16817306435626483 0.012930248094641644 0.014707067738408628
1 0.20730396975641668 0.03752672283545784 0.013239591018013332 0.013742154059202774
1 0.26455857442772907 0.3927993541178496 0.011491257211436396 0.011683552161506985
1 0.1936555530713952 0.6738242481065833 0.011913423952849014 0.012438359467879585
1 0.27829234496406885 0.40990708185278846 0.017204077347465183 0.016180225040601647
1 0.2239613222039264 0.3623440576636273 0.015209757763406506 0.015297723853069801
1 0.2909844439962636 0.44743011308752967 0.014164012411366339 0.01458176322605299
1 0.2643291017283564 0.339831362599912 0.015413657478664234 0.015260551286780315
1 0.27182326109512994 0.4499574536862581 0.018751393193783966 0.022916918215544327
1 0.22542766902757727 0.6371422643246858 0.012129700702169666 0.013361889383067255
1 0.27472366457400116 0.49576404820317804 0.014430481454600458 0.015138252921726391
1 0.15490520000457766 0.1738687701847242 0.013919716295988663 0.014819456183392067
1 0.31758995678113855 0.4374440441960874 0.01419148237808891 0.015476599983547046
1 0.13854953517084537 0.1538307355797809 0.014151034147843071 0.014433218085247536
1 0.1809907581495202 0.25456889815952466 0.01404082256814708 0.013919353485107422
1 0.28829646110534674 0.3909122840217922 0.013569562331489895 0.014691186987835426
1 0.23048828995746118 0.46381347075752577 0.01450366559235946 0.015574123548424763
1 0.19136493102363922 0.5118623609128204 0.013001939524774965 0.0127111932505732
1 0.10931148218071979 0.49680065072101093 0.014143871224444847 0.015604806982952614
1 0.07106914468433546 0.3414772075155507 0.013546129931574282 0.015286694402280062
1 0.21428899143053137 0.42406977777895727 0.014078575631846552 0.014019427092179008
1 0.27224958461263904 0.2026083365730617 0.013628773067308508 0.016355763310971466
1 0.20550574427065643 0.5396023211271866 0.013972945835279383 0.029393983923870583
1 0.21410822868347168 0.4586261199868244 0.013869720956553583 0.014348081920457922
1 0.25603989932848065 0.2781920433044433 0.014231744019881538 0.014642383741295856
1 0.10009309519892154 0.19382794007011078 0.013299942016601562 0.016260561735733696
1 0.21767465964607574 0.23641704476397973 0.01436057298079781 0.014456458713697351
1 0.2569946517115054 0.438933569452037 0.013337363367495329 0.014471987019414488
1 0.17056364080180292 0.3878537260967752 0.01574390867482061 0.015465487604555876
1 0.1479992503705232 0.22129928547403085 0.013893324395884638 0.014722969221032185
1 0.24172662652057147 0.9841848041700281 0.011743794316830843 0.011266210804814878
1 0.138597441756207 0.13041769939920175 0.013219905936199684 0.014045197030772333
1 0.14220385966093643 0.29416379721268365 0.014438152313232422 0.014906033225681469
1 0.3004222123519234 0.4815829318502675 0.014757736869480297 0.01424084538998811
1 0.09191429874171382 0.24916509960008704 0.01201219662376072 0.012025211168372112
1 0.11486025996830153 0.28218122150587 0.014124320900958519 0.015729282213293987
1 0.12245873264644455 0.259984130444734 0.014545824216759724 0.013967120129129162
1 0.13530162106389587 0.24728033853613812 0.014860775159752888 0.015766620635986328
1 0.2996979900028395 0.3948081472645636 0.014230292776356573 0.014091906340225883
1 0.21098867706630542 0.5125957468281621 0.012386384217635445 0.01361102643220321
1 0.2394483815068784 0.0808765629063482 0.012755103733228601 0.013849102932473888
1 0.2594091581261676 0.31616620395494544 0.014910324760105297 0.014676570892333984
1 0.07840259178825047 0.36408563282178796 0.014040045116258703 0.014756451482358187
1 0.11304671349732771 0.5219405837680983 0.013383792794269066 0.01355531941289487
1 0.15820449331532355 0.40276087885317596 0.014742830525273863 0.015331351238748302
1 0.2266618583513343 0.12394682220790695 0.013522293256676716 0.013555236484693445
1 0.21819602924844492 0.3865614352018937 0.015370721402375595 0.016770736030910328
1 0.27642387929170026 0.6373283759407375 0.01281906210857889 0.01257087873375934
1 0.20379779649817426 0.21533124343208646 0.02570003011952276 0.016877132913340694
1 0.11632972696553105 0.19616232747616974 0.013907131941422173 0.014258135919985563
1 0.1922754723092784 0.12185197809468144 0.013305518938147503 0.014675710512244183
1 0.19214925558670706 0.42964705176975415 0.014441676761793054 0.015470960865850035
1 0.23087305608003036 0.376357016356095 0.01525934882785963 0.015177892602008324
1 0.18774505283521567 0.5967606668886931 0.01335508927055027 0.013304503067680027
1 0.1801212870556375 0.21444172444550888 0.014546663864799168 0.014425091121507727
1 0.28596666584844177 0.602575219195822 0.012126715286918308 0.013658523559570312
1 0.18983457399451217 0.35336843780849286 0.02486158453899881 0.024175042691438095
1 0.17179907923159393 0.4369977038839589 0.012319689211638077 0.01285188094429348
1 0.0902244008105734 0.2902700382730235 0.01481696833734927 0.016803782919178837
1 0.10008497860120691 0.3961121932319973 0.01440572738647461 0.015394625456436821
1 0.1475791775661966 0.36034745755402936 0.013588977896648903 0.016054733939792797
1 0.2448480336562447 0.6361717452173647 0.011703968048095703 0.014793002087136974
1 0.13246515004531198 0.35341057570084283 0.013499830080115276 0.014722036278766136
1 0.18318785791811737 0.4533938324969748 0.012198323788850204 0.01319673786992612
1 0.1651594431503959 0.3028237819671631 0.014765532120414402 0.01554914142774499
1 0.14760779297870139 0.19477584051049274 0.014701884725819464 0.015422302743662958
1 0.31342371650364087 0.4550342352493949 0.014988899230957031 0.013986131419306215
1 0.11311827535214633 0.16520587776018228 0.013933472011400305 0.013278888619464378
1 0.1328516732091489 0.4529142638911371 0.011355400085449219 0.011826546295829441
1 0.2956967457481053 0.500599073327106 0.014090102651844854 0.013829272726307745
1 0.18896621206532352 0.4954247267349907 0.01578944662342901 0.013700236444887907
1 0.21510428967683215 0.5797597221706224 0.012577678846276325 0.012735200964886208
1 0.17727132983829666 0.401310278021771 0.014172958291095238 0.014054132544476051
1 0.20036954465119736 0.19332788301550824 0.013898683630901833 0.013526045757791271
1 0.23999115695124085 0.6173564040142557 0.012923717498779297 0.01286867390508237
1 0.21783761356187903 0.4770155367643937 0.014522697614586872 0.01375181778617527
1 0.22643469727557636 0.44579576409381366 0.013703159663988196 0.01526368182638417
1 0.07252430397531262 0.2403782554294752 0.01430206713469132 0.015573086945906929
1 0.2463962098826533 0.531438101892886 0.012634650520656421 0.013500338015349014
1 0.13265542880348538 0.27874603478804877 0.013759167298026707 0.014365424280581266
1 0.17865892078565515 0.1462572139242421 0.014572226482888927 0.015188631804093071
1 0.18771205777707306 0.295102015785549 0.014424717944601307 0.015871669935143513
1 0.15865723983101224 0.13651969640151315 0.013747505519701086 0.01423098730004352
1 0.23756251127823538 0.2061663917873217 0.014085728189219599 0.014686128367548403
1 0.22361294082973315 0.4949317393095597 0.012894734092380688 0.013029305831245754
1 0.1279546126075413 0.42999413739080017 0.013765034468277641 0.01579062835029934
1 0.1302055431448895 0.36570907675701636 0.014053106307983398 0.01503616830577021
1 0.11028343179951543 0.061818457168081535 0.013060372808705206 0.013578119485274605
1 0.2933909167414126 0.4283704705860304 0.018630898517111073 0.01577956780143406
1 0.16370659289152723 0.3668884609056555 0.014437012050462805 0.015314268029254417
1 0.13990526613981827 0.5495561102162236 0.012489360311756964 0.013094114220660667
1 0.13702007480289624 0.20949158461197562 0.01424786318903384 0.015193566032077954
1 0.07382032923076463 0.16147780418395996 0.013459314470705778 0.014501903368079144
1 0.17286224468894626 0.23445325312407117 0.014795292978701384 0.01422813664311948
1 0.2002962983172873 0.6247068177098813 0.01247969917629076 0.012687662373418394
1 0.2701583530591882 0.18289203229157824 0.013965896938158117 0.013709648795749829
1 0.1253959199656611 0.12169805816982102 0.014525890350341797 0.014303870823072351
1 0.1731854314389436 0.4975393958713697 0.012038894321607508 0.012401249097741169
1 0.2834968359574027 0.4785475108934486 0.015024807142174763 0.014235620913298233
1 0.2710159550542417 0.4220394051593283 0.01428823885710343 0.013177457063094429
1 0.21251130104064941 0.14256781080494757 0.013513668723728344 0.014143010844355043
1 0.2436317879220714 0.5864407705224078 0.012081208436385445 0.012100261190663214
1 0.09180403533189192 0.3199151479031729 0.01448159114174221 0.016575353948966316
1 0.18455469090005627 0.18187812100286066 0.01537101165108059 0.01493530688078507
1 0.23306938876276434 0.5726181942483654 0.011881890504256538 0.012433342311693274
1 0.21964881731116254 0.40366232913473377 0.013616230176842731 0.014533125835916271
1 0.225357667259548 0.21984671509784198 0.013913050941799 0.013854503631591797
1 0.3008214805437171 0.43390626492707624 0.013675503108812414 0.014741400013799253
1 0.14787548521290655 0.3400137424468994 0.013950824737548828 0.014676322107729704
1 0.2691557096398395 0.5740707853566045 0.012256249137546704 0.012512580208156421
1 0.16557365915049677 0.019325072998585907 0.01247486860855766 0.014009852772173674
1 0.11859495225160019 0.4455497938653697 0.01434399770653766 0.013353689857151196
1 0.27832860532014264 0.367138966270115 0.013922981593919836 0.015146131100861923
1 0.2790671327839727 0.45854122742362646 0.013772404712179432 0.014137641243312671
1 0.10367757859437363 0.2662573068038277 0.017447088075720745 0.030601542928944462
1 0.170324444770813 0.5252414993617845 0.012174658153368078 0.013458625130031421
1 0.12196740896805473 0.01174566813785097 0.012851424839185633 0.013312292811663254
1 0.2561166182808254 0.5909540134927501 0.01389250547989555 0.012658367986264437
1 0.08949851471444834 0.26555744461391284 0.014299361602119778 0.01477670669555664
1 0.2507638931274414 0.25157508642777154 0.014612197875976562 0.013443718785824984
1 0.11862835676773736 0.3349247082420018 0.014645452084748642 0.015662048173987347
1 0.07048782835835996 0.2775680604188338 0.013744307600933571 0.015568878339684528
1 0.27352096723473596 0.21444439888000488 0.014387503914211109 0.013617080190907354
1 0.25170854900194256 0.6085204663483994 0.011978688447371773 0.011795624442722485
1 0.26995849609375 0.6082107502481212 0.013011103091032608 0.014060020446777344
1 0.22774340795434042 0.5358845047328783 0.013236729995064114 0.014333020085873812
1 0.09421303479567816 0.0986190464185632 0.013910241748975672 0.013967120129129162
1 0.11516096280968707 0.15417470621026083 0.013235258019488792 0.020809536394865616
1 0.07151463757390561 0.44185408301975415 0.013535499572753906 0.014503105826999829
1 0.07390532804572064 0.3926400930985161 0.015218081681624702 0.014616800391155739
1 0.1314073075418887 0.5364975514619246 0.01275399456853452 0.014137641243312671
1 0.25427152799523395 0.40969508627186657 0.013326603433360224 0.01352293595023777
1 0.14325010776519773 0.26703635506007983 0.014468265616375466 0.014788171519403872
1 0.24203645664712656 0.3014980191769807 0.015025864476742952 0.01816405420717986
1 0.2089297667793606 0.5526114961375361 0.011602899302606997 0.012208316637122112
1 0.21279572403949237 0.31079675840294885 0.014234439186427906 0.014398948006007984
1 0.09563318542812181 0.4145497239154319 0.014601956243100374 0.01470022616179093
1 0.14843335877294125 0.4499651660089907 0.012277696443640667 0.012824058532714844
1 0.23200895475304645 0.48127311208973766 0.014128394748853601 0.013285844222359035
1 0.07404532380726027 0.14221437081046726 0.013589097105938454 0.014793105747388758
1 0.08432255879692409 0.18130472950313403 0.013809592827506687 0.015157855075338612
1 0.0903338971345321 0.44164375636888586 0.013721942901611328 0.01446168319038723
1 0.2254383874976117 0.1405498566834823 0.010165877964185633 0.011072117349375849
1 0.09092499639676965 0.13262792773868726 0.013854384422302246 0.01483024721560271
1 0.25668923751167627 0.5057419693988302 0.012936633566151495 0.013281241707179859
1 0.21329955432725992 0.2657283285389776 0.014013020888618801 0.013749454332434612
1 0.235577624777089 0.5477847431017004 0.012096653813901155 0.011627570442531421
1 0.14313650131225583 0.10699389810147494 0.013241166653840439 0.014200739238573156
1 0.24471249787703805 0.22452089060907782 0.014090579489003057 0.01529905070429263
1 0.20052155204441238 0.051338918831037444 0.011212514794391136 0.010919451713562012
1 0.2062830821327541 0.6432479775470236 0.012390115986699644 0.012269559113875679
1 0.1520115033439968 0.31177892892257025 0.01422590794770614 0.014410454293955927
1 0.19935982123665189 0.726433277130127 0.012856918832530146 0.012612094049868376
1 0.1927259693975034 0.39464496529620624 0.014464295428732166 0.015219107918117359
1 0.10767886431320854 0.2584470251332159 0.014247199763422426 0.014980606410814367
1 0.2206281890039859 0.6162748336791992 0.012748863386071247 0.012107683264690895
1 0.2792453040247378 0.2409201601277227 0.013428335604460342 0.015566349029541016
1 0.12657415866851807 0.14055308051731275 0.01363224568574325 0.01295259724492612
1 0.2291883385699728 0.17368783639824908 0.010679659636124321 0.011193099229232124
1 0.2512226830358091 0.5170213346895963 0.01306996138199516 0.01320629534514054
1 0.25506494356238324 0.2093471444171408 0.013962082240892492 0.014480549356211786
1 0.2668974606887154 0.24594985920449963 0.013012284817902939 0.01402351130609927
1 0.16371437777643622 0.28314104287520697 0.014247417449951172 0.014872944873312244
1 0.1943886487380318 0.3296513557434082 0.015042284260625425 0.014367393825365149
1 0.19331979751586914 0.15837605103202487 0.014056537462317425 0.014569572780443274
1 0.2332103667051896 0.15204932378685995 0.010344567506209663 0.011553391166355297
1 0.2586348989735479 0.6380762639253036 0.012396273405655571 0.012652231299358864
1 0.11645166770271632 0.40270924309025646 0.013811712679655655 0.013992501341778298
1 0.24458697567815363 0.33985126277674793 0.01183540924735691 0.0118705241576485
1 0.15819540231124216 0.23388905110566513 0.014090662417204483 0.014668982961903448
1 0.12759432067041812 0.38897902032603393 0.019538972688757855 0.0182579289311948
1 0.1337005262789519 0.32723520113074256 0.013993263244628906 0.014486810435419497
1 0.25597742329473083 0.42350670047428296 0.011889582094938858 0.012284538020258364
1 0.1978440284729004 0.4730933282686316 0.013983809429666271 0.013147281563800316
1 0.09488660356272823 0.163534226624862 0.013699552287226137 0.014182381007982336
1 0.0852171726848768 0.4956169543058976 0.014393915300783903 0.01503679026728091
1 0.2399061866428541 0.7824571028999661 0.012289047241210938 0.013221906579059105
1 0.12135144420292067 0.07510986276294875 0.011166479276574177 0.012444480605747387
1 0.17287927088530167 0.3409611245860224 0.01404490678206734 0.01471436542013417
1 0.08131754398345949 0.46546054923016095 0.01491149612095045 0.029153118962826935
1 0.15897470971812372 0.05410475575405618 0.013487318287725035 0.012262028196583624
1 0.10178269510683807 0.3003594460694686 0.014625507852305536 0.01469178821729577
1 0.26583757607833197 0.14940549498019012 0.013023480125095532 0.013401435769122581
1 0.21143516250278638 0.6026082246199899 0.012807659480882727 0.013137651526409645
1 0.09389125782510507 0.35592742588209064 0.013964673747187075 0.015208202859629755
1 0.1724124006603075 0.17032823873602826 0.013896019562431004 0.015396791955699091
1 0.09541295922320822 0.012504526130531147 0.013738362685493801 0.014097241603809853
1 0.20227558716483734 0.40995991748312244 0.014063296110733696 0.014799200970193615
1 0.18914657053740125 0.6547397323276687 0.011646871981413467 0.013112151104470959
1 0.15566434549248737 0.04025183034979779 0.011148981426073156 0.01119653038356615
1 0.11774661748305609 0.30796249016471533 0.016533675401107124 0.03132291462110436
1 0.2176045853158702 0.05907039020372474 0.012752387834631878 0.013915632082068401
1 0.17682389072749927 0.5807642522065535 0.013367227886034094 0.013033535169518513
1 0.19305766147115958 0.24323661431022311 0.013644259908924932 0.014956909677256708
1 0.1790076442386793 0.4786667616471 0.012525993844737177 0.013629913330078125
1 0.20505910334379773 0.44127424903537915 0.014155325682266899 0.014284424159837805
1 0.10759630928868832 0.14027981654457425 0.014033265735792078 0.014418633087821629
1 0.22323861329451852 0.7606099584828252 0.012218185093091883 0.01112689142641814
1 0.08708268922308215 0.2368356352267058 0.011281153430109438 0.012467778247335682
1 0.2563126501829728 0.19111497505851413 0.01412945208342179 0.013430242953093155
1 0.11065564466559367 0.3643290685570758 0.013943330101344898 0.016430771869161854
1 0.22742205080778702 0.275351793869682 0.011013031005859375 0.011883155159328296
1 0.20223456880320673 0.2801211502241052 0.014375624449356743 0.014403198076331097
1 0.23107415696848993 0.3400304317474365 0.015511906665304432 0.030753322269605553
1 0.11554514843484628 0.30047957793526026 0.011717982914136804 0.012421151866083559
1 0.23875231328217883 0.2647554459779159 0.014251107754914658 0.014324665069580078
1 0.18031513172647226 0.5331041501915973 0.01194968430892281 0.012842924698539402
1 0.0820234521575596 0.42574937447257666 0.014239896898684294 0.01472168383391007
1 0.2609569404436194 0.6211984468543011 0.011566431626029636 0.01183319091796875
1 0.21577824716982633 0.07665234285852185 0.012654719145401665 0.012943459593731423
1 0.11728640224622644 0.2193978040114693 0.014454364776611328 0.015159130096435547
1 0.17643578156181 0.6136120713275411 0.013020017872685972 0.012741296187691067
1 0.2652542383774467 0.8709143763003143 0.0111017019852348 0.011025138523267664
1 0.08989286422729492 0.14833077658777652 0.010669210682744566 0.011469623316889223
1 0.16349248782448147 0.45089605061904237 0.012097203213235607 0.01223598355832307
1 0.10140853861103886 0.43236209516939916 0.013696763826453167 0.014955012694649075
1 0.19545811155568 0.2311726238416589 0.013596679853356403 0.01714001531186311
1 0.1344144240669582 0.31089344231978705 0.01405172762663468 0.014843463897705078
1 0.22360694926718006 0.5641462699226711 0.011168790900188942 0.011788534081500511
1 0.13662679817365564 0.037612567777219025 0.011387545129527216 0.012308556100596552
1 0.16454229665839154 0.4645793748938519 0.013906198999156122 0.012886379076086956
1 0.17868194372757618 0.27581094658893085 0.018052370651908543 0.015201941780422046
1 0.13089770337809686 0.4659697905830715 0.013072231541509214 0.013624274212381115
1 0.1354688146839971 0.41698729473611584 0.014052100803541101 0.015542984008789062
1 0.08825674264327339 0.21877710715584134 0.01097088274748429 0.012631810229757557
1 0.11669894405033278 0.03259070023246433 0.010606900505397632 0.011218195376188858
1 0.21194991858109183 0.11149150392283565 0.013909443565036938 0.014583815699038298
1 0.07559857420299364 0.03038417645122694 0.013599286908688753 0.014914587787959888
1 0.16236162703970206 0.21070154853489087 0.01490025934965714 0.01434778130572775
1 0.09591394922007686 0.0541862093884012 0.014402037081511124 0.014251626056173573
1 0.17497842208198883 0.10016169237053912 0.016347097313922386 0.012974956761235777
1 0.23265883196955145 0.4318524236264436 0.01579353083734927 0.014289938885232677
1 0.10501527786254881 0.5968865933625593 0.011912739795187244 0.012490645698879078
1 0.18926706521407421 0.09843173234359077 0.013939546502154808 0.01299285888671875
1 0.23388888524926227 0.5949348574099333 0.01240545770396357 0.012308825617251188
1 0.11700733848240065 0.48080945014953613 0.01350639177405316 0.01446066731991975
1 0.16287160956341284 0.5899349399234938 0.012928817583167034 0.012779712677001953
1 0.09834105035533076 0.07970858138540515 0.013768050981604534 0.014812396920245628
1 0.2162646418032439 0.20373060392296832 0.013131390447201937 0.01316232266633407
1 0.26661698714546533 0.9026270120040231 0.010234708371369736 0.010673979054326597
1 0.09499368460282037 0.37969320494195685 0.013982088669486668 0.015006537022797958
1 0.15696088127467944 0.09082598012426626 0.010835440262504246 0.011688569317693296
1 0.10824247028516686 0.3815515222756759 0.01165429405544115 0.012843645137289295
1 0.16288057617519214 0.19112664720286493 0.011666443036950153 0.012807991193688435
1 0.1334818860758906 0.17214097147402557 0.01416413680366848 0.013922732809315557
1 0.19336778184641962 0.17557619965594745 0.011115053425664488 0.012279821478802223
1 0.1936355570088262 0.5768078202786652 0.012967586517333984 0.012534203736678413
1 0.12433049471481988 0.05334258338679439 0.013797832571941872 0.01349794864654541
1 0.16486185011656387 0.11733483749887219 0.012901710427325706 0.01434772947560186
1 0.18450432238371475 0.27067124325296155 0.013622325399647589 0.014545689458432405
1 0.18904206027155335 0.08080038817032525 0.011264780293340269 0.012762401414954144
1 0.2085348315860914 0.16628791974938434 0.01140613141267196 0.01160486884739088
1 0.2718601537787396 0.5176067455955173 0.012799200804337212 0.013397237528925356
1 0.23987977401069976 0.10802387154620628 0.011544808097507641 0.011216246563455334
1 0.1999187884123429 0.2595633423846701 0.014476817587147589 0.014012378195057745
1 0.1389305176942245 0.018560430925825367 0.012934332308561905 0.012420772210411404
1 0.11989491918812627 0.6251586416493291 0.012201184811799423 0.012399092964504078
1 0.14446625502213187 0.43095740028049634 0.01392569749251656 0.01420829607092816
1 0.100710682246996 0.20458677540654724 0.013460221497908882 0.014807452326235563
1 0.16325067437213397 0.3571852186451788 0.014130467953889267 0.01855116305143937
1 0.23007595020791755 0.3462355655172597 0.0122461111649223 0.012552261352539062
1 0.2403365943742835 0.7588417011758557 0.011921281399934189 0.011620770330014437
1 0.21115546641142469 0.09551186665244725 0.011193586432415505 0.011579876360685928
1 0.1955430093018905 0.3483654416125754 0.014804031537926716 0.014881154765253481
1 0.1784720058026521 0.19669299540312393 0.012077984602554985 0.01161913249803626
1 0.1975611914759097 0.31186280043228815 0.01508126051529594 0.016026248102602753
1 0.13486653307209845 0.1857499350672183 0.014099048531573753 0.013845340065334156
1 0.266408516013104 0.9854537715082583 0.010669894840406336 0.010492324829101562
1 0.24976471196050232 0.14255231878031854 0.011046990104343579 0.011647462844848633
1 0.24229896586874258 0.237465122471685 0.01150531354157821 0.011414673017418903
1 0.08610824398372484 0.5527111965677013 0.013300740200540295 0.012476547904636547
1 0.27060076464777405 0.40364369102146314 0.012086432913075323 0.01180068306300951
1 0.18956857142241104 0.06219396902167279 0.011781422988228176 0.011950897133868675
1 0.13784557840098505 0.496685961018438 0.013088537299114723 0.01378469881804093
1 0.14648160727127738 0.46569165976151183 0.01272124829499618 0.012766485628874405
1 0.28533582065416424 0.9880675440249237 0.00998382983000382 0.010289067807404892
1 0.23346549531687863 0.18820522142493207 0.013338192649509594 0.012942355612049932
1 0.06983406647391942 0.20069590858791186 0.01221069045688795 0.015641834424889606
1 0.1349623151447462 0.09117240491120712 0.014169122861779255 0.014260748158330503
1 0.24314509267392365 0.6899084630219834 0.009998653246008831 0.009938820548679518
1 0.2583852747212286 0.7894380403601605 0.011459951815397842 0.011182453321373981
1 0.09164690453073251 0.34234024130779767 0.013611223386681599 0.016272544860839844
1 0.19445202661597208 0.5584049639494522 0.012448580368705418 0.013307073841924253
1 0.18169229963551395 0.012419856436874554 0.012777307759160582 0.012793638783952465
1 0.06920413348985754 0.21645530410434888 0.0126662772634755 0.014881486478059189
1 0.11783622140469757 0.08899329278780067 0.013478683388751488 0.018846237141153088
1 0.18155427601026455 0.5632481160371201 0.01262590159540591 0.012986763663913891
1 0.1889223223147185 0.040389156859853996 0.013388177622919497 0.012988313384678051
1 0.07717171959255052 0.51388752978781 0.012780448664789614 0.011641212131666101
1 0.26461887359619146 0.3646424127661664 0.014231972072435461 0.014755705128545347
1 0.0840558798416801 0.049535176028376045 0.013499653857687244 0.013580000918844471
1 0.2738039286240287 0.792170524597168 0.011125751163648523 0.012025335560674253
1 0.10973689348801323 0.3471713169761326 0.013815662135248598 0.014762567437213402
1 0.11556485943172289 0.5687832210374915 0.01080675747083581 0.011075310085130774
1 0.2541199352430261 0.6724816197934358 0.011967244355574898 0.011508941650390625
1 0.2583450545435366 0.692407628764277 0.010408256364905315 0.011444879614788551
1 0.3262516363807347 0.9238943224367888 0.011198924935382347 0.013985219209090523
1 0.22577911874522333 0.0970373309176901 0.011490780374278193 0.012002416279004969
1 0.1955946735713793 0.024325155045675194 0.012787590856137484 0.014812672915666
1 0.16846314720485522 0.07886660876481429 0.011045538860818615 0.010897154393403427
1 0.06834278676820837 0.6629983238551929 0.01167204587355904 0.013054059899371605
1 0.13590818384419318 0.06913057099217954 0.013029979622882347 0.013550509577212126
1 0.07760287626929906 0.07766475366509479 0.012522899586221447 0.01425307729969854
1 0.10966682952383289 0.6305732727050781 0.012132426966791567 0.013445646866508152
1 0.23203036059503973 0.24944538655488388 0.01564906991046408 0.01731667311295219
1 0.15347110706826914 0.12064900087273639 0.010873960412066917 0.011588086252627165
1 0.11585550722868547 0.5369497900423797 0.011243426281472912 0.010998663694962212
1 0.0934459230174189 0.031321599431659866 0.012916855190111242 0.013786220032235851
1 0.24074715116749645 0.6772531633791716 0.01082679499750552 0.012164281762164574
1 0.20564843260723614 0.498657402784928 0.01364141961802607 0.014336731122887653
1 0.16559756838757062 0.4874613336894823 0.011113985725071118 0.011794225029323414
1 0.07002972260765407 0.12289273220559827 0.012689460878786833 0.015000177466351051
1 0.2273936893628991 0.9718311351278554 0.011211726976477581 0.01104873159657354
1 0.1604969708815865 0.33572774348051654 0.014945652173913044 0.015077197033426037
1 0.24873539675836975 0.7008078409277876 0.012470763662587042 0.011214670927628227
1 0.22674245419709582 0.25451016426086426 0.011158818783967392 0.012018017146898352
1 0.15123559599337372 0.07119923830032349 0.011968996213830036 0.01233145983322807
1 0.20914966127146845 0.7040995722231657 0.011893998021664827 0.01159468941066576
1 0.11584532779196036 0.5495431734168011 0.010375313136888586 0.011193233987559443
1 0.08167334224866785 0.5383018203403639 0.016353296196979027 0.012187916299571161
1 0.1596452464228091 0.10396649526513141 0.011657631915548573 0.010759685350501019
1 0.18375776125037152 0.02858856968257738 0.012513077777364979 0.014877086100370987
1 0.32132724640162097 0.9693741798400879 0.01265392225721608 0.011628316796344261
1 0.289374652116195 0.5174364007037618 0.01202535629272461 0.012357131294582203
1 0.2956269098364789 0.8017514684925908 0.011649712272312329 0.011701583862304688
1 0.1863487492436948 0.703921774159307 0.012579005697499151 0.012772933296535328
1 0.2912723707116168 0.85107247725777 0.012365465578825577 0.012365921683933422
1 0.07847409922143686 0.5915651114090629 0.01712755016658617 0.019375635230022926
1 0.1783743319304093 0.06999648135641348 0.013150173684825068 0.013698878495589546
1 0.09870568047399106 0.22364542795264203 0.011077600976695185 0.011980118958846382
1 0.08339973377144855 0.4735988430354906 0.014383787694184677 0.013859769572382387
1 0.2529260386591372 0.9187713913295581 0.010056495666503906 0.010818439981211786
1 0.24564950362495755 0.3207116852635923 0.014920939569887907 0.016172015148660412
1 0.09384268781413205 0.6587016271508258 0.01207622237827467 0.012309903683869736
1 0.3153631998145062 0.9860604327657948 0.010953239772630774 0.01061447806980299
1 0.2336819379226021 0.9558161445285964 0.009433891462243122 0.01121960515561311
1 0.30204382150069525 0.8751323534094769 0.011383948118790337 0.0113525390625
1 0.2403271198272705 0.745121541230575 0.009958287943964418 0.010217334913170856
1 0.14427181430484937 0.7029840220575747 0.012078565099964972 0.011917445970618206
1 0.2554229031438413 0.7403223203576129 0.011717713397482166 0.011589133221170177
1 0.3021441231603208 0.9082134910251785 0.010850014893904976 0.010763417119565218
1 0.17720346865446668 0.12910273800725522 0.013510828432829483 0.014430191205895466
1 0.24065060200898547 0.09572272197059963 0.012812759565270466 0.014804891918016516
1 0.18607052512790845 0.46889400482177734 0.011562762053116508 0.012511128964631454
1 0.20356654084247094 0.29818541070689325 0.015199847843336023 0.015213054159413214
1 0.16911762175352674 0.7208781449691111 0.010826639507127844 0.011511512424634851
1 0.09064860706743988 0.6274578053018321 0.012394122455431067 0.011990464251974354
1 0.10062962511311406 0.1786262211592301 0.013168988020523735 0.01668951822363812
1 0.27395874521006713 0.5943449061849843 0.014966301296068274 0.012883849765943445
1 0.07237449936244798 0.7103754955789318 0.01119486145351244 0.012070863143257473
1 0.25318725212760596 0.7238146118495774 0.01128630016161048 0.01149198283319888
1 0.24389298065848972 0.28269095006196393 0.019294407056725544 0.01620211808577828
1 0.15100118388300357 0.498473364373912 0.013017405634341032 0.012470058772874914
1 0.2535773671191672 0.8366854709127675 0.01089645468670389 0.010240057240361753
1 0.12042965577996297 0.3835582266683164 0.01138671584751295 0.013019323348999023
1 0.11286312082539435 0.020474131340565888 0.012071951575901196 0.012971037107965221
1 0.1633938913759978 0.06783752856047257 0.010557112486466118 0.011722678723542587
1 0.22591008310732635 0.6740031657011611 0.01224580018416695 0.011170304339864979
1 0.2307176900946576 0.4146802788195403 0.011841338613758917 0.012339457221653149
1 0.2825863672339398 0.5093313818392546 0.011059263478154722 0.011871109838071077
1 0.10461976217186969 0.5501189646513565 0.012422623841658882 0.011778250984523609
1 0.08428617664005446 0.09084971832192462 0.014006770175436268 0.013845137927843176
1 0.23668746326280676 0.7242201307545537 0.011735563692839249 0.010765283004097317
1 0.08261273477388464 0.3353392144908075 0.01382769190746805 0.014988484589949898
1 0.06767644052920134 0.375989872476329 0.013401342474895973 0.016899191814920177
1 0.33502946988396026 0.9504025915394659 0.013963100702866264 0.013964362766431726
1 0.25811986301256257 0.15815527024476425 0.010643274887748386 0.011268874873285708
1 0.08006641398305478 0.6863728606182596 0.01234900951385498 0.012792960457179859
1 0.1598134299983149 0.6043673598248026 0.012515783309936523 0.011631136355192764
1 0.24022124124609906 0.1724280844564023 0.012670662092125935 0.013165069663006325
1 0.06695644751839015 0.5278773307800292 0.010070583094721254 0.010940924934718921
1 0.2525756048119586 0.12929984797602118 0.012032260065493376 0.013494595237400219
1 0.2107522902281388 0.6790779984515645 0.012211986210035242 0.014058030169943104
1 0.06957243058992468 0.5461739457171896 0.01060709227686343 0.010721828626549763
1 0.06785116765810095 0.05269429735515429 0.012239378431568975 0.014919576437576958
1 0.25335964949234674 0.8618892794070037 0.011670154073963995 0.012303352355957031
1 0.22273201527802844 0.6981684435968815 0.011337383933689282 0.011611648227857508
1 0.222714900970459 0.71298304848049 0.010537313378375511 0.011274669481360394
1 0.08296677599782529 0.6144308007281759 0.011518037837484608 0.011852927829908289
1 0.2745850086212158 0.8410004325534988 0.011784035226573114 0.011389359183933422
1 0.2202050893203072 0.6599544649538787 0.011124673097029976 0.012458013451617699
1 0.30368828773498535 0.9654814056728198 0.010595881420633068 0.011630970498789911
1 0.12918274298958157 0.5625421689904254 0.012215863103451937 0.012722927591075068
1 0.3140288954195769 0.9169624370077382 0.010649121325948963 0.009724782860797384
1 0.29531331684278406 0.9734877296116042 0.009051820506220278 0.009430512138034986
1 0.10882735252380371 0.6596539953480596 0.011887612550154976 0.01240862970766814
1 0.2271573958189591 0.06967034806375919 0.012627746747887653 0.013255622075951618
1 0.09033667782078618 0.5361961489138396 0.012736398240794306 0.013660140659498133
1 0.1802350386329319 0.05268506900123928 0.01283462151237156 0.013348423916360607
1 0.1344130039215088 0.6655476611593494 0.016285378000010616 0.018578902534816578
1 0.24506167743517004 0.18587208830791974 0.020329952239990234 0.014338638471520466
1 0.24268350393875784 0.42038538144982385 0.010656128758969515 0.012211633765179176
1 0.06856260869814002 0.012546284853116325 0.013012414393217667 0.015703865691371586
1 0.21121724792148755 0.17711052168970526 0.013606589773426886 0.012364978375642197
1 0.3037154985510785 0.9875764017519744 0.010996777078379755 0.009963574616805367
1 0.12087741105452827 0.5768952162369437 0.01066191300101902 0.01083100360372792
1 0.28384282277977985 0.8226202674534009 0.011747754138448963 0.010965181433636208
1 0.2575895993605904 0.8088846621306047 0.011072096617325493 0.011553557022758152
1 0.27331359490104346 0.9421670540519382 0.010274161463198454 0.010493610216223675
1 0.30169952434042224 0.8897678126459536 0.011157429736593494 0.01079998845639436
1 0.23514387918555218 0.7045208889505138 0.010180245275082796 0.01047490990680197
1 0.202414201653522 0.08488891954007358 0.010866040768830673 0.01123431454534116
1 0.14319684194481894 0.05022809038991514 0.013067867444909138 0.012561979501143745
1 0.14634286320727802 0.7462500696596891 0.01027021200760551 0.010996942934782608
1 0.21905968500220258 0.29393431414728577 0.011342940123184868 0.012040407761283543
1 0.25436542345129926 0.7593458839084792 0.011227649191151495 0.010925873466159985
1 0.08507336740908414 0.11796160884525465 0.014052370320195738 0.015159078266309656
1 0.2147584479788075 0.7525587289229684 0.01009926588638969 0.010715277298637058
1 0.06782256261162135 0.5151232740153437 0.01251755071722943 0.013823695804761804
1 0.07410803566808286 0.06641442620235942 0.012532690297002378 0.014994636825893238
1 0.13714859278305716 0.588180624920389 0.012227276097173277 0.012909350187882133
1 0.2850602917049242 0.957333813542905 0.01136636734008789 0.01111926203188689
1 0.28784186943717627 0.8961066785066023 0.010512289793595024 0.012110751608143682
1 0.20367155904355258 0.6654332202413807 0.015197961226753567 0.011703325354534645
1 0.11637690274611762 0.5928863131481669 0.00977983682051949 0.010707917420760445
1 0.09518949881843898 0.7744999346525774 0.011725259863811989 0.010683059692382812
1 0.14754184432651685 0.8920069570126741 0.00924894084101138 0.00961477860160496
1 0.1490536720856376 0.6004821321238643 0.011037484459255054 0.01074430216913638
1 0.24456540397975757 0.4293211439381475 0.011995896049167797 0.01213699838389521
1 0.1453942941582721 0.5717795931774637 0.012255979620892067 0.015777857407279636
1 0.23861495308254077 0.12654849239017651 0.011111259460449219 0.012425826943438988
1 0.17667516418125317 0.08721548318862915 0.011278421982474949 0.011032151139300804
1 0.15362689287766165 0.011415166375429733 0.012192176735919456 0.013142081058543663
1 0.0758113109547159 0.597719316897185 0.010934212933415953 0.011528844418733017
1 0.07513173248456873 0.7561120157656462 0.011350009752356487 0.01226781762164572
1 0.06809864614320837 0.6413076856861943 0.012316657149273415 0.013726151507833729
1 0.25859236717224116 0.9417663242505945 0.010068126346753992 0.010430045749830164
1 0.09276271643845932 0.5697775923687479 0.015952550846597423 0.013354550237241
1 0.22491860389709473 0.8203625471695609 0.011167422584865406 0.011937099954356318
1 0.06765188341555388 0.3216337432032046 0.013592077338177223 0.01576089859008789
1 0.262979911721271 0.7710067500238834 0.010601230289625086 0.014599095220151155
1 0.2970614225968071 0.928210631660793 0.010936985845151155 0.011079373567000679
1 0.11131858825683594 0.6706342075182044 0.01255655288696289 0.011885311292565388
1 0.14335792997609015 0.5655326013979705 0.010682188946267834 0.011709379113238792
1 0.27866715970246686 0.9084400094073751 0.008587795755137568 0.00870613429857337
1 0.270871815474137 0.8171727139016857 0.00933595325635827 0.009534669959026834
1 0.28143863056017004 0.870639883953592 0.01095500199691109 0.011233288308848505
1 0.17974222224691644 0.8336473962535029 0.010234563247017239 0.012333662613578465
1 0.1195952374002208 0.599767073341038 0.011629539987315302 0.012622356414794922
1 0.28265426469885785 0.9740625879038938 0.010054132212763247 0.009447761203931726
1 0.19937351475591247 0.7563430744668713 0.011804539224375849 0.011298428411069124
1 0.26438576242198114 0.9541333654652471 0.0097052118052607 0.01123735179071841
1 0.2048468071481456 0.1272017592969148 0.013593279797097912 0.013874748478765074
1 0.2808252832163935 0.9258015674093494 0.011502307394276495 0.009873763374660326
1 0.15935797795005466 0.948260680488918 0.009529642436815344 0.009916056757387907
1 0.2812649685403575 0.8084299875342328 0.011076014974842901 0.011793841486391813
1 0.09506745960401453 0.6497794441554858 0.012321928273076597 0.013073382170304008
1 0.14467271514560864 0.5910432649695355 0.01031655850617782 0.010998684427012568
1 0.22802763399870496 0.7478233420330546 0.009671045386272928 0.010432699452275816
1 0.06721888158632361 0.41414815187454224 0.011519914088041885 0.013419633326323135
1 0.22984822936680008 0.16288791013800577 0.010481025861657185 0.010356498801189919
1 0.1333340147267217 0.8328320461770763 0.009963533152704653 0.010263277136761208
1 0.23118709481280786 0.9100515946097996 0.011602070020592731 0.011890411376953125
1 0.06696149058963942 0.5665346228558085 0.0099719296330991 0.01264265309209409
1 0.24820971488952637 0.825234724127728 0.012092196423074474 0.01191947771155316
1 0.24617624282836914 0.15512928755387015 0.010905680449112602 0.011621060578719429
1 0.07665546562360681 0.6400723871977432 0.012290291164232336 0.012674953626549763
1 0.09823382419088614 0.9351635808530061 0.009708736253821331 0.010160860807999321
1 0.2680452802906866 0.9672492898028828 0.010554852692977242 0.010657849519149117
1 0.1279085459916488 0.027479211273400677 0.010493662046349567 0.011957768512808758
1 0.1607411166895991 0.6753248131793478 0.011742498563683552 0.013021634972613792
1 0.2669870231462561 0.9293409637782883 0.009482487388279127 0.009155563686204992
1 0.21261038987532907 0.22174389465995453 0.011386622553286345 0.01133288507876189
1 0.09295314032098523 0.6113272127897843 0.012196048446323559 0.013147602910580843
1 0.1567340259966643 0.7114777772322947 0.011402658794237219 0.010496222454568615
1 0.09755049581113068 0.9860891673875892 0.011656823365584663 0.010326634282651155
1 0.08511009682779727 0.845640638600225 0.009553572405939516 0.010385347449261208
1 0.17184627056121826 0.8182156189628269 0.010435384252797003 0.011640382849651833
1 0.26987410628277325 0.9152561270672342 0.008710135584292204 0.009070769600246264
1 0.1569990697114364 0.9748371787693191 0.0117425711258598 0.011496419491975204
1 0.13758367559184198 0.7348982769510022 0.010545512904291567 0.011267454727836277
1 0.08803238816883253 0.5723242863364841 0.010039873745130457 0.011791954869809359
1 0.15783583081286887 0.6999105785204016 0.01082437971363897 0.010967171710470448
1 0.3038307894831118 0.9474146055138629 0.01020788109820822 0.01039563054623811
1 0.3142297578894574 0.9336471557617188 0.010621692823327106 0.009974272354789402
1 0.14134957479394 0.9866983994193699 0.011654791624649712 0.011269942573879078
1 0.07168648294780565 0.8364149591197139 0.01007471395575482 0.011602401733398438
1 0.1848856877809287 0.9738008417535624 0.006703015636863156 0.007626640524001478
1 0.16005351750747018 0.9886404742365298 0.01107677169468092 0.010205020075259
1 0.09139487276906554 0.8817413993503735 0.01051019067349641 0.010449616805366848
1 0.10765285077302353 0.8582856966101605 0.011022547016973082 0.011867274408755095
1 0.15259014005246369 0.02621527664039446 0.011168645775836449 0.011765520209851473
1 0.22012536422066067 0.2839205679686173 0.010605231575343921 0.012366730233897333
1 0.14256695560787036 0.3221968211557554 0.011610953704170559 0.012447824944620546
1 0.2666942140330439 0.7815494537353516 0.009486364281695822 0.009829894356105639
1 0.22636513088060461 0.8901203818943189 0.011014896890391474 0.010552945344344429
1 0.06997883579005366 0.5593510814335035 0.010209575943324879 0.01237709625907566
1 0.2560534995535146 0.9740321947180707 0.011109870413075323 0.012948575227156929
1 0.07663469988366832 0.740799281908118 0.012403825054997984 0.012328438136888586
1 0.11429661253224248 0.7451978351758874 0.011166427446448284 0.01178418035092561
1 0.17021255389503812 0.9134271455847699 0.00928602011307426 0.00974447830863621
1 0.06957502468772557 0.7774171829223633 0.010791218799093494 0.012525226758873981
1 0.17965764584748645 0.8788938936979873 0.007867357005243715 0.009267226509425951
1 0.09943277421204941 0.7530522968458092 0.01228406118310016 0.01121446360712466
1 0.14688104131947394 0.8794165486874788 0.008522489796514097 0.009251221366550611
1 0.21429038047790527 0.9879317490950875 0.01132946429045304 0.009947320689325747
1 0.20557867962381113 0.9406176442685334 0.010050400443699047 0.009585753731105639
1 0.21694350242614746 0.8998582674109419 0.009753330894138502 0.01005827862283458
1 0.18349799047968443 0.9014920258707907 0.00654099971106207 0.006381428100898484
1 0.26395060705102014 0.8298184768013332 0.011545948360277258 0.011417388916015625
1 0.28929920818494714 0.8821202775706416 0.008779961129893427 0.008327028025751528
1 0.22307512034540594 0.9490666182144827 0.008494294208029041 0.01028931659200917
1 0.12294254095658012 0.688510563062585 0.012280422708262568 0.011863874352496605
1 0.11442737993986711 0.9743109785992168 0.00967432105022928 0.01126849133035411
1 0.2353215217590332 0.8660489787226139 0.012100178262461786 0.011269445004670517
1 0.12035573565441628 0.8009198230245839 0.011037484459255054 0.01136215873386549
1 0.2100748290186343 0.6643173694610596 0.010765054951543394 0.011221947877303413
1 0.07067498694295468 0.814460505609927 0.01083392163981562 0.011845796004585598
1 0.08317541039508322 0.7625489856885828 0.011819155319877293 0.010828349901282269
1 0.0668851551802262 0.9058761182038682 0.008099099864130434 0.010429796965225883
1 0.22388957599672688 0.8460000350200737 0.007868056001075062 0.006117501680771118
1 0.14390523537345554 0.9473976052325704 0.009098094442616339 0.009675647901452106
1 0.18593374552914835 0.8878340983749137 0.005558059020679957 0.007194093342316013
1 0.18407893180847168 0.9271661509638247 0.009270688761835512 0.009646042533542799
1 0.07053964811822641 0.7002882335496985 0.011200702708700428 0.01200841820758322
1 0.2545818349589472 0.8202866678652555 0.009421079055122707 0.008220589679220448
1 0.10501939317454463 0.6928389590719471 0.011036727739417034 0.01248608464780061
1 0.09036994757859604 0.7088482068932573 0.011852082998856255 0.010481958803923233
1 0.06656711516172989 0.9582703631857167 0.007659435272216797 0.00907798435377038
1 0.19692304899845223 0.8314542074923188 0.006930725231321938 0.007268268977921539
1 0.10491533383079198 0.9722015546715778 0.009239849836929985 0.010002965512483017
1 0.1560503866361535 0.9241906041684358 0.009475593981535538 0.009976926057235054
1 0.1001449616059013 0.7049100295357082 0.011280920194542927 0.011015021282693615
1 0.06673623686251433 0.8827777530836022 0.008336305618286133 0.009572402290675951
1 0.16666148019873575 0.6836564437202786 0.011783102284307066 0.011429247648819633
1 0.3042974783026654 0.9335889608963676 0.008831335150677225 0.008377531300420347
1 0.06758355316908463 0.18033647537231445 0.009468923444333284 0.012230499931003735
1 0.1836554071177607 0.9626791995504628 0.010495517564856487 0.00936715499214504
1 0.08490202737891156 0.8647059979646101 0.010852813720703125 0.01064225901728091
1 0.2139384631969568 0.8759173991911432 0.006931601871317338 0.006253313633118507
1 0.08072783376859582 0.9143787052320398 0.009593927341958752 0.010536027991253395
1 0.0665573996046315 0.9699868741242781 0.007986105006674061 0.010334346605383831
1 0.10863552922787875 0.8042068481445312 0.010645804197891899 0.011535478674847145
1 0.08894083292587944 0.7956310355144999 0.01037754183230193 0.013071226037066917
1 0.17121262654014255 0.927508602971616 0.011260623517243759 0.01101609934931216
1 0.0678918050683063 0.8011366388072138 0.009880470192950705 0.013165764186693274
1 0.07581718589948572 0.8525478114252506 0.009842074435690174 0.011474692303201427
1 0.1340389569770173 0.7447447175477373 0.010545512904291567 0.011267454727836277
1 0.12419251638028195 0.7569543038876891 0.010545512904291567 0.011267454727836277
1 0.07811117438756042 0.8053987916236273 0.010545512904291567 0.011267454727836277
1 0.09110847597525112 0.8038233611281494 0.010545512904291567 0.011267454727836277
1 0.08480675399334048 0.8124882288532765 0.010545512904291567 0.011267454727836277
1 0.08441289636947108 0.8270609609364448 0.010545512904291567 0.011267454727836277
1 0.09229004884685937 0.8235162423216201 0.010545512904291567 0.011267454727836277
1 0.10509042162261535 0.8225315982619454 0.008576224784944473 0.007722736113011898
1 0.1079806123133691 0.8169735392412654 0.008576224784944473 0.007722736113011898
1 0.11865208563307522 0.8127494143855484 0.008576224784944473 0.007722736113011898
1 0.12376549993210106 0.8145279932721663 0.008576224784944473 0.007722736113011898
1 0.12821194714864526 0.8245324995093908 0.008576224784944473 0.007722736113011898
1 0.11576189494232147 0.8325361044991704 0.008576224784944473 0.007722736113011898
1 0.114205638416531 0.8265334007568357 0.008576224784944473 0.007722736113011898
1 0.12532175645789154 0.8594371101592632 0.008576224784944473 0.007722736113011898
1 0.13421465089097995 0.8549906629427191 0.008576224784944473 0.007722736113011898
1 0.13599322977759765 0.864328202097462 0.008576224784944473 0.007722736113011898
1 0.14177361115910508 0.8705532282006242 0.008576224784944473 0.007722736113011898
1 0.12932355895278128 0.8694416163964882 0.008576224784944473 0.007722736113011898
1 0.1175404738289391 0.8696639387573155 0.008576224784944473 0.007722736113011898
1 0.13176910492188054 0.8787791555512312 0.008576224784944473 0.007722736113011898
1 0.13176910492188054 0.8905622406750734 0.008576224784944473 0.007722736113011898
1 0.06751794264281659 0.8707755505614518 0.008576224784944473 0.007722736113011898
1 0.07952335012748599 0.8756666424996504 0.008576224784944473 0.007722736113011898
1 0.08019031720996761 0.8936747537266547 0.008576224784944473 0.007722736113011898
1 0.08641534331312954 0.9014560363556072 0.008576224784944473 0.007722736113011898
1 0.0935296588596003 0.9070140953762876 0.008576224784944473 0.007722736113011898
1 0.18534879388123837 0.8676630375098714 0.008576224784944473 0.007722736113011898
1 0.19602026720094445 0.8736657412522062 0.008576224784944473 0.007722736113011898
1 0.20202297094327915 0.8569915641901654 0.008576224784944473 0.007722736113011898
1 0.21091586537636753 0.8507665380870035 0.008576224784944473 0.007722736113011898
1 0.2020364632974781 0.8412363913687162 0.006930725231321938 0.007268268977921539
1 0.22922531265657992 0.8528920282057173 0.007868056001075062 0.006117501680771118
1 0.22233331947093632 0.8602286661130151 0.007868056001075062 0.006117501680771118
1 0.22144403002762747 0.8746796195667838 0.007868056001075062 0.006117501680771118
1 0.21949652221763702 0.8859219054283676 0.006931601871317338 0.006253313633118507
1 0.1786068985414858 0.8988241575408642 0.00654099971106207 0.006381428100898483
1 0.19131394666116688 0.8819647880490755 0.005558059020679957 0.007194093342316013
1 0.13237628880587324 0.8978608368482212 0.005558059020679957 0.007194093342316013
1 0.07221585796603 0.9316093712217921 0.005558059020679957 0.007194093342316013
1 0.14607134623282955 0.9367450177569026 0.006536277408319573 0.007194093342316013
1 0.08248715103624715 0.9340549171908914 0.005558059020679957 0.007194093342316013
1 0.07221585796603003 0.9438371010672888 0.005558059020679957 0.007194093342316013
1 0.08762279757135573 0.9406578913074598 0.005558059020679957 0.007194093342316013
1 0.09178022571882458 0.9580212676880655 0.005558059020679957 0.007194093342316013
1 0.07979705047023794 0.9621786958355343 0.005558059020679957 0.007194093342316013
1 0.09349210789719414 0.9479945292147584 0.005558059020679957 0.007194093342316013
1 0.07221585796603008 0.9805202906037794 0.005558059020679957 0.007194093342316013
1 0.08370992402079686 0.97905296302232 0.005558059020679957 0.007194093342316013
1 0.08909012515281534 0.9807648452006894 0.005558059020679957 0.007194093342316013
1 0.07686239530731873 0.9722054343088421 0.005558059020679957 0.007194093342316013
1 0.22139416208108847 0.9399242275167313 0.005558059020679957 0.007194093342316013
1 0.22408426264709772 0.9191370867793874 0.005558059020679957 0.007194093342316013
1 0.22237238046872815 0.9254955062990458 0.005558059020679957 0.007194093342316013
