1 0.09657955169677734 0.7010422582211702 0.01051635327546493 0.01027604807978091
1 0.10661218477332073 0.7075189922166907 0.010364408078400986 0.010199919990871265
1 0.07036170233850894 0.6755953871685527 0.010581597037937329 0.012099514836850374
1 0.09904336929321289 0.7192882869554603 0.010364221489947777 0.010456914487092392
1 0.22695346500562585 0.7279632609823474 0.008908520574155062 0.009330956832222317
1 0.07127375965533049 0.6941569784413214 0.010610616725424061 0.010853477146314539
1 0.07976845813834148 0.6695961330247963 0.010419601979462997 0.009661135466202446
1 0.12251652841982633 0.6866896048836089 0.011128073153288467 0.009656781735627548
1 0.09108226195625636 0.7621032466059144 0.01016674871030061 0.009055427882982336
1 0.14057235614113187 0.8545820816703464 0.009713805240133534 0.009134209674337635
1 0.09879352217135223 0.8436431470124617 0.010398398274960726 0.009821269823157269
1 0.0806668608084969 0.7075890872789465 0.010441505390664806 0.010158829067064367
1 0.09020174327103987 0.6079356981360394 0.013175046962240467 0.01196189548658288
1 0.11793927524400794 0.6615105297254479 0.01198714712391729 0.01352529940397843
1 0.08519320902617081 0.6577445424121358 0.010541853697403618 0.011185542396877125
1 0.13336335057797638 0.675872968590778 0.012610269629436989 0.010325141575025476
1 0.10267158176587975 0.8244815287382705 0.010084048561427906 0.008982824242633322
1 0.24225901520770526 0.7199607724728793 0.01083119019218113 0.009970747906228771
1 0.10469477591307268 0.7334264465000317 0.009865169939787491 0.009623444598654041
1 0.0702445273813994 0.591648412787396 0.011602997779846191 0.011339146157969599
1 0.22572283122850498 0.7459471744039784 0.00889761551566746 0.008556780607804008
1 0.08683338890904965 0.6915475803872814 0.010709524154663086 0.010364491006602411
1 0.10915093836577043 0.7736858492312224 0.009350133978802225 0.00918715933094854
1 0.077834603579148 0.7639676176983379 0.01010374919227932 0.008760079093601393
1 0.07114463267119034 0.7749369248099949 0.009838290836500086 0.009303051492442255
1 0.09941678980122441 0.635021157886671 0.011551742968351944 0.010549483091934868
1 0.17454850673675537 0.836483395617941 0.009336834368498428 0.009222901385763416
1 0.09609446836554486 0.7766739596491276 0.01030421257019043 0.009809203769849695
1 0.3593618753163711 0.9390916202379309 0.009258480175681736 0.009038137352984884
1 0.09949825639310089 0.6574512149976648 0.011029046514759893 0.010221149610436481
1 0.12331710172736127 0.637135360551917 0.014352497847183891 0.012696846671726391
1 0.12298075530840004 0.8725860015205715 0.010032995887424633 0.009083706399668818
1 0.09752622376317563 0.6202819036400836 0.011887353399525518 0.011955468550972317
1 0.1230823164400847 0.7488274988920791 0.009708964306375256 0.008934228316597317
1 0.09348372909575828 0.8119120779689756 0.0098147495933201 0.009267558222231657
1 0.37707042694091797 0.889221834099811 0.009766205497409986 0.008922037870987602
1 0.07174478924792746 0.6615014179893162 0.010576745738153872 0.010610310927681301
1 0.07747481439424597 0.5805141407510509 0.011112570762634277 0.011316589687181555
1 0.23553483382515286 0.735811585965364 0.009796847467837126 0.009572112041970959
1 0.16643719051195227 0.88961588818094 0.010447916777237602 0.009609056555706522
1 0.12967791764632516 0.8281543358512546 0.008911091348399286 0.008551100026006285
1 0.3572126160497251 0.9557931734168013 0.009585484214451002 0.007950492527173914
1 0.0950021743774414 0.6754056681757388 0.010842385499373726 0.011040894881538723
1 0.10587287467458975 0.6469630780427353 0.012456614038218622 0.01070005997367527
1 0.3262814782235934 0.9068034835483718 0.009248291668684586 0.011959034463633661
1 0.08564142040584398 0.5905816658683445 0.012241933656775433 0.012112949205481487
1 0.10630816480387811 0.6008088485054348 0.013058817904928455 0.012381429257600204
1 0.10427535098531973 0.669166316156802 0.010348776112432066 0.009563446044921875
1 0.2717341754747473 0.867140873618748 0.008706797724184782 0.008549773174783459
1 0.13171102171358856 0.7610672660495923 0.009558190470156462 0.009515347688094429
1 0.11437504187874172 0.725064692289933 0.010177135467529297 0.009847723919412365
1 0.11723111505093783 0.5889287616895593 0.013695333314978558 0.01271082007366678
1 0.1148611929105676 0.7583368550176206 0.009866558987161388 0.008952513985011889
1 0.08382070582845938 0.7809955555459728 0.01037504362023395 0.010074159373407778
1 0.26031797865162726 0.9359275361765985 0.010546456212582796 0.009200013202169666
1 0.22343034329621692 0.6842424558556598 0.011088122492251188 0.01023101806640625
1 0.11336655202119247 0.6776667677837871 0.010242710942807405 0.010758648747983187
1 0.237953807996667 0.7096738400666609 0.010017560875934105 0.00965806712274966
1 0.08121184680772864 0.6808495106904404 0.010553733162257984 0.009198603422745415
1 0.422478815783625 0.9093915275905442 0.011452685231747835 0.010980937791907269
1 0.3436703370965045 0.940316739289657 0.010143715402354364 0.0088043212890625
1 0.13037431240081787 0.6196575372115426 0.01440356088721234 0.01361320329749066
1 0.16700001903202225 0.7236559909322986 0.010480787443078083 0.010375396065090015
1 0.2582217610400656 0.7631212732066279 0.009331848310387653 0.008829531462296196
1 0.3655031025409699 0.9073869456415591 0.009937320066534954 0.008321181587550951
1 0.24930385921312415 0.7540624659994373 0.010495600493057915 0.008854202602220617
1 0.16836805965589438 0.824910143147344 0.010370047196097996 0.0090911284736965
1 0.09312621925188148 0.791716720746911 0.009858183238817297 0.009407582490340523
1 0.12109966900037683 0.6034791573234226 0.013909111852231234 0.01331192514170771
1 0.10952557688174042 0.8377823829650879 0.010155760723611584 0.009356830431067425
1 0.3802465977876083 0.9126413594121519 0.010215469028638758 0.008773306141728941
1 0.2778720648392387 0.7846953972526218 0.008879661560058594 0.00862772568412449
1 0.11981490383977476 0.8281708178312881 0.00888805804045304 0.009032622627590014
1 0.13379991572836172 0.6503636526024859 0.012884865636410921 0.012129534845766813
1 0.15550864779430887 0.7172157038813052 0.010043797285660454 0.009375199027683424
1 0.10623665477918541 0.80532459590746 0.010303372922150986 0.009324198183806046
1 0.22774021521858548 0.8496901056040889 0.009661322054655655 0.008833760800568954
1 0.09949849481168002 0.6904979788738749 0.010269175405087679 0.009964486827021059
1 0.12933841995570972 0.845040342082148 0.009418363156525986 0.008981829104216202
1 0.1451380719309268 0.7094340946363367 0.010427319485208263 0.009807669598123302
1 0.1664147947145545 0.8624685743580693 0.009123563766479492 0.008750874063243036
1 0.12115327689958655 0.7682914111925208 0.009837845097417417 0.009668474612028702
1 0.16418957710266113 0.839110685431439 0.00922375139982804 0.008801791978918987
1 0.3818240010220071 0.939441266267196 0.010466876237288765 0.008972748466159986
1 0.11265818450761877 0.8537120611771293 0.0095346388609513 0.009289741516113281
1 0.0873735572980798 0.6262529829274053 0.011468203171439793 0.011439074640688688
1 0.2285042845684549 0.8701782433883004 0.009708197220512058 0.008699043937351393
1 0.13063583685004193 0.7744111807450004 0.009813712990802267 0.008747059365977411
1 0.16096885307975436 0.8532055564548657 0.009387078492537788 0.008919840273649796
1 0.4045250415802002 0.9724896057792332 0.01233252235080885 0.00930960282035496
1 0.2685282012411421 0.9257284533120721 0.010278245677118715 0.009085945461107336
1 0.3911142193752786 0.9665652358013651 0.010217366011246391 0.00958803425664487
1 0.32341202251289203 0.8487826015638268 0.011177515206129654 0.011037950930388077
1 0.3233071487882863 0.9319683365199878 0.009609611138053562 0.008489069731339165
1 0.2394012264583422 0.8575007604516071 0.008959915326989216 0.008811245793881624
1 0.1371040033257526 0.6916662713755732 0.010918845301089079 0.009919125100840693
1 0.214686569960221 0.7106220618538237 0.009435467098070227 0.009080762448518173
1 0.08050514304119608 0.739502720210863 0.009531985158505648 0.0086638823799465
1 0.3901072766469873 0.9502460645592731 0.00962779314621635 0.008466720581054688
1 0.10963362196217412 0.691612782685653 0.010070137355638586 0.010293214217476223
1 0.3671910322230796 0.9716828387716542 0.010416429975758429 0.008619308471679688
1 0.09332955920177957 0.8317867983942446 0.010087251663208008 0.009355337723441746
1 0.22423971217611563 0.7571020748304285 0.008705906246019446 0.009214442709217901
1 0.2525281595147174 0.7746863157852836 0.00930804791657821 0.008580663929814878
1 0.270477408948152 0.7643677670022716 0.009189916693645975 0.008547326792841372
1 0.4126551073530446 0.9734966858573579 0.01111888367196788 0.009469156679899796
1 0.26044255754222045 0.8058382946511975 0.00940872275311014 0.008965367856233017
1 0.13629265971805737 0.7232307558474332 0.009299952050913935 0.008495621059251867
1 0.27706334901892626 0.913365364074707 0.009129731551460598 0.008523858111837635
1 0.1310776886732682 0.8643544445867124 0.010885953903198242 0.009727519491444464
1 0.4383553577506024 0.9817788704581882 0.009112161138783331 0.008332086646038553
1 0.34442182857057324 0.8924961504728897 0.009616159874459972 0.008781350177267323
1 0.3458120978396872 0.8511836632438329 0.009969535081282906 0.009005961210831352
1 0.1503903762153957 0.6813604106073795 0.011100167813508408 0.01016260230022928
1 0.3876511221346648 0.9305558619291885 0.009698473888894787 0.008858431940493376
1 0.12623791590980862 0.7163199134494949 0.010131390198417332 0.010096010954483696
1 0.37007479045702063 0.9238179040991742 0.010519815527874489 0.008915237758470617
1 0.35471018760100653 0.8612831779148267 0.009597814601400623 0.00845162764839504
1 0.2116844239442245 0.6760812220366104 0.010958692301874575 0.010051105333411175
1 0.25465984966443933 0.741808269334876 0.010979465816331946 0.010667469190514606
1 0.20423293113708496 0.7074122014253035 0.00904951924863069 0.009059947469960089
1 0.29336907552636193 0.9644726048345151 0.010118214980415676 0.008935513703719429
1 0.3795631450155507 0.9742503995480745 0.009238740672235903 0.00860458871592646
1 0.40234841471133026 0.9552015843598738 0.009632939877717392 0.00894276992134426
1 0.36292937527532165 0.8690811862116274 0.00884141092715056 0.00905082536780316
1 0.2253782334535018 0.7791597739509915 0.008601499640423319 0.008510382279105808
1 0.2128915372102157 0.7362483273381771 0.01201467928679093 0.013567261073900305
1 0.14989272407863452 0.8637452125549316 0.009448383165442425 0.008760991303817085
1 0.33822714310625324 0.903722970382027 0.008774185958115951 0.008464315663213316
1 0.15777488895084546 0.8774993730627972 0.009842281756193741 0.009097472481105639
1 0.37483099491699884 0.9589002650717029 0.009588319322337275 0.007807316987410835
1 0.14742073287134583 0.8090475331182065 0.009544382924618929 0.009139600007430367
1 0.364956691213276 0.8944158139436142 0.010680320470229439 0.00906272556470788
1 0.13997829997021222 0.8412653674250063 0.009430294451506241 0.00866147746210513
1 0.14026135465373163 0.6675817033518918 0.01198131105174189 0.010387130405591883
1 0.42849384183469025 0.9242845618206522 0.01194819160129713 0.011715432871942934
1 0.46288660298223083 0.9828099582506262 0.01125261057978091 0.010479263637376867
1 0.22514528813569443 0.7003679897474205 0.01159910533739173 0.00960553210714589
1 0.13911068957784903 0.818820393603781 0.009319098099418308 0.008528709411621094
1 0.39823706772016443 0.9361284712086554 0.01062991308129352 0.00908059659211532
1 0.14737358300582223 0.8841217082479724 0.010883932528288467 0.009073796479598335
1 0.1528647930725761 0.7355904579162598 0.00978261491526728 0.00934837175452191
1 0.08070221932038017 0.8335216978321905 0.009353186773217243 0.00896441418191661
1 0.2654495550238568 0.8804621696472168 0.008955561596414318 0.01005027605139691
1 0.282452158305956 0.8081340375153914 0.009411832560663637 0.008422436921492867
1 0.1346281455910724 0.8781064282292905 0.009913600009420643 0.009780344755753227
1 0.332917183637619 0.8954456785450812 0.009209822053494661 0.00844710806141729
1 0.34823315558226214 0.9284078971199368 0.0095791713051174 0.00856544660485309
1 0.08959786529126373 0.7476694065591564 0.0096358060836792 0.009278297424316406
1 0.32282295985066367 0.9196536437324856 0.011963544332462807 0.008377158123513927
1 0.07059098067490951 0.8061968139980149 0.008619313654692276 0.00854504626730214
1 0.1827803487363069 0.8480848644090735 0.009242596833602242 0.008558605028235394
1 0.3333518705938173 0.9507698390794838 0.009279148734134176 0.008787735648777174
1 0.07360708972682124 0.7322023433187733 0.010663804800614067 0.009875960971998133
1 0.3012911444124968 0.937399843464727 0.010083302207615063 0.00883471447488536
1 0.32704931853905966 0.8618262125098188 0.009588322561720142 0.008872115093728771
1 0.19870470917743183 0.6723712838214376 0.011061233022938604 0.010335590528405231
1 0.13039377979610278 0.7855064350625743 0.010054474291594132 0.009008366128672724
1 0.26444085784580396 0.8194153619849165 0.009032436039136804 0.008155781289805536
1 0.23735192547673767 0.8068963341090991 0.009404410486635954 0.008185013480808424
1 0.1416030811226886 0.7377833698106848 0.00876871399257494 0.009283438972804857
1 0.3522637849268706 0.9692975334499192 0.009977511737657629 0.009085033250891644
1 0.2587836203367814 0.8981617015341054 0.008892660555632217 0.008519421453061312
1 0.18365968828615936 0.7276614645253058 0.011177581289540167 0.009645710820737093
1 0.15253173786660898 0.8351184388865596 0.009746821030326511 0.00929372206978176
1 0.2544317556464154 0.8532414229019828 0.009057936461075493 0.007833480834960938
1 0.33932525437811145 0.8619968580163043 0.010373846344325855 0.00938241378120754
1 0.18202179411183234 0.8856577043947966 0.011688626330831776 0.009444734324579653
1 0.3503535014131795 0.8715365658635679 0.008952034556347391 0.009510413460109545
1 0.0689895256705906 0.7062486565631368 0.009263163027556046 0.00895591404127038
1 0.3816977791164233 0.900776075280231 0.010340068651282269 0.008762774260147758
1 0.12261472577634064 0.7014560077501379 0.014093440511952276 0.012020235476286514
1 0.3442322255476662 0.9544218934100609 0.01023277381192083 0.008847900058912195
1 0.21483492851257324 0.7229723101076873 0.009350673012111498 0.00852141172989555
1 0.09315345080002495 0.7376459370488706 0.00994364075038744 0.009326520173445992
1 0.29412443741508154 0.9492155987283458 0.010842281839121943 0.008584893268087635
1 0.23161506652832028 0.8381831334984821 0.009045435034710428 0.008622418279233187
1 0.2043120342752208 0.6592935271885083 0.013362843057383661 0.012093544006347656
1 0.21442612357761548 0.7530636787414551 0.009105143339737602 0.008861002714737602
1 0.2845028172368589 0.8724388868912406 0.009153988050377888 0.008457764335300611
1 0.36189017865968787 0.9830481695092242 0.01073827432549518 0.00919503751008407
1 0.24064329396123474 0.9023210691369098 0.009968964949898098 0.008920337842858356
1 0.44404360004093335 0.9720469143079674 0.010705253352289614 0.00903357630190642
1 0.276241281758184 0.894319016000499 0.009290778118631115 0.007916284644085428
1 0.21384368772092072 0.6940995713938838 0.009022650511368462 0.009174139603324558
1 0.26471609654633893 0.9112179175667141 0.009597508803657864 0.008530616760253906
1 0.45057481268177857 0.985103586445684 0.009553536124851393 0.009004634359608526
1 0.2262520582779594 0.7134831262671429 0.009802818298339844 0.010359764099121094
1 0.13184309524038565 0.7336059860561206 0.010080472282741382 0.00925997029180112
1 0.17170053979624866 0.7098342646723208 0.010869814001995583 0.009126248567000679
1 0.2826137128083602 0.828445932139521 0.008823228918987772 0.008401207301927649
1 0.3435854095479716 0.9846818758093793 0.010447183380956236 0.00868324611497962
1 0.3391417524088984 0.8779685600944187 0.009888545326564623 0.009055635203485903
1 0.11602339537247369 0.7847680216250212 0.010460231615149456 0.009352725485096807
1 0.33727541177169135 0.9628558988156526 0.009612809056821077 0.008474308511485224
1 0.1929043894228728 0.6642621496449346 0.012178172235903532 0.012322384378184443
1 0.29271598484205164 0.8344403349834941 0.010110191676927649 0.007987271184506624
1 0.2576045471688975 0.8610324652298637 0.008444226306417713 0.007282464400581692
1 0.29129370399143384 0.7935537255328634 0.01025602091913638 0.009775161743164062
1 0.18278182071188223 0.828320254450259 0.010020256042480469 0.008807555488918139
1 0.1410446426142817 0.7905989937160325 0.010044294854869013 0.008813194606615149
1 0.11675801484481148 0.8621365091075068 0.008864444235096807 0.008400378019913383
1 0.19885629156361456 0.7199237450309421 0.00898730236551036 0.012942231219747791
1 0.31480043867359997 0.8412605368572734 0.009176896966021994 0.008564078289529552
1 0.32957090696562885 0.9827476791713547 0.011254169370817102 0.008558314779530401
1 0.2897562255030093 0.8474514588065769 0.009818761245064114 0.008081021516219429
1 0.3963090233180834 0.8921308310135551 0.012022598930027172 0.010390115820843239
1 0.309068254802538 0.9255513937576957 0.008997979371444038 0.00745354528012483
1 0.4495912323827329 0.9639236823372219 0.008724108986232592 0.008637677068295687
1 0.07302670375160548 0.8177973498468813 0.009778706923775051 0.009212037791376528
1 0.12337484567061714 0.8189625947371774 0.011104376419730808 0.00894728950832201
1 0.33491371928349783 0.9200678493665613 0.009598454055578812 0.008596295895783798
1 0.2744989187821098 0.7761240212813668 0.00873428842295771 0.008365423783012058
1 0.21557231571363364 0.8581951390142027 0.009731707365616508 0.008032508518384851
1 0.20888830267864728 0.7422097454900327 0.009328427522078804 0.009006292923637058
1 0.21865728627080505 0.7692430745000425 0.00961830305016559 0.008614498635996943
1 0.07382672506829965 0.7888871690501338 0.011377878811048426 0.01134801947552225
1 0.24988568347433343 0.8948375245799192 0.008663343346637228 0.008069701816724695
1 0.09844508896703306 0.7533242598823879 0.010642849880716076 0.014737502388332203
1 0.12029181874316672 0.8073563161103621 0.010628233785214632 0.008528128914211107
1 0.21660633709119714 0.8388427651446798 0.010079197261644446 0.0075103925622027855
1 0.10457180375638214 0.7842613717784053 0.010359567144642706 0.009830723638119905
1 0.27374158734860626 0.9463802420574686 0.010638216267461363 0.009365993997325068
1 0.29204844391864276 0.8174999693165654 0.010102085445238196 0.009608268737792969
1 0.12430399915446405 0.853842030400815 0.009688035301540209 0.008874229762865149
1 0.12055232213891072 0.7367144874904468 0.010827334030814793 0.009220206219217052
1 0.16014871908270795 0.6977321168650752 0.010975682217141857 0.010013455929963486
1 0.277867431225984 0.8818468218264371 0.00902978233669115 0.008706009906271229
1 0.4150996322806397 0.9449752106287126 0.010218744692595108 0.010167660920516304
1 0.2263384487317956 0.7941523842189622 0.008285812709642492 0.008027615754500679
1 0.24302008877629822 0.7443376416745393 0.009619816489841627 0.009262955707052479
1 0.0677403133848439 0.7959276282269022 0.008387788482334303 0.010086971780528193
1 0.12290682999984076 0.793644262396771 0.009853425233260445 0.00922920392907184
1 0.2555974773738695 0.786551973094111 0.008944324825121008 0.008183106132175611
1 0.2454814703568168 0.7675880763841711 0.01015837296195652 0.009668681932532269
1 0.36961381331734033 0.9400024206741996 0.008694358493970789 0.009318683458411175
1 0.2769593985184379 0.8381359058877698 0.009342566780422045 0.009456427200980808
1 0.11351643956225851 0.7456093249113662 0.01019740104675293 0.012552593065344769
1 0.21270042917002802 0.8716877025106677 0.009792327880859375 0.007957997529403023
1 0.067294558753138 0.6329162846440854 0.00775022610374119 0.010342805281929348
1 0.1631616935965172 0.7697344448255456 0.011793520139611286 0.009219998898713486
1 0.09141062912733658 0.8007436835247538 0.009960998659548552 0.009541470071543818
1 0.07928631616675336 0.7534421837848165 0.009642766869586447 0.009554655655570652
1 0.3188250644045398 0.9494759128996354 0.0107105429058589 0.008836497431216703
1 0.10605955642202625 0.6275048670561417 0.01059282344320546 0.013143497964610224
1 0.18070738211922024 0.8697937882464865 0.00947502385015073 0.008958194566809612
1 0.24324009729468304 0.8432423757470171 0.0099554269210152 0.007730691329292629
1 0.30807745974996814 0.9498390736787214 0.009296707485033117 0.009464554164720617
1 0.19263148307800293 0.8472673789314602 0.00997620043547257 0.008863822273586107
1 0.08038414561230203 0.6404494306315546 0.009473334188046663 0.008385471675706946
1 0.3166353184243907 0.9072592569434125 0.009189813033394192 0.00897229236105214
1 0.3101484360902205 0.8196324472842008 0.012150080307670261 0.011126642641813858
1 0.1823773902395497 0.8160111800484038 0.01077048674873684 0.008095616879670517
1 0.3700792141582655 0.879458240840746 0.010480284690856934 0.009839887204377548
1 0.41465054387631617 0.9555723148843517 0.009494449781334919 0.009251179902449898
1 0.26843235803687054 0.7974488838859226 0.009301081947658373 0.00834004775337551
1 0.16369594698366913 0.614763591600501 0.013196053712264351 0.01474761962890625
1 0.2206757347777155 0.8785987831492047 0.010555219502357193 0.007339119644220155
1 0.06957771726276564 0.6424438849739407 0.008361085601474928 0.00887435415516729
1 0.1354078365408856 0.8047149077705715 0.00991442929143491 0.009068447610606318
1 0.2937549819117007 0.8816052105115808 0.008957012839939283 0.008855031884234884
1 0.40820519820503565 0.9031781528307045 0.009853114252505095 0.009818325872006624
1 0.1541014287782752 0.776997545491094 0.009552883065265158 0.009111528811247452
1 0.08628536825594693 0.6379888783330503 0.01331539776014245 0.009990111641261889
1 0.2706702273824941 0.8523745122163193 0.008639003919518513 0.008306213047193445
1 0.4373946086220119 0.9600327533224353 0.011035898457402769 0.009801615839419157
1 0.27814121868299396 0.7964327853658925 0.010914076929507048 0.007818968399711277
1 0.14642146877620532 0.6068372311799424 0.012910169103871222 0.011030611784561821
1 0.2704787357993748 0.8994284298108971 0.010027532992155655 0.008564285610033117
1 0.14239699944205905 0.7781032893968666 0.010260747826617699 0.009062062139096468
1 0.22527484271837317 0.829558807870616 0.008855218472688095 0.009096435878587805
1 0.17794229346027216 0.6651060067493717 0.013003746855689537 0.011317176196153128
1 0.14651849995488705 0.6567826063736625 0.013054391612177309 0.011580259903617527
1 0.14074217236560327 0.764154517132303 0.010282423185265583 0.008067504219386889
1 0.33825244657371356 0.9723967676577361 0.00909605622291565 0.008127212524414062
1 0.3675609930701878 0.9518037464307701 0.008610321127850077 0.008691538935122282
1 0.16437830614007037 0.759157885675845 0.01017140305560568 0.009032290914784307
1 0.3127090619957965 0.8940531274546747 0.009399331134298573 0.009013880854067595
1 0.44780731201171875 0.9682895411615786 0.0075561689293902855 0.00997899926227072
1 0.19051266753155255 0.8023026507833729 0.00974416732788086 0.008800506591796875
1 0.23449306902678121 0.7523048856984014 0.01000487286111583 0.009812686754309612
1 0.17756492676942245 0.6955325914465864 0.011147343594094982 0.009089262589164402
1 0.30006196187890094 0.8966524911963422 0.008990391441013502 0.008115809896717901
1 0.24225624747898267 0.8182769029036814 0.008528999660326086 0.007360873015030571
1 0.39541966500489606 0.912137384000032 0.011968001075412914 0.009440836699112602
1 0.37711398238721094 0.9861527318539827 0.010453778764475946 0.008218184761379076
1 0.16019164615546808 0.8073304217794667 0.011164333509362263 0.008337269658627718
1 0.08282659105632616 0.7302726869997772 0.010417632434679113 0.00892800870149032
1 0.20426387372224228 0.8812159869981849 0.010156880254330843 0.008147322613260021
1 0.15745921431016122 0.8961997373955866 0.010447916777237602 0.009609056555706522
1 0.14758344048819105 0.8982945985093379 0.010447916777237602 0.009609056555706522
1 0.14608711112122588 0.8737547968911089 0.010447916777237602 0.009609056555706522
1 0.18848829482743917 0.875779105714347 0.00947502385015073 0.008958194566809612
1 0.1977655369026232 0.8712901176134515 0.00947502385015073 0.008958194566809612
1 0.20375085437048387 0.8620128755382674 0.00947502385015073 0.008958194566809612
1 0.19297728292833458 0.8623121414116605 0.00947502385015073 0.008958194566809612
1 0.1851963702201157 0.8578231533107649 0.00947502385015073 0.008958194566809612
1 0.17292646941100132 0.857523887437372 0.00947502385015073 0.008958194566809612
1 0.1534295354867881 0.8446949468351369 0.009746821030326511 0.00929372206978176
1 0.14145890055106672 0.8297316531654851 0.009746821030326511 0.00929372206978176
1 0.15761925771429058 0.8183595499765498 0.009746821030326511 0.00929372206978176
1 0.1510354084996438 0.8231478039508383 0.009746821030326511 0.00929372206978176
1 0.17006741997743816 0.8115201440069691 0.011164333509362263 0.008337269658627718
1 0.1784468644324431 0.8064326241592873 0.011164333509362263 0.008337269658627718
1 0.1811402572929804 0.795659052717138 0.011164333509362263 0.008337269658627718
1 0.1700674199774381 0.794761255096959 0.011164333509362263 0.008337269658627718
1 0.15929384853528888 0.7980531797042824 0.011164333509362263 0.008337269658627718
1 0.1503158723334978 0.7914693304896357 0.011164333509362263 0.008337269658627718
1 0.1619872413958261 0.7863818106419541 0.011164333509362263 0.008337269658627718
1 0.08510428464075331 0.816101800196478 0.0098147495933201 0.009267558222231657
1 0.08211162590682297 0.824780510524876 0.0098147495933201 0.009267558222231657
1 0.08151309416003688 0.8080216216148662 0.0098147495933201 0.009267558222231657
1 0.07971749891967868 0.79754731604611 0.0098147495933201 0.009267558222231657
1 0.11084114975255424 0.7939561255653936 0.0098147495933201 0.009267558222231657
1 0.13418388787721086 0.7957517208057518 0.0098147495933201 0.009267558222231657
1 0.06804612985735015 0.76313174060591 0.006223559112603865 0.009866089969015923
1 0.11430650127530599 0.8133416335782228 0.010628233785214632 0.008528128914211107
1 0.13501923190804185 0.7476591436326546 0.00876871399257494 0.009283438972804857
1 0.14160308112268857 0.7530459293537294 0.00876871399257494 0.009283438972804857
1 0.15177812081805173 0.7653158301628438 0.00876871399257494 0.009283438972804857
1 0.1490847279575144 0.7467613460124756 0.00876871399257494 0.009283438972804857
1 0.09551613662016126 0.7273090642419282 0.00876871399257494 0.009283438972804857
1 0.07606385484961403 0.7165354927997791 0.00876871399257494 0.009283438972804857
1 0.06977927150836033 0.7201266832804954 0.00876871399257494 0.009283438972804857
1 0.12813611682000203 0.7243164055079978 0.00876871399257494 0.009283438972804857
1 0.0911405613272768 0.6663042084174728 0.010419601979462997 0.009661135466202446
1 0.07617726765762506 0.6351805575845971 0.010419601979462996 0.009661135466202444
1 0.2369663340982796 0.7746863157852836 0.00930804791657821 0.008580663929814878
1 0.23427294123774225 0.7630149467229552 0.00930804791657821 0.008580663929814878
1 0.23487147298452826 0.7857591531008257 0.00930804791657821 0.008580663929814878
1 0.24325091743953312 0.7869562165943981 0.00930804791657821 0.008580663929814878
1 0.24265238569274705 0.7968319904163684 0.00930804791657821 0.008580663929814878
1 0.23217808012399085 0.7989268515301196 0.00930804791657821 0.008580663929814878
1 0.24953550078078682 0.8025180420108362 0.00930804791657821 0.008580663929814878
1 0.25372522300828926 0.7935400658090451 0.00930804791657821 0.008580663929814878
1 0.26779071905776186 0.7890510777081496 0.00930804791657821 0.008580663929814878
1 0.26509732619722454 0.7749855816586774 0.00930804791657821 0.008580663929814878
1 0.21332433010022953 0.779474569759573 0.00930804791657821 0.008580663929814878
1 0.252528159514717 0.8156857404401301 0.00930804791657821 0.008580663929814878
1 0.235769270604707 0.8255615142621002 0.00930804791657821 0.008580663929814878
1 0.2504332984009656 0.8339409587171054 0.00930804791657821 0.008580663929814878
1 0.25731641348900536 0.8414226055519309 0.00930804791657821 0.008580663929814878
1 0.2570171476156123 0.8252622483887069 0.00930804791657821 0.008580663929814878
1 0.26958631429811974 0.8333424269703188 0.00930804791657821 0.008580663929814878
1 0.26928704842472656 0.8456123277794332 0.00930804791657821 0.008580663929814878
1 0.3093886754593932 0.8309482999831743 0.00930804791657821 0.008580663929814878
1 0.2531266912615027 0.8815242325865971 0.00930804791657821 0.008580663929814878
1 0.24646023697203698 0.8740686997424097 0.009708197220512058 0.008699043937351393
1 0.2383800583904251 0.8689811798947283 0.009708197220512058 0.008699043937351393
1 0.24705876871882307 0.8641929259204398 0.009708197220512058 0.008699043937351393
1 0.2332925385427435 0.8926231838927781 0.009708197220512058 0.008699043937351393
1 0.2419712488711415 0.8860393346781315 0.009708197220512058 0.008699043937351393
1 0.25244555443989775 0.9072872116890367 0.009708197220512058 0.008699043937351393
1 0.254540415553649 0.9138710609036836 0.009708197220512058 0.008699043937351393
1 0.25723380841418636 0.9216519736119025 0.009708197220512058 0.008699043937351393
1 0.28745966162688275 0.9267394934595841 0.009708197220512058 0.008699043937351393
1 0.298233233069032 0.9267394934595841 0.009708197220512058 0.008699043937351393
1 0.3057148799038578 0.9129732632835047 0.009708197220512058 0.008699043937351393
1 0.2988317648158181 0.9057908823220717 0.009708197220512058 0.008699043937351393
1 0.2733941655774102 0.9357174696613751 0.009708197220512058 0.008699043937351393
1 0.2808758124122361 0.935418203787982 0.009708197220512058 0.008699043937351393
1 0.289554522740634 0.935418203787982 0.009708197220512058 0.008699043937351393
1 0.28596333225991766 0.9488851680906686 0.009708197220512058 0.008699043937351393
1 0.2775838878049127 0.9551697514319224 0.009708197220512058 0.008699043937351393
1 0.3042185505368928 0.9611550688997831 0.009708197220512058 0.008699043937351393
1 0.3161891854726141 0.959359473659425 0.009708197220512058 0.008699043937351393
1 0.315291387852435 0.9390093942686988 0.009708197220512058 0.008699043937351393
1 0.31311128392901205 0.9848425402851059 0.011254169370817102 0.008558314779530401
1 0.32597971648491253 0.9728719053493845 0.011254169370817102 0.008558314779530401
1 0.3196951331436588 0.9659887902613449 0.011254169370817102 0.008558314779530401
1 0.304731839474007 0.9683829172484891 0.011254169370817102 0.008558314779530401
1 0.31011862519508165 0.9719741077292054 0.011254169370817102 0.008558314779530401
1 0.3875882879559672 0.9861527318539827 0.010453778764475946 0.008218184761379076
1 0.3510778514020171 0.9861527318539827 0.010453778764475946 0.008218184761379076
1 0.42996264081860813 0.9778763915003078 0.01233252235080885 0.00930960282035496
1 0.4266707162112847 0.9688984152985168 0.01233252235080885 0.00930960282035496
1 0.4236780574773544 0.9614167684636911 0.01233252235080885 0.00930960282035496
1 0.4275685138314633 0.9491468676545769 0.008142800123307065 0.00751400757999687
1 0.43026190669200054 0.9428622843133232 0.008142800123307065 0.00751400757999687
1 0.41809229101457 0.9374935637938868 0.010218744692595108 0.010167660920516304
1 0.39893927511741567 0.9219317383774491 0.010218744692595108 0.010167660920516304
1 0.4088150489393858 0.9144500915426232 0.010218744692595108 0.010167660920516304
1 0.22546398875200344 0.885781164110639 0.015942005223432667 0.010930310124939143
1 0.19622267355871933 0.8370923392360972 0.00997620043547257 0.008863822273586107
1 0.2081933084944407 0.8406835297168135 0.00997620043547257 0.008863822273586107
1 0.19173368545782388 0.8266180336673408 0.00997620043547257 0.008863822273586107
1 0.20190872515318703 0.8490629741718183 0.00997620043547257 0.008863822273586107
1 0.21148523310176415 0.8514571011589627 0.00997620043547257 0.008863822273586107
1 0.21851798112650034 0.8472673789314605 0.007881339321721543 0.005871163539655353
1 0.19402454980603934 0.6925399327126561 0.011147343594094982 0.009089262589164402
1 0.18953556170514382 0.7015179089144472 0.011147343594094982 0.009089262589164402
1 0.20210472838765126 0.6973281866869446 0.011147343594094982 0.009089262589164402
1 0.2041995895014025 0.6853575517512234 0.011147343594094982 0.009089262589164402
1 0.3468634056080817 0.9178951791257277 0.009598454055578812 0.008596295895783798
1 0.3541056397441931 0.9110150566964219 0.009598454055578812 0.008596295895783798
1 0.2905031955592899 0.9083256642697104 0.009708197220512058 0.008699043937351393
1 0.2764946587908647 0.9228315596576276 0.010278245677118715 0.009085945461107336
1 0.3044189611111653 0.857592306912212 0.009153988050377888 0.008457764335300611
1 0.31202330695408226 0.8532469664305453 0.009153988050377888 0.008457764335300611
1 0.31817920596977695 0.8789568976137406 0.009153988050377888 0.008457764335300611
1 0.30405684940435973 0.8735252220116568 0.009153988050377888 0.008457764335300611
1 0.2917450513729703 0.864110317634712 0.009153988050377888 0.008457764335300611
1 0.28124381187560865 0.8579544186190172 0.009153988050377888 0.008457764335300611
