0 0.2584319314819835 0.9387837435512987 0.007472826086956524 0.007336956521739131
0 0.2670323635140713 0.9290921238335325 0.008016304347826088 0.007880434782608695
0 0.20585360447695802 0.7340577524321772 0.009103260869565217 0.009103260869565217
0 0.2540215162380886 0.9153013629639675 0.008967391304347826 0.009103260869565217
0 0.2502085927426309 0.9293986095308239 0.0076086956521739125 0.006929347826086956
0 0.1983722045738068 0.6678411263775031 0.0076086956521739125 0.007880434782608695
0 0.21368589146576258 0.7633857915303285 0.009510869565217392 0.009918478260869565
0 0.2017497455495457 0.7711978383750739 0.008831521739130434 0.00923913043478261
0 0.2454386794341156 0.9506858079134878 0.008016304347826088 0.007880434782608695
0 0.2499063382092789 0.9443566246486738 0.008016304347826088 0.007880434782608695
0 0.2562355214740934 0.9596211254638146 0.008016304347826088 0.007880434782608695
0 0.24394945984239452 0.958876515667954 0.008016304347826088 0.007880434782608695
0 0.27373385167681563 0.9802840472989449 0.008016304347826082 0.012720398455701514
0 0.291604486777469 0.9853101634210032 0.008016304347826088 0.007880434782608695
0 0.29905058473607443 0.9861040036165903 0.008016304347826088 0.007880434782608695
0 0.2865706784054532 0.9834486389313524 0.008016304347826088 0.007880434782608695
0 0.2804353398395608 0.978236370360328 0.008016304347826088 0.007880434782608695
0 0.21359363605754994 0.7887169704245719 0.012658366529629142 0.011541451835838358
0 0.22643815503614423 0.8641087122554515 0.007818402856535655 0.0104245371420474
0 0.23462886279061018 0.8663425416430331 0.007073793060675122 0.011169146937908039
0 0.1942337813651759 0.7581879687942898 0.01116914693790811 0.01079684203997786
0 0.19572300095689701 0.7269143573681472 0.009679927346186971 0.01005223224411722
0 0.18920766524311727 0.7378973518570902 0.009307622448256723 0.006701488162744767
0 0.18864920789622186 0.7453434498156954 0.01116914693790811 0.007446097958605264
0 0.18387911044889274 0.7600286914371659 0.008831521739130434 0.00923913043478261
0 0.17829453697993866 0.7685917040895619 0.008831521739130434 0.00923913043478261
0 0.18350680555096235 0.7518379836826997 0.008831521739130434 0.00923913043478261
0 0.1693592194296122 0.7447641906220245 0.008831521739130434 0.00923913043478261
0 0.1864584478400382 0.6503427961747803 0.0076086956521739125 0.007880434782608695
0 0.1903753415182633 0.6561704447423833 0.0076086956521739125 0.007880434782608695
0 0.17864004498350247 0.6507151010727107 0.0076086956521739125 0.007880434782608695
0 0.10827441927468158 0.6086446476065898 0.0076086956521739125 0.007880434782608695
0 0.10231754090779724 0.6173938127079509 0.008353305448034452 0.008997349476399843
0 0.06750703295131705 0.6032462265865987 0.0057471711625225715 0.008997349476399828
0 0.0814192362239759 0.6084584951576253 0.005276405465139595 0.00899734947639986
0 0.07309160642027109 0.6064108182190077 0.00872561034596472 0.009369654374330027
0 0.10157293111193669 0.6106923245452058 0.008353305448034452 0.008997349476399843
0 0.09375452825540105 0.6099477147493453 0.008353305448034452 0.008997349476399843
0 0.08541920620173915 0.6069200451661778 0.005276405465139595 0.00899734947639986
0 0.17617852499718673 0.6405613311291576 0.0076086956521739125 0.007880434782608695
0 0.17429456700217538 0.7593610041408777 0.008831521739130434 0.00923913043478261
0 0.18481322843473813 0.8227817192863464 0.00984607994526332 0.0076922499572368965
0 0.18096710345611963 0.8323201092333202 0.0064614899640790925 0.008307629953816047
0 0.19004395840565927 0.8395508241931231 0.006769179962368561 0.00861531995210541
0 0.20204386833894902 0.8604737440768077 0.006769179962368561 0.01046145994184215
0 0.20927458329875173 0.8612429690725313 0.006461489964079057 0.012615289929868538
0 0.16343997635929888 0.6998535450737846 0.006769179962368561 0.00953838994697378
0 0.1709783813173911 0.7250841249335218 0.008923009950394842 0.009538389946973922
0 0.14959392643627234 0.6904690001259556 0.006769179962368561 0.0079999399555264
0 0.14851701144225915 0.7093919350207585 0.00830762995381594 0.009538389946973922
0 0.14897854643969338 0.7186226349694428 0.007999939955526471 0.006461489964079021
0 0.14620933645508802 0.7284687149147062 0.009230699948684383 0.006461489964079021
0 0.15913231638324615 0.7187764799685875 0.00676917996236849 0.007384559958947534
0 0.1637476663575883 0.7281610249164165 0.007384559958947498 0.008923009950394628
0 0.15051699643114072 0.7021612200609557 0.009230699948684364 0.009846079945263143
0 0.14697856145081176 0.675392190209771 0.008307629953815922 0.0110768399384213
0 0.15467081140804873 0.696622800091745 0.0046153499743421915 0.007384559958947534
0 0.15605541640035142 0.7093919350207584 0.007384559958947517 0.007692249957237039
0 0.15682464139607508 0.7298533199070087 0.00707686996065803 0.0079999399555264
0 0.15344005141489084 0.7255456599309562 0.00830762995381594 0.009230699948684275
