0 0.5261918162932425 0.34376862616698967 0.007472826086956524 0.008152173913043478
0 0.5163853209255883 0.33069939861741887 0.007336956521739131 0.0076086956521739125
0 0.610132941000104 0.2659194350623372 0.007718166460086312 0.010042117392107917
0 0.7292056672838014 0.9031448808034404 0.011262223162390284 0.014415645647859677
0 0.6918713965440011 0.9477551396996204 0.011422264173518049 0.012127635496043685
0 0.7176322553919406 0.9238288095894941 0.010865086340800474 0.012714462739234733
0 0.7209842501141026 0.952262971715419 0.007397505593736611 0.009015709942366642
0 0.7081542013499658 0.9260249440626347 0.008553365842757898 0.009709226091779044
0 0.7027216581795653 0.9342315518306863 0.006935161494128153 0.009478054041974958
0 0.7100035777483998 0.935734170154414 0.008553365842757898 0.009709226091779329
0 0.7106970938978125 0.9482174608438443 0.005779301245106723 0.007859849693344927
0 0.711043851972519 0.9586202030850365 0.006010473294911094 0.008322193792953528
0 0.7027216581795653 0.9560773105371894 0.00785984969334507 0.008784537892561985
0 0.6912786417142541 0.9648618484297515 0.01456383913766885 0.010171570191387645
0 0.7044554485530975 0.9633592301060239 0.006241645344715323 0.00716633354393224
0 0.7083853733997699 0.9674047409775985 0.004854613045889664 0.006935161494127868
0 0.720521906014494 0.9655553645791645 0.011096258390604987 0.009246881992170728
0 0.7247985889358729 0.9751490046460414 0.008553365842757898 0.00809102174314944
0 0.7346234010525542 0.9863608490615482 0.010171570191387787 0.00647281739451941
0 0.7158984650184087 0.9751490046460414 0.007397505593736468 0.00809102174314944
0 0.7110438519725188 0.9818529940903652 0.012020946589821904 0.008553365842757898
0 0.1517558748864443 0.6184072947131685 0.01234441033161354 0.007464062060975446
0 0.1242680309503513 0.6188379136782235 0.00875591895614453 0.007464062060975432
0 0.13711483007453049 0.6191249929882592 0.007176982750938009 0.007464062060975415
0 0.14264110679275288 0.6053451861064599 0.00875591895614453 0.007464062060975432
0 0.09584717925663641 0.617976675748111 0.00875591895614453 0.007464062060975432
0 0.10704327234809988 0.6021873136960472 0.00875591895614453 0.007464062060975432
0 0.11364609647896291 0.5833836188885893 0.00875591895614453 0.007464062060975432
0 0.12182785681503233 0.5918524585346963 0.00875591895614453 0.007464062060975432
0 0.12814360163585786 0.5931443154298652 0.00875591895614453 0.007464062060975432
0 0.1541242791942538 0.6053451861064599 0.00875591895614453 0.007464062060975432
0 0.13388518783660838 0.6109432326521916 0.00875591895614453 0.007464062060975432
0 0.12756944301578282 0.6109432326521916 0.00875591895614453 0.007464062060975432
0 0.1341722671466459 0.6050581067964224 0.00875591895614453 0.007464062060975432
0 0.10115814649233058 0.6162541998878859 0.00875591895614453 0.007464062060975432
0 0.12670820508567027 0.6062064240365723 0.00875591895614453 0.007464062060975432
0 0.123837411985295 0.6008954568008783 0.00875591895614453 0.007464062060975432
0 0.10675619303806229 0.5846754757837581 0.00875591895614453 0.007464062060975432
0 0.09943567063210546 0.5928572361198277 0.00875591895614453 0.007464062060975432
0 0.11536857233918804 0.6089336774819291 0.00875591895614453 0.007464062060975432
0 0.11622981026930061 0.6171154378179984 0.00875591895614453 0.007464062060975432
0 0.09713903615180523 0.5787903499279888 0.00875591895614453 0.007464062060975432
0 0.10388539993768708 0.5773549533778012 0.00875591895614453 0.007464062060975432
0 0.13804783783215224 0.5802257464781764 0.008755918956144523 0.008612379301125725
0 0.13044023611615807 0.5792209688930451 0.00875591895614453 0.007464062060975432
0 0.1307273154261956 0.570177970626863 0.00875591895614453 0.007464062060975432
0 0.11737812750945072 0.5782161913079138 0.00875591895614453 0.007464062060975432
0 0.10259354304251823 0.6099384550670603 0.00875591895614453 0.007464062060975432
0 0.09957921028712423 0.6021873136960472 0.00875591895614453 0.007464062060975432
0 0.10933990682840004 0.5942926326700152 0.00875591895614453 0.007464062060975432
0 0.09584717925663641 0.5691731930417319 0.00875591895614453 0.007464062060975432
0 0.07575162755400972 0.6066370430016288 0.00875591895614453 0.007464062060975432
0 0.08895727581573581 0.6090772171369477 0.00875591895614453 0.007464062060975432
0 0.0951294809815426 0.6087901378269103 0.00875591895614453 0.007464062060975432
0 0.09168452926109229 0.5994600602506908 0.00875591895614453 0.007464062060975432
0 0.08745010943803883 0.5917089188796772 0.008038220681050706 0.007464062060975423
0 0.1406315516224902 0.5868285706090396 0.00875591895614453 0.007464062060975432
0 0.13933969472732133 0.5924266171547713 0.00875591895614453 0.007464062060975432
0 0.1374736792120774 0.5983117430105406 0.00875591895614453 0.007464062060975432
0 0.14723437575335324 0.5970198861153717 0.00875591895614453 0.007464062060975432
0 0.08457931633766357 0.5749147792424819 0.008038220681050706 0.007464062060975423
0 0.08228268185736339 0.59716342577039 0.008038220681050706 0.007464062060975423
0 0.07065596980084364 0.591134760259602 0.008038220681050706 0.007464062060975423
0 0.07783295255178174 0.5895558240543957 0.008038220681050706 0.007464062060975423
0 0.07151720773095621 0.5836706981986264 0.008038220681050706 0.007464062060975423
0 0.07625401634657536 0.5800822068231574 0.008038220681050706 0.007464062060975423
0 0.083718078407551 0.58094344475327 0.008038220681050706 0.007464062060975423
0 0.091253910296036 0.5740535413123697 0.00875591895614453 0.007464062060975432
0 0.07575162755400972 0.6066370430016288 0.00875591895614453 0.007464062060975432
0 0.06807225601050593 0.6050581067964207 0.005167427580675478 0.007464062060975409
0 0.06986650169824046 0.6128092481674355 0.00875591895614453 0.007464062060975432
0 0.06807225601050593 0.576493715447687 0.005167427580675478 0.007464062060975409
0 0.11680396888937575 0.5635751464960014 0.008181760336069458 0.00775114137101319
0 0.1044595585577622 0.5637904559785295 0.008755918956144484 0.007894681026031875
0 0.09067975167596097 0.6143881843726419 0.00875591895614453 0.007464062060975432
0 0.23586951115739865 0.7769865075997779 0.014494487522727546 0.01042585944617258
0 0.45286771009620835 0.5651904981793023 0.012922979928158256 0.01261528992986861
0 0.3587165857843286 0.4567884670330862 0.008028277692018249 0.007089013211648048
0 0.3587165857843286 0.4567884670330862 0.008028277692018249 0.007089013211648048
0 0.37466384145691295 0.4373675517090478 0.008028277692018249 0.007089013211648049
0 0.37103228818493833 0.44431487101195577 0.008028277692018249 0.007089013211648049
0 0.3869795438575227 0.46310421185391165 0.008028277692018249 0.007089013211648049
0 0.39234792695522436 0.4575779351356895 0.008028277692018249 0.007089013211648049
0 0.3800322245546146 0.4580516159972513 0.008028277692018249 0.007089013211648049
0 0.37640067128263993 0.4503148285917401 0.008028277692018249 0.007089013211648049
0 0.37182175628754144 0.47305150994671197 0.008028277692018249 0.007089013211648049
0 0.3778217138673257 0.47115678650046433 0.008028277692018249 0.007089013211648049
0 0.3779796074878463 0.4659462970232832 0.008028277692018249 0.007089013211648049
0 0.3699270328412937 0.46515682892068005 0.008028277692018249 0.007089013211648049
0 0.37197964990806215 0.46057791392558156 0.008028277692018249 0.007089013211648049
0 0.362821819917865 0.4654726161617213 0.008028277692018249 0.007089013211648049
0 0.38240062886242426 0.43847280705269237 0.008028277692018249 0.007089013211648049
0 0.39053215031923705 0.40752565743064745 0.008501958553580234 0.00835216217581301
0 0.39053215031923705 0.40752565743064745 0.008501958553580234 0.00835216217581301
0 0.4380581300959491 0.3953678486505583 0.008501958553580234 0.00835216217581301
0 0.4178477466693076 0.3952099550300377 0.008501958553580234 0.00835216217581301
0 0.3964531610887611 0.3994730827840952 0.008659852174100873 0.009615311139977753
0 0.4044267889250532 0.39236786986066613 0.008501958553580234 0.00835216217581301
0 0.39053215031923705 0.38336793349098974 0.008501958553580234 0.00835216217581301
0 0.383584831016329 0.3776837631522468 0.008501958553580234 0.00835216217581301
0 0.39321634186808796 0.37563114608547843 0.008501958553580234 0.00835216217581301
0 0.3823216820521639 0.36821014592100854 0.008501958553580234 0.00835216217581301
0 0.4309529171725206 0.3590523159308115 0.008501958553580234 0.00835216217581301
0 0.44279493871156844 0.35273657110998596 0.008501958553580234 0.00835216217581301
0 0.4457949175014606 0.3689996140236117 0.008501958553580234 0.00835216217581301
0 0.4446896621578161 0.37468378436235467 0.008501958553580234 0.00835216217581301
0 0.4355318321676191 0.3843152952141136 0.008501958553580234 0.00835216217581301
0 0.4421633642294857 0.38257846538838663 0.008501958553580234 0.00835216217581301
0 0.45747904541998774 0.37626272056756116 0.008501958553580234 0.00835216217581301
0 0.4522685559428068 0.3798942738395358 0.008501958553580234 0.00835216217581301
0 0.4353739385470983 0.3738943162597515 0.008501958553580234 0.00835216217581301
0 0.432531853377727 0.39536784865055835 0.008501958553580234 0.00835216217581301
0 0.42574242769533954 0.3948941677889964 0.008501958553580234 0.00835216217581301
0 0.4813872974392228 0.3750895709670927 0.008501958553580234 0.00835216217581301
0 0.47183473339772414 0.3708864427888333 0.008501958553580234 0.00835216217581301
0 0.46132691295207556 0.36534595564476413 0.008501958553580234 0.00835216217581301
0 0.4735541949251939 0.3617159813089946 0.008501958553580234 0.00835216217581301
0 0.4701152718702544 0.34490346859595705 0.008501958553580234 0.00835216217581301
0 0.4783304769459433 0.3309567250953691 0.008501958553580234 0.00835216217581301
0 0.46629424625365495 0.3116605457315418 0.008501958553580234 0.00835216217581301
0 0.4659121436919949 0.32293257130051023 0.008501958553580234 0.00835216217581301
0 0.4664852975344849 0.3347777507119685 0.008501958553580234 0.00835216217581301
0 0.4632374257603754 0.3498708018975364 0.008501958553580234 0.00835216217581301
0 0.4212061439777815 0.37260590431630314 0.008501958553580234 0.00835216217581301
0 0.42598242599853064 0.3651549043639342 0.008501958553580234 0.00835216217581301
0 0.4395470669374588 0.3607607249048448 0.008501958553580234 0.00835216217581301
0 0.4538759129997068 0.3588502120965451 0.008501958553580234 0.00835216217581301
0 0.451201195068087 0.34050928913686773 0.008501958553580234 0.00835216217581301
0 0.7641145387039023 0.21405931562126385 0.009510418128947578 0.010629290850000181
0 0.8499880200446935 0.2529401426778435 0.009510418128947578 0.010629290850000181
0 0.8418761928170616 0.2576953517423172 0.009510418128947578 0.010629290850000181
0 0.8463516837012725 0.24398916090942221 0.009510418128947578 0.010629290850000181
0 0.8077505748249558 0.22608719737257985 0.009510418128947578 0.010629290850000181
0 0.7987995930565347 0.2314018427975799 0.009510418128947578 0.010629290850000181
0 0.7599187659999552 0.22412917011073766 0.009510418128947578 0.010629290850000181
0 0.8522257654867988 0.25993309718442253 0.009510418128947578 0.010629290850000181
0 0.8606173108946936 0.2604925335449489 0.009510418128947578 0.010629290850000181
0 0.8673305472210094 0.2576953517423172 0.009510418128947578 0.010629290850000181
0 0.6135909691831264 0.30679676710871817 0.007718166460086312 0.010042117392107917
0 0.62270386408432 0.30109840787507647 0.007718166460086298 0.007458403601770089
0 0.615449898145602 0.29319773693924067 0.007718166460086312 0.010042117392107917
0 0.6325566298311178 0.293428908989045 0.007718166460086312 0.010042117392107917
0 0.6445775764209395 0.2834885108474616 0.007718166460086312 0.010042117392107917
0 0.5934885534141968 0.27886506985137616 0.007718166460086312 0.010042117392107917
0 0.5860910478204603 0.2733169406560737 0.007718166460086312 0.010042117392107917
0 0.6237720919385555 0.2881119518435468 0.007718166460086312 0.010042117392107917
0 0.6078212205020613 0.2885742959431553 0.007718166460086312 0.010042117392107917
0 0.6129070055977551 0.2827949946980487 0.007718166460086312 0.010042117392107917
0 0.6059718441036273 0.28071444624981035 0.007718166460086312 0.010042117392107917
0 0.5985743385098906 0.2675376394109671 0.007718166460086312 0.010042117392107917
0 0.6163745863448192 0.2749351450047036 0.007718166460086312 0.010042117392107917
0 0.6258526403867941 0.27678452140313775 0.007718166460086312 0.010042117392107917
0 0.6376424149268115 0.29811657680376835 0.007718166460086297 0.007601943256788659
0 0.63648655467779 0.3044926656955638 0.007718166460086297 0.006740705326676584
0 0.6369488987773988 0.2864937474949171 0.007718166460086312 0.010042117392107917
0 0.6531309422636976 0.2832573387976573 0.007718166460086312 0.010042117392107917
0 0.58894535395606 0.3144388183419171 0.007718166460086312 0.010042117392107917
0 0.5977337128742387 0.3142477670610871 0.007718166460086312 0.010042117392107917
0 0.5935305846959793 0.32208086957511595 0.007718166460086312 0.010042117392107917
0 0.5839780206544807 0.2945694851356 0.007718166460086312 0.010042117392107917
0 0.5879900975519101 0.2990809364928395 0.007718166460086302 0.007601943256789087
0 0.5912379693260196 0.3060325619853983 0.007718166460086312 0.010042117392107917
0 0.6005994820866883 0.3018294338071389 0.007718166460086312 0.010042117392107917
0 0.5927663795726594 0.2955247415397498 0.007718166460086312 0.010042117392107917
0 0.5891364052368899 0.28578112621742124 0.007718166460086312 0.010042117392107917
0 0.5969695077509187 0.29170371592315036 0.007718166460086312 0.010042117392107917
0 0.6076683794773973 0.3104267414444877 0.007718166460086312 0.010042117392107917
0 0.6065220717924173 0.30202048508796886 0.007718166460086312 0.010042117392107917
0 0.5826406616886709 0.3293408182466549 0.007718166460086312 0.010042117392107917
0 0.5887543026752299 0.32723925415752525 0.007718166460086312 0.010042117392107917
0 0.5853153796202906 0.32131666445179613 0.007718166460086312 0.010042117392107917
0 0.5709865335580426 0.3169224849927068 0.007718166460086312 0.010042117392107917
0 0.5711775848388725 0.3402307412539634 0.007718166460086312 0.010042117392107917
0 0.5633444823248438 0.33430815154823423 0.007718166460086312 0.010042117392107917
0 0.5641086874481637 0.32762135671918524 0.007718166460086312 0.010042117392107917
0 0.5753807130171318 0.32494663878756563 0.007718166460086312 0.010042117392107917
0 0.5298217906290119 0.334216062125491 0.007472826086956524 0.008152173913043478
0 0.5443416879720899 0.32829347241976187 0.007472826086956524 0.008152173913043478
0 0.5533210981710985 0.3238992929606725 0.007472826086956524 0.008152173913043478
0 0.5340249188072713 0.3269561134539521 0.007472826086956524 0.008152173913043478
0 0.5328786111222915 0.3422402159203499 0.007472826086956524 0.008152173913043478
0 0.536317534177231 0.3506464722768686 0.007472826086956524 0.008152173913043478
0 0.5416669700404702 0.3626827029691569 0.007472826086956524 0.008152173913043478
0 0.5454879956570696 0.3571422158250877 0.007472826086956524 0.008152173913043478
0 0.557333175068528 0.34930911331105885 0.007472826086956524 0.008152173913043478
0 0.5517926879244588 0.35007331843437867 0.007472826086956524 0.008152173913043478
0 0.5521747904861186 0.35981693375670737 0.007472826086956524 0.008152173913043478
0 0.5598168417193173 0.3571422158250877 0.007472826086956524 0.008152173913043478
0 0.5126271753543143 0.33708183133794056 0.007472826086956524 0.008152173913043478
0 0.5345980726497613 0.33689078005711054 0.007472826086956524 0.008152173913043478
0 0.4981998101522604 0.3529276223908159 0.008501958553580234 0.00835216217581301
0 0.4917040666040413 0.3599965197815249 0.008501958553580234 0.00835216217581301
0 0.5058418613854593 0.38674369909772105 0.008501958553580234 0.00835216217581301
0 0.5035492460154996 0.38043900683033194 0.008501958553580234 0.00835216217581301
0 0.4980087588714304 0.3827316222002917 0.008501958553580234 0.00835216217581301
0 0.4974356050289404 0.33057462253370906 0.008501958553580234 0.00835216217581301
0 0.5043134511388196 0.3298104174103893 0.008501958553580234 0.00835216217581301
0 0.4976266563097706 0.338025622486078 0.008501958553580234 0.00835216217581301
0 0.5115733998103584 0.3622891351514845 0.008501958553580234 0.00835216217581301
0 0.506606066508779 0.35522023776077555 0.008501958553580234 0.00835216217581301
0 0.48750093842578196 0.3466229301234267 0.008501958553580234 0.00835216217581301
0 0.48157834872005245 0.3366882635202682 0.008501958553580234 0.00835216217581301
0 0.4876919897066118 0.3322940840611788 0.008501958553580234 0.00835216217581301
0 0.493041425569851 0.32770885332125943 0.008501958553580234 0.00835216217581301
0 0.4766110154184735 0.3422287506643374 0.008501958553580234 0.00835216217581301
0 0.4745094513293438 0.35120816086334605 0.008501958553580234 0.00835216217581301
0 0.47489155389100385 0.338025622486078 0.008501958553580234 0.00835216217581301
0 0.507659842052735 0.34300442104366985 0.007472826086956524 0.008152173913043478
0 0.47909468206926314 0.3831137247619516 0.008501958553580234 0.00835216217581301
0 0.6323314476911174 0.2994084336989372 0.007718166460086297 0.007601943256788659
0 0.6211249278791138 0.29679221822451357 0.007718166460086298 0.007458403601770089
