1 0.3750493530186179 0.944308519903035 0.012894086524913036 0.010973690659500476
1 0.382319423080537 0.9578884620941669 0.010973690659500547 0.011248032925988128
1 0.36105789742775485 0.9654328744225736 0.012894086524913036 0.010973690659500476
1 0.353650656232592 0.9728401156177364 0.012894086524913036 0.010973690659500476
1 0.37367764168618045 0.9689993238869112 0.012894086524913036 0.010973690659500476
1 0.3701111922218427 0.9569282641614606 0.012894086524913036 0.010973690659500476
1 0.37065987675481793 0.9810703836123619 0.012894086524913036 0.010973690659500476
1 0.3605092128947806 0.9802473568128992 0.012345401991938837 0.010425006126525575
1 0.20676623861478205 0.9819084992364807 0.013278165697995625 0.010290578415946782
1 0.1858531276404389 0.9762652788148327 0.00929471598859692 0.011618394985746221
1 0.17556254922449227 0.9795848202393316 0.010622532558396536 0.011618394985746364
1 0.0909142428997701 0.9629871131168366 0.010622532558396536 0.011618394985746364
1 0.1128232163014629 0.971285966678084 0.010622532558396536 0.011618394985746364
1 0.1098356290194139 0.9517006722735404 0.010622532558396536 0.011618394985746364
1 0.12410965714475923 0.9629871131168366 0.010622532558396536 0.011618394985746364
1 0.11415103287126246 0.9377585982906449 0.010622532558396536 0.011618394985746364
1 0.1022006837430664 0.8624050079545199 0.010622532558396536 0.011618394985746364
1 0.10319654617041608 0.8859737520684621 0.010622532558396536 0.011618394985746364
1 0.08925447218752065 0.8670523659488183 0.010622532558396536 0.011618394985746364
1 0.10253263788551628 0.8484629339716244 0.010622532558396536 0.011618394985746364
1 0.0975533257487679 0.8378404014132278 0.010622532558396536 0.011618394985746364
1 0.09390183018181913 0.9248123867350994 0.010622532558396536 0.011618394985746364
1 0.10983562901941388 0.9175093956012016 0.010622532558396536 0.011618394985746364
1 0.09589355503651849 0.9022395050485065 0.010622532558396536 0.011618394985746364
1 0.09356987603936924 0.8909530642052103 0.010622532558396536 0.011618394985746364
1 0.09423378432426904 0.8813263940741635 0.010622532558396536 0.011618394985746364
1 0.10883976659206422 0.904895138188106 0.010622532558396536 0.011618394985746364
1 0.10319654617041606 0.9626551589743865 0.010622532558396536 0.011618394985746364
1 0.09688941746386813 0.95203262641599 0.010622532558396536 0.011618394985746364
1 0.0905822887573202 0.940414231430244 0.010622532558396536 0.011618394985746364
1 0.10054091303081693 0.9380905524330946 0.010622532558396536 0.011618394985746364
1 0.1128232163014629 0.9835682699487296 0.010622532558396536 0.011618394985746364
1 0.10319654617041606 0.9756013705299326 0.010622532558396536 0.011618394985746364
1 0.08859056390262086 0.9736096456752331 0.010622532558396536 0.011618394985746364
1 0.1234457488598594 0.9729457373903333 0.010622532558396536 0.011618394985746364
1 0.09755332574876796 0.9135259458918027 0.013278165697995644 0.011618394985746364
1 0.10518827102511542 0.9248123867350994 0.010622532558396536 0.011618394985746364
