1 0.5930710000000001 0.070652 0.014946 0.01087
1 0.5964669999999999 0.08356 0.016304 0.014946
1 0.599185 0.037363999999999994 0.01087 0.012228
1 0.6012230000000001 0.10529900000000002 0.012228 0.012228
1 0.6025820000000001 0.056386000000000006 0.012228 0.014946
1 0.6032610000000002 0.137228 0.01087 0.013587
1 0.6093750000000001 0.026495000000000005 0.012228 0.012228
1 0.6120920000000001 0.076766 0.014946 0.012228
1 0.6120920000000001 0.10462000000000002 0.012228 0.008152
1 0.613451 0.118886 0.012228 0.009511
1 0.61481 0.057745 0.012228 0.017663
1 0.620924 0.13587 0.013587 0.013587
1 0.6256790000000001 0.09578800000000001 0.014946 0.009511
1 0.6250000000000001 0.030571 0.01087 0.017663
1 0.626359 0.067255 0.013587 0.012228
1 0.6297550000000001 0.047554 0.014946 0.016304
1 0.631114 0.08152200000000001 0.017663 0.013587
1 0.640625 0.018342 0.014946 0.012228
1 0.6542120000000001 0.07065200000000002 0.012228 0.013587
1 0.655571 0.02106 0.012228 0.017663
