0 0.451766 0.047554 0.012228 0.013587
0 0.45856 0.056386000000000006 0.012228 0.014946
0 0.775815 0.13383199999999998 0.01087 0.012228
0 0.7805709999999999 0.116168 0.009511 0.012228
0 0.7866850000000001 0.143342 0.008152 0.012228
0 0.792799 0.05638599999999999 0.009511 0.012228
0 0.7982339999999999 0.147418 0.009511 0.009511
0 0.8009509999999999 0.13994600000000001 0.009511 0.008152
0 0.8029890000000001 0.13383200000000003 0.008152 0.006793
0 0.807065 0.134511 0.008152 0.008152
0 0.807065 0.144022 0.008152 0.008152
0 0.808424 0.106658 0.01087 0.012228
0 0.8091029999999999 0.091712 0.009511 0.012228
0 0.8091029999999999 0.07337 0.009511 0.01087
0 0.8111410000000001 0.125679 0.008152 0.009511
0 0.8138590000000001 0.14266300000000004 0.008152 0.008152
0 0.8220110000000002 0.150136 0.008152 0.009511
0 0.8220110000000002 0.06997300000000001 0.008152 0.009511
0 0.82337 0.116168 0.008152 0.012228
0 0.824728 0.14538 0.008152 0.008152
0 0.826087 0.079484 0.01087 0.009511
0 0.825408 0.13315200000000002 0.006793 0.008152
0 0.8281250000000001 0.050951 0.012228 0.009511
0 0.828804 0.063179 0.01087 0.009511
0 0.8294840000000001 0.128397 0.006793 0.009511
0 0.83288 0.044158 0.008152 0.012228
0 0.83356 0.127717 0.009511 0.008152
0 0.83356 0.09850500000000001 0.006793 0.006793
0 0.8342390000000001 0.07337000000000002 0.008152 0.008152
0 0.835598 0.13587 0.008152 0.008152
0 0.836277 0.10394 0.009511 0.009511
0 0.836277 0.146739 0.006793 0.008152
0 0.8389950000000002 0.063859 0.012228 0.008152
0 0.838995 0.11209200000000001 0.009511 0.009511
0 0.838995 0.152853 0.006793 0.009511
0 0.840353 0.086957 0.006793 0.01087
0 0.841033 0.07337000000000002 0.008152 0.008152
0 0.84375 0.03940199999999999 0.013587 0.01087
0 0.8471470000000001 0.027853000000000003 0.012228 0.012228
0 0.845788 0.15557100000000001 0.006793 0.009511
0 0.845788 0.09510900000000001 0.006793 0.008152
0 0.846467 0.128397 0.008152 0.009511
0 0.848505 0.017663 0.012228 0.01087
0 0.8491850000000001 0.092391 0.008152 0.008152
0 0.8491850000000001 0.138587 0.008152 0.01087
0 0.8498640000000001 0.172554 0.006793 0.01087
0 0.8525819999999998 0.115489 0.009511 0.008152
0 0.8525819999999998 0.08356 0.009511 0.009511
0 0.8532610000000002 0.052988999999999994 0.008152 0.01087
0 0.85394 0.065217 0.009511 0.01087
0 0.856658 0.04143999999999999 0.009511 0.012228
0 0.8573370000000001 0.168478 0.008152 0.01087
0 0.8580160000000001 0.017663 0.006793 0.01087
0 0.8586959999999999 0.150136 0.005435 0.006793
0 0.859375 0.076087 0.006793 0.005435
0 0.859375 0.086277 0.006793 0.009511
0 0.859375 0.13587 0.006793 0.008152
0 0.8607339999999999 0.154891 0.009511 0.008152
0 0.861413 0.066576 0.01087 0.01087
0 0.8627720000000001 0.18342399999999998 0.008152 0.008152
0 0.8627720000000001 0.20244600000000001 0.008152 0.01087
0 0.863451 0.023777 0.006793 0.009511
0 0.86413 0.015625 0.008152 0.006793
0 0.86481 0.032609 0.009511 0.01087
0 0.86481 0.17663 0.006793 0.008152
0 0.8654890000000001 0.117527 0.008152 0.009511
0 0.8654890000000001 0.162364 0.008152 0.009511
0 0.8661680000000002 0.153533 0.006793 0.008152
0 0.866848 0.023098 0.008152 0.01087
0 0.866848 0.076087 0.008152 0.008152
0 0.866848 0.171196 0.008152 0.008152
0 0.866848 0.070652 0.008152 0.008152
0 0.8682070000000001 0.08356 0.008152 0.006793
0 0.869565 0.108696 0.008152 0.01087
0 0.8716029999999999 0.04008199999999999 0.009511 0.012228
0 0.8736410000000001 0.175272 0.008152 0.008152
0 0.8736410000000001 0.014946 0.008152 0.005435
0 0.8743209999999999 0.192255 0.009511 0.012228
0 0.8736409999999999 0.169837 0.005435 0.008152
0 0.874321 0.075408 0.006793 0.009511
0 0.875 0.124321 0.008152 0.009511
0 0.875 0.09578800000000001 0.008152 0.009511
0 0.875 0.15081500000000003 0.008152 0.008152
0 0.8763589999999999 0.031929000000000006 0.01087 0.009511
0 0.875 0.159647 0.005435 0.006793
0 0.8763590000000001 0.022418 0.008152 0.009511
0 0.8783970000000001 0.16643999999999998 0.006793 0.009511
0 0.879076 0.04008199999999999 0.008152 0.009511
0 0.880435 0.08220100000000001 0.01087 0.009511
0 0.880435 0.014946 0.01087 0.005435
0 0.8804350000000001 0.09578800000000001 0.008152 0.009511
0 0.8817929999999999 0.146739 0.01087 0.005435
0 0.8824730000000001 0.184783 0.012228 0.008152
0 0.882473 0.072011 0.006793 0.01087
0 0.8845109999999999 0.153533 0.01087 0.008152
0 0.8838320000000001 0.16915799999999998 0.006793 0.009511
0 0.8845110000000002 0.17934799999999998 0.008152 0.008152
0 0.8845110000000002 0.019701 0.008152 0.006793
0 0.88519 0.160326 0.009511 0.008152
0 0.8865490000000001 0.136549 0.012228 0.012228
0 0.887908 0.014266 0.009511 0.004076
0 0.8892660000000001 0.031929000000000006 0.012228 0.009511
0 0.8885870000000001 0.122283 0.008152 0.01087
0 0.8892659999999999 0.023777 0.009511 0.009511
0 0.8892659999999999 0.076766 0.009511 0.012228
0 0.889946 0.16508199999999998 0.008152 0.006793
0 0.893342 0.109375 0.009511 0.009511
0 0.89538 0.188179 0.008152 0.009511
0 0.894701 0.16576099999999996 0.004076 0.008152
0 0.8974179999999999 0.154212 0.009511 0.009511
0 0.8987770000000002 0.031929 0.012228 0.006793
0 0.898777 0.024457 0.006793 0.01087
0 0.900815 0.07269 0.01087 0.009511
0 0.9001360000000002 0.09510900000000001 0.006793 0.008152
0 0.9001360000000002 0.058424 0.006793 0.01087
0 0.900815 0.17663 0.008152 0.008152
0 0.904212 0.20855999999999997 0.009511 0.009511
0 0.9048910000000001 0.064538 0.008152 0.009511
0 0.9076089999999999 0.16508199999999998 0.01087 0.009511
0 0.90625 0.04008199999999999 0.005435 0.009511
0 0.9076090000000001 0.027174 0.008152 0.01087
0 0.910326 0.107337 0.013587 0.01087
0 0.908288 0.127717 0.006793 0.01087
0 0.9096470000000001 0.15557100000000001 0.006793 0.009511
0 0.9096470000000001 0.036005 0.006793 0.009511
0 0.910326 0.05570699999999999 0.008152 0.01087
0 0.913723 0.023777 0.009511 0.012228
0 0.9130429999999999 0.169837 0.005435 0.008152
0 0.914402 0.158967 0.005435 0.008152
0 0.9150820000000001 0.033967 0.006793 0.008152
0 0.918478 0.18070699999999998 0.01087 0.008152
0 0.918478 0.059102999999999996 0.01087 0.012228
0 0.919158 0.09782600000000001 0.012228 0.01087
0 0.921196 0.156929 0.008152 0.009511
0 0.9225540000000001 0.171875 0.008152 0.014946
0 0.923913 0.11345100000000001 0.008152 0.012228
0 0.925951 0.019022 0.012228 0.01087
0 0.9286680000000002 0.071332 0.012228 0.012228
0 0.929348 0.037363999999999994 0.013587 0.012228
0 0.929348 0.059103 0.008152 0.009511
0 0.932065 0.122283 0.008152 0.01087
0 0.933424 0.197011 0.005435 0.01087
0 0.933424 0.04891299999999999 0.005435 0.008152
0 0.934103 0.16779899999999998 0.004076 0.012228
