0 0.6043865369713824 0.24542486149331796 0.010939722475798233 0.011090672534445057
0 0.5118225968402365 0.3792193972546121 0.013236543406610903 0.013920348623524542
0 0.4987200187600177 0.36559915672177856 0.013755269672559656 0.013128868911577307
0 0.5399221544680388 0.33232968689306924 0.011966332145359204 0.012218104108520176
0 0.5910647848378057 0.22355120078377103 0.00965392071267833 0.011044149813444717
0 0.5137774218683657 0.3441512921582098 0.011289306308912195 0.011518131131711214
0 0.45059566912443744 0.0810966880425163 0.010748946148416271 0.010455478792605192
0 0.46980652601822565 0.06809300702551138 0.011040687561035156 0.01056689283122187
0 0.5540779984515646 0.2437579942786175 0.009736973306407099 0.010579565297002378
0 0.15146678945292597 0.3757997803066088 0.010347107182378355 0.01071179431417714
0 0.13427144029866095 0.38433126781297766 0.009254859841388205 0.00934911810833475
0 0.5279049873352051 0.3447315258824307 0.011382849320121433 0.01104923305304154
0 0.5093801125236179 0.04964810609817504 0.01148974377176036 0.011708803798841394
0 0.09885124538255774 0.38687974214553833 0.009780925253163214 0.009803466174913488
0 0.5281770851301111 0.3284377054027889 0.011134914729906164 0.01284774230874103
0 0.48629099389781116 0.052923687126325517 0.010896226634149965 0.010057910628940746
0 0.5729765581048053 0.23288843942725143 0.010330055070960003 0.010915486708931301
0 0.4361649083465155 0.05254499052446379 0.009448629712613994 0.007867912439453522
0 0.6092138601386029 0.22245480703270953 0.009551400723664658 0.010376826576564625
0 0.5556793420211129 0.2622472514276919 0.01000814852507218 0.008829697318699049
0 0.17455698614535126 0.0653910377751226 0.009355783462524414 0.010607781617537788
0 0.09289041291112486 0.36767551173334534 0.009564928386522375 0.008606661920962126
0 0.4137882979019828 0.013861156028249989 0.008844873179560122 0.009986841160318127
0 0.13968255727187448 0.37383332978124206 0.009846407434214716 0.009864299193672512
0 0.601667829181837 0.21322787326315173 0.010687558547310207 0.01052458389945652
0 0.11484781037206235 0.3713218336519988 0.009416279585465141 0.009097617605458136
0 0.5933070286460544 0.23646757913672403 0.009443594061810038 0.010737730109173317
0 0.4473619046418563 0.06839997872062352 0.010504432346509851 0.011407603388247282
0 0.5704215816829514 0.25274949488432513 0.010651733564293903 0.008688242539115574
0 0.5227417427560558 0.337995087970858 0.010079155797543734 0.010519661333249964
0 0.18004555287568466 0.05833692136018172 0.011935710906982422 0.01130018026932426
0 0.6029349928316862 0.23180025556813116 0.009877184162969175 0.009668536808179773
0 0.1290945643964021 0.30202474801436713 0.009607429089753525 0.010050172391145126
0 0.4624320604128407 0.051362625557930336 0.00577182453917059 0.005057103687509615
0 0.1004524386447409 0.3717072321021039 0.00814683541007664 0.009117167928944464
0 0.12445915263632071 0.38116930619530054 0.007820212322732677 0.008659647858661154
0 0.18565924271293305 0.04049711901208629 0.011664763740871265 0.0113847307536913
0 0.10559840305991795 0.3625390996103701 0.009567146715910538 0.00923151555268661
0 0.48521718771561334 0.04288132164789284 0.010094829227613367 0.014486066673112951
0 0.12614994982014532 0.37280949302341626 0.009013683899589207 0.00902731522269871
0 0.5842697931372601 0.23230069616566534 0.009664908699367357 0.009386933368185291
0 0.453185086879181 0.04873376561106649 0.005944125253536473 0.007694572937732522
0 0.5731442803921906 0.24536132812499997 0.010120371113652769 0.009740663611370584
0 0.4412018060684204 0.041385166023088546 0.009779442911562712 0.009369627289150072
0 0.11043497272159743 0.23383034830508026 0.00839779687964398 0.008197079534116
0 0.47469416908595874 0.04570561129113902 0.009394355442212976 0.010105594344761059
0 0.4756502483202063 0.03107415593188742 0.008001410442849865 0.009852243506390116
0 0.12448569484378982 0.2511322083680526 0.006953581519748854 0.007224559783935547
0 0.44404167786290644 0.04673851532144315 0.008167899174776007 0.006957817423373935
0 0.42291659343847515 0.014420129635538063 0.008167899174776007 0.006957817423373935
0 0.45099951790067905 0.04280579046093836 0.008167899174776007 0.006957817423373935
0 0.4694529197399885 0.039175582897395485 0.008167899174776007 0.006957817423373935
0 0.465217712760475 0.032822719661195404 0.008167899174776007 0.006957817423373935
0 0.4634026240549693 0.04159572127309079 0.008167899174776007 0.006957817423373935
0 0.5628372298936 0.24688162201043032 0.010615243779366637 0.007686900667817156
0 0.5661316158940931 0.26335368883000626 0.010615243779366637 0.007686900667817156
0 0.6002062057337189 0.22151039450596374 0.010687558547310207 0.01052458389945652
0 0.5573319179222517 0.2531788580814218 0.010687558547310207 0.01052458389945652
0 0.5480749694175031 0.2624357935880942 0.010687558547310207 0.01052458389945652
0 0.4427652950026598 0.057495273565658665 0.009448629712613994 0.007867912439453522
0 0.45693173819938715 0.04888748403733289 0.00577182453917059 0.005057103687509615
0 0.4649072054088949 0.04641234251673545 0.00577182453917059 0.005057103687509615
0 0.47700791427849276 0.037886855056899836 0.00577182453917059 0.005057103687509615
0 0.15391241868576638 0.2184053371512643 0.006953581519748854 0.007224559783935547
0 0.15418743479643904 0.21125492831398282 0.006953581519748854 0.007224559783935547
0 0.15611254757114776 0.22638079316207818 0.006953581519748854 0.007224559783935547
0 0.15308737035374828 0.22720584033561064 0.006953581519748854 0.007224559783935547
0 0.14593695147625865 0.22033044722284 0.006953581519748854 0.007224559783935547
0 0.14758704814029472 0.22363063591696988 0.006953581519748854 0.007224559783935547
0 0.14868711258298542 0.22033044722283995 0.006953581519748854 0.007224559783935547
0 0.1404366292628051 0.22280558874343737 0.006953581519748854 0.007224559783935547
0 0.1324611620532974 0.22033044722283995 0.006953581519748854 0.007224559783935547
0 0.1335612264959881 0.22473069881501317 0.006953581519748854 0.007224559783935547
0 0.13273617816397004 0.2299559975807189 0.006953581519748854 0.007224559783935547
0 0.13631138760271486 0.22445568309050237 0.006953581519748854 0.007224559783935547
0 0.1379614842667509 0.22033044722284 0.006953581519748854 0.007224559783935547
0 0.139611580930787 0.22363063591696988 0.006953581519748854 0.007224559783935547
0 0.14318679036953177 0.2280308875091431 0.006953581519748854 0.007224559783935547
0 0.14758704814029458 0.23023101330522974 0.006953581519748854 0.007224559783935547
0 0.14923714480433067 0.2277558717846323 0.006953581519748854 0.007224559783935547
0 0.13713643593473276 0.23243113910131638 0.006953581519748854 0.007224559783935547
0 0.13438627482800594 0.2376564378670221 0.006953581519748854 0.007224559783935547
0 0.13163611372127915 0.236281359244468 0.006953581519748854 0.007224559783935547
0 0.12943598483589772 0.24013157938761961 0.006953581519748854 0.007224559783935547
0 0.12806090428253428 0.2428817366327279 0.006953581519748854 0.007224559783935547
0 0.12888595261455227 0.24563189387783613 0.006953581519748854 0.007224559783935547
0 0.13026103316791565 0.2483820511229444 0.006953581519748854 0.007224559783935547
0 0.13768646815607796 0.2423317051837062 0.006953581519748854 0.007224559783935547
0 0.14043662926280473 0.23958154793859796 0.006953581519748854 0.007224559783935547
0 0.13576135538136916 0.23738142214251132 0.006953581519748854 0.007224559783935547
0 0.1330111942746424 0.24068161083664127 0.006953581519748854 0.007224559783935547
0 0.1437368225908768 0.2338062177238706 0.006953581519748854 0.007224559783935547
