1 0.7469920222617042 0.9140737989372046 0.010394945311764249 0.010099513665357546
1 0.7031666343299172 0.9502702653845145 0.009646739130434782 0.010326086956521738
1 0.7812655818741087 0.8927196942784396 0.010054347826086957 0.00923913043478261
1 0.7248117775262827 0.9685349116697438 0.011277173913043479 0.00923913043478261
1 0.728321125579309 0.9154550775090138 0.010780216937424505 0.011775114287236387
1 0.7715509079610652 0.8605865421045263 0.009375 0.009646739130434782
1 0.7333594680273481 0.9386548522758089 0.010757879867432792 0.010348576864306134
1 0.7771215601349784 0.8813066508001784 0.011277173913043479 0.010597826086956521
1 0.7157987885093173 0.936639484729035 0.010553151946973115 0.010122189596844178
1 0.7044469246177824 0.9675158899306132 0.012092391304347827 0.01154891304347826
1 0.7468455258300561 0.8984471632558381 0.009420757477113077 0.00892549682781137
1 0.7349340601349784 0.9260756725393091 0.008695652173913044 0.008288043478260869
1 0.7070128644828044 0.9848392594958304 0.012092391304347827 0.013315217391304347
1 0.7131269949175868 0.923086542104526 0.01046195652173913 0.010190217391304348
1 0.7585074297001957 0.8254642594958302 0.01046195652173913 0.011141304347826087
1 0.7485210166567176 0.9242414334088741 0.009510869565217392 0.008695652173913044
1 0.7781379022294627 0.843816829473168 0.012233620158856075 0.013063835606850309
1 0.7833036253523697 0.8636436073219174 0.010326086956521738 0.010597826086956521
1 0.794580799265413 0.9033175203653957 0.012228260869565218 0.0125
1 0.763531923968593 0.8390904569636091 0.013456446245812714 0.012850221022514152
1 0.7214820496058226 0.9567821942784395 0.012773586275702414 0.011005434782608695
1 0.7557221036132392 0.8727468681914826 0.00923913043478261 0.010054347826086957
1 0.76432471321665 0.9180370643074026 0.012771739130434783 0.013451086956521741
1 0.5229333437166112 0.491489855113825 0.009782608695652176 0.014846376728870818
1 0.7763742775262827 0.8290648029740914 0.009782608695652175 0.009646739130434782
1 0.7390780818741086 0.8841251912616477 0.009103260869565217 0.008695652173913044
1 0.7958123443619547 0.8471135798472227 0.014580421798826394 0.01261919658403869
1 0.7848770280128348 0.8522097938523153 0.016038463978709103 0.009221720580643761
1 0.7615196677701574 0.8689274288350713 0.008751518300951631 0.011451925887630238
1 0.7425077487025724 0.874502708543523 0.013579942191131806 0.01115055941690315
1 0.7420171019398759 0.8930225667827502 0.009420757477113077 0.00892549682781137
1 0.5157192345302378 0.48490305976974496 0.009782608695652176 0.014846376728870818
