0 0.08369768961616185 0.8720469474792479 0.010933528775754183 0.010349563930345617
0 0.6787888900093411 0.9795786608820376 0.008419368578040081 0.009173807890518852
0 0.08782053771226302 0.8312660507533862 0.007882849029872728 0.007243239361306896
0 0.08192226161127505 0.8403895004935886 0.009238481521606445 0.009189937425696331
0 0.6870996019114619 0.9677544054777725 0.00942342177681301 0.009514933047087296
0 0.6893520147904104 0.9868983393130095 0.008547119472337805 0.007823612378991169
0 0.6107298394908076 0.9309576076009999 0.008998953777810802 0.0103003045786982
0 0.0912084320317144 0.8715567381485647 0.010524428409078846 0.009660472040591032
0 0.09201894117438275 0.8254105526468029 0.010739627091780952 0.010217500769573708
0 0.6088622963946798 0.9247405218041461 0.00947297137716542 0.00996510878853176
