0 0.4797085938246354 0.06247766639875329 0.01211076197416886 0.011864195699277132
0 0.698800397955853 0.22825793598009192 0.00790616740351138 0.008411386738652769
0 0.3260098357441957 0.057725172975788955 0.009757338942069075 0.011118655619413956
0 0.351883941370508 0.04795533159504767 0.010727983453999395 0.01215597857599673
0 0.438782142556232 0.0958908174348914 0.010662680086882217 0.011245841565339462
0 0.3996960728064828 0.025681250121282497 0.010042993918709133 0.011785915364389834
0 0.32290010866911517 0.18436565606490427 0.010094601175059443 0.008786678314208984
0 0.37475217425304913 0.020844534687373954 0.01073367699332859 0.012197992076044497
0 0.41920513173808227 0.06603930307471234 0.010148411211760147 0.010692088500313137
0 0.45945199157880706 0.16737249104872995 0.009082493574722954 0.010359857393347698
0 0.19265009009319806 0.05838818394619486 0.010351056637971298 0.011417321536851965
0 0.42735199824623443 0.11573634458624799 0.010749910188757855 0.011230230331420898
0 0.7931215037470278 0.3355060945386473 0.007870715597401495 0.008043978525244671
0 0.177045956901882 0.04213722633278888 0.009995273921800696 0.010831620382226032
0 0.8322732137597124 0.39074445548264874 0.006112596263056216 0.006530932758165442
0 0.34150260427723755 0.015173843049484752 0.01051355444866678 0.01094190776348114
0 0.3883158383162125 0.027778257494387417 0.010535167611163597 0.01119773284248684
0 0.19372886160145636 0.0927186737889829 0.009293431821076767 0.009708446005116339
0 0.3317990523317586 0.026383730380431465 0.009665496971296228 0.010419236577075462
0 0.8882088453873345 0.5047269696774691 0.00784575420877208 0.009261877640433933
0 0.3523553959701372 0.016882467529048092 0.01022633003151935 0.011142043963722561
0 0.3221853537404019 0.034991198259851204 0.011361335930616959 0.009314239025115967
0 0.2924168628195058 0.19545873351719067 0.00907972584600034 0.00935021690700365
0 0.4151814865029376 0.09842455387115479 0.011392437893411388 0.010610549346260403
0 0.7826394827469535 0.19561939654142957 0.008787113687266474 0.00977051776388417
0 0.3248979267866715 0.018681261850439983 0.009242171826569931 0.009926795959472656
0 0.2955617697342582 0.09378364811772887 0.010042895441469938 0.00968151507170304
0 0.2087210675944453 0.137277919313182 0.008462097333825153 0.007686438767806343
0 0.7014317927153213 0.20878635282101837 0.008242938829504925 0.008306275243344515
0 0.1730167191961537 0.12949686983357306 0.010217366011246391 0.00841919235561205
0 0.4709095592084138 0.18051486429960828 0.00845101605290952 0.008131918699845024
0 0.426272958377942 0.1565348013426628 0.006602880469153467 0.008446890342688326
0 0.7132015020950979 0.31142933472343115 0.008171952289083729 0.008322591366975204
0 0.23401751725570016 0.1419517786606498 0.007846624954887058 0.007481906725012738
0 0.3198439141978388 0.10897741110428522 0.010484239329462465 0.008572454037873642
0 0.48659129246421484 0.23175749571427054 0.008690968803737474 0.009211581686268682
0 0.37755644062291027 0.03916168990342513 0.010332796884619671 0.010608875233194103
0 0.7354251405467158 0.33071830609570374 0.007116939710534137 0.00799650990444681
0 0.8288697781770127 0.3719072134598441 0.008212877356487772 0.007921011551566746
0 0.7249194020810334 0.28868418154509173 0.007499363111413043 0.00714861828347911
0 0.3590014512124269 0.036957994751308273 0.009452055329861849 0.009858017382414444
0 0.2318543351214865 0.013442677648171133 0.00968070652173913 0.009287135756534079
0 0.31285723395969556 0.02370197293551072 0.008434627367102581 0.008954868368480516
0 0.24097403236057446 0.029451889836269878 0.008788855179496433 0.008776672508405603
0 0.7368574764417565 0.2603269970935324 0.007056153338888416 0.006497279457423998
0 0.3343515292457912 0.1310048362483149 0.009544919366421907 0.009975816892540974
0 0.22721301991006598 0.025371134281158447 0.008973059446915337 0.008997797966003418
0 0.19559803216353708 0.07785126437311587 0.010067462921142578 0.009851559348728346
0 0.4215145266574363 0.22933781665304437 0.007166955782019574 0.007477013961128567
0 0.4770359785660454 0.11566911572995392 0.009841255519701086 0.009645855945089588
0 0.6985423461250637 0.1949487250784169 0.008716002754543139 0.008097710816756538
0 0.8120889249055283 0.49233287313710095 0.006109984024711277 0.0065111077350118885
0 0.249186723128609 0.17011155252871307 0.009142958599588146 0.012732174085534138
0 0.16567637091097626 0.10162569128948709 0.009279406589010487 0.009270232656727667
0 0.3511498738890109 0.08507469944331957 0.009867411592732305 0.00931176931961723
0 0.6926983750384786 0.21487972010736883 0.008371311685313349 0.007942697276239809
0 0.6905328916466753 0.2045536041259766 0.008414309957753057 0.009403436080269192
0 0.7047007602194081 0.5540225298508353 0.0066877448040506115 0.009662607441777769
0 0.22673266866932745 0.0720207224721494 0.00831877666970958 0.008764277333798616
0 0.44164095754208765 0.07990422197010207 0.013097472812818445 0.010456598323324452
0 0.4022087428880774 0.13172056363976523 0.009998487389605978 0.010224052097486414
0 0.4496738755184671 0.14107771541761316 0.008918129879495373 0.009304357611614725
0 0.2594469319219175 0.1102976021559342 0.00908623570981233 0.009220859278803286
0 0.44562426339025085 0.0843662697335948 0.010349201119464378 0.010170687799868376
0 0.6969956937043564 0.5385524915612262 0.008658201798148777 0.008361982262652853
0 0.3414873092070869 0.06533883447232454 0.009953400363092836 0.010193016218102497
0 0.9079331107761548 0.4677821242290994 0.008064601732336956 0.008047145345936651
0 0.2527192364568296 0.18958252409230109 0.009468368861986242 0.008728048075800356
0 0.9122197317040485 0.488466739654541 0.007564337357230808 0.007518809774647589
0 0.28356869324393896 0.17525152019832446 0.008552261020826258 0.00812021545741869
0 0.3133914470672607 0.056550425031910774 0.009617950605309528 0.009985053020974865
0 0.4790837142778479 0.20081794780233636 0.009188092273214588 0.0087499825850777
0 0.93207019308339 0.4335429357445758 0.00799759574558424 0.00812319050664487
0 0.32710231881102786 0.11279998654904572 0.009505376057780308 0.009262934975002123
0 0.23599357190339462 0.15884487525276517 0.007671439129373302 0.007872311965278957
0 0.33052554532237677 0.16472813875778866 0.0073412410590959635 0.007628845131915548
0 0.4513526377470597 0.10922965796097467 0.010563269905422046 0.012875888658606487
0 0.4699911449266517 0.19346417551455292 0.008838881617007048 0.009440422058105469
0 0.3102260154226552 0.10133774902509607 0.01013252009516177 0.011661270390386167
0 0.4479309942411339 0.11355452952177628 0.00941020509471064 0.010983819546906845
0 0.5166107675303584 0.05129982336707737 0.010957469110903532 0.009343079898668371
0 0.7174323538075322 0.24683570861816406 0.009039671524711277 0.00873329328454059
0 0.2132503779038139 0.03480193278063899 0.010362853174624235 0.01323423437450243
0 0.793215274810791 0.38855871428614075 0.008056184519892153 0.008863957031913425
0 0.7398252072541611 0.5666502455006475 0.007013569707455842 0.007638558097507643
0 0.7777395041092582 0.3408866686665494 0.006407571875530741 0.006766955489697663
0 0.23748964848725695 0.040202911781228104 0.008766277976658033 0.008143085500468378
0 0.3417979135461476 0.11287685580875563 0.009745552487995314 0.00951788736426312
0 0.7709505661674168 0.24861917288407034 0.008361982262652853 0.009048068005105724
0 0.2746380619380785 0.10806153649869171 0.008840374324632727 0.008053665575773819
0 0.37311477764793066 0.09624467207037884 0.008973577748174253 0.00975657546001932
0 0.9213711697122325 0.46967802877011505 0.008535882701044497 0.007824400196904722
0 0.2628197773643162 0.1799565501835035 0.008296987284784731 0.00799691158792247
0 0.8407107228818147 0.43640176109645684 0.007841607798700747 0.0083459356556768
0 0.7281627447708793 0.3110934133115022 0.006554852361264436 0.007161430690599524
0 0.48726294351660693 0.21367828742317532 0.008424696714981743 0.008440784786058508
0 0.7820205273835554 0.3259648330833601 0.008662265280018682 0.008812466393346373
0 0.20977566553198773 0.10305180238640826 0.008656854214875595 0.009056391923323921
0 0.3780956916187121 0.07016236108282338 0.009124128714851711 0.008386710415715757
0 0.16073557086612866 0.119085140850233 0.008416248404461405 0.009138179861980936
0 0.43780155803846277 0.14720620798028033 0.008840125540028448 0.007938623428344727
0 0.4125713731931604 0.14553787397301715 0.008900445440541143 0.008746167887812075
0 0.5110490425773289 0.053080950094305954 0.008959355561629585 0.008899807929992676
0 0.29672879758088483 0.04271866316380708 0.012126259181810461 0.009894995585731838
0 0.7979385956473972 0.2168198253797448 0.00823137034540591 0.009910293247388758
0 0.2860410628111466 0.059331922427467675 0.00971277900364088 0.009379350620767345
0 0.7094319385030995 0.23503648716470468 0.007450767185377039 0.007112648176110309
0 0.39702878568483435 0.30453247609345807 0.009919151015903639 0.010409210039221722
0 0.3141597561214281 0.04613580004028653 0.009283418240754501 0.009191261685412863
0 0.7593179993007495 0.26391111249509064 0.007369041442871094 0.007311510003131369
0 0.8844106922978939 0.5135192456452743 0.00584212593410326 0.006170936252759851
0 0.26516930953316065 0.06951899113862411 0.008533892424210258 0.008146679919698963
0 0.7429105717202893 0.3423243916553 0.007548995639966883 0.007222445114799168
0 0.30453264194986096 0.08476332737051924 0.00903301653654679 0.008654599604399307
0 0.4021381658056508 0.1146025968634564 0.011167370754739513 0.011061792788298233
0 0.18446689066679578 0.133462553438933 0.006493340367856233 0.006198012310525646
0 0.3416212181682172 0.044222616631051766 0.010105810735536657 0.009696727213652237
0 0.26282336400902795 0.08112920626350073 0.009957085485043734 0.011754248453223187
0 0.22427775548852008 0.05031192561854486 0.009060714555823284 0.009051452512326448
0 0.7473628624625828 0.3721484179082124 0.00855906113334324 0.00796074970908787
0 0.27900325733682385 0.09604706971541693 0.009017218714175016 0.00806990913722826
0 0.24447722020356552 0.15417580500892972 0.007532057554825493 0.007169692412666653
0 0.43075764697530994 0.14100700875987177 0.009287626846976902 0.009675336920696756
0 0.9286837163178816 0.5218290453371794 0.008546953615934952 0.008871119955311651
0 0.7607757734215777 0.20342501350071118 0.007325877314028533 0.008246173029360563
0 0.21622784241386078 0.028558536716129467 0.0076949907385784645 0.007769667583963146
0 0.7615478764409603 0.5786119336667268 0.007831490558126698 0.007569230121114979
0 0.1982168943985649 0.11198392639989438 0.008399175560992697 0.00848673737567404
0 0.33476684987545013 0.05582264454468437 0.00992390513420105 0.009466259375862453
0 0.33314305543899536 0.17200196307638418 0.007602012675741444 0.007342670274817426
0 0.44903823085453204 0.24326340011928393 0.008690243181974991 0.007496356964111328
0 0.4518383171247399 0.15631024733833646 0.00823416917220406 0.00792005787725034
0 0.35186615197554877 0.09593605476876962 0.009013072304103685 0.009133701739103897
0 0.28893775525300397 0.16346923683000647 0.008275322292162024 0.008009340452111286
0 0.8758570629617444 0.5848850167315939 0.008074553116508152 0.007975205131199049
0 0.393546620140905 0.1594924149305924 0.007796541504237963 0.008100291957025942
0 0.7763323576554008 0.3633634318476138 0.007838290670643682 0.007365796876990277
0 0.7800071550452191 0.4592947545258895 0.009183634882387907 0.009537033412767492
0 0.2874284619870393 0.08137388851331628 0.008733376212742018 0.008741637934809145
0 0.37099048365717346 0.12087876900382666 0.00902954391811205 0.008888825126316236
0 0.932854818261188 0.5020794246507727 0.008355099221934443 0.009401321411132812
0 0.7264906012493632 0.2481944250023883 0.007238139276919158 0.007950741311778193
0 0.9231122887652852 0.5422674054684847 0.008948616359544836 0.009223730667777683
0 0.8478565630705461 0.6663645246754522 0.00797346363896909 0.008709327034328295
0 0.7767913237861964 0.26337406946265185 0.007577481477156929 0.007426033849301545
0 0.3827522526616636 0.21447727991187054 0.008011030114215353 0.00871407467385997
0 0.7247879194176714 0.5525106865426769 0.0072171584419582204 0.006735822428827701
0 0.7846031188964845 0.20862219644629437 0.010758275571076767 0.009746074676513672
0 0.39999300241470337 0.08700092460798181 0.008800459944683573 0.008855394695116125
0 0.36735358445540717 0.039782784555269325 0.00954126275104025 0.009676909965017567
0 0.7039082568624745 0.5286593022553817 0.009499259617017664 0.007558532383130945
0 0.3653715071470841 0.14603414224541703 0.007396179696787958 0.007361546806667162
0 0.7784194117007049 0.37281372236168897 0.006691808285920516 0.007599706235139266
0 0.8975382058516792 0.5334409216175908 0.008045320925505264 0.008819745934527853
0 0.778833472210428 0.3005926609039306 0.0073969467826511546 0.007196612980054773
0 0.38150694059289025 0.09172348872475002 0.010265982669332752 0.010136345158452574
0 0.8149306877799656 0.4835367254588915 0.006546559541121773 0.006370223086813221
0 0.735538918039073 0.41374104437620746 0.006634297578231148 0.007422872211622156
0 0.441515010336171 0.23563872212949005 0.007225865903108016 0.00812729545261549
0 0.7658011809639311 0.4028877071712328 0.008261556210725204 0.009289347607156506
0 0.23622326228929602 0.12384465466374936 0.009196903394616169 0.009373727052108101
0 0.37643479005150177 0.10971507818802544 0.009261768797169561 0.008603158204451851
0 0.46376207600469177 0.24184785718503207 0.00910875071649966 0.011477491129999575
0 0.8320482088171919 0.5249013900756835 0.00760086722995924 0.0073181649912958556
0 0.4112622546686837 0.20877107986203616 0.0053924264165184765 0.004924461934378125
0 0.23694955784341562 0.05222879026247108 0.008972188700800356 0.008470727049786112
0 0.7497372212617293 0.2110101140063742 0.007605552673339844 0.00667491166487984
0 0.7426338403121285 0.18894147872924805 0.006794929504394531 0.0071325716765030574
0 0.7394140906955886 0.291100667870563 0.007396780926248302 0.007024143053137738
0 0.3858279739255967 0.06898865063651571 0.00761911620274241 0.007136865001032596
0 0.39945638179779047 0.16841687326845917 0.007070924924767535 0.006938561149265455
0 0.7867468543674636 0.5925931515900984 0.0057604416556980296 0.005822720734969429
0 0.25633912501127826 0.09627284692681354 0.009182494619618292 0.00818181037902832
0 0.22477362466895062 0.09941432787024458 0.00864831261012865 0.009866838869841202
0 0.7298059256180471 0.48377248515253485 0.010996569757876188 0.010298106981360394
0 0.23271348165429157 0.08046121700950291 0.008279862611190132 0.008637718532396399
0 0.8925803018652876 0.5224481665569803 0.006347366001295008 0.006738248078719429
0 0.3578142484892969 0.1101430499035379 0.008628453897393269 0.008878438369087551
0 0.8528244599052097 0.6768121304719343 0.007863003274668818 0.009057749872622282
0 0.473024378652158 0.2259745390518852 0.008830547332763672 0.008377655692722486
0 0.26066611124121625 0.02451884033887283 0.009373644123906675 0.008705785740976748
0 0.35322286642116046 0.11799145263174307 0.009646750014761219 0.009820181390513544
0 0.8795262005018152 0.5319796437802522 0.00709521252176036 0.008012191109035326
0 0.7569839228754458 0.224634833957838 0.0066620370616083556 0.007181872492251189
0 0.7249161471491274 0.5327955017919126 0.006676508032757303 0.007595953734024712
0 0.7109545002812925 0.5475140550862188 0.009275104688561481 0.007593175639276919
0 0.25836073833963147 0.015659718733766804 0.010748282722804859 0.009845434971477674
0 0.7345977036849312 0.5529426388118577 0.006303123805833899 0.006545129029647163
0 0.245421606561412 0.12291226179703424 0.007523059844970703 0.007270626399828039
0 0.46004284983095917 0.21900598899177887 0.009507262188455334 0.007781712905220364
0 0.3457042908355318 0.10083123308858051 0.007787675546659698 0.00817780570040257
0 0.7899300948433253 0.2798493219458539 0.007314267365828804 0.010023614634638247
0 0.7356166424958601 0.1844814756642217 0.008677772853685461 0.00911924113398013
0 0.20971972009410028 0.06505672309709631 0.010335258815599524 0.009482611780581266
0 0.2740336501080057 0.062015652656555176 0.008560636769170347 0.008149292158043903
0 0.7676764778468921 0.23073398548623789 0.008358416349991508 0.00861053881437882
0 0.7947660736415696 0.23896317896635633 0.007558200670325238 0.007569624030071756
0 0.8673744201660156 0.5474876320880392 0.009362759797469429 0.009147726971170177
0 0.2938702935757844 0.1136555930842524 0.010222870370616083 0.008757311364878778
0 0.3892496513283771 0.10687498942665431 0.00938588639964228 0.00991826472075089
0 0.28702596996141516 0.04595469003138335 0.008234894793966541 0.009836577850839367
0 0.8313497253086255 0.38195133209228516 0.006958298061204992 0.006432740584663723
0 0.3058788983718209 0.1675323662550553 0.00850745906000552 0.008099980976270594
0 0.2719070600426715 0.01711133381594782 0.011858981588612432 0.00957833424858425
0 0.2435571629068126 0.07236334033634352 0.01136580757472826 0.0103994141454282
0 0.3633055453715117 0.160859201265418 0.007329945978911027 0.00770649702652641
0 0.3715568858644236 0.07956065302309784 0.009238870247550632 0.00878868932309358
0 0.8205447404280953 0.6321479755899181 0.005854399307914402 0.006172470424486242
0 0.308234629423722 0.14271791084952976 0.006405747455099354 0.006401953489884087
0 0.34887694664623425 0.1646241986233255 0.007377430148746656 0.007487431816432787
0 0.7962271784262981 0.45887961315745757 0.005856160744334285 0.007101944853945729
0 0.23790145956951642 0.10157248766525932 0.0077774213707965355 0.007094372873720916
0 0.3316774714900099 0.10269483276035477 0.009021363180616627 0.00852278004521909
0 0.47647420738054364 0.21746374213177228 0.00792234876881475 0.008673336194909138
0 0.9029399424974023 0.6111975338148035 0.00825400974439538 0.007781111675760021
0 0.34479779652927234 0.03140210716620735 0.009896726711936619 0.010528002096259075
0 0.4376209300497304 0.16160050164098327 0.007639884948730469 0.00726827331211256
0 0.7131229276242463 0.5310671122177787 0.006848832835321841 0.006819372591765031
0 0.22153732051020086 0.08690219858418341 0.008283324863599695 0.007884367652561354
0 0.7431229715761931 0.5838177722433339 0.0058548139489215355 0.005994382111922554
0 0.9341909781746245 0.44554384894992993 0.005780883457349695 0.006632721942404041
0 0.8792794061743695 0.5494468523108441 0.006212358889372453 0.006893323815387228
0 0.43089285483677986 0.1629021869628674 0.007919819458671238 0.008772663448167883
0 0.37159140731977386 0.13541710376739502 0.00858554632767387 0.008034737213798191
0 0.8018654947695525 0.46064577931943146 0.0057425291641898775 0.006014989769977072
0 0.8908313253651494 0.5386405405790909 0.0060558319091796875 0.007019001504649286
0 0.7863238583440366 0.4908592182656994 0.006382195845894192 0.006190631700598676
0 0.3246105448950244 0.1539720296859741 0.0069049895619568615 0.007313324057537577
0 0.22212916871775754 0.12195538956186047 0.00750075215878694 0.008408867794534435
0 0.23583559367967688 0.07006666971289593 0.008029688959536345 0.00903494461722996
0 0.7859718488610309 0.2487807792166005 0.007563051970108696 0.00889693135800569
0 0.37256719755089795 0.16662761439447815 0.007245312566342561 0.006971151932426121
0 0.7489932516346807 0.3138358800307564 0.007015145343282948 0.006756844727889351
0 0.27196959827257244 0.12407504475635031 0.008266345314357592 0.008951840193375298
0 0.9219922190127164 0.5704306519549825 0.006013206813646399 0.006209373474121094
0 0.7235517087190046 0.20149549194004224 0.007091853929602582 0.007206481436024542
0 0.7635546145231826 0.31490581968556286 0.007504670516304348 0.007641522780708645
0 0.43406263641689136 0.18014979362487793 0.00846794377202573 0.007810737775719684
0 0.363850386246391 0.18092500645181406 0.0073427117389181385 0.006931657376496688
0 0.7311156107031781 0.4708956428196119 0.00539410632589589 0.005951363107432489
0 0.3843026575834855 0.0792004802952642 0.009519452634065048 0.009602225345114002
0 0.9339715086895488 0.45145407448644226 0.005959759587826936 0.00798251317894977
0 0.4738273309624713 0.19150610592054287 0.009226156317669413 0.009015767470650051
0 0.880753226902174 0.6866271184838336 0.008081021516219429 0.006602287292480469
0 0.713435813089781 0.1903784905200844 0.007146442343485392 0.006852070212339011
0 0.8912352064381475 0.6191679913064708 0.006616385086722996 0.00688834812330163
0 0.28412235301473865 0.01677981602108997 0.010655879974365234 0.008373412101165108
0 0.7604047319163446 0.4141498026640519 0.006785143976626189 0.006806207739788553
0 0.3183842949245287 0.036650509937949806 0.009226218513820482 0.013722767000613005
0 0.7334863828576129 0.5033801534901494 0.0065678306247877035 0.005707118822180707
0 0.7739635965098505 0.21440347381260083 0.008035079292629076 0.0090595120969026
0 0.3893436685852382 0.13070446511973505 0.008856467578722082 0.008221792138141134
0 0.7782520625902258 0.23856801572053332 0.007762079653532609 0.010030000106148098
0 0.704996337061343 0.19228801519974414 0.00818522080131199 0.00821679571400518
0 0.450751401811244 0.18057771351026453 0.007759425951086957 0.007946760758109715
0 0.44516086060067894 0.2212664977363918 0.009001348329626995 0.00779923148777174
0 0.749520612799603 0.2065691429635753 0.007063699805218241 0.007005587868068529
0 0.8874386911806853 0.6013103775356127 0.0058395551598590355 0.005776571190875509
0 0.24941649644271188 0.018750383154205654 0.008267361184825068 0.008766717236974964
0 0.8164194770481277 0.6223679521809453 0.0049440964408542796 0.007555360379426375
0 0.2982772225918977 0.021466835037521698 0.008267506309177565 0.009357153073601101
0 0.8088692167530889 0.5072217194930367 0.005934383558190387 0.005498015362283459
0 0.4096552416138594 0.07106790773443213 0.007940120821531645 0.0070789777235297
0 0.39439849490704737 0.14222464872443155 0.008809271066085152 0.007011548332546068
0 0.7578171439792798 0.5578783076742421 0.005885248598845109 0.005029719808827276
0 0.7734891435374385 0.3251909276713495 0.006624097409455672 0.006661477296248726
0 0.32974379477293597 0.08685650514519733 0.010023749392965565 0.01057345970817234
0 0.8511561103489087 0.5444384865138842 0.0056377079175866165 0.005493081134298573
0 0.7771812521893046 0.4375657102336054 0.0064437700354534645 0.007409572601318359
0 0.3097808257393215 0.15855122649151346 0.007875857145889946 0.008487473363461702
0 0.7795632611150326 0.28886801263560413 0.007397568744161854 0.01063139542289402
0 0.8083128514497178 0.6110939564912216 0.005438638770061991 0.005896568298339844
0 0.7419332214023757 0.25255183551622473 0.008659072544263758 0.007988867552384087
0 0.2565689812535825 0.12892056548077124 0.006994309632674507 0.006774798683498217
0 0.20564403741256052 0.054955163727635925 0.009104003076967985 0.009372353553771973
0 0.46035298057224444 0.20536468340002972 0.00792793605638587 0.007502224134362262
0 0.8535984495411749 0.6522792629573657 0.006168241086213485 0.0054687209751295
0 0.7564858146335769 0.3512706756591797 0.0058221402375594426 0.0066625346308169155
0 0.7183336382326873 0.23247033616770868 0.007367134094238281 0.007438265759011974
0 0.1990002963853919 0.1299510675927867 0.010510527569314709 0.007619142532348633
0 0.2911678189816682 0.024955514980399086 0.008221294568932575 0.009228097355884054
0 0.7944765712903894 0.22340045804562778 0.006936405016028363 0.008219449416450832
0 0.1856340843698253 0.1257013341654902 0.007319097933561906 0.009658979332965353
0 0.3898544707296632 0.0708188802831353 0.007619116202742411 0.007136865001032596
0 0.39900559982981465 0.07228306400043093 0.007619116202742411 0.007136865001032596
0 0.40010373532183274 0.07850584479893741 0.007619116202742411 0.007136865001032596
0 0.41185151259789576 0.07472836702767124 0.007940120821531645 0.0070789777235297
0 0.21407617510962443 0.11939306805659308 0.00750075215878694 0.008408867794534435
0 0.21224594928959412 0.1303744459363104 0.00750075215878694 0.008408867794534435
0 0.22432543970179378 0.13952559416940816 0.00750075215878694 0.008408867794534435
0 0.19540787174531576 0.1223214354911844 0.00750075215878694 0.008408867794534435
0 0.18845301362920078 0.1219553895618605 0.00750075215878694 0.008408867794534435
0 0.19101532977724311 0.12891026221901475 0.00750075215878694 0.008408867794534435
0 0.26129600126640457 0.1459313979325764 0.006768661830775475 0.005846546289266675
0 0.26202809159441665 0.13861047934609821 0.006768661830775475 0.005846546289266675
0 0.28399080143477967 0.1411728008513656 0.006768661830775475 0.005846546289266675
0 0.28838334340285227 0.1462974438619003 0.006768661830775475 0.005846546289266675
0 0.2927758853709248 0.15142208687243505 0.006768661830775475 0.005846546289266675
0 0.2949721563549611 0.14410116828595687 0.006768661830775475 0.005846546289266675
0 0.301560969307068 0.1455653520032523 0.006768661830775445 0.006578638147914156
0 0.2997307434870377 0.15691277581229351 0.006768661830775445 0.006578638147914156
0 0.27264340135058995 0.14812767350851966 0.006768661830775445 0.006578638147914156
0 0.26166204643040847 0.15618068395364573 0.006768661830775445 0.006578638147914156
0 0.25946577544637217 0.16240346475215214 0.006768661830775445 0.006578638147914156
0 0.2547071883142935 0.1565467298829696 0.006768661830775445 0.006578638147914156
0 0.2532430076582693 0.1624034647521522 0.006768661830775445 0.006578638147914156
0 0.2517788270022451 0.13970861713406976 0.006768661830775445 0.006578638147914156
0 0.2693489948745355 0.13421792819421116 0.006768661830775445 0.006578638147914156
0 0.27447362717062024 0.13641420377015462 0.006768661830775445 0.006578638147914156
0 0.27008108520254764 0.14153884678068937 0.006768661830775445 0.006578638147914156
0 0.2755717626626383 0.14263698456866108 0.006768661830775445 0.006578638147914156
0 0.27191131102257776 0.15618068395364573 0.006768661830775445 0.006578638147914156
0 0.26642063356248696 0.1517881328017588 0.006768661830775445 0.006578638147914156
0 0.27154526585857164 0.16386764846944782 0.006768661830775445 0.006578638147914156
0 0.2697150400385414 0.17228670484389777 0.006768661830775445 0.006578638147914156
0 0.28252662077875307 0.15471650023635009 0.006768661830775445 0.006578638147914156
0 0.281794530450741 0.147029535720548 0.006768661830775445 0.006578638147914156
0 0.2558053238063114 0.14849371943784367 0.006768661830775445 0.006578638147914156
0 0.2451900140501359 0.13824443341677417 0.006768661830775445 0.006578638147914156
0 0.2488504656901964 0.1466634897912241 0.006768661830775445 0.006578638147914156
0 0.22249521388176072 0.11335331022274828 0.006768661830775445 0.006578638147914156
0 0.2155403557656457 0.1137193561520722 0.006768661830775445 0.006578638147914156
0 0.2517788270022447 0.10420216198965054 0.006768661830775445 0.006578638147914156
0 0.21366244573234464 0.04994587968922095 0.009060714555823284 0.009051452512326448
0 0.2176889425364112 0.05946307385164259 0.009060714555823284 0.009051452512326448
0 0.22610798130855034 0.05909702792231867 0.009060714555823284 0.009051452512326448
0 0.252463233116986 0.0565347064170513 0.009060714555823284 0.009051452512326448
0 0.25868600090508886 0.06202539535690996 0.009060714555823284 0.009051452512326448
0 0.26893526549725827 0.057632844205023036 0.009060714555823284 0.009051452512326448
0 0.27369385262933693 0.05470447677043175 0.009060714555823284 0.009051452512326448
0 0.24258001368882262 0.06165934942758604 0.009060714555823284 0.009051452512326448
0 0.25099905246096177 0.0634895790742056 0.009060714555823284 0.009051452512326448
0 0.2517311427889739 0.06971235987271208 0.009060714555823284 0.009051452512326448
0 0.24587442016487718 0.05067797154786878 0.009060714555823284 0.009051452512326448
0 0.28979983984560326 0.015537562332773439 0.009060714555823284 0.009051452512326448
0 0.2967546979617183 0.015537562332773435 0.009060714555823284 0.009051452512326448
0 0.33856641013741373 0.102295416805876 0.0074216303826536 0.007445713841754171
0 0.3848711233841793 0.13963210159691497 0.007787675546659698 0.00817780570040257
0 0.3834069427281551 0.1279186318585498 0.007787675546659698 0.00817780570040257
0 0.3775502201040583 0.13743582602097146 0.007787675546659698 0.00817780570040257
0 0.3779162652680643 0.12023166734274769 0.007787675546659698 0.00817780570040257
0 0.38340694272815495 0.15280975505257566 0.007787675546659698 0.00817780570040257
0 0.44563462060918363 0.163791132932293 0.007787675546659698 0.00817780570040257
0 0.7176710463923304 0.18644576565957965 0.007146442343485392 0.006852070212339011
0 0.7267465463263646 0.18765583484742734 0.007146442343485392 0.006852070212339011
0 0.7385446962406093 0.1958238018653989 0.007146442343485392 0.006852070212339011
0 0.7349144962669957 0.20278169969552284 0.007146442343485392 0.006852070212339011
0 0.7370321129182706 0.21215973590134204 0.007146442343485392 0.006852070212339011
0 0.7228138296882836 0.1949162499745132 0.007146442343485392 0.006852070212339011
0 0.7621409960690991 0.21488239157399924 0.007146442343485392 0.006852070212339011
0 0.7651661627137771 0.20822701104083727 0.007146442343485392 0.006852070212339011
0 0.7881574292133307 0.225773014264628 0.007146442343485392 0.006852070212339011
0 0.7917876291869445 0.2188151164345041 0.007146442343485392 0.006852070212339011
0 0.7848297459041846 0.22032770291931367 0.007146442343485392 0.006852070212339011
0 0.7563931794442104 0.23212587750082814 0.007146442343485392 0.006852070212339011
0 0.750645362819322 0.2363611196582949 0.007146442343485392 0.006852070212339011
0 0.7488302628325152 0.24483160397322842 0.007146442343485392 0.006852070212339011
0 0.7409648295563523 0.24301650019145693 0.007146442343485392 0.006852070212339011
0 0.7391497295695454 0.23847874073702838 0.007146442343485392 0.006852070212339011
0 0.7352170129314639 0.2342434985795617 0.007146442343485392 0.006852070212339011
0 0.7309817796289146 0.23696615425221892 0.007146442343485392 0.006852070212339011
0 0.7282591296487044 0.22970573912513317 0.007146442343485392 0.006852070212339011
0 0.7533680127995328 0.2723606779967624 0.007146442343485392 0.006852070212339011
0 0.7545780794574042 0.2684279531362576 0.007146442343485392 0.006852070212339011
0 0.7579057627665503 0.27387326448157195 0.007146442343485392 0.006852070212339011
0 0.7630485460625032 0.2735707471846101 0.007146442343485392 0.006852070212339011
0 0.7597208627533574 0.27841102393600065 0.007146442343485392 0.006852070212339011
0 0.7509478794837912 0.27780598934207695 0.007146442343485392 0.006852070212339011
0 0.7455025795233707 0.2835538179843532 0.007146442343485392 0.006852070212339011
0 0.7721240459965383 0.2793185758268865 0.007146442343485392 0.006852070212339011
0 0.7781743792858946 0.2735707471846103 0.007146442343485392 0.006852070212339011
0 0.7663762293716501 0.30140233850510595 0.007146442343485392 0.006852070212339011
0 0.7733341126544098 0.2986796828324488 0.007146442343485392 0.006852070212339011
0 0.7381026517138394 0.3162560184064518 0.007015145343282948 0.006756844727889351
0 0.7311447684310799 0.32018874326695657 0.007015145343282948 0.006756844727889351
0 0.7374976183849041 0.3220038470487281 0.007015145343282948 0.006756844727889351
0 0.7553461015885051 0.3192811913760709 0.007015145343282948 0.006756844727889351
0 0.7565561682463766 0.3274491583940426 0.007015145343282948 0.006756844727889351
0 0.773799618121042 0.3338020216302428 0.007015145343282948 0.006756844727889351
0 0.76714425150275 0.32412146812746156 0.007015145343282948 0.006756844727889351
0 0.7689593514895572 0.3437850924299857 0.007015145343282948 0.006756844727889351
0 0.7698669014829607 0.3498354383692239 0.007015145343282948 0.006756844727889351
0 0.7489932516346818 0.336222160005938 0.007015145343282948 0.006756844727889351
0 0.7495982849636177 0.3286592275818903 0.007015145343282948 0.006756844727889351
0 0.7483882183057466 0.3268441238001189 0.007015145343282948 0.006756844727889351
0 0.7535310016016994 0.2987100151826614 0.007015145343282948 0.006756844727889351
0 0.7562536515819097 0.2932647038373471 0.007015145343282948 0.006756844727889351
0 0.7393127183717126 0.2690633200803944 0.007015145343282948 0.006756844727889351
0 0.7374976183849058 0.27995394277102315 0.007015145343282948 0.006756844727889351
0 0.8841839093003979 0.6777513391464235 0.00825400974439538 0.007781111675760021
0 0.9135280257537757 0.6865243407583193 0.00825400974439538 0.007781111675760021
0 0.9129229924248402 0.6783563737403477 0.00825400974439538 0.007781111675760021
0 0.9301664422995056 0.6762387526616145 0.00825400974439538 0.007781111675760021
0 0.9295614089705699 0.6626254742983286 0.00825400974439538 0.007781111675760021
0 0.9269900173225953 0.6500710064744105 0.0067414264220586615 0.006268525190952438
0 0.9179145173885611 0.6524911448501058 0.0067414264220586615 0.006268525190952438
0 0.9236623340134495 0.6597515599771916 0.0067414264220586615 0.006268525190952438
0 0.9136792840860118 0.661264146462001 0.0067414264220586615 0.006268525190952438
0 0.9049063008164459 0.6730623210435156 0.0067414264220586615 0.006268525190952438
0 0.9036962341585748 0.6854655302189541 0.0067414264220586615 0.006268525190952438
0 0.9073264341321885 0.6428105913473249 0.0067414264220586615 0.006268525190952438
0 0.9278975673159998 0.6001556524756959 0.0067414264220586615 0.006268525190952438
0 0.9179145173885621 0.6083236194936675 0.0067414264220586615 0.006268525190952438
0 0.9079314674611244 0.60711355030582 0.0067414264220586615 0.006268525190952438
0 0.9200321340398371 0.5968279622091152 0.0067414264220586615 0.006268525190952438
0 0.9109566341058029 0.5922902027546866 0.0067414264220586615 0.006268525190952438
0 0.9182170340530305 0.587752443300258 0.0067414264220586615 0.006268525190952438
0 0.9133767674215456 0.5820046146579818 0.0067414264220586615 0.006268525190952438
0 0.925779950664726 0.5820046146579819 0.0067414264220586615 0.006268525190952438
0 0.906418884138786 0.5620384730584961 0.0067414264220586615 0.006268525190952438
0 0.8997635175204944 0.5469126082104008 0.0067414264220586615 0.006268525190952438
0 0.889477950928589 0.5547780579314103 0.0067414264220586615 0.006268525190952438
0 0.889477950928589 0.5608284038706486 0.0067414264220586615 0.006268525190952438
0 0.8961333175468807 0.5711139919673536 0.0067414264220586615 0.006268525190952438
0 0.9148893507438851 0.5590133000888775 0.0067414264220586615 0.006268525190952438
0 0.8816125176524261 0.5650636460281158 0.0067414264220586615 0.006268525190952438
0 0.8800999343300872 0.5735341303430492 0.0067414264220586615 0.006268525190952438
0 0.8882678842707182 0.5871474087063354 0.0067414264220586615 0.006268525190952438
0 0.7579983979559163 0.3431027086412082 0.0058221402375594426 0.0066625346308169155
0 0.7549732313112384 0.3352372589201987 0.0058221402375594426 0.0066625346308169155
0 0.7628386645874015 0.33130453405969384 0.0058221402375594426 0.0066625346308169155
0 0.7637462145808048 0.3394725010776654 0.0058221402375594426 0.0066625346308169155
0 0.7640487312452727 0.35308577944095143 0.0058221402375594426 0.0066625346308169155
0 0.7583009146203843 0.35671598700449436 0.0058221402375594426 0.0066625346308169155
0 0.7589059479493198 0.36972423077385647 0.0058221402375594426 0.0066625346308169155
0 0.7649562812386759 0.36821164428904707 0.0058221402375594426 0.0066625346308169155
0 0.7889254513444333 0.24395438443255596 0.007015145343282948 0.006756844727889351
0 0.7804549847393345 0.22731593309965095 0.007015145343282948 0.006756844727889351
0 0.7315868129578501 0.21700001265273264 0.007146442343485392 0.006852070212339011
0 0.34796939665283083 0.1479857472904205 0.007377430148746656 0.007487431816432787
0 0.344641713343685 0.1479857472904205 0.007377430148746656 0.007487431816432787
0 0.338288863389861 0.1479857472904205 0.007377430148746656 0.007487431816432787
0 0.3343561467517795 0.1470781953995348 0.007377430148746656 0.007487431816432787
0 0.3410115133700714 0.15494364512054448 0.007377430148746656 0.007487431816432787
0 0.3410115133700715 0.15917888727801122 0.007377430148746656 0.007487431816432787
0 0.3355662134096509 0.15524616241750647 0.007377430148746656 0.007487431816432787
0 0.4063101343242154 0.2031358966537001 0.0053924264165184765 0.004924461934378125
0 0.4211664953576201 0.19801300282794002 0.0053924264165184765 0.004924461934378125
0 0.44302412998147994 0.18879179394157197 0.0053924264165184765 0.004924461934378125
0 0.44182879058798746 0.1956223190425853 0.0053924264165184765 0.004924461934378125
0 0.44370718106347534 0.19903758159309196 0.0053924264165184765 0.004924461934378125
0 0.44575633430946227 0.20433123854637728 0.0053924264165184765 0.004924461934378125
0 0.45395294729340974 0.2039897122913266 0.0053924264165184765 0.004924461934378125
0 0.45634362608039447 0.20979565862718794 0.0053924264165184765 0.004924461934378125
0 0.45446523560490637 0.21918763064108115 0.0053924264165184765 0.004924461934378125
0 0.43858429794850834 0.21099100051986508 0.0053924264165184765 0.004924461934378125
0 0.438755060719007 0.21527391308992627 0.005392426416518451 0.004610604443184805
0 0.433290652063042 0.2162984918550783 0.005392426416518451 0.004610604443184805
0 0.4240694624561012 0.21885993876795828 0.005392426416518451 0.004610604443184805
0 0.4274847178660793 0.2222752013184649 0.005392426416518451 0.004610604443184805
0 0.43807200963701143 0.21903070189548351 0.005392426416518451 0.004610604443184805
0 0.45224531958842035 0.22347054321114215 0.005392426416518451 0.004610604443184805
0 0.41758047717714264 0.19256241712905664 0.005392426416518451 0.004610604443184805
0 0.4320953126695496 0.198368363464918 0.005392426416518451 0.004610604443184805
0 0.43329065206304185 0.2028082047805767 0.005392426416518451 0.004610604443184805
0 0.4394381118010024 0.2017836260154246 0.005392426416518451 0.004610604443184805
0 0.4220203092101141 0.1828289188601125 0.005392426416518451 0.004610604443184805
0 0.4151897983901579 0.17497381499394699 0.005392426416518451 0.004610604443184805
0 0.4141652217671644 0.18334120824268843 0.005392426416518451 0.004610604443184805
0 0.4097253897341929 0.17633992001414975 0.005392426416518451 0.004610604443184805
0 0.4083592875702017 0.18248739260506178 0.005392426416518451 0.004610604443184805
0 0.3926491126843024 0.1799259456921817 0.005392426416518451 0.004610604443184805
0 0.3926491126843024 0.18351197137021372 0.005392426416518451 0.004610604443184805
0 0.39350292653679697 0.1869272339207204 0.005392426416518451 0.004610604443184805
0 0.3958936053237816 0.18914715457854966 0.005392426416518451 0.004610604443184805
0 0.3957228425532826 0.1947823377868857 0.005392426416518451 0.004610604443184805
0 0.38735546679883626 0.19427004840430967 0.005392426416518451 0.004610604443184805
0 0.389575382815322 0.19802683720986708 0.005392426416518451 0.004610604443184805
0 0.39828428411076616 0.20297896790810185 0.005392426416518451 0.004610604443184805
0 0.3979427585697684 0.20690651984118447 0.005392426416518451 0.004610604443184805
0 0.39316140099579905 0.2067357567136591 0.005392426416518451 0.004610604443184805
0 0.38872156896282745 0.210834071774267 0.005392426416518451 0.004610604443184805
0 0.3863308901758428 0.2051988885659309 0.005392426416518451 0.004610604443184805
0 0.385818601864346 0.18812257581339742 0.005392426416518451 0.004610604443184805
0 0.3711330036014401 0.18163357696743468 0.005392426416518451 0.004610604443184805
0 0.3865016529463416 0.17360770997374395 0.005392426416518451 0.004610604443184805
0 0.39042919666781645 0.1758276306315733 0.005392426416518451 0.004610604443184805
0 0.40596860878321683 0.17292465746364258 0.005392426416518451 0.004610604443184805
0 0.41860505380013585 0.1708754999333386 0.005392426416518451 0.004610604443184805
0 0.4199711559641271 0.1751445781214719 0.005392426416518451 0.004610604443184805
0 0.42048344427562384 0.17941365630960518 0.005392426416518451 0.004610604443184805
0 0.41194530575067867 0.1920501277464799 0.005392426416518451 0.004610604443184805
0 0.4075054737177071 0.19153783836390395 0.005392426416518451 0.004610604443184805
0 0.4013580139797465 0.19085478585380258 0.005392426416518451 0.004610604443184805
0 0.39350292653679697 0.19529462716946128 0.005392426416518451 0.004610604443184805
0 0.38223258368386914 0.16080047540934378 0.005392426416518451 0.004610604443184805
0 0.37745122610989995 0.15328689779822902 0.005392426416518451 0.004610604443184805
0 0.7428351455058446 0.404892409586258 0.005392386520057253 0.004939044902162202
0 0.7433008621526598 0.40970482499833544 0.005392386520057253 0.004939044902162202
0 0.7459399231512791 0.39899331972629165 0.005392386520057253 0.004939044902162202
0 0.7504418507371592 0.39666473162367344 0.005392386520057253 0.004939044902162202
0 0.7487342230321701 0.39371518669369043 0.005392386520057253 0.004939044902162202
0 0.76037713920255 0.3791227012506163 0.005392386520057253 0.004939044902162202
0 0.7637923946125281 0.37896746204377507 0.005392386520057253 0.004939044902162202
0 0.7704676665502126 0.3789674620437751 0.005392386520057253 0.004939044902162202
0 0.7599114225557347 0.37555219949326835 0.005392386520057253 0.004939044902162202
0 0.7679838444338649 0.3791227012506163 0.005392386520057253 0.004939044902162202
0 0.7616190502607237 0.3839351166626939 0.005392386520057253 0.004939044902162202
0 0.7583590337330176 0.3823827245942817 0.005392386520057253 0.004939044902162202
0 0.759756183673463 0.3887475320747714 0.005392386520057253 0.004939044902162202
0 0.7664314556111473 0.3929389906594842 0.005392386520057253 0.004939044902162202
0 0.7502866118548873 0.41808774216776073 0.005392386520057253 0.004939044902162202
0 0.7479580286208113 0.41653535009934856 0.005392386520057253 0.004939044902162202
0 0.7453189676221919 0.41420676199673034 0.005392386520057253 0.004939044902162202
0 0.7471818342094526 0.4208820478909025 0.005392386520057253 0.004939044902162202
0 0.7442322954462898 0.4215030047182673 0.005392386520057253 0.004939044902162202
0 0.7426799066235725 0.4232106359935206 0.005392386520057253 0.004939044902162202
0 0.7437665787994747 0.42600494171666237 0.005392386520057253 0.004939044902162202
0 0.7419037122122139 0.4270916161645508 0.005392386520057253 0.004939044902162202
0 0.7417484733299421 0.4291097258534865 0.005392386520057253 0.004939044902162202
0 0.7431456232703876 0.4308173571287398 0.005392386520057253 0.004939044902162202
0 0.7491999396789848 0.4300411610945337 0.005392386520057253 0.004939044902162202
0 0.7577380782039301 0.42383159282088534 0.005392386520057253 0.004939044902162202
0 0.7496656563258 0.4272468553713919 0.005392386520057253 0.004939044902162202
0 0.7397303678604092 0.42817829061243917 0.005392386520057253 0.004939044902162202
0 0.7554094949698541 0.4242973104414088 0.005392386520057253 0.004939044902162202
0 0.8906305332027376 0.671183926640737 0.0067414264220586615 0.006268525190952438
0 0.8868737522517617 0.6691176927976804 0.0067414264220586615 0.006268525190952438
0 0.8908183722502864 0.6644217067907335 0.0067414264220586615 0.006268525190952438
0 0.8964535436767506 0.6655487434324008 0.0067414264220586615 0.006268525190952438
0 0.8998346465326289 0.6621676335073993 0.0067414264220586615 0.006268525190952438
0 0.895890026534104 0.6580351658212861 0.0067414264220586615 0.006268525190952438
0 0.8887521427272499 0.6569081291796189 0.0067414264220586615 0.006268525190952438
0 0.890067016060091 0.6610405968657321 0.0067414264220586615 0.006268525190952438
0 0.8795480293973585 0.6606649179851761 0.0067414264220586615 0.006268525190952438
0 0.8748520532086387 0.6631068307087884 0.0067414264220586615 0.006268525190952438
0 0.8716587894003092 0.6663001011935121 0.0067414264220586615 0.006268525190952438
0 0.8772939608267732 0.669493371678236 0.0067414264220586615 0.006268525190952438
0 0.8761669265414805 0.6570959686198967 0.0067414264220586615 0.006268525190952438
0 0.8769182827316756 0.6525878220532279 0.0067414264220586615 0.006268525190952438
0 0.8724101455905042 0.6531513403740614 0.0067414264220586615 0.006268525190952438
0 0.8709074332101135 0.6518364642921164 0.0067414264220586615 0.006268525190952438
0 0.8744763751135407 0.6486431938073927 0.0067414264220586615 0.006268525190952438
0 0.8806750636826508 0.6454499233226688 0.0067414264220586615 0.006268525190952438
0 0.8831169713007853 0.6420688133976672 0.0067414264220586615 0.006268525190952438
0 0.8827412932056875 0.6388755429129435 0.0067414264220586615 0.006268525190952438
0 0.8849953617762729 0.6339917174657189 0.0067414264220586615 0.006268525190952438
0 0.8853710398713704 0.6319254836226623 0.0067414264220586615 0.006268525190952438
0 0.8776696389218699 0.6332403597046072 0.0067414264220586615 0.006268525190952438
0 0.8761669265414792 0.6345552357865523 0.0067414264220586615 0.006268525190952438
0 0.8737250189233449 0.6403782584351662 0.0067414264220586615 0.006268525190952438
0 0.8714709503527591 0.6439472078004457 0.0067414264220586615 0.006268525190952438
0 0.8731615017806983 0.643383689479612 0.0067414264220586615 0.006268525190952438
0 0.8793601903498085 0.6388755429129431 0.0067414264220586615 0.006268525190952438
0 0.8705317551150148 0.6300470892198833 0.0067414264220586615 0.006268525190952438
0 0.863769549403258 0.6311741258615504 0.0067414264220586615 0.006268525190952438
0 0.8545654360733671 0.6334281991448849 0.0067414264220586615 0.006268525190952438
0 0.8547532751209161 0.6296714103393275 0.0067414264220586615 0.006268525190952438
0 0.8598249294047338 0.6238483876907136 0.0067414264220586615 0.006268525190952438
0 0.8607641246424776 0.6223456721684907 0.0067414264220586615 0.006268525190952438
0 0.8590735732145383 0.6264781398546038 0.0067414264220586615 0.006268525190952438
0 0.8641452274983555 0.6225335116087684 0.0067414264220586615 0.006268525190952438
0 0.8650844227360999 0.6184010439226553 0.0067414264220586615 0.006268525190952438
0 0.860012768452282 0.6133293790351528 0.0067414264220586615 0.006268525190952438
0 0.8464883570287679 0.6174618467212659 0.0067414264220586615 0.006268525190952438
0 0.853062723692976 0.6157712917587651 0.0067414264220586615 0.006268525190952438
0 0.8508086551223909 0.6075063563865389 0.0067414264220586615 0.006268525190952438
0 0.8611398027375746 0.604500925342093 0.0067414264220586615 0.006268525190952438
