0 0.07108608665538098 0.01925248180249901 0.010860374350127655 0.011847681109230164
0 0.07355435355313725 0.15648812131774836 0.010860374350127655 0.011847681109230164
0 0.08157816813857069 0.16192090471644618 0.010860374350127655 0.011847681109230164
0 0.1064277372068909 0.15969557017301456 0.010860374350127655 0.011847681109230164
0 0.11384551901832975 0.16896779743731322 0.010860374350127655 0.011847681109230164
0 0.12163418992034057 0.17601469015818022 0.010860374350127655 0.011847681109230164
0 0.14870909353209238 0.19047936469048593 0.010860374350127655 0.011847681109230164
0 0.14648375898866076 0.20197692649821622 0.010860374350127655 0.011847681109230164
0 0.16688265897011764 0.203460482860504 0.010860374350127655 0.011847681109230164
0 0.1305355280940672 0.2060567064945076 0.010860374350127655 0.011847681109230164
0 0.06878249451383868 0.17898180288275575 0.006780594353836263 0.011847681109230157
0 0.09103583994815528 0.1845451392413349 0.006780594353836263 0.011847681109230157
0 0.07842561086870921 0.18677047378476658 0.006780594353836263 0.011847681109230157
0 0.09919539994073796 0.19233381014334575 0.0067805943538362615 0.009622346565798374
0 0.10123528993888366 0.20160603740764446 0.009376817987839917 0.009622346565798376
0 0.09122128449344129 0.19381736650563364 0.007151483444408132 0.008880568384654569
0 0.08491616995371824 0.1897375865093423 0.007151483444408132 0.008880568384654569
0 0.10605684811631896 0.21199093194365878 0.010860374350127655 0.011847681109230164
0 0.1038315135728873 0.22274671557024522 0.010860374350127655 0.011847681109230164
0 0.11087840629375424 0.2253429392042488 0.010860374350127655 0.011847681109230164
0 0.1105075172031823 0.23869494646483885 0.010860374350127655 0.011847681109230164
0 0.13127730627521117 0.24759628463856562 0.010860374350127655 0.011847681109230164
0 0.11124929538432625 0.24907984100085348 0.010860374350127655 0.011847681109230164
0 0.11792529901462123 0.2564976228122924 0.010860374350127655 0.011847681109230164
0 0.12571396991663206 0.2798636355183249 0.010860374350127655 0.011847681109230164
0 0.13535708627150259 0.30100431368092573 0.010860374350127655 0.011847681109230164
0 0.12348863537320044 0.33252988637954095 0.010860374350127655 0.011847681109230164
0 0.11755440992404939 0.34254389182498346 0.010860374350127655 0.011847681109230164
0 0.30967495884031604 0.3386572193717171 0.010860374350127655 0.011847681109230164
0 0.31979011585591455 0.3386572193717171 0.010860374350127655 0.011847681109230164
0 0.3415530294349295 0.3355920202760812 0.010860374350127655 0.011847681109230164
0 0.35503990545572756 0.33835069946215346 0.010860374350127655 0.011847681109230164
0 0.322548795041987 0.34999845602556995 0.010860374350127655 0.011847681109230164
0 0.30691627965424395 0.3585810134933504 0.010860374350127655 0.011847681109230164
0 0.2989467620055906 0.37635916824803856 0.010860374350127655 0.011847681109230164
0 0.31733795657940594 0.3821830465297467 0.010860374350127655 0.011847681109230164
0 0.3188705561272239 0.3686961705089486 0.010860374350127655 0.011847681109230164
0 0.33634219097234846 0.3665505311420034 0.010860374350127655 0.011847681109230164
0 0.3286791932332587 0.35367669494033266 0.010860374350127655 0.011847681109230164
0 0.3391008701584207 0.3463202171108065 0.010860374350127655 0.011847681109230164
0 0.3418595493444929 0.35551581439771424 0.010860374350127655 0.011847681109230164
0 0.4056156905337195 0.41988499540606794 0.010860374350127655 0.011847681109230164
0 0.4224742855597169 0.4333718714268659 0.010860374350127655 0.011847681109230164
0 0.4037765710763377 0.47229989994144167 0.010860374350127655 0.011847681109230164
0 0.3856918964120858 0.483947656504858 0.010860374350127655 0.011847681109230164
0 0.39825921270419296 0.48670633569093025 0.010860374350127655 0.011847681109230164
0 0.39642009324681127 0.5004997316212918 0.010860374350127655 0.011847681109230164
0 0.3581051045513627 0.5792753483791341 0.010860374350127655 0.011847681109230164
0 0.3522812262696544 0.5909231049425504 0.010860374350127655 0.011847681109230164
0 0.31243363802638774 0.6178968569841462 0.010860374350127655 0.011847681109230164
0 0.29986632173428057 0.6362880515579614 0.010860374350127655 0.011847681109230164
0 0.28883160498999133 0.6546792461317767 0.010860374350127655 0.011847681109230164
0 0.2977206823673353 0.6660204827856293 0.010860374350127655 0.011847681109230164
0 0.45312627651607523 0.5900035452138591 0.010860374350127655 0.011847681109230164
0 0.46170883398385554 0.5952143836764402 0.010860374350127655 0.011847681109230164
0 0.18065674414617622 0.5897463750097357 0.010860374350127655 0.011847681109230164
0 0.16148177816360668 0.5938261550060271 0.010860374350127655 0.011847681109230164
0 0.23450984009722234 0.6807254689270333 0.010860374350127655 0.011847681109230164
0 0.22798219210315607 0.6905169409181328 0.010860374350127655 0.011847681109230164
0 0.2283901701027852 0.700716390908861 0.010860374350127655 0.011847681109230164
0 0.24266940008980498 0.6966366109125696 0.010860374350127655 0.011847681109230164
0 0.23410186209759307 0.7121397748984768 0.010860374350127655 0.011847681109230164
0 0.2300220821013016 0.7317227188806753 0.010860374350127655 0.011847681109230164
0 0.2020368143581459 0.7937623485763459 0.010860374350127655 0.011847681109230164
0 0.194619032546707 0.8018544741888245 0.010860374350127655 0.011847681109230164
0 0.1872012507352682 0.8241078196231411 0.010860374350127655 0.011847681109230164
0 0.18315518792902882 0.8409664146491385 0.010860374350127655 0.011847681109230164
0 0.201025298656586 0.8318627733350996 0.010860374350127655 0.011847681109230164
0 0.19832792345242636 0.8210732725184613 0.010860374350127655 0.011847681109230164
0 0.21451217467738384 0.837257523743419 0.010860374350127655 0.011847681109230164
0 0.22226712838934265 0.8170272097122221 0.010860374350127655 0.011847681109230164
0 0.21215197137374417 0.8156785221101422 0.010860374350127655 0.011847681109230164
0 0.2205812688867429 0.8052261931940238 0.010860374350127655 0.011847681109230164
0 0.20439701766178536 0.8079235683981834 0.010860374350127655 0.011847681109230164
0 0.21046611187114436 0.8065748807961036 0.010860374350127655 0.011847681109230164
0 0.21248914327426405 0.8018544741888243 0.010860374350127655 0.011847681109230164
0 0.20473418956230527 0.8541161187694165 0.010860374350127655 0.011847681109230164
0 0.20574570526386513 0.8696260261933341 0.010860374350127655 0.011847681109230164
0 0.18517821933214826 0.8736720889995735 0.010860374350127655 0.011847681109230164
0 0.1986650953529462 0.8864846212193314 0.010860374350127655 0.011847681109230164
0 0.16157618629575185 0.882775730313612 0.010860374350127655 0.011847681109230164
0 0.16157618629575185 0.8935652311302504 0.010860374350127655 0.011847681109230164
0 0.16899396810719072 0.9043547319468889 0.010860374350127655 0.011847681109230164
0 0.1720285152118702 0.9144698889624873 0.010860374350127655 0.011847681109230164
0 0.18551539123266814 0.9104238261562482 0.010860374350127655 0.011847681109230164
0 0.1571929515889924 0.9218876707739264 0.010860374350127655 0.011847681109230164
0 0.14640345077235403 0.9293054525853652 0.010860374350127655 0.011847681109230164
0 0.12583596484063717 0.9293054525853652 0.010860374350127655 0.011847681109230164
0 0.09582766569436175 0.9171672641666473 0.010860374350127655 0.011847681109230164
0 0.07964341446940422 0.9191902955697668 0.010860374350127655 0.011847681109230164
0 0.07020260125484565 0.9680802211451593 0.010860374350127655 0.011847681109230164
0 0.08874705578344282 0.9721262839513988 0.010860374350127655 0.011847681109230164
0 0.09009574338552254 0.9852759880716766 0.01086037435012765 0.008475962104030685
0 0.10122241610268076 0.9795440657628376 0.010860374350127645 0.009824649706110628
0 0.10897736981463955 0.9660571897420398 0.010860374350127645 0.009824649706110628
0 0.15348406068327294 0.9461640476113626 0.010860374350127655 0.011847681109230164
0 0.16494790530095116 0.9282939368838053 0.010860374350127655 0.011847681109230164
0 0.1673081086045906 0.9411064691035633 0.007488655344927852 0.008475962104030671
0 0.17337720281394972 0.9343630310931644 0.007488655344927852 0.008475962104030671
0 0.18180650032694834 0.935711718695244 0.007488655344927852 0.008475962104030671
0 0.18753842263578746 0.9407692972030434 0.007488655344927852 0.008475962104030671
0 0.183155187929028 0.9515587980196817 0.007488655344927852 0.008475962104030671
0 0.19495620444722614 0.9471755633129223 0.007488655344927852 0.008475962104030671
0 0.20102529865658517 0.9545933451243611 0.007488655344927852 0.008475962104030671
0 0.2387885515148194 0.929642624485885 0.007488655344927852 0.008475962104030671
0 0.28531827378657276 0.9852759880716765 0.010860374350127646 0.008475962104030678
0 0.32139566714220696 0.9667315335430797 0.01086037435012762 0.01049899350715097
0 0.32813910515260597 0.9812299252654374 0.01086037435012762 0.01049899350715097
