0 0.454484 0.383152 0.004076 0.005435
0 0.461957 0.36888600000000005 0.002717 0.004076
0 0.46399500000000005 0.37160300000000007 0.004076 0.004076
0 0.46671200000000007 0.35461999999999994 0.004076 0.005435
0 0.46671200000000007 0.36005399999999993 0.004076 0.005435
0 0.46875 0.383152 0.005435 0.005435
0 0.471467 0.37160300000000007 0.002717 0.004076
0 0.472147 0.352582 0.004076 0.004076
0 0.472147 0.358016 0.004076 0.004076
0 0.47350500000000006 0.362092 0.004076 0.004076
0 0.47758199999999995 0.34307099999999996 0.006793 0.006793
0 0.477582 0.368207 0.004076 0.005435
0 0.478261 0.356658 0.005435 0.006793
0 0.48369599999999996 0.355978 0.005435 0.005435
0 0.5326089999999999 0.444293 0.005435 0.005435
0 0.533288 0.4375 0.006793 0.005435
0 0.534647 0.46263600000000005 0.004076 0.004076
0 0.5434779999999999 0.46875 0.005435 0.005435
