0 0.49796200000000007 0.380435 0.012228 0.01087
0 0.504755 0.38994599999999996 0.012228 0.01087
0 0.8220109999999999 0.46399499999999994 0.01087 0.009511
0 0.8267659999999999 0.447011 0.009511 0.01087
0 0.8322009999999999 0.472826 0.009511 0.01087
0 0.8403529999999999 0.387228 0.009511 0.008152
0 0.84375 0.47758199999999995 0.008152 0.006793
0 0.846467 0.47214699999999993 0.008152 0.006793
0 0.8491850000000001 0.465353 0.008152 0.006793
0 0.85394 0.4375 0.012228 0.008152
0 0.8532610000000002 0.47350499999999995 0.008152 0.006793
0 0.85462 0.465353 0.008152 0.006793
0 0.855299 0.404891 0.009511 0.008152
0 0.855299 0.423913 0.009511 0.008152
0 0.857337 0.455163 0.01087 0.008152
0 0.859375 0.47350499999999995 0.009511 0.009511
0 0.8682069999999998 0.400815 0.01087 0.008152
0 0.8688859999999999 0.480978 0.009511 0.008152
0 0.870245 0.4490489999999999 0.009511 0.009511
0 0.871603 0.410326 0.012228 0.008152
0 0.872283 0.474185 0.008152 0.008152
0 0.8736409999999999 0.463315 0.01087 0.008152
0 0.875 0.383152 0.008152 0.01087
0 0.8763590000000001 0.394022 0.008152 0.008152
0 0.879755 0.376359 0.009511 0.008152
0 0.8817930000000002 0.404891 0.008152 0.005435
0 0.8817930000000002 0.433424 0.008152 0.01087
0 0.8817930000000002 0.466712 0.008152 0.006793
0 0.8845110000000002 0.483016 0.008152 0.012228
0 0.887228 0.44361399999999995 0.01087 0.009511
0 0.887228 0.404891 0.008152 0.005435
0 0.887228 0.39538000000000006 0.008152 0.008152
0 0.8885870000000001 0.4177989999999999 0.008152 0.009511
0 0.890625 0.372283 0.009511 0.01087
0 0.8919840000000001 0.425272 0.006793 0.008152
0 0.8947009999999999 0.36005400000000004 0.009511 0.008152
0 0.8947009999999999 0.48709199999999997 0.009511 0.009511
0 0.89538 0.349185 0.008152 0.01087
0 0.89606 0.46942900000000004 0.009511 0.012228
0 0.89606 0.503397 0.009511 0.009511
0 0.89606 0.42255400000000004 0.006793 0.008152
0 0.8974180000000002 0.41508199999999995 0.006793 0.009511
0 0.8974180000000002 0.335598 0.006793 0.008152
0 0.898098 0.3084239999999999 0.008152 0.008152
0 0.8994569999999998 0.44633199999999995 0.01087 0.006793
0 0.8994569999999998 0.399457 0.01087 0.008152
0 0.8994570000000001 0.38586999999999994 0.008152 0.008152
0 0.9001360000000002 0.32744599999999996 0.006793 0.008152
0 0.9001360000000002 0.320652 0.006793 0.008152
0 0.9048909999999999 0.375 0.01087 0.008152
0 0.904212 0.349185 0.006793 0.008152
0 0.904212 0.31521699999999997 0.006793 0.008152
0 0.9048910000000001 0.481658 0.008152 0.006793
0 0.9048910000000001 0.498641 0.008152 0.008152
0 0.90625 0.4177989999999999 0.008152 0.009511
0 0.90625 0.40625 0.008152 0.008152
0 0.90625 0.399457 0.008152 0.008152
0 0.90625 0.48981 0.008152 0.006793
0 0.90625 0.466712 0.008152 0.006793
0 0.9069290000000001 0.32336999999999994 0.006793 0.008152
0 0.908967 0.5142659999999999 0.01087 0.009511
0 0.9096470000000001 0.34578799999999993 0.006793 0.009511
0 0.911685 0.533288 0.01087 0.009511
0 0.9116850000000001 0.44633199999999995 0.008152 0.006793
0 0.9123639999999998 0.5061139999999998 0.009511 0.009511
0 0.9123640000000001 0.353261 0.006793 0.008152
0 0.9123640000000001 0.366168 0.006793 0.009511
0 0.9123640000000001 0.31793499999999997 0.006793 0.008152
0 0.9123640000000001 0.331522 0.006793 0.008152
0 0.9130430000000002 0.407609 0.008152 0.008152
0 0.9130430000000002 0.48301599999999995 0.008152 0.006793
0 0.9130430000000002 0.400815 0.008152 0.008152
0 0.913723 0.336277 0.009511 0.006793
0 0.914402 0.491168 0.008152 0.006793
0 0.914402 0.413043 0.008152 0.008152
0 0.9150820000000001 0.324728 0.006793 0.008152
0 0.918478 0.366848 0.008152 0.008152
0 0.919158 0.441576 0.009511 0.01087
0 0.9184779999999999 0.346467 0.005435 0.008152
0 0.9198370000000001 0.5061139999999998 0.008152 0.006793
0 0.9205160000000001 0.42663000000000006 0.006793 0.008152
0 0.921196 0.48301599999999995 0.008152 0.006793
0 0.921196 0.500679 0.008152 0.006793
0 0.921196 0.407609 0.008152 0.008152
0 0.922554 0.45584199999999997 0.01087 0.009511
0 0.922554 0.5230980000000001 0.01087 0.008152
0 0.921875 0.340353 0.006793 0.006793
0 0.9225540000000001 0.491168 0.008152 0.006793
0 0.9232340000000001 0.35461999999999994 0.006793 0.008152
0 0.9232340000000001 0.362772 0.006793 0.008152
0 0.925272 0.370924 0.01087 0.008152
0 0.924592 0.34578799999999993 0.006793 0.006793
0 0.925951 0.497962 0.006793 0.006793
0 0.925951 0.42663000000000006 0.006793 0.008152
0 0.92663 0.4789399999999999 0.008152 0.006793
0 0.92663 0.415761 0.008152 0.008152
0 0.929348 0.339674 0.008152 0.008152
0 0.929348 0.454484 0.008152 0.006793
0 0.929348 0.40625 0.008152 0.008152
0 0.930027 0.5169839999999999 0.009511 0.009511
0 0.930027 0.49932099999999996 0.006793 0.006793
0 0.9307070000000001 0.465353 0.008152 0.006793
0 0.9307070000000001 0.508832 0.008152 0.006793
0 0.932065 0.491168 0.008152 0.006793
0 0.932065 0.485734 0.008152 0.006793
0 0.932745 0.47214699999999993 0.006793 0.006793
0 0.932745 0.363451 0.006793 0.006793
0 0.932745 0.3539399999999999 0.006793 0.006793
0 0.933424 0.407609 0.005435 0.008152
0 0.934103 0.342391 0.004076 0.008152
0 0.933424 0.363451 0.0 0.012228
