0 0.09375 0.14877700000000002 0.013587 0.017663
0 0.14266300000000004 0.42798899999999995 0.019022 0.019022
0 0.15625000000000003 0.42798899999999995 0.019022 0.019022
0 0.171196 0.37024500000000005 0.013587 0.017663
0 0.26087 0.658967 0.016304 0.013587
0 0.277174 0.669158 0.016304 0.012228
0 0.294158 0.652853 0.012228 0.012228
0 0.300272 0.43410300000000007 0.019022 0.014946
0 0.29959199999999997 0.451087 0.009511 0.013587
0 0.302989 0.6399459999999999 0.016304 0.016304
0 0.311141 0.457201 0.013587 0.012228
0 0.36412999999999995 0.22758199999999998 0.013587 0.014946
0 0.372962 0.123641 0.009511 0.01087
0 0.381114 0.134511 0.012228 0.008152
0 0.408967 0.277853 0.013587 0.006793
0 0.409647 0.269022 0.012228 0.01087
0 0.421875 0.459918 0.017663 0.017663
0 0.43002700000000005 0.290082 0.012228 0.012228
0 0.443614 0.29823399999999994 0.012228 0.009511
0 0.48505399999999993 0.369565 0.01087 0.021739
0 0.495924 0.369565 0.01087 0.019022
0 0.501359 0.38519 0.016304 0.012228
0 0.5794840000000001 0.269022 0.012228 0.01087
0 0.5862770000000002 0.16983700000000002 0.012228 0.01087
0 0.5862770000000002 0.28124999999999994 0.012228 0.008152
0 0.595109 0.17730999999999997 0.013587 0.012228
0 0.6630429999999999 0.352582 0.013587 0.017663
0 0.669158 0.32269 0.017663 0.017663
0 0.67731 0.351902 0.014946 0.013587
0 0.703804 0.43070699999999995 0.016304 0.019022
0 0.732337 0.45923899999999995 0.016304 0.013587
0 0.736413 0.443614 0.013587 0.017663
0 0.738451 0.419837 0.014946 0.019022
0 0.694973 0.367527 0.009511 0.009511
0 0.703804 0.36548899999999995 0.01087 0.013587
0 0.726902 0.300272 0.01087 0.01087
0 0.7343750000000001 0.305027 0.012228 0.012228
0 0.786685 0.305707 0.013587 0.013587
0 0.7900820000000001 0.31453799999999993 0.012228 0.009511
0 0.813179 0.307745 0.014946 0.012228
0 0.828804 0.32336999999999994 0.01087 0.01087
0 0.83356 0.317935 0.014946 0.01087
0 0.8362770000000002 0.218071 0.012228 0.014946
0 0.8498640000000001 0.22010900000000003 0.012228 0.01087
0 0.863451 0.02038 0.012228 0.01087
0 0.8824730000000001 0.025815 0.012228 0.01087
0 0.887908 0.032609 0.012228 0.01087
0 0.8919840000000001 0.213995 0.012228 0.012228
0 0.8933420000000001 0.20244600000000001 0.012228 0.01087
0 0.919837 0.205163 0.01087 0.013587
0 0.9286679999999999 0.203804 0.009511 0.019022
