1 0.26913448839079873 0.6352933331913128 0.011141304347826087 0.01141304347826087
1 0.2679795970864508 0.658255289713052 0.01154891304347826 0.012228260869565218
1 0.29033014056471174 0.6465705071043562 0.013043478260869566 0.013315217391304347
1 0.2561589449125378 0.6146411592782691 0.009918478260869565 0.010326086956521738
1 0.23611818404297263 0.5362444201478344 0.009510869565217392 0.009782608695652175
1 0.1140393796951465 0.43651615927826914 0.008831521739130434 0.008695652173913044
1 0.11682470578210304 0.5039074636260952 0.009510869565217392 0.009510869565217392
1 0.2976606583669002 0.6789017849958543 0.01046195652173913 0.01046195652173913
1 0.14773503186905956 0.5771411592782691 0.009103260869565217 0.008695652173913044
1 0.28754481447775526 0.6630786592782693 0.011820652173913043 0.011277173913043479
1 0.18000405360819002 0.5167471375391387 0.011684782608695652 0.01154891304347826
1 0.11342796665166825 0.5215025723217476 0.010869565217391304 0.010733695652173914
1 0.299698701845161 0.7119180893436807 0.009646739130434782 0.01046195652173913
1 0.18135631054081322 0.6882767849958548 0.009646739130434782 0.009918478260869565
1 0.1821779666516683 0.6490840940608779 0.011141304347826087 0.011005434782608695
1 0.24542524926036388 0.5761900723217473 0.010190217391304348 0.009782608695652175
1 0.16030296665166824 0.5013259418869648 0.013043478260869566 0.011684782608695652
1 0.28685902793211754 0.7161979806480286 0.009782608695652175 0.009510869565217392
1 0.27395141923646543 0.7079099371697675 0.010054347826086957 0.010054347826086957
1 0.11431111882558131 0.4696683331913126 0.009646739130434782 0.008967391304347826
1 0.20996329273862485 0.5251031158000083 0.010190217391304348 0.010326086956521738
1 0.19066981447775522 0.4808775723217473 0.009646739130434782 0.009103260869565217
1 0.1696100318690596 0.46328246362609543 0.009918478260869565 0.010326086956521738
1 0.23571057534732046 0.5018694201478343 0.010054347826086957 0.009782608695652175
1 0.09488177099949435 0.41484496362609524 0.009375 0.008559782608695651
1 0.08061546665166829 0.42394822449566044 0.009103260869565217 0.009375
1 0.28067696271472625 0.6740784154306373 0.010733695652173914 0.010054347826086957
1 0.1789850318690596 0.4465025723217474 0.009646739130434782 0.009103260869565217
1 0.19249761488863926 0.721225154561072 0.010733695652173914 0.012228260869565218
1 0.17042524926036393 0.6012580071043563 0.009646739130434782 0.009646739130434782
1 0.1484143796951466 0.43909768101739965 0.009103260869565217 0.008695652173913044
1 0.28862533227994364 0.6977197197784634 0.00923913043478261 0.008967391304347826
1 0.17891709708645087 0.6197362679739215 0.0125 0.011005434782608695
1 0.10262633621688569 0.49167920275653004 0.009103260869565217 0.008967391304347826
1 0.23177035795601608 0.5547906158000082 0.009782608695652175 0.01046195652173913
1 0.2892367453234219 0.7524072197784634 0.012635869565217393 0.011820652173913043
1 0.1580611188255813 0.45302431145218214 0.009918478260869565 0.010190217391304348
1 0.13734101012992914 0.4289074636260952 0.008967391304347826 0.009510869565217392
1 0.19970514056471178 0.636108550582617 0.011141304347826087 0.011141304347826087
1 0.2641008757582045 0.6969045023871587 0.009646739130434782 0.00923913043478261
1 0.16172959708645088 0.5303340940608778 0.011820652173913043 0.012364130434782607
1 0.27395141923646527 0.7273392849958547 0.010597826086956521 0.010054347826086957
1 0.22259916230384216 0.6324400723217475 0.010733695652173914 0.009782608695652175
1 0.19963720578210303 0.6197362679739213 0.011005434782608695 0.01046195652173913
1 0.18251764056471173 0.6312851810173996 0.01046195652173913 0.009375
1 0.1002486188255813 0.42829605058261705 0.008967391304347826 0.008831521739130434
1 0.24453565836690014 0.6733990676045503 0.009918478260869565 0.009782608695652175
1 0.23340079273862474 0.6521411592782692 0.011141304347826087 0.010597826086956521
1 0.12253122752123354 0.5337987679739213 0.00923913043478261 0.008967391304347826
1 0.09501764056471172 0.44025257232174736 0.008831521739130434 0.008831521739130434
1 0.22062905360819002 0.5110406158000083 0.01141304347826087 0.010733695652173914
1 0.23693340143427702 0.5885542027565301 0.010054347826086957 0.009510869565217392
1 0.2204188105408133 0.7089968936915068 0.01141304347826087 0.011684782608695652
1 0.12830568404297263 0.5159319201478345 0.009918478260869565 0.01046195652173913
1 0.24861818404297267 0.598608550582617 0.010869565217391304 0.010054347826086957
1 0.14970514056471176 0.612671050582617 0.009510869565217392 0.009375
1 0.13482742317340743 0.4676302897130518 0.011005434782608695 0.010054347826086957
1 0.16675033227994365 0.6835892849958545 0.011141304347826087 0.011141304347826087
1 0.2757920970864509 0.5982009418869649 0.010597826086956521 0.01141304347826087
1 0.21349590143427694 0.6138259418869648 0.009375 0.010326086956521738
1 0.16044005113181067 0.5876006859701581 0.009918478260869565 0.009510869565217392
1 0.2632920970864509 0.5829156158000085 0.008967391304347826 0.009646739130434782
1 0.1682513362168857 0.43040202884348666 0.008016304347826088 0.008967391304347826
1 0.10609101012992914 0.45716833319131256 0.009782608695652175 0.009782608695652175
1 0.15547959708645093 0.5983368114521822 0.009375 0.008695652173913044
1 0.300378049671248 0.6947305893436806 0.01046195652173913 0.010326086956521738
1 0.12647144491253784 0.4419509418869648 0.009510869565217392 0.010326086956521738
1 0.2630818540190741 0.7417414589088981 0.010597826086956521 0.010597826086956521
1 0.13856383621688567 0.538146594060878 0.009782608695652175 0.009782608695652175
1 0.25853666230384215 0.592834094060878 0.010054347826086957 0.009918478260869565
1 0.2804731583669002 0.7384805893436805 0.010597826086956521 0.009782608695652175
1 0.15147144491253783 0.6326438766695734 0.011956521739130435 0.011820652173913043
1 0.2524160931495089 0.6963610241262893 0.01046195652173913 0.010326086956521738
1 0.18408014056471175 0.5021411592782691 0.0125 0.012228260869565218
1 0.16023503186905955 0.5656601810173996 0.009375 0.008559782608695651
1 0.1495692709994944 0.5452797462347908 0.009782608695652175 0.009375
1 0.24154652793211756 0.7190512415175937 0.009918478260869565 0.010054347826086957
1 0.23666166230384228 0.5218422462347909 0.010869565217391304 0.010869565217391304
1 0.1511997057821031 0.48821452884348643 0.013043478260869566 0.012364130434782607
1 0.11600948839079869 0.48936942014783447 0.010326086956521738 0.010054347826086957
1 0.18672959708645087 0.6658639853652258 0.012092391304347827 0.01141304347826087
1 0.16023503186905955 0.42034768101739955 0.009375 0.009782608695652175
1 0.18333285795601612 0.4740161592782691 0.010733695652173914 0.010326086956521738
1 0.16621329273862478 0.5474536592782691 0.009103260869565217 0.009103260869565217
1 0.25249046665166824 0.5576438766695735 0.008559782608695651 0.008559782608695651
1 0.2746372057821031 0.620687354930443 0.013179347826086955 0.012092391304347827
1 0.1929731583669001 0.6799208067349851 0.011141304347826087 0.010869565217391304
1 0.10024861882558131 0.4779563766695735 0.010054347826086957 0.010054347826086957
1 0.23876120184516098 0.7036300458654198 0.012771739130434783 0.013179347826086955
1 0.20446057534732043 0.511108550582617 0.013315217391304347 0.012771739130434783
1 0.1578573144777552 0.5547226810173996 0.00842391304347826 0.00842391304347826
1 0.2151198974973351 0.7329778719523763 0.010869565217391304 0.010190217391304348
1 0.2569062275212335 0.571774311452182 0.008695652173913044 0.009103260869565217
1 0.11743611882558135 0.45941018101739955 0.009918478260869565 0.010190217391304348
1 0.2052693540190741 0.744798524126289 0.013179347826086955 0.013722826086956519
1 0.1627814584498352 0.40585940011329846 0.009782608695652175 0.009510869565217392
1 0.24141709708645095 0.6204156158000081 0.011141304347826087 0.009918478260869565
1 0.2593454409755959 0.7228555893436805 0.011277173913043479 0.010597826086956521
1 0.28386989749733493 0.6859670023871591 0.011141304347826087 0.009918478260869565
1 0.1509959014342769 0.4685813766695734 0.01154891304347826 0.011141304347826087
1 0.20887232732718505 0.6921120629259333 0.011146164007526334 0.0120305310963647
1 0.14834644491253784 0.42673355058261697 0.00842391304347826 0.008695652173913044
1 0.1286453579560161 0.4824400723217475 0.010054347826086957 0.010054347826086957
1 0.22531655360819008 0.6198721375391386 0.010190217391304348 0.009918478260869565
1 0.2912747888016828 0.7301246110828111 0.01046195652173913 0.009918478260869565
1 0.15894427099949435 0.6518014853652258 0.011684782608695652 0.012092391304347827
1 0.08140166345924303 0.39173746973516527 0.01154891304347826 0.011005434782608695
1 0.16111818404297257 0.619600398408704 0.010597826086956521 0.010190217391304348
1 0.2272187275212335 0.5719781158000083 0.011277173913043479 0.010869565217391304
1 0.13934881810953542 0.39716617776923546 0.010190217391304348 0.010326086956521738
1 0.19134916230384225 0.6056058331913127 0.009918478260869565 0.011005434782608695
1 0.23740894491253786 0.6321003984087041 0.010190217391304348 0.009646739130434782
1 0.2505980120580252 0.6515685230591984 0.013179347826086955 0.011956521739130435
1 0.18183185401907412 0.7254371110828112 0.0125 0.013315217391304347
1 0.29528294097559593 0.7316191763002021 0.012228260869565218 0.011820652173913043
1 0.2914850318690596 0.6027525723217475 0.011005434782608695 0.01154891304347826
1 0.23624761488863932 0.68433656760455 0.013994565217391307 0.014266304347826086
1 0.18693340143427697 0.45825528971305174 0.01141304347826087 0.010597826086956521
1 0.24841437969514646 0.6634183331913127 0.010733695652173914 0.009782608695652175
1 0.20344155360819 0.5090705071043561 0.011277173913043479 0.011684782608695652
1 0.17721872752123347 0.534749854930443 0.011005434782608695 0.010869565217391304
1 0.21499046665166832 0.5001031158000083 0.010190217391304348 0.010326086956521738
1 0.2523481583669002 0.7346083067349848 0.009782608695652175 0.01046195652173913
1 0.24331927099949444 0.5545868114521822 0.010054347826086957 0.010869565217391304
1 0.17598946271472635 0.7017278719523763 0.010869565217391304 0.011277173913043479
1 0.26308185401907414 0.6840648284741155 0.012228260869565218 0.011820652173913043
1 0.3054808120013759 0.6440963546563013 0.013181777655936982 0.012442999451716846
1 0.12749046665166822 0.41926072449566043 0.010733695652173914 0.011141304347826087
1 0.13272144491253784 0.5471819201478343 0.010326086956521738 0.009646739130434782
1 0.24841437969514654 0.642358550582617 0.01046195652173913 0.010054347826086957
1 0.18238177099949435 0.5998313766695734 0.010190217391304348 0.01141304347826087
1 0.0902622057821031 0.4669509418869648 0.01046195652173913 0.010326086956521738
1 0.2673002492603639 0.6054020288434866 0.009918478260869565 0.010597826086956521
1 0.12012691937604972 0.4004367666538529 0.010748274631274575 0.011832801323162879
1 0.16967796665166823 0.6611764853652257 0.010326086956521738 0.011820652173913043
1 0.16682470578210307 0.64167920275653 0.010869565217391304 0.01141304347826087
1 0.07060003302446045 0.4079035181661846 0.010054347826086957 0.010190217391304348
1 0.20547315836690022 0.7181001545610719 0.012228260869565218 0.0125
1 0.20839435401907408 0.7170131980393328 0.012635869565217393 0.011684782608695652
1 0.16302035795601608 0.5329156158000083 0.013858695652173913 0.01589673913043478
1 0.13244970578210308 0.48250800710435604 0.012228260869565218 0.01154891304347826
1 0.27253122752123354 0.6206194201478344 0.013315217391304347 0.01141304347826087
1 0.15941981447775525 0.650374854930443 0.011005434782608695 0.011956521739130435
1 0.13740894491253783 0.4540433331913127 0.010733695652173914 0.011141304347826087
1 0.14523373143626003 0.3755557278633143 0.010597826086956521 0.011005434782608695
1 0.10185732251401072 0.3796869427691342 0.012514578979100627 0.010688844253141734
1 0.19875405360818998 0.53074170275653 0.011956521739130435 0.012635869565217393
1 0.2600247888016828 0.6839968936915067 0.012364130434782607 0.011684782608695652
1 0.2036453579560162 0.48859363726499716 0.012228260869565221 0.009861477712586409
1 0.23224308490702722 0.74071394847839 0.009476851947315979 0.011169146937908039
1 0.22902772442490218 0.7271755885536527 0.010492228941671265 0.0104922289416713
1 0.21802780698605329 0.7440985384595743 0.01150760593602648 0.008461474952960514
1 0.19552028361117788 0.5506692210348927 0.008461474952960691 0.00947685194731558
1 0.1748742847259538 0.5642075809596298 0.008461474952960691 0.00947685194731558
1 0.22225854446253362 0.5415308280856952 0.008461474952960691 0.00947685194731558
1 0.2161662824964019 0.55337689301984 0.008461474952960691 0.00947685194731558
1 0.21988933147570452 0.5313770581421423 0.008461474952960691 0.00947685194731558
1 0.12964028230303387 0.5903083579551056 0.009918478260869565 0.009510869565217392
1 0.1462247732108368 0.5645854740981051 0.009918478260869565 0.009510869565217392
1 0.16653231309794236 0.5733854080491841 0.009918478260869565 0.009510869565217392
1 0.1401325112447051 0.5892929809607502 0.009918478260869565 0.009510869565217392
1 0.13877867525223136 0.6079082258572637 0.009918478260869565 0.009510869565217392
1 0.11564396005522917 0.5437308115734654 0.011846064934144956 0.013876818922855421
1 0.10109022313613682 0.5081926167710306 0.013199900926618664 0.009815310945434348
1 0.13121307396867682 0.49837730582559625 0.01116914693790811 0.009815310945434419
1 0.08332112573491939 0.4552237835654968 0.005415343969894835 0.008123015954842288
1 0.08382881423209704 0.4427008006351149 0.011169146937908065 0.008799933951079097
1 0.07519810978007715 0.4493007510984243 0.0074460979586054065 0.008461474952960728
1 0.06978276581018233 0.437962374661457 0.008123015954842251 0.01150760593602655
1 0.19890487359236217 0.44202388263887826 0.011169146937908074 0.01150760593602648
1 0.1609974658030984 0.44016235814922683 0.009815310945434384 0.008461474952960657
1 0.16979739975417746 0.4449007841228848 0.007107638960486966 0.012522982930381801
1 0.09542811782426824 0.40552094111517994 0.009782608695652175 0.009510869565217392
1 0.11133569073583427 0.42345926801545675 0.009782608695652175 0.009510869565217392
1 0.12318175566997926 0.412628580075667 0.009782608695652175 0.009510869565217392
1 0.15127385251380868 0.40010559714528526 0.009782608695652175 0.009510869565217392
1 0.15702765548182193 0.39062874519796936 0.009782608695652175 0.009510869565217392
1 0.07004369296538622 0.419059301039917 0.009782608695652175 0.009510869565217392
1 0.19890693198235826 0.4963781942217209 0.012228260869565221 0.009861477712586409
1 0.08265168734051985 0.08172092509569417 0.010424537142047541 0.012286061631698892
1 0.06999332081089067 0.06236107040332015 0.008935317550326456 0.010796842039977817
1 0.07278560754536771 0.04355967305784155 0.010052232244117292 0.009679927346187008
1 0.08432705938120605 0.03723048979302696 0.010052232244117255 0.010424537142047545
1 0.08283783978948499 0.026992105099944545 0.007818402856535664 0.008563012652396207
1 0.06887640611709987 0.024199818365467522 0.0067014881627448465 0.011169146937908093
1 0.07985940060604282 0.01693987285582726 0.007818402856535647 0.010796842039977814
1 0.08805010836050876 0.013402976325489709 0.008563012652396207 0.004467658775163239
