1 0.11338530416074005 0.9349004496698794 0.013761188672936481 0.014046047044836956
1 0.3024471117102582 0.9129006551659625 0.011610155520231827 0.013463932534922724
1 0.2989436232525369 0.766590926958167 0.011806612429411514 0.012918845466945484
1 0.10399233776590097 0.9515941454016645 0.011815216230309528 0.012455815854279892
1 0.19684546926747196 0.8526895979176397 0.011775472889775816 0.012912542923637058
1 0.2648746241693911 0.8107143277707307 0.020409666973611584 0.012679846390433933
1 0.3130476993063222 0.8689818796904192 0.011584281921386719 0.011866237806237263
1 0.19730113900226098 0.9689008878624957 0.012053406756857166 0.014721331389054008
1 0.21521066582721216 0.8895687849625297 0.012573947077212126 0.012675326803456182
1 0.1449500426002171 0.7079149951105532 0.010741181995557703 0.011673844378927479
1 0.2449671392855437 0.4160096334374469 0.01160350053206734 0.011811256408691406
1 0.2738678559013035 0.8074369637862496 0.011802258698836617 0.013284475907035496
1 0.1963172269904095 0.8686568218728772 0.011412226635476818 0.013430222221042797
1 0.1840526228365691 0.9060458722321882 0.01213129707004713 0.012935555499532948
1 0.1746230177257372 0.851046189017918 0.011560761410257091 0.012545212455417797
1 0.3266794888869575 0.6658232108406399 0.01152343335358993 0.012849185777747112
1 0.2161247626594875 0.8701721688975459 0.012240243994671364 0.012923696766728941
1 0.305987026380456 0.8004047974296239 0.012446362039317255 0.011993822844132133
1 0.07244656137798143 0.8052451714225437 0.0120473167170649 0.012449305990467901
1 0.31406388075455377 0.5640177519425101 0.011413615682850714 0.01240216130795686
1 0.516701200734014 0.6726434749105702 0.012129244597061821 0.01276161359704059
1 0.2837496322134267 0.912773381108823 0.010802123857581097 0.011272927989130434
1 0.26052098688871966 0.8592672969983972 0.010874686033829399 0.011074107626210089
1 0.6510484529578169 0.36805531512136047 0.011839576389478601 0.01219810091930887
1 0.29137514985125995 0.8620832277380902 0.0119543282882027 0.012114068736200747
1 0.16610171483910602 0.8194050166917883 0.010759167049242102 0.013183262037194294
1 0.26688804833785346 0.7568334496539572 0.011813972307288128 0.011500980543053669
1 0.28517089719357697 0.752318465191385 0.011952669724174168 0.012445615685504417
1 0.16050218499225116 0.7256769926651664 0.011335248532502548 0.016034499458644703
1 0.3074330454287322 0.6979431484056555 0.011016762774923573 0.011868518331776495
1 0.19919729232788086 0.9088628188423489 0.012392292851987093 0.020879994268002716
1 0.2413307583850363 0.8135789166326108 0.012582592342210852 0.015006314153256624
1 0.7627485524053158 0.46072251900382666 0.011477760646654211 0.01266647421795389
1 0.2934051285619321 0.966072538624639 0.012968830440355383 0.01153124933657439
1 0.37351740961489477 0.5632288663283639 0.011201609735903532 0.012747536534848421
1 0.2772351555202318 0.7408323287963867 0.011103837386421535 0.01196313940960428
1 0.44255076283993927 0.2072517353555431 0.010131296904190727 0.010894443677819294
1 0.3233708729562552 0.7308520026828933 0.01129839018635128 0.011804248975670856
1 0.40710934348728345 0.6759935461956522 0.012308120727539062 0.018223803976307743
1 0.2238960888074792 0.8540673255920411 0.01088727038839589 0.011808105137037195
1 0.766104449396548 0.491504835045856 0.012191109035326086 0.012457225633704144
1 0.16642296832540762 0.8380410982214886 0.010618209838867188 0.01265442889669667
1 0.6460394962974216 0.46364377892535663 0.011939691460650902 0.011431984279466711
1 0.11854036476301111 0.1996994225875191 0.01437383112700089 0.011271186496900476
1 0.3075289311616317 0.014575359613999077 0.011187511941661005 0.01240991509479025
1 0.24718904495239258 0.6889030000437861 0.012488033460534138 0.01316622029180112
1 0.08193965839303058 0.8393580395242443 0.012498456498850946 0.024632661238960595
1 0.1754043257754782 0.7250712228857953 0.010150152703990107 0.011071702708368715
1 0.11266546145729396 0.9775358904962954 0.012785175572270933 0.013049125671386719
1 0.17558207719222363 0.30503859727279 0.010747121727984886 0.011636112047278362
1 0.2347092628479004 0.8920694226803987 0.01113439642864725 0.011756440867548403
1 0.20098266394241995 0.886811691781749 0.012664566869321077 0.011611648227857508
1 0.3282691706781802 0.8058574303336765 0.015452923982039742 0.0201739850251571
1 0.28183014496513037 0.43666507886803674 0.011556832686714504 0.012948741083559782
1 0.21516023511471954 0.8134598110033118 0.0114330416140349 0.012740591297978941
1 0.28205045409824536 0.7765868850376294 0.011983850727910582 0.01204445051110309
1 0.3104397213977316 0.6236494313115659 0.011571821959122368 0.012144088745117188
1 0.40894761292830756 0.7747756501902704 0.01110474959663723 0.010744965594747791
1 0.32613541768944776 0.6492773346278979 0.011736641759457796 0.013064052747643513
1 0.2609581740006156 0.6421013396719226 0.012984897779381794 0.014951353487761124
1 0.20085917348447055 0.8120310824850331 0.011355109836744226 0.011918855750042458
1 0.35305421378301544 0.5396840261376422 0.01091384628544683 0.012814687645953636
1 0.14134771927543308 0.2269594669342041 0.009648053542427395 0.009802217068879501
1 0.29296066450036085 0.6223092286483102 0.010726721390433933 0.011359836744225544
1 0.7993116171463676 0.556725616040437 0.011183904564898949 0.01033652347067128
1 0.3425759439883025 0.6744009826494299 0.011447989422342052 0.01314289673514988
1 0.22724957051484482 0.44628143310546875 0.012590263200842815 0.013191886570142664
1 0.2752052597377611 0.8550280073414679 0.01132691424825917 0.011417015739109204
1 0.2924987855164901 0.6374504358872123 0.011147892993429432 0.012423618980076
1 0.10142073942267377 0.9109779026197351 0.013214142426200535 0.013343479322350544
1 0.381221864534461 0.6052039395207944 0.01170367779939071 0.02029456263003142
1 0.19143791820691977 0.9238016087075939 0.010344816290813942 0.012253927147906761
1 0.7765044751374619 0.5064901994622272 0.01107099781865659 0.012249594149382217
1 0.26890081944672956 0.9222499598627505 0.013972012893013332 0.015493227087933083
1 0.131503499072531 0.668454242789227 0.010598763175632641 0.010293317877728005
1 0.2601025726484216 0.8827983607416567 0.010907152424687925 0.011436959971552309
1 0.32419557156770124 0.548753199370011 0.011011289513629417 0.010983840278957203
1 0.3521102615024732 0.6412343253260073 0.010731282441512398 0.01116174200306768
1 0.18680097745812457 0.8173032221586807 0.011078295500382133 0.011520675990892492
1 0.07743940923524939 0.8536537004553754 0.023895040802333668 0.015803461489470108
1 0.6789160811382792 0.46977598770805024 0.012215033821437671 0.010858121125594429
1 0.2531789385754129 0.8949449995289678 0.012089335400125256 0.011903140855872112
1 0.08292399282040805 0.9130614736805791 0.013356084408967392 0.014695374862007473
1 0.322878822684288 0.7165690712306811 0.011719922656598299 0.012801626454228941
1 0.09289628526438838 0.8439705475516941 0.011119697404944378 0.011539956797724184
1 0.33539311717385834 0.6000708393428635 0.01025444657906242 0.011585380720055622
1 0.7078053640282671 0.4379799003186433 0.01147473376730214 0.012059180632881496
1 0.2867870330810547 0.7906046328337295 0.011912884919539742 0.012338057808254078
1 0.665410912555197 0.6082131966300632 0.010525910750679348 0.011452011440111242
1 0.27713545509006665 0.5940694083338198 0.011875194051991339 0.02121944012849227
1 0.237470761589382 0.6713325977325441 0.012161109758460003 0.013134189274000086
1 0.27682386273923126 0.6490159864011018 0.010604879130487856 0.011568774347719938
1 0.30367124598959216 0.494298914204473 0.011650852535081946 0.011551442353621773
1 0.2201756705408511 0.9120949662250021 0.013270647629447605 0.012742208397906761
1 0.43286627271901 0.6506171848462976 0.011557682700779125 0.012396522190259851
1 0.3343423666513484 0.5844453106755796 0.011257107491078585 0.011013901751974354
1 0.23984796067942743 0.8260341934535813 0.022591031115988026 0.012642114058784817
1 0.296369397121927 0.8339953837187393 0.011957230775252632 0.012567810390306555
1 0.2976784913436226 0.8851355469745137 0.011596265046492867 0.01290143054464589
1 0.40126663705577015 0.6243585296299147 0.012163328087848167 0.012736320495605469
1 0.3649850098983102 0.6624032932779065 0.011327080104662024 0.011533198149307915
1 0.3257847143256146 0.6227559214052947 0.011981736058774202 0.01197615913722826
1 0.329724995986275 0.6989609469538149 0.010998684427012568 0.011205631753672724
1 0.3107498728710672 0.8838887836622156 0.01542043685913086 0.012762401414954144
1 0.7770137164903723 0.47832168185192614 0.011814573536748472 0.013029191804968792
1 0.31793823449508 0.7427727657815686 0.011031254478122875 0.011299547941788383
1 0.35112750789393554 0.5721612183944039 0.011021007662234098 0.012536504994268003
1 0.787789593572202 0.5533325879470162 0.010250340337338655 0.011923727781876274
1 0.06833750268687373 0.24157489901003631 0.010259949642678966 0.010675451029901918
1 0.3612070705579675 0.5981459202973739 0.011092103045919666 0.01159216010052225
1 0.32959679935289465 0.5342087952987008 0.010470493980076 0.010663488636846128
1 0.6537765005360479 0.3516464544379193 0.0132910272349482 0.01384314246799635
1 0.14953828376272452 0.7762835544088611 0.01083428963370945 0.011737408845320992
1 0.3599983298260232 0.7482318256212318 0.01201306218686311 0.01048266369363536
1 0.7415676531584368 0.4465876092081485 0.01227246160092561 0.012736849162889563
1 0.27795130273570184 0.8262848439423935 0.012455940246582031 0.013465674027152683
1 0.08589066111523173 0.8102916634601095 0.012038324190222698 0.012253222258194633
1 0.34117170520450757 0.7191720838132112 0.011566234671551247 0.012296137602432915
1 0.2938442022904106 0.494831313257632 0.009498679119607677 0.010299972865892492
1 0.26734533517257025 0.6247396261795707 0.01434369709180749 0.012603718301524286
1 0.4003305538840916 0.027297455331553585 0.011774415555207626 0.012560663015946098
1 0.2773730029230532 0.6840807873269786 0.011327038640561312 0.012442879054857336
1 0.06778161681216695 0.16484058421591055 0.00921823149142058 0.01039266586303711
1 0.07006350030069766 0.1413085823473723 0.011160140452177628 0.011722056762031887
1 0.18537269467892853 0.7006985830224077 0.010610103607177734 0.010875909224800442
1 0.3792687913645868 0.6416861285334048 0.010988774506942085 0.01106274646261464
1 0.27096482981806214 0.8678151006283967 0.011344702347465183 0.013628918191661005
1 0.40374776591425354 0.644406567449155 0.014600587927776833 0.01726556860882303
1 0.10582704129426376 0.9855623867200768 0.012030684429666271 0.011631882709005604
1 0.30490396333777386 0.8582023537677267 0.011894682179326597 0.011572713437287704
1 0.43578261914460553 0.1935215721959653 0.011441064917522926 0.01129057096398395
1 0.15143078306446905 0.7587659669959027 0.011145425879436989 0.011487629102623981
1 0.09457168371781059 0.8325881128725798 0.011355400085449219 0.012946750806725544
1 0.27509498596191406 0.6128409945446512 0.010278328605320141 0.010949155558710512
1 0.37601771561995795 0.5844660219938859 0.012282122736391813 0.011168604311735733
1 0.24318058594413425 0.6414593095364778 0.011057812234629755 0.011630161948826
1 0.2208258172740107 0.6053382728410803 0.010412630827530571 0.010062114052150562
1 0.35277801752090454 0.735700151194697 0.010563897049945335 0.010915839153787365
1 0.2710484836412513 0.45432783209759264 0.011246100715968921 0.012631457784901495
1 0.48021788182465924 0.098545561666074 0.011486157127048657 0.011101660521134087
1 0.21365842611893363 0.32694316946941876 0.012353171472964079 0.014605522155761719
1 0.4539059245068094 0.2718704472417417 0.009870985279912535 0.011061087898586109
1 0.17494630295297373 0.7911431478417437 0.010679296825243078 0.010877733645231827
1 0.364245425099912 0.6145803824714993 0.010678229124649712 0.010720252990722656
1 0.27788178817085596 0.538642634516177 0.010395340297533117 0.01063977117123811
1 0.15975601258485214 0.6726608898328699 0.010488499765810759 0.010621236718219261
1 0.41403380165929377 0.017488611781078835 0.011684842731641687 0.012048145999079165
1 0.23739109868588656 0.844866296519404 0.012185304061226223 0.011894889499830164
1 0.3536562258782594 0.7076395283574642 0.011213476243226425 0.010918741640837296
1 0.08449808670126874 0.7759172190790591 0.012314480283985968 0.013359567393427309
1 0.3172290532485299 0.6371244554934294 0.012363205785336702 0.013071847998577614
1 0.2218165293983791 0.9521997285925825 0.012819103572679602 0.012567022572393003
1 0.07919318261353867 0.11839830357095468 0.012673098108042841 0.01257193606832753
1 0.32379320004711976 0.8309350221053414 0.01641077839809915 0.019885768061098846
1 0.3409529198770938 0.6373242917268171 0.014421038005663 0.013412060944930367
1 0.3798271547193112 0.6228519211644712 0.011157932488814644 0.010710405266803245
1 0.6511253481325897 0.4475763569707456 0.011218900265900986 0.011367134425951086
1 0.34201812744140625 0.653562317723813 0.011953519738238792 0.011882906374724014
1 0.2849816965020221 0.8419469335804814 0.010685485342274542 0.011910894642705503
1 0.22684373026308807 0.6325521365455959 0.009925883749256964 0.010876883631167204
1 0.08092808205148447 0.16784972211588983 0.01155579608419667 0.01098646288332732
1 0.2966368924016538 0.6648293681766675 0.010949259218962296 0.011416663294253141
1 0.3717012975526892 0.01627070197592611 0.012223979701166567 0.012460336089134216
1 0.38950569733329443 0.7140762494957964 0.011647390282672386 0.012872281281844429
1 0.33218285506186285 0.5147378133690875 0.011525378279064014 0.012284859367038891
1 0.31098357490871265 0.7275494492572286 0.010382279105808422 0.011501104935355808
1 0.34128331684547925 0.060376988804858665 0.011493194362391596 0.012865776601045029
1 0.3166375471198041 0.6849618372709856 0.011120360830555792 0.011293203934379246
1 0.17795950433482297 0.8713929342186969 0.011151479638141136 0.012080524278723675
1 0.212906609410825 0.548545381297236 0.010603573011315388 0.010839711064877718
1 0.376221680122873 0.68756103515625 0.010693969933883003 0.010546311088230297
1 0.22097670513650644 0.5896058186240818 0.009923603223717731 0.010546083035676376
1 0.2661558441493822 0.9860758574112601 0.012507397195567255 0.01205046280570652
1 0.2201973355334738 0.6632902311242144 0.011014751766038977 0.011836259261421535
1 0.4088466893071714 0.6574539516283118 0.01095257634701936 0.012735118036684782
1 0.11397290748098624 0.1856099729952605 0.011219719181890074 0.010779194209886633
1 0.16319670884505566 0.7983172665471616 0.009795375492261804 0.010932383329971977
1 0.7413351017495861 0.6167352821515955 0.011342960855235224 0.009290715922480043
1 0.7692540417546812 0.5180817272352136 0.011472162993057915 0.013241436170495075
1 0.09672646418861719 0.9376889311749003 0.010775535002998684 0.00987869760264521
1 0.2264855322630509 0.9224114003388779 0.010632660077965778 0.010654076285984204
1 0.07096975782643193 0.9386778085128121 0.012784957885742188 0.017799418905506962
1 0.35013249127761176 0.6318278312683107 0.011305902315222698 0.013650272203528362
1 0.4364307756009309 0.24909986620363983 0.012333144312319548 0.01982185114984927
1 0.2544186840886655 0.7644255264945652 0.011986069057298742 0.01241402004076087
1 0.2013884523640508 0.9143265433933425 0.012996694316034731 0.011770828910495922
1 0.6158111199088718 0.14377297007519266 0.010551245316215183 0.010730504989624023
1 0.06952618775160416 0.9605281042016071 0.009092636730359949 0.009884917217752209
1 0.7854138664577319 0.5194658300150996 0.010658098303753395 0.01200624134229577
1 0.1238397567168526 0.5861706526383109 0.00982281436090884 0.009796142578125
1 0.30079033063805627 0.816787512406059 0.012040511421535328 0.014236781908118206
1 0.3264951602272365 0.7723132423732593 0.01206748381904934 0.012727405713952106
1 0.34517272658970044 0.5517836653667948 0.011339540066926376 0.010849869769552479
1 0.3011688460474429 0.597933924716452 0.010519546011219854 0.010322425676428753
1 0.24430585944134253 0.9057525551837422 0.010668837505838146 0.011155418727708899
1 0.42686028065888776 0.616132176440695 0.01341390609741211 0.013864807460619055
1 0.7343959808349609 0.4920915209728738 0.011583577031674593 0.011440049047055452
1 0.187873653743578 0.7888144824815834 0.011275125586468239 0.011594067449155062
1 0.3695878360582435 0.7166898976201597 0.010943246924358864 0.01166899307914402
1 0.2748440348583719 0.9734935553177542 0.01086568832397461 0.010437550752059273
1 0.4538247481636379 0.2549907331881316 0.010130923727284307 0.011340949846350628
1 0.2652805577153745 0.4112982542618461 0.011403415514075237 0.012012979258661684
1 0.20835827744525415 0.8568056355351987 0.01097150470899499 0.011654397715692934
1 0.7415322635484778 0.4781507409137229 0.01091214884882388 0.011290923408840015
1 0.6419363332831342 0.5589196060014807 0.0115093355593474 0.012475241785464079
1 0.09161846274914948 0.9268476652062457 0.010816848796346912 0.011358426964801292
1 0.4873378276824951 0.6834410584491232 0.010295639867367952 0.010448663131050442
1 0.29996423099351965 0.5094458745873492 0.010948533597199814 0.010135194529657778
1 0.3603717114614404 0.6793608250825303 0.011738315872524097 0.013219708981721298
1 0.2665923056395158 0.8463633371436078 0.011454478554103687 0.012385119562563688
1 0.4985983682715375 0.6909374154132345 0.010739160620647926 0.011656139207922894
1 0.7350160142649775 0.6508695975593899 0.01053067912226138 0.010587899581245754
1 0.06991166653840439 0.987791517506475 0.011410236358642578 0.014080462248429008
1 0.36066151054009155 0.5517761396325153 0.010803049025328262 0.011732516081436821
1 0.6981825413911238 0.5839810475059177 0.009256653163744055 0.009625372679337212
1 0.18872497392737347 0.7262826795163362 0.01170801079791525 0.010721994482952614
1 0.49854264052017877 0.028576451799143917 0.009963284368100374 0.009623185448024584
1 0.1783002459484598 0.24004883351533313 0.01168315306953762 0.012783112733260445
1 0.40454910112463904 0.7621776124705439 0.010662825211234715 0.010967130246369736
1 0.6341376408286716 0.4736158433167831 0.011699904566225798 0.012315439141314964
1 0.21591984707376227 0.6510600318079409 0.012089190275772758 0.01155295579329781
1 0.21109614164932913 0.4895914948504904 0.013657818669858187 0.01776973060939623
1 0.4659463840982188 0.0914104814114778 0.009766578674316406 0.011471437371295433
1 0.427996303724206 0.031374641086744225 0.011041558307150135 0.011609543924746306
1 0.7624827675197436 0.6406290427498195 0.010076937468155571 0.010280650594960089
1 0.5134479481240978 0.6891283574311629 0.010445843572201937 0.011089366415272589
1 0.15063596808392068 0.6862255594004755 0.009792307148809019 0.009799376777980639
1 0.7212675343389097 0.4535193028657333 0.01159568454908288 0.011756523795749829
1 0.7331440345100735 0.5755220703456714 0.010954359303350035 0.014215344968049423
1 0.3900171181429987 0.6347910632257876 0.010906597842340883 0.011436255081840183
1 0.6490831789763076 0.5887450860894244 0.010841535485309105 0.010539324387260105
1 0.09284009622490923 0.8858876850294031 0.010719890179841415 0.011377915092136547
1 0.11658001464346182 0.6524001515429952 0.00938055826270062 0.010257119717805283
1 0.2848427088364311 0.4866255469944166 0.010896744935408882 0.011954349020253057
1 0.6979332799496858 0.5487320837767227 0.010055210279381794 0.010247126869533375
1 0.682076889535655 0.5330981586290442 0.009789383929708729 0.010327587956967562
1 0.7604138332864513 0.47588630862857983 0.013034571772036345 0.012047404828278915
1 0.2887369031491487 0.472653171290522 0.010906426802925442 0.011245748271112856
1 0.06664038222769032 0.8671526494233504 0.010711182718691618 0.012455276820970617
1 0.229163294253142 0.649628328240436 0.011679773745329483 0.011233910270359204
1 0.7358419791511867 0.5547104400137196 0.010615265887716541 0.011025698288627293
1 0.2659637409707774 0.5763652428336765 0.01074231189230214 0.010254694067913551
1 0.08382459308790123 0.1393346009047135 0.010900393776271656 0.013444371845411219
1 0.19096683419269067 0.6095243744228196 0.01104947795038638 0.01050629823104195
1 0.8028735492540442 0.5676401387090269 0.011350756106169327 0.011898455412491508
1 0.26862751919290295 0.7950988023177438 0.011149074720299763 0.01111677418584409
1 0.20576542356739874 0.8273127597311268 0.010995056318200153 0.011590957641601562
1 0.7443494589432426 0.46361755288165546 0.01389623724895975 0.01568126678466797
1 0.21915770613628882 0.8421996158102283 0.011496108511219854 0.011988764223845108
1 0.6883926391601562 0.44055027028788696 0.011100603186565895 0.010256052017211914
1 0.6604001418403957 0.39527847715046094 0.011551317961319633 0.012027486510898754
1 0.21898463497991144 0.826876785444177 0.011107216710629671 0.012084670688795008
1 0.4867755122806715 0.015775683133498482 0.00996218556943147 0.010732031386831532
1 0.3672379825426185 0.7045223816581394 0.011243861654530401 0.01146498970363451
1 0.2402621144833772 0.599766212960948 0.01076818549114725 0.010762670765752378
1 0.2895454634790835 0.9836429305698562 0.013284413710884426 0.012592274209727411
1 0.2523211603579314 0.5395789975705354 0.009441168411918308 0.009951674419900646
1 0.22573144539542817 0.4708135024360988 0.01086883959562882 0.011803253837253735
1 0.48781635450280236 0.6706658653590991 0.012549524721891983 0.01270493217136549
1 0.2435807767121688 0.9185411826423977 0.010784895523734715 0.010872675024944801
1 0.23836462394050933 0.874453814133354 0.010765220807946247 0.011525983395783798
1 0.27541573151298193 0.47579971603725263 0.010065990945567255 0.01139273850814156
1 0.21545924311098846 0.5152650812397832 0.00930811011272928 0.009585857391357422
1 0.684230431266453 0.6226259107175081 0.01194688548212466 0.011345614557680876
1 0.6998094268467114 0.4804044288137685 0.01111540587052055 0.011895573657491932
1 0.3084830201190451 0.5758456561876379 0.010986369589100714 0.010581016540527344
1 0.1567395925521851 0.2811785780865213 0.011329536852629288 0.010834071947180706
1 0.24360693019369375 0.5553859005803649 0.010775711225426716 0.01074919493302055
1 0.7837627452352772 0.6156929057577382 0.010755165763523266 0.009305829587190048
1 0.15426226802494214 0.6386814428412396 0.011341644370037575 0.012411055357559868
1 0.33451256026392395 0.7576989712922468 0.010986483615377674 0.01117341414741848
1 0.2534339427947998 0.6605476089145825 0.011589278345522673 0.01236662657364555
1 0.26909954651542334 0.5594263906064242 0.010325473287831182 0.010801895805027172
1 0.2718943512958029 0.6979665548905081 0.010294831317404041 0.011201982912809952
1 0.6999768588853919 0.6329460144042969 0.01018287824547809 0.010000477666440218
1 0.2690160170845363 0.49877993956856104 0.00975961270539657 0.011198499928350035
1 0.2044759936954664 0.9449562197146208 0.011089511539625086 0.012018742768660835
1 0.5461547685706097 0.10897707420846692 0.009023915166440218 0.008784864259802776
1 0.16551062335138733 0.698394899782927 0.012254383253014606 0.015002292135487432
1 0.23677079573921536 0.8613711854685908 0.011191782744034477 0.011430118394934612
1 0.23731173639712128 0.9457596488620925 0.010683971902598505 0.010305487591287365
1 0.10929814110631528 0.6382667707360309 0.010044357051020083 0.01137866144594939
1 0.676812690237294 0.486581361812094 0.010572474935780401 0.012814594351727028
1 0.33648874643056287 0.706969696542491 0.011073033446850985 0.011802880660347317
1 0.19215058243792987 0.8314845665641453 0.011011019996974781 0.011418508446734886
1 0.664936055307803 0.32172074913978577 0.011364418527354364 0.013674619405165962
1 0.6549797887387484 0.38438324565472803 0.012060248333474865 0.011365553607111391
1 0.404074541900469 0.7455049390378206 0.010009024454199749 0.010436223900836449
1 0.3025402089823847 0.523432907850846 0.010555827099344006 0.01094048956166143
1 0.2392739524012027 0.7979978063832159 0.01240031615547512 0.012549110080884851
1 0.39102417748907337 0.6974652124487836 0.01211845874786377 0.011813329613727074
1 0.1938863526219907 0.5915590161862581 0.011990236199420433 0.011400347170622452
1 0.6649684698685354 0.5973611499952234 0.01118481677511464 0.010761178058126698
1 0.15889443521914276 0.6582127446713654 0.010787445565928583 0.011357597682787024
1 0.25872292725936225 0.7820089381674061 0.010602329088293987 0.012624035710873812
1 0.6503119883329973 0.41052881271942804 0.010464668273925781 0.011504717495130457
1 0.4564693699712339 0.6416423217110011 0.01261064280634341 0.01254960765009341
1 0.3770546317100525 0.045394478932670915 0.01160640820212986 0.012806184913801111
1 0.11431677963422693 0.6227192567742389 0.009993314743041992 0.010222911834716797
1 0.25248227948727814 0.87139254030974 0.010946957961372707 0.011479750923488453
1 0.26820457499960193 0.4266150567842566 0.010637013808540676 0.010542320168536644
1 0.7022021542424741 0.5194294763647992 0.011291960011357847 0.011181831359863281
1 0.23292445099872094 0.6941900875257409 0.010328645291535751 0.010157170503035835
1 0.7496314670728601 0.7442284252332605 0.009361847587253736 0.00951912092125934
1 0.7284896892050038 0.6219131842903469 0.00996510878853176 0.010680364525836449
1 0.3158163713372272 0.5137921208920687 0.01117762275364088 0.011665841807489809
1 0.3131872260052225 0.6048250820325769 0.010734392249065895 0.0117523773856785
1 0.26871799386065937 0.5253804973934008 0.01314532238504161 0.015310681384542713
1 0.2770350912342901 0.7207672077676526 0.011008138241975204 0.01114028433094854
1 0.3741611605105193 0.6526071610658066 0.010593787483547046 0.010578715282937756
1 0.5518172720204229 0.054971440978672195 0.010644083437712296 0.011330863703852114
1 0.7827978756116785 0.7527804374694824 0.00933999600617782 0.010052349256432575
1 0.34110682814017584 0.7465973315031633 0.010984755080679188 0.015007931253184443
1 0.20396480352982227 0.7988772184952445 0.011547067890996519 0.012255129606827446
1 0.3913750026537024 0.012398611916148144 0.010950337285580843 0.011248094232186027
1 0.7357160941414214 0.6967447529668392 0.010824079098908798 0.01047242206075917
1 0.0684369206428528 0.9196812173594598 0.011787834374800972 0.012038355288298233
1 0.19981621659320337 0.6265440505483876 0.009988888450290846 0.01084280014038086
1 0.42029493269713036 0.7693156574083411 0.010857281477554985 0.009899097940196161
1 0.19197162337925125 0.3309127104509136 0.012011673139489216 0.015346467656933743
1 0.2536848628002664 0.8324492081351902 0.010745981465215269 0.011485307112984035
1 0.6968528291453485 0.4637624284495478 0.010855591815450916 0.011194353518278702
1 0.496612548828125 0.11157796693884808 0.010970488838527515 0.010719713957413383
1 0.7286183730415678 0.4817455747853155 0.010626668515412704 0.011068800221318785
1 0.6894835803819739 0.4958408397176992 0.011352995167607847 0.010585162950598675
1 0.5006346391594928 0.6740549750950027 0.011432005011517067 0.012673834095830503
1 0.691405441450036 0.5654791230740754 0.01061874887217646 0.010394863460374914
1 0.23982082242551056 0.957703507464865 0.011200428009033203 0.011124071867569633
1 0.16363183311794116 0.6226276107456373 0.011687900709069294 0.011980927508810291
1 0.35451838114987244 0.06131688408229662 0.011172229829041855 0.013473469278086786
1 0.10863679388295047 0.6083136745121167 0.009213634159253992 0.00998557132223378
1 0.4750593848850416 0.02827591351840807 0.010042107623556385 0.010812000088069752
1 0.2530058570530104 0.9714759743731954 0.012024506278659985 0.012869876364003057
1 0.24886068053867505 0.7489987041639246 0.01146078109741211 0.012631748033606487
1 0.6387445304704749 0.32469595158877573 0.011295090550961702 0.012674811741580133
1 0.791394150775412 0.7272207840629247 0.01087462383767833 0.010698567266049593
1 0.14058054011801016 0.6524062778638757 0.010934560195259426 0.0120697021484375
1 0.7300732446753461 0.4642454437587572 0.010983467102050781 0.011954970981763758
1 0.743609967439071 0.6683473379715629 0.009445853855298914 0.010008894878885021
1 0.17264038583506708 0.663676407026208 0.011244234831436821 0.013757747152577276
1 0.31640462253404705 0.7694734905077063 0.010711400405220364 0.01221026544985564
1 0.6744378131368886 0.41569680752961524 0.010798246964164402 0.011181624039359715
1 0.36614483335743775 0.632306140402089 0.011265153470246689 0.011510102645210598
1 0.7502725642660388 0.4698985711387965 0.010382569354513416 0.010770994683970575
1 0.3567270468110623 0.694237232208252 0.011285561582316523 0.010822254678477411
1 0.2779642499011496 0.5094856386599332 0.011325898377791695 0.011093678681746773
1 0.3564738372097845 0.019165128469467163 0.012238289998925251 0.022685229778289795
1 0.7226744734722635 0.607592717460964 0.010453555894934612 0.010088443756103516
1 0.24914150652678113 0.8524494793104089 0.010733728823454483 0.01012358458145805
1 0.3081590921982475 0.6719007906706438 0.011441583218781845 0.01142783786939538
1 0.7853784146516218 0.5375093377154806 0.010328292846679688 0.010693259861158289
1 0.22903958610866382 0.9700947222502336 0.012113280918287195 0.012392044067382812
1 0.6983813410219939 0.6522201455157736 0.009851870329483696 0.010849164879840355
1 0.4935826633287512 0.05489182472229004 0.010562855264414911 0.009536038274350374
1 0.6786307666612709 0.5681669193765392 0.012050421341605808 0.010451482689898949
1 0.17477427876513935 0.588223063427469 0.009495310161424719 0.009453690570333729
1 0.3648116005503613 0.6464298704396123 0.011096386805824612 0.011071536851965862
1 0.6485233721525772 0.3368163730787195 0.011493434076723845 0.011794173199197521
1 0.4774655051853346 0.1435848681823067 0.010417689447817595 0.010414424149886421
1 0.2997045827948529 0.48340885535530426 0.010391380475914997 0.013719289199165676
1 0.2986154659934666 0.6113124308378799 0.011449751646622368 0.0138556024302607
1 0.456589672876441 0.6661410539046579 0.012177456980166227 0.012413688327955164
1 0.3441365030796632 0.5271681702655294 0.011719298103581305 0.011492563330608864
1 0.2556427354397981 0.7022548551144808 0.010941899341085682 0.011088454205056896
1 0.7490640515866487 0.5800263985343601 0.010819932688837465 0.010748531507409138
1 0.30379447729691217 0.548201146333114 0.01132921550584876 0.01164345119310462
1 0.3321289407170337 0.022112136301787003 0.011216409828351892 0.010619749193606169
1 0.20247071722279425 0.7767756918202275 0.011857944986094599 0.01324462890625
1 0.26400127618209174 0.7144777878471043 0.01020719694054645 0.01145271632982337
1 0.09754217707592508 0.5928641298542852 0.010306596755981445 0.012014119521431301
1 0.27914767679960834 0.6666439823482346 0.011383201764977497 0.011762515358302906
1 0.14191311856974725 0.6292051439699918 0.011088277982628864 0.011137464772100035
1 0.2799368008323338 0.6320958655813466 0.010999617369278618 0.01137710654217264
1 0.1904673472694729 0.5724036382592242 0.009153718533723251 0.010264313739279041
1 0.24825371866640839 0.438817832780921 0.01059884610383407 0.010968540025793987
1 0.33933735671250714 0.5418943322223165 0.010745069254999575 0.011407852172851562
1 0.20612418133279548 0.8398996228757112 0.011462957962699558 0.011142357535984204
1 0.2567037292148756 0.5578156657840895 0.010224093561587126 0.010506733604099438
1 0.7184251702350118 0.5696471152098284 0.010271569956903872 0.010636516239332117
1 0.7763421017190685 0.7832210789556089 0.009895158850628397 0.009999067887015965
1 0.7890719952790632 0.7748129471488621 0.011169018952742867 0.012109010115913723
1 0.6803954995196797 0.45376037514728046 0.010199837062669836 0.009579492651897928
1 0.2834743727808413 0.8931888290073562 0.021151936572530994 0.013260924297830334
1 0.41244301588638976 0.7351247331370481 0.010556552721106487 0.011188216831373133
1 0.41987403579380206 0.6853140748065449 0.010078077730925186 0.0117461577705715
1 0.3157712791277014 0.5880892069443412 0.010313345038372536 0.011120277902354364
1 0.170553647953531 0.25950921100118884 0.01330312438633131 0.013013093367866848
1 0.345962669538415 0.5827492838320525 0.010545564734417458 0.010993874591329823
1 0.6371873358021611 0.5707037448883057 0.011407437531844429 0.012028258779774542
1 0.464091155840003 0.13978132994278616 0.010928734489109204 0.010344318721605383
1 0.6462048240329907 0.480867598367774 0.009959594063136889 0.010425246280172596
1 0.3717137575149536 0.6750118214151135 0.010383865107660708 0.0112640961356785
1 0.09574298754982324 0.898475170135498 0.011339343112447987 0.013623652250870415
1 0.3255536867224652 0.6044860819111699 0.011034426481827446 0.021427092344864555
1 0.1935301863628885 0.28684697980466095 0.011151064997134 0.01328835280045219
1 0.7020198987877887 0.42189372104147205 0.011856244957965355 0.012054236038871433
1 0.21691101530323859 0.4824291571326878 0.009496833967125935 0.009840208551158075
1 0.4272141663924507 0.2500608382017716 0.010580726291822351 0.012079425480054773
1 0.36163744719132135 0.5760782490605894 0.009723248689070992 0.011301787003226902
1 0.21621836786684784 0.9661483971968942 0.010502400605574898 0.010549752608589504
1 0.6403793666673744 0.5077506251957106 0.010012585183848505 0.010054360265317171
1 0.7674195040827212 0.5993512609730596 0.010046461354131285 0.009412765502929688
1 0.18394980223282523 0.5293611443561056 0.010234749835470448 0.010478890460470448
1 0.47395060891690455 0.0746923451838286 0.009250029273655104 0.010119526282600735
1 0.35904127618540893 0.7243609428405762 0.011017135951829992 0.011198831641155739
1 0.4412318986395131 0.01620522044275118 0.011419970056285028 0.011107096853463547
1 0.6407816306404446 0.3055901009103526 0.009733656178350035 0.011663333229396656
1 0.4349911731222402 0.12773958496425464 0.010954981264860733 0.010575854259988537
1 0.8040001496024755 0.6497366946676503 0.010219988615616508 0.010681566984757133
1 0.2545298700747283 0.513227068859598 0.010046171105426292 0.009960672129755434
1 0.1425225423729938 0.21057984103327215 0.010641077290410582 0.010676114455513332
1 0.08607507529466049 0.25226807594299316 0.011527978855630627 0.010571417601212212
1 0.21486033564028534 0.7924714917721956 0.01041611381199049 0.012001410774562671
1 0.1973467909771463 0.6568140465280284 0.010295950848123302 0.009856535040813944
1 0.1852845730988876 0.6530540093131687 0.01096742049507473 0.012396812438964844
1 0.10836752082990564 0.5793215710183849 0.010933637619018555 0.010346495586892834
1 0.2507304419641909 0.4742376078730044 0.009375924649445908 0.010033234306003735
1 0.47390413802603015 0.6766432057256284 0.01133094663205354 0.010529725447944973
1 0.3024402494015901 0.6809678285018259 0.009899346724800442 0.010262199070142664
1 0.43236252017643134 0.6960972081059995 0.01082220284835152 0.010697737984035328
1 0.13963603455087412 0.5772654284601626 0.00926624173703401 0.00997025033702021
1 0.26404803732167115 0.5931023100148076 0.010611285334048063 0.011300004046896229
1 0.24747304294420325 0.5814226191976796 0.010172657344652258 0.01064437368641729
1 0.3419822298962137 0.7330504085706627 0.010386446247930113 0.011254227679708729
1 0.13334288286126178 0.23614384817040485 0.009401124456654425 0.009187926416811735
1 0.20524114111195438 0.6658661054528278 0.010748365651006285 0.010631063710088316
1 0.273065649944803 0.9034187897391941 0.01118494116741678 0.011194394982379417
1 0.1480954470841781 0.6168847291365914 0.009850864825041397 0.010595363119374151
1 0.4548773558243462 0.029028059347816132 0.010533623073412024 0.010295575079710587
1 0.2289206774338432 0.5470214926678202 0.009711078975511633 0.009812977003014606
1 0.7968055476313052 0.5423389725063159 0.010996860006581182 0.011615711709727411
1 0.25305902439615 0.6043998884118121 0.010829034058944038 0.012773016224736753
1 0.3480185062988945 0.5976372490758481 0.010603920273158863 0.011736641759457796
1 0.38277629924857093 0.6094312460526176 0.011094316192295239 0.01367813607920771
1 0.7435715302177097 0.6314826426298723 0.011260571687117867 0.010806830033012058
1 0.30576026957968006 0.7123706859091054 0.011835284855054773 0.010350061499554176
1 0.08353758376577625 0.22421298856320587 0.010286735451739769 0.010374836299730383
1 0.19688309793886932 0.5105754810830821 0.010633675948433254 0.011379366335661514
1 0.2834885535032852 0.8762665831524393 0.012122465216595192 0.021169786867888077
1 0.7690965403681216 0.7573349994161854 0.012406888215438179 0.010898590087890625
1 0.7694545621457308 0.7739813224129055 0.009728514629861584 0.009445978247601053
1 0.2572710099427596 0.7228779585465142 0.010755642600681469 0.010651464047639267
1 0.09002501031626826 0.1787678262461787 0.0088952520619268 0.010341312574303669
1 0.29719248025313666 0.8486081206280253 0.011924722920293394 0.011469260506007984
1 0.5612742797188137 0.1277134314827297 0.010262779567552649 0.010263256404710852
1 0.7492115186608356 0.6519330066183339 0.010870643284009851 0.010448704595151155
1 0.44715675582056463 0.7261808022208835 0.011153832725856617 0.010723901831585426
1 0.2933168203934379 0.5862521088641622 0.017366450765858524 0.013060072193975035
1 0.4817016228385594 0.08440725440564364 0.009545823802118715 0.009760778883229132
1 0.6616718250772228 0.4132900704508242 0.011105371558147926 0.011583483737447987
1 0.19176343212956964 0.8944458754166312 0.010109797767970875 0.011133359826129417
1 0.2410380322000255 0.976286680802055 0.010311665742293648 0.012000457100246265
1 0.23988841927569843 0.5080212924791419 0.011242700659710426 0.011267164479131285
1 0.746798328731371 0.7312447921089503 0.009434368299401325 0.009242596833602242
1 0.17799455186595087 0.7403357754582944 0.01059090572854747 0.01143708436385445
1 0.6552424430847168 0.46353623141413147 0.016893179520316746 0.010922618534253992
1 0.10259065939032513 0.25075059351713763 0.0139174979666005 0.009305933247441832
1 0.0669957399368286 0.2284941465958305 0.00924677434174911 0.011221429576044497
1 0.6627366853796918 0.5342567485311757 0.009870363318401834 0.009719641312308933
1 0.07342276884161908 0.2103191147679868 0.015973132589588993 0.012319917264192001
1 0.28228528603263525 0.9288459446119225 0.011622739874798317 0.021823136702827782
1 0.25249742425006366 0.48685696850652277 0.009695011636485224 0.010243768277375595
1 0.15165342973626178 0.741766825966213 0.012052256128062372 0.01708706565525221
1 0.29483531868976093 0.9529189441515052 0.011117769324261208 0.011447367460831352
1 0.2655534329621688 0.6705313661824102 0.010658720265264097 0.011472266653309698
1 0.3036980007005774 0.6532705348470936 0.0114294549693232 0.012748676797618036
1 0.07227031562639319 0.8784675390824027 0.011475459389064625 0.012254258860712465
1 0.5978807159092115 0.13698925661004105 0.009763344474460768 0.010823882144430409
1 0.0946778732797374 0.8771225887796154 0.010847216067106827 0.013848263284434443
1 0.17950651956641156 0.2936297499615213 0.009944024293319038 0.00994321574335513
1 0.6816243503404701 0.4298299084538999 0.011349760967752209 0.011002374731976051
1 0.45614961955858313 0.23384360645128333 0.00949872058370839 0.010925521021303923
1 0.15456264951954718 0.7482398903888204 0.010324208632759426 0.010571687117866848
1 0.5045042193454244 0.7140244401019552 0.022775867710942806 0.010672403418499489
1 0.08315784257391226 0.9875739968341329 0.01334610710973325 0.010639439458432405
1 0.7903128706890604 0.5835223508917767 0.009885746499766474 0.010504162829855213
1 0.7184354947960895 0.6709326661151387 0.010718967603600544 0.010423950527025305
1 0.49783752275549853 0.7148057688837466 0.010873545771059782 0.009547440902046535
1 0.7340046426524286 0.5110449376313583 0.012004603510317595 0.012651236160941746
1 0.5104479167772376 0.729950593865436 0.010644415150518003 0.011133567146632984
1 0.11464687015699304 0.5963458703911823 0.009858463121497112 0.009772860485574474
1 0.6533063805621603 0.539258625196374 0.01057110662045686 0.013452778691830843
1 0.23972921786100967 0.49287278237550153 0.010345666304878567 0.010485016781350841
1 0.24956337265346362 0.9382914460223654 0.010297505751900051 0.011321482451065727
1 0.11961026295371678 0.5747818117556365 0.011425401853478474 0.011016057885211449
1 0.08339779791624649 0.15177245762037195 0.009741731311963953 0.009921944659689198
1 0.15566502965014914 0.2531752690024998 0.010256984959477964 0.010226270426874575
1 0.1637599364570949 0.7784609379975693 0.00997199182925017 0.010546518408733864
1 0.2435241885807203 0.46045491488083556 0.00977157509845236 0.009781972221706224
1 0.34133955965871393 0.013416743148928103 0.01201933881510859 0.010977987361990887
1 0.4419962634211001 0.03564939291580864 0.01058433366858441 0.011334574740865955
1 0.3715541051781696 0.7380422094593877 0.011226944301439367 0.01181005394977072
1 0.6288989523182744 0.4960316782412322 0.01112639385720958 0.010330863620923914
1 0.4688709300497304 0.059175182943758765 0.009647162064262058 0.009195509164229683
1 0.24701160969941513 0.8827427573826003 0.011449129685111668 0.01134391452955163
1 0.44370117913121765 0.19518378506536066 0.009135774944139563 0.009859935097072435
1 0.34339272457620373 0.757659331611965 0.010881341021993885 0.01219865550165591
1 0.22812739662502124 0.8135690274445906 0.013027730195418648 0.013560585353685461
1 0.6593093146448551 0.5080268383026124 0.011728639188020126 0.012705035831617273
1 0.7444822269937267 0.5975376419399097 0.010197639465332031 0.01114791372547979
1 0.6331278759500255 0.2858825973842455 0.01126936207646909 0.012040718742038891
1 0.22783753146295965 0.7365995904673701 0.01195544781892196 0.014424282571543818
1 0.751637541729471 0.7044711942258088 0.009722502335258152 0.01012947248375934
1 0.688862593277641 0.6452223010685132 0.010745338771654211 0.011625435041344685
1 0.23354508565819782 0.6115151280942172 0.010074594746465269 0.010447916777237602
1 0.2845269078793733 0.7012553215026855 0.012228716974673063 0.018588314885678497
1 0.25292539596557617 0.9847211837768555 0.011962019878885021 0.010992050170898438
1 0.28700745624044666 0.5257589506066364 0.010858701623004417 0.010962278946586277
1 0.41520114566968835 0.6318982165792714 0.010545481806216032 0.010602287624193274
1 0.4157738841098288 0.6967178013013757 0.010721548743869946 0.009833791981572691
1 0.7967460673788319 0.624974769094716 0.010621817215629246 0.010452768077021059
1 0.08054588670315949 0.23864750240160068 0.00982969740162725 0.01035097370976987
1 0.36103582252626837 0.028886338938837467 0.011398774126301641 0.011305606883505116
1 0.2628002063087795 0.6846246304719346 0.012127399444580078 0.01220777760381284
1 0.7666085284689197 0.588416462359221 0.009482508120329483 0.009466233460799507
1 0.43272335632987646 0.04942950995072075 0.010990184286366339 0.011155512021935505
1 0.7078675394472869 0.5609811907229215 0.010509905607804008 0.010229483894679859
1 0.7789736416028894 0.5287867836330248 0.010425194450046704 0.010518115499745245
1 0.7423935973125957 0.5660168398981509 0.014384684355362602 0.013757249583368715
1 0.25099687990934955 0.4264899336773416 0.010385305985160496 0.010149872821310291
1 0.6604739997697913 0.5711771301601244 0.010331838027290676 0.010397993999978771
1 0.515937089920044 0.10485038031702455 0.009120630181354025 0.009591527607129969
1 0.42222741375798767 0.7087791277014692 0.011084784632143766 0.010658844657566235
1 0.6273799771847932 0.48173061661098315 0.011276950006899626 0.010335196619448454
1 0.23996671386387036 0.7108623255854067 0.015325152355691662 0.014610207599142323
1 0.7446475858273713 0.7179888849673064 0.010443106941554859 0.010029087895932405
1 0.4580768139465996 0.7665377285169518 0.011214619097502335 0.010746209517769192
1 0.20014818854953925 0.6898517401322074 0.00973684891410496 0.010330407515816067
1 0.22541590358899985 0.7057751158009404 0.010183272154434868 0.010397413502568785
1 0.12147801855336066 0.21867093832596488 0.008913599926492443 0.009653526803721552
1 0.2799111552860426 0.5681647010471509 0.011043693708336872 0.012911838033924932
1 0.32277210899021314 0.8150946575662364 0.012928962707519531 0.013625435207201086
1 0.7485971243485159 0.6886605179828146 0.010163224261739979 0.010666100875191067
1 0.1531656980514526 0.555478749067887 0.010487629019695778 0.010711068692414658
1 0.47137226747429894 0.6632753247800081 0.011422126189522121 0.011600038279657778
1 0.0698260353959125 0.19662108628646188 0.009783138399538786 0.012314547663149626
1 0.2662733223127282 0.655047665471616 0.010764681774636974 0.012300823045813519
1 0.16713608866152557 0.7384886119676672 0.01038279740706734 0.010856130848760191
1 0.09426829607590385 0.6074070308519446 0.011028984318608824 0.011220600294030231
1 0.49613585679427435 0.018901538589726322 0.011128757310950237 0.014411379461703093
1 0.1491954067479009 0.6041674924933392 0.010200510854306429 0.01004648208618164
1 0.7092620186183765 0.6559257818304975 0.009846397068189539 0.013980264249055283
1 0.18893153771110202 0.2689010682313338 0.010694565980330757 0.012606848841128141
1 0.46689728031987726 0.19585603216420047 0.011081488236137058 0.011929304703422215
1 0.7166997660761294 0.4268041693645975 0.011406110680621605 0.011640880418860394
1 0.6561615985372792 0.4273700092149817 0.011451804119607677 0.013133131939431896
1 0.2082589605580206 0.6152862051258916 0.010228322899859886 0.01104412908139436
1 0.46166247906892194 0.17533263434534485 0.009613907855489979 0.009550415951272716
1 0.207719377849413 0.5273366181746774 0.00903152382892111 0.009847848311714504
1 0.07773398057274195 0.8217559690060823 0.012084727701933487 0.012827541517174763
1 0.441172895224198 0.6758773430534032 0.011717516443003778 0.011807690496030062
1 0.7835680505503778 0.6505699157714844 0.014548674873683765 0.012148649796195652
1 0.4578943926355113 0.7053451330765433 0.009709762490313986 0.010285875071649965
1 0.2968600314596425 0.5681324938069219 0.010801315307617188 0.011218133180037788
1 0.3298979012862495 0.6870580134184463 0.012476547904636547 0.012648001961086109
1 0.4509669024011363 0.693867476090141 0.009700225747149923 0.009915559188179348
1 0.153573637423308 0.6975785753001337 0.010385845018469769 0.0106170073799465
1 0.506416072016177 0.11664578707321832 0.010394303695015285 0.010139993999315344
1 0.18177712481954825 0.6316175771796185 0.010329122128693954 0.009900404059368631
1 0.7599461596945057 0.5026486438253651 0.01435089111328125 0.014756575874660328
1 0.5303698622662089 0.1098638047342715 0.009188983751379925 0.009598535040150518
1 0.13677696041438892 0.6863955414813496 0.010788388874219812 0.011614136073900305
1 0.2920524244723113 0.5419382841690726 0.010239995044210682 0.010531466940174932
1 0.42610177268152655 0.6407892600349758 0.014264386633168097 0.011127181675123133
1 0.1828231189561927 0.6213169616201649 0.011032436204993206 0.011671626049539318
1 0.10387678250022557 0.9675144112628439 0.012473469195158585 0.014126570328422215
1 0.14022404214610223 0.5873087281766146 0.009655268295951511 0.0090704171553902
1 0.2455455220263937 0.6284294024757717 0.012292177780814793 0.012328251548435375
1 0.24683705620143725 0.715332964192266 0.010644207830014437 0.011990713036578636
1 0.40949276219243586 0.7169010535530422 0.011043258335279383 0.009613244429878567
1 0.22682028231413465 0.5225009192591127 0.009495113206946331 0.009968902753747028
1 0.2864307320636252 0.551463738731716 0.010322487872579823 0.01011137340379798
1 0.3190294555995775 0.016065106443736866 0.010146141052246094 0.011168669099393099
1 0.26246946790943976 0.7371022597603176 0.012914263683816662 0.012554168701171875
1 0.20250245799189032 0.3091845305069633 0.011432398920473845 0.012414061504861584
1 0.17064731017402984 0.5588486609251603 0.009466751762058424 0.00967065147731615
1 0.17240630543750268 0.5445835486702297 0.009938354077546493 0.010908251223356827
1 0.20623288983884064 0.5678035798280135 0.010498316391654636 0.010753403539242952
1 0.7935652940169625 0.6595579022946565 0.011093056720236073 0.009480517843495245
1 0.7571690600851306 0.5690611549045728 0.010608590167501698 0.010251584260360054
1 0.19265307550844937 0.3042880037556524 0.00981840880020805 0.011007039443306301
1 0.712512140688689 0.6477040415224822 0.009943588920261549 0.009620998216711956
1 0.5301673723303754 0.7108457606771718 0.010524335114852242 0.010357690894085426
1 0.4844801944235097 0.06392971588217694 0.01075545601222826 0.011448398880336597
1 0.12079295904740045 0.6090416286302649 0.010033876999564793 0.009855104529339334
1 0.23928265986235245 0.477018143819726 0.009702703227167543 0.010340825371120289
1 0.3517004782738893 0.047974736794181495 0.011465484681336777 0.010558232017185375
1 0.2514824867248535 0.5707900005838146 0.01057633109714674 0.010203651759935461
1 0.7771737679191258 0.6974129469498344 0.01006304699441661 0.009481678838315218
1 0.18049601886583408 0.7142202543175737 0.010857893073040505 0.01089038019594939
1 0.7671822879625403 0.6752444764842158 0.009435695150624151 0.010229566822881285
1 0.45465328900710394 0.2007930797079335 0.00961669631626295 0.009860121685525646
1 0.4542230937791908 0.7519182122271992 0.009184298307999321 0.01019610529360564
1 0.21418148538340695 0.49877985145734705 0.009641274161960768 0.009107061054395594
1 0.43053602135699726 0.7351891683495563 0.010698069696841032 0.011517193006432575
1 0.1457500872404679 0.6662702664085057 0.010324892790421196 0.010630960049836533
1 0.6535904822142227 0.30898541989533795 0.010614208553148352 0.012342162754224695
1 0.1421283898146256 0.5585583914881167 0.010751900465592094 0.01208253528760827
1 0.18951814070991851 0.557341596354609 0.017090051070503567 0.013124590334684952
1 0.2967079826023268 0.6939888829770297 0.014286870541779892 0.020788275677224865
1 0.7246739760689114 0.5331344189851179 0.009520074595575747 0.010220983754033628
1 0.6976248285044794 0.6007559403129246 0.010209788446841032 0.009429268215013586
1 0.5237121582031251 0.013772940830044125 0.010517452074133831 0.010339068977729134
1 0.6837667174961255 0.5537822868513025 0.010533498681109886 0.01030061555945355
1 0.4958162929700768 0.7278826340385105 0.010350807853367016 0.010062259176503057
1 0.4159671120021654 0.043170947095622185 0.011366388072138247 0.011762178462484608
1 0.6863222744153894 0.5146330646846605 0.010609709698220959 0.011282361072042713
1 0.6703984219094982 0.4624001461526622 0.010560740595278532 0.011311572530995245
1 0.2266542496888534 0.5626574288243833 0.00927690837694251 0.010446444801662281
1 0.43667744035306183 0.14156289204307224 0.009124828421551249 0.01025750326073688
1 0.18020660980888034 0.27701080363729724 0.010745546092157778 0.010947953099789827
1 0.47246178336765454 0.18078352057415503 0.010506173838739809 0.010274721228558083
1 0.756465953329335 0.6769195017607317 0.011095378709876019 0.012394905090332031
1 0.1999261275581692 0.9328508999036706 0.010481502698815388 0.011409137559973675
1 0.12820986042851984 0.19086880269257922 0.01048079780910326 0.011075247888979704
1 0.44410787976306415 0.2324441619541334 0.009769926900449007 0.00989806133767833
1 0.31289756816366443 0.7546320790829866 0.0113178128781526 0.011416642562202785
1 0.23967240167700726 0.5235402895056683 0.010154952173647673 0.009997077610181726
1 0.4726470916167549 0.04415379399838655 0.010020287140556004 0.009984389595363451
1 0.26502155221026874 0.4403384975765063 0.011227193086043648 0.011294966158659561
1 0.1891994683638863 0.7458402799523394 0.0098883172740107 0.010602702265200407
1 0.5990080522454303 0.5254979237266209 0.011676435885222061 0.010829738948656164
1 0.6922318624413532 0.45211586226587713 0.011168562847635021 0.011313531709753948
1 0.2760636702827785 0.5503198685853378 0.010344132133152172 0.011518001556396484
1 0.5407102108001708 0.04739600031272225 0.010231163190758747 0.010462265947590704
1 0.783227941264277 0.5699051774066427 0.009574931600819464 0.010659549547278362
1 0.2640251284060271 0.48581177773682965 0.01088851431141729 0.010266169257785961
1 0.0910248445427936 0.9695860821267833 0.011748500492261804 0.012000622956649117
1 0.48092108187468163 0.7157481235006581 0.01139557879904042 0.012638506682022758
1 0.38962318586266564 0.654478176780369 0.012105278346849524 0.01127073039179263
1 0.21133608403413193 0.93084600697393 0.01255779680998429 0.014425028925356657
1 0.7561890353327212 0.6249655744303828 0.010998394178307575 0.010760203651759937
1 0.1277804011883943 0.6572593606036641 0.009764246318651281 0.010088091311247452
1 0.298793481743854 0.5345400105351987 0.011237600575322691 0.010232676630434782
1 0.7794081853783649 0.7665221794791843 0.010262489318847656 0.010098374408224354
1 0.48717552682627807 0.031158657177634864 0.010192954021951427 0.010583877563476562
1 0.6866282587466033 0.41951977688333264 0.010411469832710598 0.010480631952700407
1 0.19470782901929773 0.672342476637467 0.00992559350055197 0.011478403340215269
1 0.7562608304231064 0.7551302909851074 0.009693975033967392 0.009489515553350035
1 0.4753351833509363 0.6876962081245753 0.009790544924528702 0.010316599970278532
1 0.6945907758629839 0.5340353095013163 0.010252994039784307 0.009812728218410326
1 0.7251480144003162 0.6832308147264564 0.010801522628120754 0.009901876034943954
1 0.7537832882093347 0.5464754933896272 0.010207342064898949 0.010520022848378057
1 0.6171741070954697 0.5210310065228007 0.011393173881199047 0.01070005997367527
1 0.2631756015445875 0.9118498511936355 0.010928050331447437 0.010484197865361753
1 0.21010217459305472 0.7552676408187203 0.010681919429613196 0.010890877765157948
1 0.21466708183288574 0.6776147303373916 0.010692243990690811 0.011887467425802479
1 0.15521229350048563 0.2687021545741869 0.00948743198228919 0.010026143944781761
1 0.1804735038591468 0.8910634828650434 0.010677524234937586 0.011600909025772758
1 0.13536758008210556 0.6049358741096829 0.009885186734406845 0.010476692863132641
1 0.28730996795322583 0.7095511063285497 0.010818502177362856 0.010181509930154552
1 0.07078314604966537 0.8897613027821417 0.0121894763863605 0.013464222783627718
1 0.5886554718017578 0.10919593209805695 0.010369176449983017 0.01146045975063158
1 0.567638407582822 0.1004198582276054 0.010462574336839758 0.008419959441475246
1 0.2883686293726382 0.6522827666738759 0.011286383089811905 0.012801647186279297
1 0.5227694200432819 0.03830514135568039 0.0101441300433615 0.010067538074825123
1 0.4840580224990845 0.04834294448728148 0.009705305099487305 0.009909026000810705
1 0.14939307648202646 0.2640069049337636 0.012456800626671833 0.011125440182893173
1 0.76852620166281 0.6154947488204293 0.010580726291822351 0.010010346122409985
1 0.7799721386121667 0.7386178555695906 0.009551545848017153 0.009209840194038723
1 0.7101369733395783 0.5952959682630456 0.01003103670866593 0.010147882544476051
1 0.2101979152016018 0.9777675711590311 0.011986172717550526 0.010988069617229958
1 0.07138657310734624 0.1781287504279095 0.009941748950792395 0.011668474777885105
1 0.792636892069941 0.675634301227072 0.009805472000785496 0.010558750318444294
1 0.6353304697119672 0.30033416333405866 0.014004541480022926 0.013464927673339844
1 0.41496598202249274 0.7867693071779999 0.011852222940196161 0.010673232700513758
1 0.5087431306424348 0.07980307807093082 0.008941546730373217 0.009517742239910624
1 0.6744168737660284 0.44409532650657335 0.010442816692849865 0.01235446722611137
1 0.537773267082546 0.09943768252497134 0.009741720945938774 0.00877299516097359
1 0.4631552074266516 0.7218064432558806 0.011948129405146059 0.011396905650263247
1 0.23602263823799466 0.5696829194607942 0.010379252226456352 0.010123688241709833
1 0.3644741980925851 0.04535721436790798 0.01193242487700089 0.0223054315732873
1 0.20660636735999066 0.3587081950643789 0.017982773158861244 0.017633562502653702
1 0.6883154330046279 0.590414689934772 0.010211281154466711 0.010160570559294327
1 0.18805274756058402 0.6829256596772566 0.010601396146027939 0.01161720441735309
1 0.6794031391973082 0.39984839895497193 0.013811774875806726 0.01427857772163723
1 0.7550814670065173 0.5931438777757727 0.010193949160368546 0.009820440541143003
1 0.5647124829499618 0.0904209510139797 0.00946144435716712 0.00997242720230766
1 0.6576803870823071 0.5264916834623917 0.01047441233759341 0.009514725726583729
1 0.17884628259107654 0.7616801265235196 0.014173455860303797 0.0225761662358823
1 0.18441971488620923 0.5602565433668054 0.010538806086001188 0.010344007740850035
1 0.6686288377513055 0.5510221045950184 0.0106780425361965 0.010194757710332457
1 0.42981452527253516 0.22769616997760272 0.013586002847422724 0.012118671251379925
1 0.7517809245897376 0.5324457210043202 0.01122773211935292 0.011198997497558594
1 0.2965220264766527 0.9316665607949963 0.011214235554570738 0.012986929520316746
1 0.41430317837259045 0.7512330386949622 0.010013704714567764 0.010149043539296026
1 0.10795161516770073 0.21237098652383554 0.010193337564883024 0.009840405505636463
1 0.7098663371542225 0.46625685691833496 0.012411573658818785 0.011291192925494652
1 0.22623348236083987 0.5035896404929783 0.010254113570503567 0.010647794474726137
1 0.4919544095578401 0.08318602261335953 0.010216878808063011 0.010107791942098866
1 0.7118523017219875 0.5407387795655625 0.009984099346658459 0.010008666826331097
1 0.17719911492389184 0.26381095595981763 0.015932995340098507 0.011388675026271656
1 0.21494594864223315 0.5772989314535389 0.011442702749501104 0.010884699614151665
1 0.6721933509992516 0.5215534023616625 0.010622625765593155 0.010661975197170093
1 0.2525765895843506 0.9535194479900858 0.010984939077626104 0.011316050653872282
1 0.4226136725881826 0.012287417507689934 0.010045818660570227 0.010396215578784113
1 0.099855231202167 0.20158343729765518 0.010156082070392113 0.01040427581123684
1 0.17036840708359427 0.285215771716574 0.010239715161530868 0.010628202687139097
1 0.16270152382228686 0.23619436181109882 0.010839793993079144 0.011017799377441406
1 0.6126674361850905 0.5362653317658796 0.011906789696734886 0.011795334194017492
1 0.482811653095743 0.1678563252739284 0.009771709856779678 0.011214536169300909
1 0.2608155893242877 0.9444754849309508 0.010091512099556301 0.01034707608430282
1 0.07740359720976457 0.9738380390664806 0.01143968623617421 0.010763956152874489
1 0.7235132922296938 0.542893357898878 0.010124413863472317 0.009767926257589588
1 0.19780190094657565 0.5360086378843889 0.009545533553413723 0.009615753007971722
1 0.14496716209079907 0.19499441851740296 0.010940074920654297 0.01269674301147461
1 0.4991295130356499 0.06955700335295303 0.010044408881145973 0.009782086247983187
1 0.6022720544234567 0.5409698693648629 0.012190238289211109 0.01110678133757218
1 0.06717023123865543 0.7584797817727795 0.011577740959499195 0.011654314787491508
1 0.17880099752674933 0.7798989337423573 0.01099333555802055 0.011265049809994905
1 0.16591314129207452 0.8116107401640518 0.009999202645343283 0.010754004768703296
1 0.45873670992643945 0.6900509129399838 0.012239787889563519 0.012111415033755095
1 0.5247997719308605 0.6959818135137144 0.010357960410740063 0.010341146717900816
1 0.2988600212594737 0.7320512895998748 0.010922079500944717 0.011612477509871773
1 0.4405378880708114 0.17657405915467636 0.01206808504850968 0.009856234426083773
1 0.2323600312937861 0.5792935723843782 0.011401839878248133 0.011740456456723421
1 0.4323866263679836 0.7168963681096616 0.010850201482358187 0.01069089640741763
1 0.5126656449359396 0.02717203225778497 0.010783112567404041 0.019477277994155884
1 0.47214391438857367 0.16973873325016187 0.009616924368816874 0.009598058202992315
1 0.3744181835133096 0.06451339566189308 0.013618370761042055 0.016125031139539635
1 0.16686108837956964 0.6057945749034053 0.009234075960905655 0.009506308514138927
1 0.2597701549530029 0.470533795978712 0.011220123456872028 0.01200358763985012
1 0.25672172463458515 0.49831355136373773 0.009962123373280401 0.009443324545155401
1 0.19557952880859372 0.759175321330195 0.012489152991253395 0.014592585356339165
1 0.15848669280176578 0.7874706724415655 0.010071184324181599 0.010692306186841883
1 0.5967635797417682 0.12402574394060217 0.01035990922347359 0.009628492852915888
1 0.16366142293681268 0.571802750877712 0.010079228359719982 0.010539075602655825
1 0.3264790617901346 0.037187178497729095 0.012196914009425953 0.014279373314069666
1 0.7475615169691003 0.5032269125399381 0.011583120926566746 0.012267174928084663
1 0.22645917146102243 0.5347033790920092 0.010386881620987602 0.010699562404466711
1 0.13131295079770294 0.21560511381729786 0.009444837984831436 0.010171268297278362
1 0.5130473219830057 0.08566387321638025 0.012208814206330673 0.012652324593585472
1 0.09476644578187363 0.9165709744329039 0.010799584181412407 0.011871047641920008
1 0.2735543251037598 0.8805089411528213 0.01129838694696841 0.012211053267769192
1 0.5487717960191809 0.09289149097774338 0.00918367634648862 0.0093051350635031
1 0.5266077207482379 0.6873755455017089 0.011179716690726902 0.012567644533903702
1 0.7733858357305112 0.6295033952464228 0.011096954345703125 0.010869606681492016
1 0.2219938920891803 0.7774679764457371 0.012389079384181812 0.011706310769786005
1 0.5670697585396145 0.07900062851283861 0.010169402412746265 0.010078399077705715
1 0.48743109081102454 0.7390441479890244 0.010932051617166271 0.011034675266431726
1 0.28652600620103924 0.8825367429982062 0.011587080748184868 0.011538920195206352
1 0.6866843596748684 0.48089838027954096 0.010350020035453465 0.0115515252818232
1 0.066664879736693 0.18665773972221042 0.008717127468274988 0.009592097738514776
1 0.3881828059320864 0.06536723478980687 0.011600079743758492 0.01386738341787587
1 0.0982340315113897 0.19108810632125192 0.011762328769849695 0.012431745943815811
1 0.21338721980219305 0.6280099930970565 0.010075278904127039 0.010202013927957287
1 0.4490694999694824 0.142943667328876 0.009793198626974354 0.00958941293799359
1 0.4512134790420532 0.22097273494886316 0.01037592473237411 0.009994859280793564
1 0.47270366419916565 0.012639828674171284 0.00947118842083475 0.009599511390147001
1 0.7988668732021167 0.6364394892816958 0.010766609855320141 0.009927169136379076
1 0.6699098918748938 0.5625908271126125 0.01220263605532439 0.010308099829632301
1 0.06892216205596922 0.15535399706467337 0.009871648705523947 0.010564399802166481
1 0.2095426372859789 0.9597126919290294 0.010650406713071077 0.010984089063561481
1 0.51214251310929 0.046797529510829744 0.009929491126019022 0.009059854175733484
1 0.3221607460923817 0.786658245584239 0.016189211088678112 0.011918606965438179
1 0.06680880163026892 0.5641824058864428 0.010457199552784796 0.011590874713400135
1 0.6373246234396229 0.5288426979728367 0.012122942053753395 0.012369860773501188
1 0.22555704738782803 0.49159762133722723 0.009475438491157864 0.010021728018055792
1 0.18278275365414826 0.5446757751962413 0.009270170460576597 0.009214546369469685
1 0.7627800236577572 0.74213110882303 0.010381035182787024 0.010114338086998981
1 0.14591676255931024 0.24031240007151727 0.010354477426280146 0.010046440622080927
1 0.6453787554865299 0.5778254529704219 0.01123208584992782 0.011555194854736328
1 0.16928833982218866 0.643986235494199 0.011048907819001572 0.01241296270619268
1 0.36659081863320386 0.052168529966603164 0.011850911638011103 0.011744779089222784
1 0.06761090133501135 0.7784116164497706 0.011546207510906716 0.01182357124660326
1 0.5122793239095936 0.7027596805406653 0.009982109069824219 0.01019739068072775
1 0.5444938410883364 0.06946874442307846 0.010062715281610903 0.00936560527138088
1 0.7680797784224802 0.7064406560814899 0.00900256115457286 0.009488520414932915
1 0.28991615253946057 0.8965346294900646 0.012948471566905146 0.013584634532099184
1 0.30454701962678327 0.748528521993886 0.011117313219153362 0.010998601498811142
1 0.5802639878314474 0.122740071752797 0.009977050449537195 0.00885604775470236
1 0.445897190467171 0.16293820609217102 0.009706403898156208 0.009546953698863153
1 0.5369423783343771 0.11996885486271071 0.009567302206288214 0.009680074194203253
1 0.18476115102353302 0.766622667727263 0.009813350179921026 0.010624263597571331
1 0.25429910162220826 0.4582153092259946 0.011717630469280739 0.010917269665261974
1 0.23873359224070673 0.5369011215541672 0.01023157783176588 0.010272565095320992
1 0.5339731962784476 0.0358256283013717 0.010519276494565218 0.011120936144953188
1 0.729034071383269 0.6769878345987071 0.011399352032205334 0.014085147691809612
1 0.7317214426787004 0.6669445659803308 0.009826618692149286 0.0160808977873429
1 0.23613767001939856 0.627955084261687 0.009788368059241253 0.009675357652747112
1 0.43142926174661383 0.7503367092298424 0.009784574094025986 0.012117924897567085
1 0.4301565211752187 0.6816599265388823 0.011452674865722656 0.010556884433912195
1 0.22259019768756366 0.7487728492073391 0.010487929634425953 0.011230427285899286
1 0.2113413603409477 0.6927828788757324 0.010204729826554008 0.010111228279445484
1 0.4469353841698688 0.2641420260719631 0.010200127311374829 0.01086282730102539
1 0.3298213974289272 0.7466245112211807 0.010605226392331331 0.011350756106169327
1 0.677358337070631 0.49890730691992724 0.011365310005519703 0.011238948158595875
1 0.47911539803380554 0.7257288642551589 0.010559320449829102 0.009381252786387568
1 0.7153751331826915 0.5530519485473633 0.01083212313444718 0.009797054788340693
1 0.20996277228645657 0.7421391321265179 0.009571966917618462 0.009972406470257303
1 0.47197439359581994 0.7339843459751294 0.010260084401006285 0.010046212569527004
1 0.6090244002964185 0.13681626838186514 0.01191010682479195 0.013241011163462763
1 0.2518236948096234 0.5267239860866381 0.009518001390540081 0.010777929554814878
1 0.08199721574783324 0.2131752449533214 0.010070121806600819 0.01026748574298361
1 0.26994650260261865 0.7840248190838358 0.010979921921439793 0.011266376661217731
1 0.6143330698427947 0.5096055528391963 0.010110813638438349 0.010463838991911514
1 0.4709210084832233 0.15468848269918692 0.010045943052872368 0.010194695514181385
1 0.5544142515762992 0.08229445115379665 0.009412433790123981 0.009750350661899733
1 0.5842160556627356 0.5331903436909551 0.012913786846658459 0.011822928553042204
1 0.09824391033338467 0.23836031167403515 0.010563933331033459 0.009752294291620668
1 0.4444974298062532 0.7378547709921132 0.010857022326925526 0.00934762540070907
1 0.13021316735640817 0.6222236674764882 0.011483938797660496 0.014405748118524965
1 0.23150575679281485 0.9336327469867207 0.010400005008863367 0.009592595307723335
1 0.44249269236689026 0.752362064693285 0.018399777619735054 0.010981725609820824
1 0.6533287608105205 0.5505696483280348 0.01055450024812118 0.010484923487124235
1 0.263311303180197 0.5454559948133386 0.010168946307638416 0.01015683879023013
1 0.15082598769146463 0.5772528026414954 0.009052069290824558 0.01012520168138587
1 0.12687832376231317 0.6298126034114673 0.010439292244289234 0.01026147344838018
1 0.22580436001653253 0.7191654910211979 0.01006186526754628 0.010272689487623133
1 0.09185001901958298 0.86509080555128 0.012268341105917225 0.012888659601626188
1 0.11163605814394742 0.233225967573083 0.009841960409413214 0.009265485017195992
1 0.663288230481355 0.4511215842288474 0.010601644930632217 0.010950741560562798
1 0.7769302077915359 0.5817991650622824 0.00984743367070737 0.010188496631124744
1 0.1289022694463315 0.20176767266314966 0.010008189989172894 0.00991982999055282
1 0.08393966633340585 0.9421356657276984 0.010336792987325916 0.010482249052628227
1 0.22826725503672723 0.793236317841903 0.0107269287109375 0.011512175850246265
1 0.16576150707576592 0.24595783067786178 0.010062145150226097 0.009575097457222317
1 0.5113592977109163 0.012677904704342718 0.009913817695949389 0.0098067379516104
1 0.22188136888586957 0.6179147906925367 0.010020753611689028 0.009446164836054262
1 0.17967195096223254 0.5759618385978367 0.009678467460300611 0.009874219479768173
1 0.6752458655315898 0.5810188625169836 0.010097586590310802 0.011117105898649796
1 0.23826451923536218 0.4470035304193911 0.010166126748789911 0.009805181752080503
1 0.45805932127911114 0.21213158317234207 0.009305974711542543 0.008866890617038893
1 0.7158707743105682 0.5850141359412152 0.011250205661939539 0.010698898978855297
1 0.34639100017754926 0.02401343376740165 0.011350271494492241 0.012938478718633238
1 0.2728534677754278 0.6045022321783978 0.010570588319197945 0.014787736146346382
1 0.185628953187362 0.31278644437375275 0.011466897052267323 0.01094799456389054
1 0.0960330289343129 0.22591920520948325 0.010307488234146782 0.01040023306141729
1 0.6729058908379596 0.4318090625431227 0.011199930439824644 0.011144534401271656
1 0.7276136356851329 0.6338579551033352 0.011244193367336109 0.009862858316172724
1 0.6535894663437551 0.3231814944225809 0.012779837069304092 0.013479129127834156
1 0.5583991693413776 0.11239451429118283 0.008746084959610649 0.009076605672421663
1 0.0735116315924603 0.5899155139923097 0.01213513249936311 0.011063513548477837
1 0.32442049358202063 0.6117122173309327 0.010540298793626867 0.01459807934968368
1 0.15483037285182788 0.22478602243506393 0.010554292927617613 0.011947320855182152
1 0.7274558647819187 0.5932607028795325 0.011230427285899286 0.011860764544943104
1 0.7899119957633641 0.6912822723388672 0.010430584783139437 0.01300247855808424
1 0.5328655346580173 0.08594637331755264 0.009338358174199644 0.009043237437372622
1 0.3417292988818625 0.045010538204856544 0.010335704554682192 0.011352502781411877
1 0.176478183787802 0.6063398900239365 0.009685962096504543 0.010850450266962465
1 0.19740700721740723 0.5237690365832784 0.01003122329711914 0.01028436163197393
1 0.7902614966682766 0.7472869416941766 0.014284921729046364 0.012034001557723335
1 0.6606038342351499 0.5842327967933987 0.011565374291461449 0.011716034101403278
1 0.17029982027800183 0.6848990813545559 0.015160063038701597 0.01096368872601053
1 0.4658000780188519 0.7506939431895381 0.013812770014223845 0.011757062829059105
1 0.43899504516435706 0.25437216136766516 0.014793468558269997 0.01100320401399032
1 0.3138144223586373 0.5337172798488451 0.010835502458655315 0.010028092757515285
1 0.08630636204843936 0.5964131044304889 0.010265707969665527 0.013229059136432152
1 0.7116463909978452 0.6322712483613386 0.010653164075768513 0.010622646497643513
1 0.5078035852183467 0.056598919889201287 0.011324260545813519 0.009841841200123663
1 0.5759370016015094 0.11056319527004076 0.009270419245180876 0.00886635158372962
1 0.09884258456852127 0.17547693978185241 0.009762380434119183 0.010703055754951809
1 0.7783923356429391 0.6745794130408247 0.011099027550738792 0.010824618132218071
1 0.1861496179000191 0.8066635753797449 0.0123932465263035 0.013014627539593239
1 0.09445293571638025 0.9820762302564539 0.010819341825402302 0.011132696400518003
1 0.5241320133209227 0.07919452501379926 0.009606174800706946 0.009742259979248047
1 0.1282661894093389 0.645634060320647 0.009568442469057829 0.009952856146770975
1 0.31921875995138416 0.024798726258070572 0.010795759118121605 0.010938310104867687
1 0.4615219935126927 0.01692690020022185 0.013317740481832752 0.011021468950354534
1 0.5242365857829219 0.09662777444590694 0.009594938029413637 0.009623962899912958
1 0.3995255024536797 0.6492242605789847 0.01053873352382494 0.010679286459217901
1 0.6033146381378173 0.5090803270754607 0.00989538690318232 0.011439240497091541
1 0.304133705470873 0.5872717421987782 0.011083810225777004 0.010639252869979195
1 0.47428331167801574 0.747580859972083 0.009516529414964758 0.009256031202233356
1 0.6276535987854004 0.5076347744983175 0.010130135909370754 0.010321057361105213
1 0.521254943764728 0.7083375972250233 0.00987287189649499 0.009664411130158798
1 0.3508362485014874 0.03553775600765063 0.011388462522755499 0.010655729667000149
1 0.7917998562688413 0.6122895945673403 0.010508620220681896 0.009753351626188858
1 0.45772160654482635 0.7380597695060398 0.010346578515094261 0.009705045948857847
1 0.2820314428080683 0.9502265971639882 0.011171568994936735 0.019619609998620075
1 0.4920722868131555 0.7043062707652216 0.01091058357902195 0.009891095368758492
1 0.460148054620494 0.1869821859442669 0.011392862900443699 0.010785662609597912
1 0.22592270892599356 0.6839712599049443 0.010040324667225714 0.012129617773968239
1 0.6600345010342805 0.43759964860003925 0.0104131905928902 0.012181012526802395
1 0.7623698400414507 0.6602283353390901 0.009995045869246773 0.009156558824622112
1 0.40513515990713367 0.7008116141609524 0.009768620781276537 0.012065099633258324
1 0.33482382673284283 0.7896689124729321 0.01215667180393053 0.010940468829611073
1 0.11785650771597156 0.2449866585109545 0.008751340534376062 0.008170044940450916
1 0.46377708600915 0.05352060172868812 0.01106627091117527 0.012983259947403618
1 0.8071590091871179 0.7504028237384298 0.011490199876868206 0.012823934140412704
1 0.4995601488196331 0.04278926227403724 0.010447128959324047 0.009030715278957201
1 0.170791771100915 0.7546928239905316 0.010645037112028702 0.011291669762652855
1 0.6572014456209929 0.5599711874256963 0.01066081420235012 0.009827365045962126
1 0.20009018027264136 0.949453768522843 0.010981642681619396 0.01138969089673913
1 0.1368211663287619 0.25458007273466693 0.009084038112474524 0.009031026259712551
1 0.0949585074963777 0.21530064292576 0.010450186936751656 0.010612280472465183
1 0.2813971560934316 0.9642473096432893 0.010471302530039911 0.010791820028553839
1 0.18601601020149564 0.8797564299210258 0.010452125383460003 0.010389493859332542
1 0.7889580104662025 0.706599235534668 0.010327214780061142 0.014211986375891644
1 0.3493240009183469 0.6131866911183232 0.013112545013427734 0.017412641774053158
1 0.5864333277163298 0.13074286087699558 0.008836497431216032 0.009470338406770126
1 0.7781837712163512 0.717902017676312 0.009678716244904892 0.009157927139945652
1 0.200311163197393 0.3292527152630298 0.012562834698220959 0.01285997567617375
1 0.7822021608767302 0.5932038348654042 0.009918917780337126 0.010263484457264776
1 0.09105776963026627 0.16162733928016995 0.010588827340499214 0.011541231818821118
1 0.23354834059010382 0.7602490134861157 0.012675637784211533 0.01627913765285326
1 0.0770143607388372 0.9608056648917821 0.010626808456752613 0.010496015134065048
1 0.23913136772487475 0.7265461424122686 0.012277229972507641 0.011604350546131964
1 0.1958499162093453 0.7068717790686566 0.011112710703974184 0.010999099068019703
1 0.17814823855524475 0.8268392397009808 0.010625486788542374 0.011821000472359035
1 0.38835938080497406 0.6728193448937457 0.013827987339185633 0.015019126560377039
1 0.7807417952496074 0.6032525352809739 0.009825955266537874 0.010368015455163044
1 0.43385532109633734 0.7720913679703422 0.013560388399207073 0.01726747595745584
1 0.6725246906280518 0.5089362600575322 0.010221584983493969 0.011467477549677309
1 0.6386720408564027 0.4882467311361562 0.010142948316491169 0.01310891690461532
1 0.4606425865836766 0.1632083913554316 0.009677347929581352 0.009804103685461956
1 0.17492422850235648 0.804595947265625 0.010212898254394531 0.011106491088867188
1 0.43761155916296923 0.2250128414319909 0.009320590807043987 0.010927117389181385
1 0.7741630181022313 0.654131910075312 0.008296095806619396 0.010672859523607336
1 0.6256786844004756 0.2600661257038946 0.012779899265455164 0.013389939847199814
1 0.7752796463344409 0.6402746905451235 0.00918740811555282 0.009131099866784138
1 0.2568755460822064 0.8434187847635021 0.01043193236641262 0.011077051577360733
1 0.7663767441459324 0.7303026862766433 0.00917816162109375 0.00916489310886549
1 0.4471814321435016 0.7749270563540251 0.01243753018586532 0.011313894520635191
1 0.4008157356925633 0.6871404025865637 0.010064954343049423 0.011839120284370754
1 0.7365762254466182 0.6075375805730405 0.009764920110287874 0.010198966316554859
1 0.08877973452858302 0.9558619830919349 0.0113088669984237 0.01213625203008237
1 0.4206416088601817 0.7602432914402175 0.010451690010402515 0.009688170059867527
1 0.24184346199035645 0.7790534185326617 0.013053417205810547 0.013334896253502888
1 0.7897391111954398 0.6996877711752186 0.009885622107464334 0.009329795837402344
1 0.4536169093588123 0.04305780970531961 0.011377956556237263 0.01134688957877781
1 0.6031817560610564 0.24777676748192828 0.012798226397970448 0.014554210331128992
1 0.5207414212434189 0.06360478504844334 0.009352144987686821 0.009965191716733187
1 0.2909475409466287 0.7202660933784817 0.010744509489639946 0.011301952859629755
1 0.776553713757059 0.7284256064373514 0.009929532590119736 0.010113094163977581
1 0.6407165112702744 0.4971344781958539 0.009848387345023777 0.010198717531950577
1 0.3518953323364258 0.6176145906033723 0.009569416875424593 0.01650853779004968
1 0.8127023240794307 0.6259340721627941 0.014228779336680536 0.015443366506825323
1 0.24043258376743476 0.766714220461638 0.01177437409110691 0.011447657709536345
1 0.1637736921725066 0.5940029932105023 0.009253066519032354 0.00925545070482337
1 0.2560429780379585 0.9229694242062776 0.011154838230298914 0.011257627735967222
1 0.4674586213153342 0.7056590992471446 0.010317553644594938 0.010095140208368715
1 0.613827601723049 0.2568394619485606 0.010863469994586449 0.012177591738493546
1 0.5249928287837816 0.05315941831339961 0.00966513675192128 0.012773741846499235
1 0.16084709893102228 0.7105471362238345 0.010403664215751316 0.010246235391368036
1 0.21735456715459406 0.7247974354287854 0.009829935820206352 0.012097607488217562
1 0.06874816832335098 0.9057934387870457 0.01303510043932044 0.018226955247961956
1 0.2669846078623896 0.9581535380819569 0.017201465109120243 0.01891753984534222
1 0.45983662294304883 0.15313370849775232 0.010427485341611116 0.009130819984104322
1 0.3110247383946958 0.8162576633950939 0.012066115503725798 0.013743151789126188
1 0.7630514476610267 0.6959466104922087 0.009920866593070652 0.009740497754967731
1 0.4458784901577493 0.15225912177044412 0.009438525075497835 0.009432854859725288
1 0.12026515214339546 0.6402347191520359 0.009800309720246689 0.009470856708029041
1 0.5132065855938456 0.07000275798465895 0.009015995523203974 0.009473396384197733
1 0.7397998726886251 0.5280286747476329 0.01406934986943784 0.013590978539508324
1 0.25170646543088165 0.9087307764136274 0.012357027634330418 0.011491651120393173
1 0.7718174353889796 0.5707943128502887 0.00989370760710343 0.010321161021356997
1 0.2922244071960449 0.9413183875705886 0.010363620260487432 0.014859158059825068
1 0.6861693340799083 0.5808368973110032 0.010758690212083899 0.010264064954674763
1 0.6839092710743779 0.5858678817749023 0.010455048602560291 0.010350434676460598
1 0.6962139710136082 0.6144883114358654 0.010942790819251019 0.010740280151367188
1 0.6068938089453656 0.5182628838912301 0.011096415312393852 0.011242783587911854
1 0.1784253327742867 0.8353393181510594 0.010849496592646059 0.013514601665994396
1 0.24894979725713312 0.8238879079404084 0.011288062385890796 0.012091678121815557
1 0.23962225084719452 0.9290625116099481 0.010664048402205757 0.011544517848802649
1 0.5432406508404276 0.08386529269425765 0.010505137236221977 0.008676399355349333
1 0.5562232266301694 0.10172042639359186 0.009344971698263416 0.009863210761028788
1 0.7070637578549592 0.5044329373732858 0.011389027471127718 0.014381636743960173
1 0.7014683433201001 0.6184756237527599 0.013599893321161684 0.01249794338060462
1 0.11822402995565662 0.25426668706147565 0.008686604707137398 0.009374390477719515
1 0.47035904034324316 0.6969734067502229 0.009053199187568996 0.008951892023501188
1 0.26230778901473334 0.5322481652964717 0.009441375732421875 0.009868124256963316
1 0.5676511785258418 0.12038236597309941 0.008942832117495329 0.009145456811656122
1 0.1917108038197393 0.7143460978632388 0.009007163669752039 0.013776530390200407
1 0.2590061374332594 0.936076081317404 0.010856524757716968 0.012893510901409645
1 0.8008996714716372 0.5962497877038043 0.00967208198879076 0.010405913643215015
1 0.3989447873571645 0.13332252398781155 0.01073840390080991 0.011034664900406548
1 0.6717241328695545 0.33491901729417883 0.012913123421047046 0.012454696323560633
1 0.11060282458429752 0.22504997253417966 0.0095605642899223 0.01090315113896909
1 0.08669359787650731 0.8543471668077551 0.011331413103186565 0.012569468954335089
1 0.45117256434067443 0.17499220889547598 0.008972136870674465 0.009521525839100714
1 0.08036445793898209 0.5800635503685992 0.011365097502003546 0.011635282765264097
1 0.6877460894377334 0.5436966522880222 0.011686656786047894 0.00992758377738621
1 0.19740928774294647 0.7352399618729301 0.009851849597433338 0.010467487832774286
1 0.32151171143936075 0.5257127492324166 0.012198587474615677 0.014648582624352497
1 0.7171009934466818 0.4902000634566597 0.017112027043881622 0.012420364048170008
1 0.7064860385397206 0.5102647076482358 0.009659642758576767 0.009722502335258152
1 0.1751544527385546 0.8149879911671514 0.012319409328958263 0.011978356734566067
1 0.5354774205581002 0.05963868421056996 0.011530274930207626 0.013025330460589866
1 0.7699102318805195 0.6504275902457859 0.009349408357039742 0.009600639343261719
1 0.7049444032751996 0.6464471609696097 0.009629871534264606 0.008699790291164232
1 0.4140467591907667 0.14139080565908682 0.010703242343405018 0.010878365972767706
1 0.15956574419270392 0.5826032680013905 0.008559195891670559 0.009228706359863281
1 0.2454862801924996 0.7395006884699282 0.009865014449409817 0.009803232939346977
1 0.34074094761972845 0.035057790901349944 0.01116273195847221 0.011436244715815004
1 0.7583191291145657 0.7187753138334856 0.009535043135933254 0.01600725754447605
1 0.4122502933377806 0.12731903013975723 0.01006409914597221 0.011364843534386677
1 0.6760298894799274 0.4930141283118206 0.009065254874851393 0.011118681534476902
1 0.15298717436583145 0.5891743535580842 0.00900516302689262 0.009259597114894701
1 0.6756331195002016 0.454183174216229 0.00742941317350968 0.009044211843739386
1 0.22024361983589505 0.6961264195649519 0.012877837471340015 0.011327784994374151
1 0.7732194402943486 0.6861881795136824 0.010408069776452106 0.009653464607570482
1 0.4140186517134957 0.17818950570147968 0.011482529018236242 0.011214380678923233
1 0.42287508301112964 0.1403549754101297 0.008348651554273523 0.010087407153585682
1 0.07981260963108229 0.7939798935599949 0.01140483565952467 0.010870560355808422
1 0.39351279320924176 0.142367202302684 0.010941826778909435 0.011016690212747326
1 0.08936594880145529 0.2761841753254766 0.011630576589833136 0.011540184850278109
1 0.7071472043576449 0.4929760953654413 0.012418622555940048 0.011335808297862177
1 0.531523144763449 0.06630634224933127 0.008757674175760021 0.014442920684814453
1 0.675959068795909 0.3994658485702846 0.006777514582094939 0.01104103482287863
1 0.5109177672344706 0.03800436206485914 0.009756544361943785 0.013989904652471128
1 0.4591371494790782 0.04046119166457135 0.00972990367723548 0.008286924465842869
1 0.5502230770856772 0.16104733669616247 0.029683602303163997 0.01915931285072719
