1 0.07779162290733187 0.17550683857473 0.010864653581647126 0.010566991839684212
1 0.09412758858747218 0.04936153505357511 0.011277173913043479 0.011413043478260866
1 0.10105465436310412 0.16349779917662702 0.0125 0.01154891304347826
1 0.06974939511864892 0.40817353508001397 0.010733695652173914 0.011277173913043479
1 0.10091878479788674 0.1465820383070618 0.011141304347826089 0.011684782608695652
1 0.09355192010799948 0.47309383620079287 0.01154891304347826 0.01154891304347826
1 0.10292692010799945 0.558284053592097 0.009646739130434782 0.008831521739130434
1 0.07103381821913739 0.08051774079499158 0.010585150548802965 0.012980100628033389
1 0.09080917772734459 0.37169255681914465 0.009375 0.00923913043478261
1 0.08211986332250827 0.25178310836502427 0.011510886429017647 0.01323916423190099
1 0.11321498045006059 0.18000595135054007 0.012092391304347827 0.012771739130434783
1 0.10978833315147775 0.47091992315731446 0.011956521739130435 0.011277173913043479
1 0.09018508914571287 0.06682660352445312 0.012771739130434783 0.0125
1 0.0746280239283215 0.0976010600461923 0.011277173913043479 0.011277173913043479
1 0.11803835001527802 0.14658203830706185 0.0125 0.013315217391304347
1 0.10461261413506331 0.4927333261379894 0.010572475010649483 0.010041672299519532
1 0.0722122698393829 0.23525530164154482 0.011037510611072703 0.010117718060149964
1 0.1227385255534315 0.43810108539403075 0.010190217391304338 0.01134966584542486
1 0.1374078744959994 0.036003225509956084 0.01154891304347824 0.017005485478286172
1 0.07826659402104294 0.6648518505723879 0.010597826086956513 0.015735344298801742
1 0.12656822445582555 0.4935422057660102 0.010733695652173914 0.010054347826086957
1 0.07367033208048782 0.21119015501583044 0.010730913094098462 0.011037510611072691
1 0.0742113010489872 0.3194148920968759 0.010461956521739122 0.011653020343020513
1 0.08951841685777932 0.35375777421044896 0.010326086956521738 0.010326086956521738
1 0.12554577613647802 0.02565596389972684 0.009918478260869565 0.011141304347826089
1 0.0725899804500606 0.11818529917662708 0.011005434782608695 0.010597826086956521
1 0.08522585001527799 0.15894616874184445 0.011005434782608695 0.010869565217391304
1 0.09271636417682735 0.18198987429348118 0.012948285775387671 0.01205530054949889
1 0.10390791523266932 0.08707116874184441 0.01358695652173913 0.013858695652173913
1 0.07205917772734455 0.38385288290610114 0.009103260869565215 0.008559782608695651
1 0.11424667772734458 0.4103474481234924 0.011141304347826089 0.011277173913043479
1 0.06937796684284842 0.22322445236416497 0.009811120543175735 0.009197925509227241
1 0.09595954566745196 0.12973421222010537 0.01154891304347826 0.0125
1 0.12167692010799948 0.5575367709834016 0.012907608695652172 0.0125
1 0.1321388766297386 0.5066536188094886 0.01046195652173913 0.01046195652173913
1 0.10663798207517063 0.34268440464523153 0.011684782608695652 0.011820652173913043
1 0.09216787337951851 0.40830940464523147 0.01046195652173913 0.009103260869565215
1 0.0805084418471299 0.5072650318529667 0.009646739130434782 0.009782608695652175
1 0.12891425300174605 0.45932208862107843 0.013795317961406248 0.012190234289863124
1 0.10992420271669522 0.539126444896445 0.009782608695652175 0.010733695652173914
1 0.06610626793408643 0.5488411188094884 0.009103260869565215 0.008967391304347826
1 0.07744503886066184 0.14485831768870994 0.014067057091841 0.013128645719818028
1 0.09056278967321683 0.5126318796790538 0.009646739130434782 0.008831521739130434
1 0.10336443697179977 0.10833475569836619 0.014402173913043478 0.014538043478260869
1 0.08275028967321692 0.4610014448964451 0.009782608695652175 0.010190217391304348
1 0.08384377986918089 0.2694206176710957 0.01285541814459515 0.014099911970913195
1 0.08917874294473585 0.33867625247131855 0.009646739130434782 0.010597826086956521
1 0.0984432244558256 0.5460557927225321 0.01046195652173913 0.009918478260869565
1 0.06610626793408643 0.5301590535920973 0.010733695652173914 0.011277173913043479
1 0.08016876793408649 0.6296515460041064 0.011413043478260866 0.010597826086956521
1 0.08301194161948024 0.592524524205726 0.009918478260869553 0.012275401748811341
1 0.07309087500462853 0.44356755681914456 0.011141304347826089 0.011684782608695652
1 0.09819365094618618 0.20237409717443924 0.01364358950535376 0.0133369919883795
1 0.06689613424908371 0.16952498153894996 0.01098008370630162 0.01219023428986362
1 0.1314595288036517 0.4800231840268798 0.012907608695652172 0.012364130434782607
1 0.06583452880365163 0.5019661188094885 0.011005434782608695 0.010326086956521738
1 0.10684178642299676 0.37243983942784026 0.010733695652173914 0.010733695652173914
1 0.11155463749930387 0.5938818796790537 0.010326086956521738 0.009918478260869565
1 0.0674948717544084 0.13099962203653598 0.010326086956521733 0.011226471806774586
1 0.08454193808828087 0.03929628534012182 0.010733695652173908 0.013277190811602647
1 0.06739702880365162 0.6716755903641888 0.011413043478260866 0.013893693447620328
1 0.07154105054278212 0.46405851011383625 0.009646739130434782 0.009782608695652175
1 0.11768606444667333 0.6009270100728892 0.010019754800912401 0.016183301202673844
1 0.1034024635862604 0.5163003579399232 0.00923913043478261 0.008831521739130434
1 0.09871496358626036 0.5296835101138363 0.009103260869565215 0.009510869565217392
1 0.12052202880365166 0.5266943796790539 0.011141304347826089 0.010869565217391304
1 0.09617602555343145 0.6313599131889294 0.013264515238690265 0.014240599966667827
1 0.0724921374993038 0.6877081990598413 0.011820652173913045 0.015524128230228933
1 0.08855465436310407 0.09039997308967054 0.010326086956521738 0.012092391304347827
1 0.06662439511864893 0.37332299160175325 0.009375 0.008967391304347826
1 0.07690789836886902 0.5462595970703579 0.009510869565217392 0.009510869565217392
1 0.07919688699309858 0.42921608501236996 0.013451086956521741 0.011684782608695652
1 0.08698581659402727 0.11116900327808056 0.012079715766194371 0.013413060376820022
1 0.12301026468386629 0.3817469046452316 0.010190217391304348 0.010054347826086957
1 0.07397851047467646 0.28260023782557975 0.012241791562745226 0.012681096239693903
1 0.10299485489060817 0.3093665736622484 0.013858695652173913 0.013994565217391307
1 0.06757548207517065 0.34913820899305753 0.011005434782608695 0.011141304347826089
1 0.10446406903169243 0.3916653829061012 0.011413043478260866 0.011413043478260866
1 0.3873022894119763 0.01853604589828091 0.012907608695652172 0.013858695652173913
1 0.11196224619495604 0.4561780753312275 0.011684782608695652 0.013043478260869566
1 0.0854676809775647 0.6473461887414141 0.0125 0.014147933680331948
1 0.0662421374993038 0.6565348832913115 0.009918478260869565 0.015134018432300387
1 0.08825300706452126 0.4904172057660101 0.01046195652173913 0.010326086956521738
1 0.12004014755631401 0.42634836800272624 0.012326103820321944 0.01257249193238149
1 0.0948173299012576 0.6175865616597161 0.011684782608695652 0.01154891304347826
1 0.3651402233889561 0.017846890479943974 0.013586956521739128 0.014402173913043478
1 0.0998445038143011 0.4298447307321881 0.011413043478260866 0.010869565217391304
1 0.09871496358626027 0.579917222664569 0.009646739130434786 0.01351090336233583
1 0.08239160245294305 0.606205206997873 0.012054364689887248 0.013387709323686152
1 0.07795649079040899 0.19379005631335133 0.015636473365686326 0.014869979573250708
1 0.09830735489060817 0.5992396132055959 0.012364130434782607 0.012771739130434783
1 0.07391876793408646 0.47486014054861897 0.011413043478260866 0.009918478260869565
1 0.07853833315147773 0.5338275318529667 0.011684782608695652 0.011820652173913043
1 0.06860147072178242 0.24938124130069825 0.007539509601825195 0.01478202879533464
1 0.3344279361456296 0.02227184343392203 0.011839036342738299 0.011650189583521235
1 0.08604455193253405 0.21635933321898204 0.010188505718770995 0.01218345842167625
1 0.12092963749930384 0.4496563362007928 0.010054347826086957 0.00923913043478261
1 0.3127302518964558 0.02148888014381347 0.011756143971522057 0.014160349959825909
1 0.07790790680076913 0.5635512778191568 0.00988045164640899 0.012029013671511879
1 0.08517059077082281 0.39723603508001426 0.011141304347826089 0.011141304347826089
1 0.4745992236721031 0.012150176333063456 0.009780392871789383 0.005972352005933715
1 0.07677202880365169 0.49048514054861897 0.010326086956521738 0.011277173913043479
1 0.1349133078557774 0.13975865184328531 0.01618115379902308 0.017255434782608707
1 0.412779125454156 0.018128252550640232 0.008963328960599901 0.008962590352647352
1 0.07923377608686626 0.3683671790515357 0.010869565217391306 0.011684782608695652
1 0.08055102555343151 0.3456056002974055 0.009510869565217392 0.011413043478260866
1 0.08601115923843426 0.019416243640378247 0.014402173913043478 0.016168478260869566
1 0.10635456314395178 0.422043910336005 0.012635869565217395 0.011956521739130435
1 0.08917874294473589 0.4205376655147968 0.011277173913043479 0.010733695652173914
1 0.10978833315147775 0.5788003579399233 0.011956521739130435 0.011820652173913043
1 0.06583452880365162 0.5616807927225317 0.009103260869565215 0.009103260869565215
1 0.08746670210399556 0.1286726067515007 0.01154891304347826 0.0125
1 0.07698552147752302 0.30578481520344675 0.013858695652173902 0.016003481271081508
1 0.06902348063678271 0.296287513427764 0.010673879315877807 0.013994565217391303
1 0.08005013099886346 0.3305617495172246 0.010461956521739122 0.011653020343020513
1 0.11330313507477201 0.3887431913311771 0.011141304347826089 0.011141304347826089
1 0.09709818606103635 0.384036183567106 0.011141304347826089 0.011141304347826089
1 0.1141523961310593 0.5189977400316699 0.01114130434782608 0.012461973420298334
1 0.11946042335821963 0.4990926374953326 0.011141304347826089 0.010869565217391304
1 0.09716670900414667 0.499623440229635 0.011141304347826089 0.010869565217391304
1 0.07178146417269335 0.5755840639496806 0.012907608695652172 0.0125
1 0.08558233496330996 0.5798304858240992 0.012907608695652172 0.0125
1 0.0914211649131862 0.5697452338723552 0.012907608695652172 0.0125
1 0.087174743131458 0.5527595463746806 0.012907608695652172 0.0125
1 0.06848199385065197 0.5905502961710644 0.009315183663703857 0.014147933680331943
1 0.07432082380052824 0.6054127727315302 0.0125 0.014147933680331948
1 0.07485162652324429 0.6208060520262978 0.0125 0.014147933680331948
1 0.45602479341484453 0.015680384552865405 0.008963328960599901 0.008962590352647352
1 0.4251961504978331 0.017029395716532676 0.008963328960599901 0.008962590352647352
