0 0.2679367376410443 0.16180494038955026 0.010812241098155146 0.011122879774674126
0 0.28371207610420557 0.32366195709809015 0.009327805560568104 0.010498559993246327
0 0.10324182717696478 0.2753997367361318 0.01155915467635445 0.011450829713240913
0 0.5207736492156984 0.3359805235396261 0.009373602659805962 0.00969058404798093
0 0.30049950143565307 0.16839951535929806 0.008172325465990149 0.008298324502032736
0 0.19066693471825638 0.21548059712285578 0.009785963141399881 0.009354715761931046
0 0.3118545283441958 0.46011124486508576 0.01025830144467561 0.010145353234332542
0 0.2967208053754724 0.5130763157554294 0.010076294774594515 0.010327816009521484
0 0.5047128200531005 0.34350407382716297 0.009489121644393257 0.009672449982684591
0 0.15836622404015585 0.1673782649247543 0.010807680047076683 0.011802165404610012
0 0.1589083827060202 0.5563391187916631 0.009466160898623259 0.009765334751295008
0 0.12189742793207584 0.32490384287160373 0.011599540710449219 0.012191901388375656
0 0.25040530121844745 0.406694593636886 0.010409832000732422 0.010826743167379627
0 0.09359298581662384 0.47897056393001386 0.011172812917958136 0.011412921159163765
0 0.25163818442303204 0.49361953528031066 0.009798423103664232 0.01038317058397376
0 0.2073457033737846 0.5140793945478357 0.010485545448634937 0.01072151764579441
0 0.17293751758077872 0.3107624779576841 0.011414444964864979 0.012003919352655825
0 0.07944889949715656 0.1943285672560982 0.010938763618469238 0.011517379594885784
0 0.3954711582349695 0.13660302887792175 0.00978262528129246 0.01002345914426057
0 0.18205383549565857 0.51501638992973 0.009453358857528023 0.009113809336786684
0 0.5117900060570758 0.33082377392312756 0.00995648425558339 0.01013395060663638
0 0.3214130158657613 0.3848793247471685 0.012809912147729294 0.011632597964742909
0 0.4198628923167353 0.4065469607062962 0.009135743846064028 0.009259089179660963
0 0.16047502600628394 0.32792094479436457 0.010822586391283117 0.011144783185875935
0 0.40111307475877844 0.5268943413444187 0.00957178032916525 0.00917604695195737
0 0.07226623659548552 0.4548319059869517 0.011278639669003694 0.011452540107395336
0 0.45077195374862006 0.5104225822117018 0.010144606880519703 0.009960257488748302
0 0.18202881191087805 0.4077999539997267 0.010025314662767492 0.009637697883274244
0 0.31550258138905396 0.021959963052169136 0.010168738987134851 0.010099996691164763
0 0.4067675549051036 0.11382412392160166 0.010221315466839333 0.010126352310180664
0 0.1402063732561858 0.3614807984103327 0.009598908217056938 0.009785450023153553
0 0.2524506320124087 0.3880316044973291 0.009253626284391983 0.010426443556080694
0 0.19321098534957223 0.2597364031750223 0.01082314615664275 0.01078653335571289
0 0.09423759709233823 0.014744738521783249 0.011312505473261293 0.01103912099548008
0 0.472225686778193 0.3886394086091414 0.010134821352751358 0.010293545930281929
0 0.17163491249084473 0.3320887934254564 0.010866351749586023 0.010917142033576965
0 0.5044541773588761 0.5334419996842094 0.008593642193338146 0.011960236922554348
0 0.15590164972388224 0.37313667587611987 0.010643876117208729 0.011196820632271145
0 0.2866533217222795 0.46673020590906555 0.010420737059220024 0.01067973219830057
0 0.3777637067048446 0.23635685962179434 0.009338959403659986 0.009430843850840693
0 0.10612399681754735 0.25735737966454547 0.00972741583119268 0.010317823161249575
0 0.3409118756004002 0.27801789408144745 0.009205424267312756 0.009411563044009
0 0.24550053347711975 0.47008754377779755 0.009260447128959324 0.00914516656295113
0 0.4086017401322074 0.10018027347067127 0.010136189668074898 0.010140543398649796
0 0.2703354462333348 0.39900364564812696 0.00984892637833305 0.01007520634195079
0 0.12043953978497048 0.4404940190522567 0.011435881904933765 0.01158378435217816
0 0.4989306512086288 0.35550187204195105 0.009719123011050016 0.009361168612604555
0 0.20180518730826996 0.16221282793127972 0.01090748413749363 0.011342504750127378
0 0.2644843225893767 0.5298288594121519 0.011017301808232847 0.011192487633746605
0 0.14569735008737314 0.3000030932219132 0.011337684548419456 0.011564918186353601
0 0.3712883410246476 0.33899378776550293 0.011934446251910667 0.01183324274809464
0 0.3184114124463952 0.3283851515987645 0.010310753532077954 0.01120962396911953
0 0.3081429730290952 0.5107164901235829 0.011367880779763927 0.01031035962312118
0 0.1235430396121481 0.19456125342327613 0.010371674662050993 0.010223181351371433
0 0.23666775744894275 0.5239193854124651 0.01105864151664402 0.011513896610425867
0 0.2650211997654127 0.03674721588259157 0.010004541148310122 0.010353210179702095
0 0.37462444927381433 0.45632556210393493 0.009346215621284817 0.009717671767525051
0 0.23173969724903934 0.5002846510513969 0.00922288065371306 0.009473551874575407
0 0.40222766865854676 0.5168169374051301 0.009130607480588167 0.009312940680462381
0 0.19195965062017023 0.4511419379192849 0.010232054668924084 0.010046834531037704
0 0.24754342825516415 0.5408512198406717 0.01133506194404934 0.011613845825195312
0 0.29251481139141583 0.3829654740250629 0.010632618613865063 0.01057315391042958
0 0.43789444280707324 0.33792867543904676 0.010207787803981617 0.010637056568394537
0 0.1461636605470077 0.4468816622443822 0.011062850122866423 0.010605698046476944
0 0.06676884837772536 0.19882166903951895 0.010271839473558508 0.010233340056046196
0 0.3450894148453423 0.036640391401622605 0.008509843245796535 0.008405802042587944
0 0.22546918495841647 0.4083610565766044 0.010252061097518257 0.010557993598606274
0 0.3955517385316931 0.37537307065466174 0.009902819343235182 0.009588205296060314
0 0.23688379577968433 0.36583544637845916 0.009952026864756708 0.010202143503272015
0 0.07607838122741035 0.42821831806846283 0.009984135627746582 0.010050120561019234
0 0.41524625861126446 0.34765772715858795 0.01196189548658288 0.012007563010506008
0 0.2869920523270317 0.04219348404718482 0.009838974994161854 0.010015977465588112
0 0.44944419031557836 0.3736135648644489 0.010297194771144703 0.011811629585597828
0 0.16239246596460755 0.42717968899270764 0.009923986766649328 0.010151033816130264
0 0.2911909766819166 0.41429790724878723 0.009120277736497961 0.009273829667464546
0 0.5265053873476776 0.3274838670116404 0.009876582933508831 0.008807844765808271
0 0.3126743047133736 0.06841602014458698 0.00997205402540124 0.009826483933821968
0 0.06698337845180345 0.10207823048467221 0.011588449063508408 0.011656512384829313
0 0.14571064451466437 0.3925581911335821 0.010799096978229027 0.010913164719291355
0 0.17827078570490296 0.14813990696616794 0.011051157246465269 0.010689766510673191
0 0.32449472468832263 0.4038738167804221 0.009670983190121859 0.010539096334706182
0 0.18188930594402813 0.015197854003180628 0.009232106416121773 0.009869735526001972
0 0.2938576055609662 0.16200604127800983 0.009290881778882898 0.009804383568141771
0 0.299071975376295 0.4443161746729975 0.010267921116041101 0.010436711104019829
0 0.5705692042475161 0.5007335414057192 0.01052118384319803 0.011225658914317255
0 0.18867740423783008 0.16096648962601368 0.010613752448040505 0.01040437947148862
0 0.30935063569442084 0.14744386465653128 0.010491454082986584 0.011008138241975204
0 0.1639778406723686 0.35067032860672986 0.0106616849484651 0.011595376159833826
0 0.2296372289242952 0.06372561402942824 0.01041851872983186 0.010673984237339184
0 0.24902285700259003 0.21662006170853323 0.01056696021038553 0.011580031851063604
0 0.5420170244963274 0.5140780055004618 0.009195825327997622 0.009088454039200493
0 0.06888569437939188 0.21586011803668476 0.011084794998168945 0.011880003887674084
0 0.0992458488630212 0.15463883980460788 0.011060922042183254 0.010205476180366848
0 0.460399777992912 0.4590006289274796 0.010462688363116722 0.008875639542289402
0 0.0933275430098824 0.2179700395335322 0.010349874911100967 0.010279779848845108
0 0.11441318885139797 0.2523945207181184 0.009550675101902174 0.010307166887366253
0 0.10062229115030039 0.16949821036794915 0.01037852660469387 0.011307021845941958
0 0.3529477119445801 0.4948568136795707 0.009802735370138416 0.011018379874851391
0 0.36959523221720825 0.3870429992675781 0.009541127992712933 0.009789114413054092
0 0.39733826595803967 0.31888394770414935 0.009661094002101732 0.009961812392525051
0 0.17490105525307034 0.3552471114241559 0.009994869646818741 0.010879791301229725
0 0.40045325652412744 0.3967651672985243 0.009677679642387058 0.009521810904793118
0 0.23377563642418903 0.39485049506892334 0.010066695835279383 0.010536831358204718
0 0.20516874479210892 0.4209787949271824 0.010699064835258152 0.011096622632897419
0 0.2829002919404403 0.1210376438887223 0.011405861896017323 0.01115422663481339
0 0.1298500558604365 0.5861440119536027 0.010378505872643513 0.010491122370180876
0 0.14680249794669772 0.4713618444359821 0.010371685028076172 0.010183458742888077
0 0.3275836585494487 0.3579309129196664 0.011208700906971226 0.010850043400474216
0 0.07217697475267493 0.15364436999611233 0.011510185573412024 0.011884388716324516
0 0.20429832002390988 0.4545994634213655 0.00988775750865107 0.010002302086871605
0 0.22486145600028656 0.576665266700413 0.01065386896548064 0.011170905569325323
0 0.12227677262347676 0.163245413614356 0.010144627612570057 0.010193296100782312
0 0.15462076145669687 0.19905361921890918 0.010401787965194038 0.010153231413468071
0 0.1909207468447478 0.4883122547813084 0.008762857188349184 0.009872664575991423
0 0.503746924193009 0.42316951440728223 0.009153573409370754 0.00957873593205991
0 0.3046041882556418 0.4967672928519871 0.010463735331659731 0.012713059135105297
0 0.2956510212110437 0.020872918807941936 0.010880760524583899 0.010858744382858276
0 0.5098032536713972 0.5158769255099089 0.010395257369331692 0.009820378344991932
0 0.3167515215666398 0.05015518354332965 0.009037183678668478 0.008546113967895508
0 0.41174071249754535 0.5075920975726583 0.009113301401552946 0.00905845476233441
0 0.24524787197942322 0.0720597972040591 0.010919757511304773 0.010789021201755688
0 0.5144255057625149 0.4421340227127075 0.009657362233037535 0.009779401447462
0 0.39345114904901257 0.43086770824764087 0.009110912032749342 0.009387897408526876
0 0.49514745111050806 0.4166287131931471 0.009483762409376062 0.009213903675908628
0 0.44545200596685 0.4828682101291159 0.008646135744841202 0.009869917579319166
0 0.5178600705188253 0.45580604283705994 0.010392375614332117 0.010381418725718622
0 0.22674044318821118 0.47601046769515326 0.008714427118716032 0.009136407271675442
0 0.4144222736358643 0.4816330567650172 0.009471748186194378 0.009151966675468113
0 0.16779512426127557 0.20956703890924872 0.01027357059976329 0.010167515796163807
0 0.21063027174576468 0.35716055139251374 0.009748210077700407 0.010524716066277546
0 0.1441712275795315 0.1662250912707785 0.010241632876188858 0.009762370068094006
0 0.424139608507571 0.5045109831768534 0.010050659594328507 0.010313282842221468
0 0.1391946906628816 0.17673486212025516 0.010167837142944336 0.009488893591839334
0 0.47433066886404285 0.367623790450718 0.010568753532741382 0.010572143222974695
0 0.2516311769900115 0.32598729042903235 0.010414206463357677 0.010273711836856346
0 0.2043718255084494 0.2934090469194495 0.010490127231763758 0.01025185377701469
0 0.18794435003529425 0.18479316130928375 0.010698816050653872 0.010602536408797554
0 0.22138690948486328 0.38468664625416626 0.01090679997983186 0.01064468466717264
0 0.15766037547070044 0.1867296903029732 0.009940302890280018 0.009800890217656675
0 0.32956340261127637 0.018156176675920902 0.010086417198181152 0.010043790806894716
0 0.258363910343336 0.10140639284382695 0.00891088402789572 0.009713473527327827
0 0.07404775723167088 0.17392161099807077 0.011752646902333136 0.01137027533158012
0 0.14302746109340503 0.41742733768794843 0.010132540827212126 0.009622687878816025
0 0.30483934153681214 0.2741869947184687 0.00801787169083305 0.008153521496316662
0 0.2673840315445609 0.5033777693043584 0.009283687757409138 0.010135443314262058
0 0.07351416608561641 0.1284504869709844 0.010841856832089632 0.010574133499808933
0 0.36981541177500854 0.4844193043916122 0.010587692260742188 0.009351771810780401
0 0.5140950576118801 0.23315369564553964 0.009096809055494226 0.009267848470936651
0 0.3854676588721897 0.5060212715812351 0.009829904722130817 0.009895863740340523
0 0.2829381693964419 0.10591706503992496 0.009845194609268852 0.010143808696580969
0 0.26748068436332373 0.1476715440335481 0.011362241662066917 0.011474153269892153
0 0.3270159493321959 0.2768285896467126 0.009471748186194378 0.009904882182245668
0 0.22486518776935083 0.15647054755169412 0.009934052177097486 0.010311375493588655
0 0.2622501953788426 0.45698601784913434 0.010254237962805706 0.010773420333862305
0 0.1901794309201448 0.4248903160509856 0.010448663131050442 0.011072397232055664
0 0.22530423039975375 0.42214553770811664 0.010343136994735054 0.010139931803164274
0 0.0797712284585704 0.44141891728276794 0.011047902314559273 0.010952866595724354
0 0.13959149692369544 0.10178115056908649 0.009410609369692595 0.0091558953990107
0 0.2508131524790888 0.3089505382206129 0.009777110555897589 0.009218443994936735
0 0.19401151200999384 0.20345377922058105 0.009456116220225458 0.010116556416387144
0 0.15928103612816852 0.1424784401188726 0.010483513707699984 0.010305933330370031
0 0.4488043681434962 0.49638593715170154 0.009883279385774033 0.009344868038011633
0 0.10099638026693594 0.31611151280610456 0.011368564937425696 0.011618510536525562
0 0.08035360471062036 0.2688453715780507 0.010089879450590714 0.011281386665675953
0 0.23664905713952106 0.48965538584667706 0.009845650714376698 0.010318061579828676
0 0.4993107007897418 0.4949384616768878 0.009507884149966032 0.00945492412732995
0 0.4833813335584557 0.5179290460503619 0.009211208509362263 0.01070397833119268
0 0.09704751553742783 0.04196004634318144 0.010839959849481997 0.011260242565818455
0 0.5126027438951575 0.26056254428365955 0.009953664696734884 0.009863314421280571
0 0.2086036619932755 0.14287377440411111 0.009784843610680622 0.010468482971191406
0 0.2127777908159339 0.31587685709414276 0.010216816611911938 0.010157543679942255
0 0.10551311658776324 0.18510803969010062 0.010306192480999489 0.009854565496030062
0 0.09503407063691513 0.43543821314106823 0.010541563448698624 0.010443096575529678
0 0.06602659173633742 0.25528170751488727 0.009548534517702848 0.009918731191883917
0 0.23200679861980938 0.2736588250035825 0.008994724439538044 0.008962071460226307
0 0.2787964965986168 0.44801431635151745 0.00985649357671323 0.009941671205603558
0 0.07228231170903081 0.34118737863457715 0.009414149367290995 0.010340638782667078
0 0.13426197611767313 0.22484736857206922 0.010360728139462679 0.009723435277524202
0 0.09933785251949144 0.08999113155447919 0.010412910710210386 0.01055815427199654
0 0.10071590672368588 0.5791139499000881 0.009939338849938435 0.010126300480054773
0 0.08339748175247856 0.3165567024894383 0.010379480279010277 0.010601085165272589
0 0.17845284420510993 0.47030019760131836 0.009963408760402514 0.010273435841435972
0 0.39188461718351947 0.2960428465967593 0.007946719294009 0.008262489152991253
0 0.4358785670736562 0.3152323805767557 0.009671045386272928 0.010003670402195141
0 0.2361785743547523 0.3298669795951117 0.009584157363228176 0.010356757627881092
0 0.07030841578607974 0.2693548928136411 0.009255336678546408 0.009944024293319038
0 0.4654984785162884 0.5034101424009904 0.010565861411716625 0.009877764660379162
0 0.44897778137870453 0.4595733466355697 0.009122724118440048 0.009476236675096594
0 0.25861516206160834 0.1982006301050601 0.00977852033532184 0.00996993935626486
0 0.2764756161233653 0.1359837884488313 0.009791747383449389 0.010580145794412365
0 0.1283349679863971 0.23911800591841992 0.010337746661642323 0.010825799859088402
0 0.1976074446802554 0.43722517594047217 0.010602349820344345 0.011042885158372961
0 0.06740612309911978 0.5262543222178584 0.010105127873628036 0.010684137759001358
0 0.3621828452400539 0.14542098149009372 0.007729613262674084 0.0073289352914561404
0 0.13997418984122897 0.2123771335767663 0.009956878164540167 0.009588905002759851
0 0.15134874634120776 0.2191551975581957 0.009373374607252039 0.010214411694070568
0 0.10362552041592807 0.19605137990868607 0.010378702827121899 0.01003010376639988
0 0.2439043936522111 0.45969015619029163 0.008717557658319887 0.008784957554029383
0 0.149095866991126 0.12887900808583136 0.010375022888183594 0.010610642640487007
0 0.2214273680811343 0.5048741154048754 0.009136801180632217 0.009628192238185717
0 0.2526416882224705 0.1246224589969801 0.009984037150507387 0.010107973347539488
0 0.14576207554858664 0.11268261204595148 0.010714064473691194 0.010134614032247791
0 0.2848782539367676 0.4046645138574684 0.00992385200832201 0.010493055633876636
0 0.27890872955322266 0.027979866318080738 0.010708311329717222 0.010027413782866104
0 0.10361882396366286 0.4675931930541992 0.010601157727448837 0.011374017466669497
0 0.09328938567120096 0.09923444623532501 0.010241840196692425 0.009991790937340778
0 0.22805728083071503 0.17983462499535602 0.009366118389627209 0.008845847585926886
0 0.3886419793833857 0.44701940598695167 0.008473603621773098 0.008988017621247665
0 0.2033690473307734 0.3857674780099288 0.009896050328793734 0.00995177289713984
0 0.2984360300976297 0.05301397002261618 0.010261680768883747 0.009352108706598696
0 0.34268744095512055 0.26298220261283545 0.009374328281568445 0.009565104608950407
0 0.4350341921267302 0.48800245575282886 0.009744768557341202 0.009134396262790846
0 0.31261320736097253 0.2781278776085895 0.008021168086839758 0.009083955184273098
0 0.20227443653604257 0.4821011398149573 0.008164426554804262 0.008415491684623386
0 0.2107584994772206 0.47493480081143585 0.008626606153405231 0.00866314639215884
0 0.11306912484376327 0.1735765623009723 0.01013170117917268 0.009848594665527344
0 0.34728374688521674 0.2209021215853484 0.00917233591494353 0.00889693135800569
0 0.08200406509896985 0.496000569799672 0.009496046149212381 0.009497870569643766
0 0.3489717076654021 0.4747714322546254 0.0093949177990789 0.008240440617436949
0 0.4123218163200047 0.1422039685042008 0.008832060772439709 0.008699489676434061
0 0.31869397992673126 0.5028555393218994 0.010791674904201343 0.010260892950970192
0 0.4095458699309308 0.4898602236872134 0.010335481685140858 0.008902052174443785
0 0.42435962739198096 0.41933598725692084 0.009119147839753525 0.008935845416525135
0 0.2694062875664752 0.1262101764264314 0.010049135788627293 0.010739481967428455
0 0.128732240718344 0.4583066235417905 0.01091394217117973 0.010321368341860563
0 0.3088143597478452 0.3205264029295548 0.008761240088421366 0.008445014124331266
0 0.07825682474219281 0.535776656606923 0.011046150456304136 0.011358302572499151
0 0.2763586769933286 0.3548962823722674 0.009129005929698114 0.010183362857155178
0 0.11245229451552681 0.07182466465493907 0.010714064473691194 0.011660596598749575
0 0.16592089507890784 0.3696548809175906 0.010189543599667757 0.010393925335096277
0 0.14127685712731403 0.15250013703885285 0.009763655455216118 0.009666992270428202
0 0.09071192015772281 0.14445966741313104 0.00973882882491402 0.009869005369103474
0 0.3157065329344377 0.2583628530087678 0.00911880576092264 0.009996041007663893
0 0.2794463634490967 0.3755134810572085 0.010703522226084833 0.009551587312117867
0 0.1940389405126157 0.4076652319534966 0.009796370630678923 0.010779132013735563
0 0.379916647206182 0.3026841619740362 0.008982202281122622 0.008836082790208899
0 0.37650000789891125 0.5190836864969005 0.011675839838774307 0.01149948783542799
0 0.06727863912997038 0.31744918615921686 0.010399123896723208 0.01082090709520423
0 0.22080713769663934 0.22423933899920917 0.009902373604152514 0.00978069720060929
0 0.25415864198104193 0.37041073000949354 0.009881890338400135 0.009855659111686375
0 0.2231700109398883 0.45078493201214337 0.009364584217900816 0.008961221446161684
0 0.20105187789253567 0.3953546855760657 0.00997174304464589 0.009498181550399117
0 0.34803504140480707 0.013111440707807955 0.01004006810810255 0.009513845262320145
0 0.3360756817071334 0.34025592194951104 0.01092430301334547 0.011057303003642872
0 0.1380908489227295 0.5132172625997792 0.009649235269297724 0.009154361227284307
0 0.08727557503658792 0.1248170914857284 0.010391427123028298 0.010535530422044836
0 0.10933185142019519 0.3460294474726138 0.011503188506416653 0.010272067526112432
0 0.20422848411228345 0.4992593371349832 0.009772093399711277 0.0100818509640901
0 0.07049231943876846 0.408301161683124 0.009648965752643087 0.009798765182495117
0 0.21139764785766602 0.06251007318496704 0.009603375973908798 0.010506842447363812
0 0.2113298333209494 0.33286947271098255 0.010076232578443445 0.010361225708671238
0 0.36813032886256347 0.5013929449993632 0.01116416246994682 0.01093317114788553
0 0.11684923586638078 0.014701668658982153 0.009379677150560461 0.010055637230043825
0 0.1416677651198014 0.23378753662109372 0.009847174520077913 0.008676321610160496
0 0.10542446115742558 0.4261845091114874 0.010091398073279339 0.01036847156027089
0 0.23716268332108206 0.11643916627635127 0.00910230304883874 0.009331350741179092
0 0.3770917835442916 0.3959559539090033 0.009367740672567616 0.009588246760161026
0 0.10779995503632919 0.21091431120167609 0.00985618259595788 0.009370907493259596
0 0.34271446518276044 0.025921440642812977 0.009821953980819038 0.00906253379324208
0 0.23754358291625977 0.351622734380805 0.010165836500084919 0.009935057681539784
0 0.18585029892299487 0.0728648797325466 0.009712571683137314 0.009757591330486795
0 0.1047938751137775 0.024555612517439804 0.010382579720538597 0.01047996982284214
0 0.4118466066277545 0.4367685784464297 0.009897211323613707 0.009045901505843452
0 0.13694013201672098 0.2554360161656919 0.010743421056996222 0.009647970614225967
0 0.210407308910204 0.40456613509551337 0.010092963343081266 0.010684650877247686
0 0.2498553317526112 0.3573230103306148 0.010113550269085426 0.01021703170693439
0 0.15601946478304657 0.02262968861538431 0.009369487347810165 0.008955276530721912
0 0.3061171407284944 0.30905584667039954 0.008883227472719938 0.008731427400008492
0 0.38406881042148755 0.47499213011368463 0.009346029032831606 0.008845287820567255
0 0.4566287838894387 0.4840512845827185 0.009256476941316025 0.009049363758253015
0 0.21988885299019195 0.27003199121226434 0.008979382722274117 0.00900280993917714
0 0.22404270586760147 0.08045460089393286 0.009331661721934443 0.009906732517740002
0 0.23633432388305664 0.2965327553127123 0.009179820185122282 0.009844945824664572
0 0.493723724199378 0.5216079380201257 0.009147187937860903 0.00946318584939708
0 0.15009101059125818 0.014683717942756153 0.00910191950590714 0.009455730733664139
0 0.18610362384630286 0.35970598070517823 0.010770901389743969 0.010093743386475937
0 0.3576980544173199 0.4106780446094016 0.009703071221061375 0.009577481643013332
0 0.2373488778653352 0.31036403904790466 0.009884689165198284 0.009916720182999321
0 0.32422859059727716 0.03629000679306362 0.008890718221664429 0.008941735910332722
0 0.1219650817954022 0.150480171908503 0.009600027747776197 0.010307032129038935
0 0.23004267526709515 0.4376264395921127 0.009556003238843836 0.009394821913346
0 0.10521886659705121 0.5139090911201809 0.012356467868970789 0.011751672495966372
0 0.10760929273522418 0.5586685305056365 0.008877816407576851 0.00922182331914487
0 0.3420934055162512 0.4429837724436884 0.008439810379691746 0.008982824242633322
0 0.1613710704057113 0.5204799278922703 0.009974614433620287 0.00931860053020975
0 0.26364352392113727 0.26936069778774097 0.009478050729502802 0.009036416592805283
0 0.17424148062001105 0.09083253663519153 0.010675057120945141 0.009831298952517302
0 0.1459183122800744 0.5051822455033012 0.010357100030650263 0.009440048881199049
0 0.4092797040939331 0.3819705584774847 0.009423287018485691 0.010185516398885975
0 0.39786407481069147 0.4696486670037974 0.00854653379191523 0.008618593215942383
0 0.08868920803070068 0.5774512809255848 0.009405395259027895 0.008320041324781336
0 0.14033304608386496 0.14172303158303964 0.009919840356577997 0.010102334229842476
0 0.08563460215278294 0.28455137169879413 0.01056584586267886 0.010291389797044836
0 0.25502543864042865 0.3390012409376061 0.010821777841319208 0.010185749634452488
0 0.11266761759053105 0.12849828471308172 0.01073529409325641 0.010369404502536938
0 0.24336731952169668 0.3822525636009548 0.009626388549804688 0.009772165961887526
0 0.49799172774605127 0.4767950876899388 0.008886917777683424 0.008862837501194166
0 0.25341310708419135 0.6353514194488525 0.010563954063083813 0.010580456775167713
0 0.066564477008322 0.1854731621949569 0.009721289510312288 0.009984161542809528
0 0.17453234610350235 0.13035876336305038 0.009682126667188562 0.010010294292284094
0 0.3022875060205874 0.4858701436415963 0.008952617645263672 0.011632649794868801
0 0.372622013092041 0.42722315373628034 0.009203744971233866 0.009033845818561056
0 0.2665079883907152 0.36802700680235156 0.009707720383353855 0.009666673515153967
0 0.1966834897580354 0.37298138245292334 0.010746126589567764 0.010193741839864979
0 0.4101395866145258 0.462522724400396 0.009116556333458942 0.009103588435960852
0 0.11598829082820726 0.46722519916036853 0.010244193284407906 0.011069588039232336
0 0.412197522495104 0.19766795116922128 0.008263204408728558 0.008215199346127718
0 0.29327853866245435 0.31540616698887036 0.009229722230330757 0.010057635929273523
0 0.1280439677445785 0.5182841653409211 0.009649743204531462 0.009473531142525051
0 0.2866419398266336 0.29849559327830444 0.00848846850187882 0.009290674458379332
0 0.12229456590569537 0.5526019697603971 0.009075216625047766 0.010217728822127632
0 0.15920480437900708 0.09927867806476096 0.009998031284498133 0.010057511536971382
0 0.3531981991684955 0.43565578564353624 0.009073542511981466 0.00937757284744926
0 0.1388798537461654 0.5639485276263693 0.010095192038494606 0.00875191066576087
0 0.17076977439548657 0.18498481874880585 0.010485110075577446 0.010042211283808168
0 0.12345475735871689 0.09368435196254564 0.010123024816098421 0.011155004086701767
0 0.17642652470132578 0.02839057601016501 0.00920662672623344 0.009657491808352263
0 0.28636390229930053 0.35632632219273114 0.009777753249458645 0.009491275186124056
0 0.11008299433666727 0.13937467077504034 0.010286548863286558 0.009898517442786175
0 0.12578857463339102 0.25425479723059613 0.01010726845782736 0.010519276494565218
0 0.4354198289954144 0.17225808164347772 0.009318641994310461 0.010050618130227795
0 0.4129431817842566 0.3947704252989396 0.009878977485325026 0.010073309359343155
0 0.17169944099757983 0.22838331305462384 0.010212939718495245 0.009674777155337126
0 0.4274204088293988 0.46791865514672315 0.010018804798955503 0.009463082189145296
0 0.2096938464952552 0.11625116804371709 0.009523267331330673 0.009501042573348335
0 0.34116358342378034 0.4199641269186268 0.01351159551869268 0.010322239087975544
0 0.07931684151939723 0.41811427344446594 0.009454721989838974 0.00976673416469408
0 0.3676757553349371 0.1387637128000674 0.007434979729030443 0.007606122804724652
0 0.27983447779779846 0.2841569237087084 0.008826919223951258 0.009202501048212465
0 0.5347188555676005 0.5100394228230352 0.012234459752621859 0.010268563809602158
0 0.3085648184237273 0.3579229090524756 0.01037765585857889 0.010204351466634998
0 0.07617646974066031 0.39563062398330023 0.009626829105874767 0.009984068248582922
0 0.22037610800369925 0.053235453108082656 0.009757767552914827 0.009727592053620712
0 0.07961723597153374 0.5977015287979789 0.008672620939171833 0.007823487986689028
0 0.13614463806152347 0.07175306133601976 0.00943861836972444 0.009219211080799932
0 0.13402984453284222 0.38113952978797594 0.010478745336117952 0.011465285135352093
0 0.11880327825960907 0.22894366927768872 0.00986989684726881 0.010260353917660921
0 0.09291370018668797 0.42157705970432446 0.010651090870732847 0.010607968205991
0 0.07956349331399669 0.3709629229877306 0.011542423911716625 0.010352025861325472
0 0.16192405120186187 0.1261039972305298 0.010174958602241848 0.01033006543698518
0 0.20127849993498426 0.3303101749523827 0.009097555409307066 0.00971088461253954
0 0.26826550649560016 0.2980036528214165 0.0088001126828401 0.009145031804623812
0 0.26211458703745966 0.3791551771371261 0.010378588800844938 0.010328754134800121
0 0.21268632100976034 0.1849765673927639 0.00944425748742145 0.009019872416620668
0 0.07381691362546838 0.3815887674041416 0.009806721106819485 0.009779717611229938
0 0.3464332974475363 0.5170420252758524 0.014825427013894787 0.009318165157152258
0 0.10724913037341574 0.38220809853595233 0.00972369442815366 0.010932963827381964
0 0.07101812829142032 0.07361732617668483 0.015317984249280847 0.013135738994764246
0 0.20345752135567047 0.3051788288614024 0.010130550550377888 0.009640071703040081
0 0.33968019485473633 0.045344544493633766 0.009269507034965183 0.00774451960688052
0 0.3317096337028172 0.4813327944797019 0.009019146794858187 0.009392479191655699
0 0.11741706599359926 0.041051937186199684 0.009880915932033373 0.01005963657213294
0 0.19354718664418097 0.12143158912658691 0.008545004803201427 0.009060113326362942
0 0.1911778346351955 0.34066665107789246 0.011413553486699644 0.00942855425502943
0 0.44025035526441497 0.24029876874840778 0.0066627004872197694 0.007296645123025646
0 0.22515403706094492 0.29103507166323456 0.009594481924305792 0.008985146232273268
0 0.23813268412714422 0.13054409752721371 0.008531321649966032 0.008555049481599228
0 0.42606011680934747 0.1837092897166376 0.007584903551184613 0.007138086401897928
0 0.08316971167274144 0.06079062949056212 0.010070899258489195 0.010425500247789465
0 0.2476293107737666 0.16454947513082757 0.00933037633481233 0.008646073548690132
0 0.3477993944416876 0.4544780565344769 0.009151355079982592 0.011636899865191917
0 0.4228623794472736 0.24710759909256644 0.008744768474413 0.008554064709207287
0 0.49992706464684533 0.4647368970124618 0.008586054262907608 0.00858033221700917
0 0.2912973631983218 0.5301360047381857 0.010176389113716457 0.010096632915994396
0 0.1313859690790591 0.15022066365117615 0.010530865710714588 0.009830682174019192
0 0.08835728272147798 0.30734144086423126 0.010843670886495838 0.010471945223600967
0 0.15964920106141464 0.4824343090472014 0.009278328522391941 0.01063463998877484
0 0.37452009449834406 0.15410474590633227 0.008223160453464674 0.01101318649623705
0 0.09082461180894272 0.05131102385728255 0.009921390077342157 0.009964937749116318
0 0.40226167181263806 0.2575393241384755 0.007459681967030401 0.00788197310074516
0 0.08353384422219318 0.5486069554867952 0.009159632351087488 0.010303248529848845
0 0.28059369584788446 0.5276115666265073 0.010206657907237177 0.010762504909349524
0 0.3190192968949027 0.35757136474484985 0.009450539298679518 0.010712227095728334
0 0.10188205864118494 0.5362996225771697 0.009243851122648819 0.00932473721711532
0 0.30566661254219385 0.0393051582833995 0.008899937505307405 0.009024858474731445
0 0.38817372529403016 0.1822321829588517 0.008283200471297554 0.007804891337519107
0 0.34662015023438825 0.5071733205214791 0.010032145873360012 0.009906540746274202
0 0.16078136796536652 0.41570747416952386 0.011127067648846169 0.011293349058731743
0 0.14742779213449228 0.48539938615716016 0.00857339734616487 0.009968602139016857
0 0.4031049686929454 0.4229250006053759 0.009294551351796026 0.009271714998328167
0 0.11197407867597496 0.09037884940271793 0.010596223499463953 0.010702682578045387
0 0.1858783493871274 0.13011822493179984 0.009278525476870329 0.00957978290060292
0 0.08307390627653702 0.3344390411739764 0.010448269222093664 0.010569257580715676
0 0.17084506801936938 0.07974282036656918 0.010090672451516857 0.010442702666572903
0 0.3809022592461627 0.26958705031353497 0.007741534191629162 0.0075133987095045
0 0.16904863585596502 0.10953857587731401 0.009011258249697477 0.010247126869533375
0 0.18071417186571204 0.287004626315573 0.010500907897949219 0.010233651036801546
0 0.19017373997232187 0.022435303615487144 0.00935531699139139 0.00973892471064692
0 0.17553927587426227 0.4367944157641867 0.009492977805759596 0.008970882581627888
0 0.19478181134099548 0.06599032101423843 0.009547586026399033 0.009584618651348612
0 0.34638841255851427 0.16984967045162036 0.008490417314612347 0.009435601856397547
0 0.10054624598959216 0.40448346863622253 0.008553069570790167 0.009788399157316788
0 0.15086234134176504 0.5380070209503174 0.008367538452148438 0.009483731311300526
0 0.4776948483093926 0.48086247755133593 0.008520965990812882 0.009140377459318741
0 0.1916921968045442 0.10343752218329388 0.009740103846010954 0.009485545365706734
0 0.313957286917645 0.42685090977212653 0.009422198585841967 0.009969773499862007
0 0.214128825975501 0.44535586626633356 0.009676850360372791 0.009729457938152811
0 0.39935852133709454 0.25013573273368506 0.007450974505880604 0.007950990096382473
0 0.17028609566066577 0.03721663355827332 0.009625103162682575 0.009456844433494236
0 0.37610416826994525 0.20977271121481192 0.00783012224280316 0.007571178933848505
0 0.21754872280618417 0.20897443398185397 0.009802196336829144 0.011181520379107933
0 0.44380716655565344 0.4379807555157205 0.011776841205099354 0.008191523344620415
0 0.2440592828004257 0.1725286452666573 0.00839301814203677 0.008895573408707329
0 0.08449717189954675 0.22778700745624048 0.010119230850883152 0.010186879531196926
0 0.3434652724991674 0.5169581744981848 0.008865784043851107 0.008845246356466541
0 0.19950084064317786 0.049795956715293556 0.010517306949781336 0.009124719578286877
0 0.3166556047356647 0.4453166671421217 0.01265959117723548 0.009833584661069124
0 0.12769042408984643 0.1411704913429592 0.010323410448820694 0.009686407835587212
0 0.13911838635154392 0.02296635249386663 0.00961230112158734 0.009982868381168531
0 0.3340186761773151 0.4476856200591377 0.009028372557266899 0.008486944696177607
0 0.1230457243712052 0.1066575464995011 0.010365071504012398 0.01010689528092094
0 0.1787916007249252 0.17093339691991394 0.010081218636554222 0.010313811509505562
0 0.4899710779604704 0.43139477916385816 0.009238865064538044 0.009296344674151876
0 0.36207027349732146 0.45742765949414355 0.007586887246611805 0.008081949807886638
0 0.13160258790721063 0.36974055611568957 0.00950927319733993 0.009130534918411919
0 0.36228813814080274 0.43879572723222815 0.008632919062738833 0.008607501569001572
0 0.39041664289391553 0.40853463825972186 0.009721921837848166 0.00989035419795824
0 0.3523880087811013 0.17423734457596488 0.0076691171397333556 0.00810185722682787
0 0.1658163899960725 0.4726510566213857 0.009076574574346128 0.008891209312107252
0 0.32864514641139814 0.34305224470470264 0.009160000344981318 0.010879278182983398
0 0.3269404952778764 0.5038201394288436 0.010681773819353268 0.008774404940397842
0 0.38225272686585143 0.2147168076556662 0.007858012033545452 0.0070751853611158285
0 0.09430650524471117 0.3400101791257443 0.010004219801529594 0.010196628777877144
0 0.25082756125408673 0.10511520116225533 0.009856887485670008 0.010274918183036472
0 0.16505745701167893 0.39080744981765747 0.01080377205558445 0.010114737178968347
0 0.10114598274230957 0.6067820839259935 0.008313718049422554 0.008557692818019701
0 0.06714807385983675 0.2930119659589684 0.00921996780063795 0.009584696396537449
0 0.13503987892814304 0.5536198408707328 0.009434637816055962 0.009627383688221807
0 0.22047700052675995 0.43405852110489557 0.009982979815939198 0.01113402325174083
0 0.4390577803487363 0.22616116896919583 0.006947196048239002 0.006960827371348505
0 0.34064869777016016 0.476830648339313 0.008279157721478006 0.008949860282566236
0 0.38197011792141466 0.44010216256846546 0.008602147516996964 0.009730878083602242
0 0.5045658816461978 0.5246162829191788 0.009959718455439028 0.013300190801205843
0 0.49443305057028064 0.449972707292308 0.008680053379224695 0.008177746897158415
0 0.2044739515885063 0.2058599513509999 0.009054847385572351 0.009969296662703804
0 0.3769488049590069 0.41526677815810487 0.010632737823154614 0.009766775628794794
0 0.5249135908873185 0.5034987822822903 0.009462667548138163 0.011735169783882473
0 0.4725483811419943 0.4737372346546339 0.010335549064304516 0.008824773456739344
0 0.3531665814959485 0.4683697949285094 0.007736633653226106 0.0076163748036260194
0 0.22037942513175632 0.13060344820437225 0.009206834046737007 0.0102453439132027
0 0.3898998213850934 0.49597590384276025 0.010469794273376465 0.011682686598404594
0 0.11447948476542598 0.40686650898145593 0.009268957635630732 0.008196664893108866
0 0.23583614307901132 0.34092277418012207 0.01001119613647461 0.010250042314114778
0 0.06890952068826427 0.6013548166855521 0.00853691930356233 0.008460604626199474
0 0.3870258383128954 0.20560832645582117 0.00670462069304093 0.006520603014075238
0 0.3067173024882441 0.3454425140567448 0.010252765987230383 0.009344870629517929
0 0.42379742083342187 0.37413079064825305 0.010475366011909817 0.009831765423650328
0 0.17649801399396814 0.489715928616731 0.009156569190647291 0.010076398434846298
0 0.30047770602867846 0.4218845788461617 0.007458177215305505 0.0061954428140753234
0 0.07811353258464647 0.5569187869196353 0.009573008703148884 0.010919197745945141
0 0.19111985745637314 0.27859816343887994 0.01070428931194803 0.00956738513448964
0 0.3070022748864215 0.051724019257918655 0.009504401165506115 0.00856843202010445
0 0.1583243349324102 0.08742700452389926 0.010003214297087296 0.009719620580258577
0 0.17518556118011475 0.39907156902810814 0.010584115982055664 0.010145602018936821
0 0.10235875067503555 0.39282022870105243 0.009422478468521782 0.009699230608732803
0 0.1508794401002967 0.5216185113658076 0.008748313655023989 0.009079394133194633
0 0.20621977681699005 0.016047986305278282 0.008840975554093071 0.008632852979328321
0 0.09111508079197098 0.3850568247878033 0.011406525321628735 0.011088832564975903
0 0.35790070243503735 0.2651292241137961 0.008403280506963316 0.008247603540835173
0 0.3885145187377929 0.1933532901432203 0.007930423902428669 0.008090081422225288
0 0.23178680046744965 0.08561443245929222 0.009623423866603685 0.010520105776579483
0 0.33375394538692804 0.5033601677936056 0.01034609519917032 0.009660472040591032
0 0.17661995473115344 0.10309136950451395 0.009905877320662788 0.009786388148432192
0 0.4008994027896074 0.18368704614831569 0.007739357326341711 0.006923364556354025
0 0.42183523592741595 0.17210598095603608 0.008144275001857592 0.007658699284429135
0 0.2522474371868631 0.2962490475696066 0.009091833363408628 0.010066177534020466
0 0.07490571685459303 0.28074280075404956 0.009285335955412491 0.010988712310791016
0 0.09880447387695314 0.6203460486038871 0.009048068005105724 0.007503053416376529
0 0.09660451826841936 0.5622845318006433 0.009068582368933636 0.010140750719153362
0 0.36181392229121667 0.4851525710976642 0.008942720682724663 0.009065389633178711
0 0.4659487268199091 0.44216868151789124 0.008266448974609375 0.00821548959483271
0 0.07208280459694238 0.02241578892521236 0.011166220125944717 0.011344068724176159
0 0.47284719218378485 0.4592152004656585 0.010136065275772758 0.00930413992508598
0 0.45503717920054565 0.3915955372478651 0.00936989162279212 0.010665307874264925
0 0.23936268557672918 0.2869677232659381 0.00880376152370287 0.009437042733897333
0 0.15992389554562775 0.03632013046223184 0.009306679601254671 0.01034225847410119
0 0.1236342709997426 0.03356573115224424 0.010160062624060589 0.009457759235216223
0 0.08258847309195477 0.14969865135524585 0.009898647018100904 0.009862630263618801
0 0.09822297614553702 0.3761404182599938 0.009308203406955885 0.010056122489597485
0 0.34661295232565514 0.4187024779941725 0.008435708025227423 0.007897128229555876
0 0.40323210021723865 0.2440834460051163 0.005900325982466988 0.0061281453008237095
0 0.06696743809658548 0.5930145823437235 0.008733640546384066 0.01132722522901452
0 0.08550885449285092 0.45229610152866534 0.009959386742633322 0.011776571688444717
0 0.180502290311067 0.1215018655942834 0.008040345233419666 0.008752086888188902
0 0.2650930881500244 0.32479409096033685 0.009977734607198963 0.00975543649300285
0 0.12193273461383322 0.359179455301036 0.010250340337338655 0.009231650311013927
0 0.08686139531757521 0.3571985078894574 0.009989588156990383 0.009553909301757812
0 0.4892085220502771 0.4816040474435557 0.00935500601063604 0.009078129478122877
0 0.10980606079101562 0.5913569823555325 0.008839171865712042 0.01031394626783288
0 0.1683421756910241 0.4079031711039336 0.009104065273119055 0.009517052899236265
0 0.3749786693116892 0.4753267661384914 0.009791213533152704 0.010126901709515114
0 0.2350995436958645 0.4724571238393369 0.00906935982082201 0.009318113327026367
0 0.3759543636570806 0.16251445334890618 0.00738636307094408 0.00781385794929836
0 0.27761103795922315 0.2932364215021548 0.00855087197345236 0.009699158046556555
0 0.17228186130523682 0.4323008526926455 0.009304471637891687 0.010420353516288425
0 0.0733943892561871 0.03138706735942675 0.010743446972059168 0.009260255357493525
0 0.37537721706473315 0.26366733468097187 0.008101717285487963 0.007349138674528703
0 0.20871680715809698 0.2763172439906908 0.009627010511315388 0.00894691633141559
0 0.21289362078127655 0.49291259309519886 0.008386798526929773 0.009039194687553074
0 0.3183445826820705 0.011555988179600758 0.008276752803636633 0.007678106427192688
0 0.21344536283741827 0.04201451980549357 0.009512383004893427 0.009073964927507483
0 0.18164031401924466 0.05048872854398644 0.01085986261782439 0.00911694505940313
0 0.29518685133560846 0.30354718540025794 0.009091708971106487 0.008764287699823793
0 0.4683737029200015 0.4167470672856207 0.010637221129044243 0.009601478991301163
0 0.32483622609414964 0.44738857642464014 0.008271445732806687 0.007545948028564453
0 0.16493182078651764 0.5369206511456034 0.009088899778283161 0.008991656096085258
0 0.26636707264444104 0.3561364101326984 0.009641253429910412 0.009724896887074347
0 0.13530090062514596 0.4064429117285687 0.009594720342884893 0.009187988612962805
0 0.2011339975439984 0.0812178487363069 0.009474464084791101 0.009606081506480341
0 0.18149284694505774 0.5037579536437988 0.008897905764372452 0.009755715079929518
0 0.08412573648535687 0.07266435415848442 0.00939960065095321 0.00946671029795771
0 0.20123274429984714 0.13677118135535202 0.009178078692892323 0.00866898246433424
0 0.180937963983287 0.3765829153682874 0.011520033297331436 0.012970597847648289
0 0.07926165539285411 0.5698069593180781 0.008867730265078337 0.008506920026696247
0 0.20631027221679685 0.027739960214366085 0.009472639664359715 0.009335066961205524
0 0.4336665661438651 0.24339017660721488 0.006409987159397291 0.0060073811074961795
0 0.3665185052415598 0.4174033869867738 0.008400435033051865 0.010232593702233356
0 0.09304157547328783 0.6057551218115765 0.008718117423679518 0.00931238091510275
0 0.08912174079729164 0.397743266561757 0.009847692821336828 0.009479854417883831
0 0.08666144505791044 0.5942426142485246 0.009146415668985119 0.009177954300590183
0 0.06941731857216876 0.374430309171262 0.007834564084592073 0.008198520411615786
0 0.08741026857624884 0.556988757589589 0.009022557217141857 0.009131721828294836
0 0.3659014403820038 0.4478835489438928 0.009077504925105883 0.009909702383953592
0 0.29397240928981616 0.3607566810172537 0.008721724800441576 0.008715445580689804
0 0.20454500032507852 0.07159092892771182 0.009680250416631285 0.010590268217999
0 0.07329990552819293 0.575500954752383 0.009542392647784689 0.009982171265975288
0 0.10682809871176013 0.5965475828751273 0.010951705600904383 0.011261483897333559
0 0.14631403529125714 0.04320212680360545 0.00895443169966988 0.009508130343064018
0 0.48460503302409036 0.46655247089322055 0.008865397909413214 0.009196291799130648
0 0.23733490446339484 0.17956744069638458 0.009174160335374914 0.00860794730808424
0 0.37302900915560516 0.40567101602968964 0.008580446243286133 0.007477843243142834
0 0.4299404102823008 0.4337558487187262 0.009833957837975544 0.008980719939522121
0 0.23194433295208478 0.10610613615616508 0.01009344018023947 0.009966850280761719
0 0.12598322785418967 0.015907208556714264 0.009150277013364046 0.011512722658074421
0 0.5104137503582499 0.4952527336452318 0.009443863578464674 0.010032156239385191
0 0.14009725010913351 0.08507309530092323 0.009636205175648565 0.008614068445952042
0 0.13382933969083038 0.5014785476352858 0.008273757022360096 0.009125792461892834
0 0.38718862118928327 0.1477453086687171 0.008764515752377718 0.010156921718431555
0 0.14734491576319153 0.5543690764385721 0.009112866028495457 0.008908437645953634
0 0.4188275129898734 0.1566574314366216 0.01009393774944803 0.01077580451965332
0 0.12314794374548871 0.07092918261237768 0.01068283163982889 0.00911855179330577
0 0.15650488501009735 0.06890756928402444 0.009917311046434485 0.011290659075197966
0 0.31231021825167704 0.43382797626729686 0.007419377742420891 0.007776375893012907
0 0.14304733794668448 0.5624591578607974 0.008295961048292078 0.007876603499702785
0 0.06948358597962753 0.2997290155161982 0.009161607078883959 0.010647732278575068
0 0.10888209550277046 0.3589774862579677 0.010273933410644531 0.012035198833631433
0 0.20277056486710254 0.3498057567554971 0.01007316423499066 0.010112674339957859
0 0.19869902859563415 0.3623894815859588 0.009838166444197945 0.009401653123938519
0 0.5202756653661313 0.49029888277468475 0.011693270310111668 0.010193928428318188
0 0.15195838264797046 0.07652133444081181 0.008949922478717306 0.00919751499010169
0 0.20059989846271015 0.13149600443632706 0.008547575577445652 0.00993316069893215
0 0.10061627885569698 0.5508593890977942 0.00960335524185844 0.010427682296089504
0 0.16188482097957446 0.056500903938127595 0.010465383529663086 0.009552079698313837
0 0.13390996663466745 0.09421458969945494 0.010076429532921833 0.01368098673613175
0 0.14597339733787204 0.058080758737481156 0.00896589652351711 0.01037070543869682
0 0.0876122272532919 0.3434608915577764 0.011853254359701405 0.009114928867505945
0 0.3696731691775115 0.45640866652778944 0.008838197459345278 0.009153034376061481
0 0.3922835018323815 0.500979060712068 0.00794381680695907 0.008662866509479025
0 0.39226011089656665 0.461353960244552 0.00862531040025794 0.008327473764834196
0 0.21529698371887207 0.020121528402618737 0.00948228006777556 0.012663627448289291
0 0.4363175267758577 0.3869735676309336 0.009094569994055706 0.008297153141187586
0 0.12228119373321533 0.5016781454500945 0.009268522262573242 0.01064605298249618
0 0.25920400412186334 0.3000258362811545 0.010467218316119652 0.009377562481424084
0 0.4907130573106848 0.45931083223094105 0.008281583371369736 0.008551265882409138
0 0.09205108103544817 0.11248513408329176 0.010352715201999829 0.01070726436117421
0 0.503128715183424 0.43631104282710864 0.008688802304475204 0.008580549903537916
0 0.2225235130475915 0.044261205455531236 0.008469975512960682 0.008136762225109598
0 0.43563763068802763 0.21694349690967404 0.006351305090862772 0.005656677743662958
0 0.1111974923507027 0.03058035995649255 0.009830454121465269 0.009468710940817127
0 0.23485145361527152 0.17270431829535443 0.007900756338368292 0.008687444355176844
0 0.10299686763597572 0.4141257534856381 0.008747888647991678 0.010567250459090523
0 0.4596233562744376 0.4482190274571295 0.008266448974609375 0.00821548959483271
0 0.4807995967962338 0.44876905890615115 0.008266448974609375 0.00821548959483271
0 0.4862999190096874 0.4418936657933805 0.008266448974609375 0.00821548959483271
0 0.48602490289901473 0.434743256956099 0.008266448974609375 0.00821548959483271
0 0.48162464512825187 0.4385934770992506 0.008266448974609375 0.00821548959483271
0 0.4766743551361438 0.43501827268060994 0.008266448974609375 0.00821548959483271
0 0.47254911347605366 0.4308930368129475 0.008266448974609375 0.00821548959483271
0 0.4678738395946182 0.433368178333545 0.008266448974609375 0.00821548959483271
0 0.45742322738905644 0.43776842992571824 0.008266448974609375 0.00821548959483271
0 0.46072342071712863 0.4292429424658826 0.008266448974609375 0.00821548959483271
0 0.45659817905703853 0.425392722322731 0.008266448974609375 0.00821548959483271
0 0.4541230340609845 0.4157671719648521 0.008266448974609375 0.00821548959483271
0 0.45219792128627584 0.4088917788520814 0.008266448974609375 0.00821548959483271
0 0.4436724218554229 0.39156578820789933 0.008266448974609375 0.00821548959483271
0 0.4312966968751524 0.39404092972849675 0.008266448974609375 0.00821548959483271
0 0.4260713907723715 0.39404092972849675 0.008266448974609375 0.00821548959483271
0 0.4191959880055546 0.3819402378500204 0.008266448974609375 0.00821548959483271
0 0.4395471801953328 0.4113669203726788 0.008266448974609375 0.00821548959483271
0 0.4420223251913869 0.4020163857393106 0.008266448974609375 0.00821548959483271
0 0.4601733884957836 0.4033914643618647 0.008266448974609375 0.00821548959483271
0 0.45824827572107474 0.4088917788520812 0.008266448974609375 0.00821548959483271
0 0.4475226474048403 0.41961739210800353 0.008266448974609375 0.00821548959483271
0 0.44642258296214954 0.4273178323943067 0.008266448974609375 0.00821548959483271
0 0.4395471801953326 0.4218175179040901 0.008266448974609375 0.00821548959483271
0 0.4296466002111163 0.4135670461687653 0.008266448974609375 0.00821548959483271
0 0.43294679353918836 0.40366648008637557 0.008266448974609375 0.00821548959483271
0 0.4832299524707271 0.47287783255696964 0.008865397909413214 0.009196291799130648
0 0.3593201123905947 0.4513773135549053 0.007586887246611805 0.008081949807886638
0 0.35684496739454064 0.44477693616664543 0.007586887246611805 0.008081949807886638
0 0.3840715623511358 0.4285510084205067 0.007586887246611805 0.008081949807886638
0 0.36509545071472105 0.4021494988674673 0.007586887246611805 0.008081949807886638
0 0.11202944744861298 0.543433964536002 0.007678242467150003 0.0060274307039169675
0 0.11202944744861298 0.548384247577197 0.007678242467150003 0.0060274307039169675
0 0.1114794152272676 0.5393087286683397 0.007678242467150003 0.0060274307039169675
0 0.11615468910870314 0.5354585085251881 0.007678242467150003 0.0060274307039169675
0 0.1469564935040431 0.5302332097594823 0.007678242467150003 0.0060274307039169675
0 0.16483254069776732 0.5016315744103563 0.007678242467150003 0.0060274307039169675
0 0.15355688016018745 0.49750633854269394 0.007678242467150003 0.0060274307039169675
0 0.15190678349615136 0.492556055501499 0.007678242467150003 0.0060274307039169675
0 0.15795713793095031 0.49228103977698817 0.007678242467150003 0.0060274307039169675
0 0.16895778235785738 0.48815580390932584 0.007678242467150003 0.0060274307039169675
0 0.17005784680054808 0.5065818574515512 0.007678242467150003 0.0060274307039169675
0 0.11835481799408461 0.508506967523127 0.007678242467150003 0.0060274307039169675
0 0.13788096185184476 0.5362835556987203 0.007678242467150003 0.0060274307039169675
0 0.14888160627875194 0.5461841217811101 0.007678242467150003 0.0060274307039169675
0 0.0922282874801802 0.569835474089041 0.007678242467150003 0.0060274307039169675
0 0.08067761083192769 0.5822111816920282 0.007678242467150003 0.0060274307039169675
0 0.08232770749596377 0.5899116219783311 0.007678242467150003 0.0060274307039169675
0 0.20666426710910563 0.48371090798145644 0.008714427118716032 0.009136407271675442
0 0.21271462154390455 0.4839859237059673 0.008714427118716032 0.009136407271675442
0 0.3046029476887686 0.4262848304383348 0.007458177215305505 0.0061954428140753234
0 0.22153894965422807 0.2799325572946541 0.008979382722274117 0.00900280993917714
0 0.3656011535338724 0.26237906686868784 0.008403280506963316 0.008247603540835173
0 0.4156540856762998 0.23515251014211602 0.008403280506963316 0.008247603540835173
0 0.40551001370674683 0.18940761092041425 0.006373250387930085 0.006069548918727543
0 0.41234054839880535 0.1798448757789955 0.006373250387930085 0.006069548918727543
0 0.41387741870451855 0.1719897719128301 0.006373250387930085 0.006069548918727543
0 0.400387112687703 0.16772069372469678 0.006373250387930085 0.006069548918727543
0 0.39270276115913716 0.1695990881274754 0.006373250387930085 0.006069548918727543
0 0.39867947901468836 0.17472198195323543 0.006373250387930085 0.006069548918727543
0 0.4049977236048425 0.15645032730802463 0.006373250387930085 0.006069548918727543
0 0.40294856319722494 0.14500919776382723 0.006373250387930085 0.006069548918727543
0 0.3959472651378649 0.15371811726761928 0.006373250387930085 0.006069548918727543
0 0.38177390565184344 0.158157958583278 0.006373250387930085 0.006069548918727543
0 0.3921904710572328 0.16054864236863267 0.006373250387930085 0.006069548918727543
0 0.3973133720762765 0.1433015664885739 0.006373250387930085 0.006069548918727543
0 0.4301732029343805 0.21830960192987642 0.003960617948642823 0.004290572723460789
0 0.43273465344390233 0.22940920521902314 0.003960617948642823 0.004290572723460789
0 0.43836984456485056 0.23197065213190318 0.003960617948642823 0.004290572723460789
0 0.4293193860978732 0.2355566778099352 0.003960617948642823 0.004290572723460789
0 0.41565831671375614 0.22633546892356718 0.003960617948642823 0.004290572723460789
0 0.4107061790620137 0.22736004768871917 0.003960617948642823 0.004290572723460789
0 0.40507098794106505 0.22505474546712698 0.005668251621657754 0.006168967126239202
0 0.40592480477757276 0.21848036505740176 0.003960617948642823 0.004290572723460789
0 0.40524175130836687 0.2072099986407297 0.003960617948642823 0.004290572723460789
0 0.4110477057966167 0.20806381427835635 0.003960617948642823 0.004290572723460789
0 0.41497526324455025 0.21045449806371097 0.003960617948642823 0.004290572723460789
0 0.4168536602848663 0.21523586563442032 0.003960617948642823 0.004290572723460789
0 0.42043969099819706 0.21523586563442032 0.003960617948642823 0.004290572723460789
0 0.42095198110010146 0.21899265443997767 0.003960617948642823 0.004290572723460789
0 0.4247087751807335 0.21865112818492696 0.003960617948642823 0.004290572723460789
0 0.42556259201724084 0.2270185214336683 0.003960617948642823 0.004290572723460789
0 0.4211227444674027 0.2282138633263456 0.003960617948642823 0.004290572723460789
0 0.42283037814041735 0.23214141525942827 0.003960617948642823 0.004290572723460789
0 0.4262456454864466 0.2304337839841749 0.003960617948642823 0.004290572723460789
0 0.4241964850788292 0.2302630208566496 0.003960617948642823 0.004290572723460789
