0 0.508152 0.058424 0.013587 0.016304
0 0.5095109999999999 0.017663 0.016304 0.01087
0 0.527174 0.0625 0.016304 0.016304
0 0.5407609999999999 0.027174 0.019022 0.013587
0 0.5740490000000001 0.044158 0.012228 0.014946
0 0.58356 0.016984 0.017663 0.009511
0 0.5876360000000002 0.111413 0.014946 0.013587
0 0.589674 0.078804 0.013587 0.01087
0 0.589674 0.064538 0.013587 0.012228
0 0.590353 0.137908 0.014946 0.012228
0 0.5923909999999999 0.029891 0.016304 0.01087
0 0.5930710000000001 0.125 0.014946 0.013587
0 0.5951089999999999 0.095788 0.016304 0.012228
0 0.5998640000000001 0.03940199999999999 0.012228 0.01087
0 0.6012229999999998 0.072011 0.009511 0.01087
0 0.60462 0.022417999999999997 0.013587 0.012228
0 0.608696 0.125679 0.013587 0.014946
0 0.6175270000000002 0.027853000000000003 0.014946 0.009511
0 0.6182070000000001 0.061820999999999994 0.01087 0.012228
0 0.6202450000000002 0.04143999999999999 0.012228 0.012228
0 0.6243210000000001 0.09850500000000001 0.012228 0.014946
0 0.6277169999999999 0.115489 0.016304 0.013587
0 0.627717 0.08356 0.013587 0.012228
0 0.631793 0.055027 0.013587 0.012228
0 0.6317930000000002 0.036005 0.01087 0.009511
0 0.636549 0.017663 0.02038 0.01087
0 0.63519 0.101223 0.009511 0.014946
0 0.642663 0.043478 0.013587 0.013587
0 0.650815 0.076087 0.016304 0.008152
0 0.651495 0.057745 0.009511 0.014946
0 0.65625 0.11481 0.016304 0.012228
0 0.661005 0.021739 0.02038 0.013587
0 0.658288 0.088315 0.012228 0.013587
0 0.661685 0.068614 0.013587 0.012228
0 0.661005 0.057745 0.009511 0.012228
0 0.66644 0.127717 0.02038 0.01087
0 0.6705160000000001 0.11412999999999998 0.012228 0.019022
0 0.6718750000000001 0.079484 0.012228 0.017663
0 0.6813859999999999 0.11412999999999998 0.009511 0.019022
0 0.6874999999999999 0.184103 0.019022 0.012228
0 0.689538 0.066576 0.012228 0.013587
0 0.6942929999999999 0.197011 0.016304 0.01087
0 0.692935 0.118886 0.01087 0.014946
0 0.6936140000000001 0.09035299999999999 0.012228 0.017663
0 0.701087 0.141984 0.019022 0.012228
0 0.701087 0.16712 0.013587 0.016304
0 0.7092389999999998 0.109375 0.01087 0.017663
0 0.713995 0.153533 0.02038 0.01087
0 0.713315 0.091033 0.01087 0.01087
0 0.716033 0.034647000000000004 0.013587 0.009511
0 0.7173910000000001 0.108016 0.008152 0.014946
0 0.720788 0.047554 0.014946 0.01087
0 0.7255429999999999 0.08288000000000001 0.016304 0.013587
0 0.7248640000000001 0.068614 0.012228 0.012228
0 0.7275820000000001 0.12160299999999999 0.014946 0.014946
0 0.72962 0.037364 0.013587 0.009511
0 0.735054 0.095109 0.016304 0.01087
0 0.7391299999999998 0.139266 0.019022 0.009511
0 0.738451 0.14877699999999996 0.014946 0.012228
0 0.737772 0.04823399999999999 0.01087 0.012228
0 0.746603 0.018342 0.014946 0.012228
0 0.747962 0.061820999999999994 0.014946 0.012228
0 0.7459240000000001 0.109375 0.008152 0.012228
0 0.758152 0.09782600000000001 0.016304 0.008152
0 0.762908 0.13519 0.014946 0.009511
0 0.7669839999999999 0.086957 0.023098 0.013587
0 0.764946 0.12160299999999999 0.013587 0.014946
0 0.766304 0.057745 0.016304 0.014946
0 0.7669840000000001 0.074049 0.014946 0.012228
0 0.786685 0.046875 0.021739 0.012228
0 0.783288 0.115489 0.012228 0.016304
0 0.7873640000000001 0.033967 0.017663 0.01087
0 0.800272 0.05638599999999999 0.013587 0.012228
0 0.8057069999999998 0.092391 0.013587 0.01087
0 0.8104620000000001 0.08152200000000001 0.012228 0.008152
0 0.813179 0.050950999999999996 0.009511 0.012228
0 0.82337 0.065897 0.019022 0.009511
0 0.82269 0.07337 0.014946 0.005435
0 0.830842 0.052988999999999994 0.014946 0.01087
0 0.83356 0.084918 0.017663 0.012228
0 0.835598 0.039402 0.01087 0.013587
0 0.838315 0.023098 0.013587 0.016304
0 0.840353 0.110054 0.014946 0.013587
0 0.851902 0.022418 0.013587 0.014946
0 0.855299 0.05298900000000001 0.009511 0.013587
0 0.858696 0.066576 0.008152 0.013587
0 0.875 0.07472799999999999 0.01087 0.016304
0 0.877038 0.017663 0.012228 0.01087
0 0.880435 0.05298900000000001 0.013587 0.013587
0 0.8811139999999998 0.09782599999999998 0.014946 0.016304
0 0.889946 0.065897 0.016304 0.012228
0 0.888587 0.019022 0.01087 0.013587
0 0.8892660000000001 0.078125 0.012228 0.012228
0 0.889946 0.039402 0.01087 0.013587
0 0.902853 0.057745 0.017663 0.012228
0 0.9001359999999999 0.029212 0.009511 0.014946
0 0.902853 0.08152200000000001 0.012228 0.013587
0 0.904212 0.110734 0.009511 0.017663
0 0.908967 0.070652 0.013587 0.01087
0 0.911685 0.016984 0.01087 0.006793
0 0.913723 0.108696 0.006793 0.01087
0 0.918478 0.037363999999999994 0.013587 0.012228
0 0.919158 0.092391 0.012228 0.01087
0 0.921196 0.02106 0.008152 0.012228
0 0.923913 0.108016 0.013587 0.014946
0 0.92663 0.08016300000000001 0.013587 0.013587
0 0.92731 0.043478 0.009511 0.013587
0 0.9307070000000001 0.019701 0.008152 0.012228
0 0.9320649999999999 0.057065000000000005 0.005435 0.013587
