0 0.6520279179448667 0.4297922175863515 0.007995439612347147 0.007998300635296366
0 0.5867276606352432 0.30865912852079974 0.010151448457137398 0.00943198411361031
0 0.6081969427025836 0.5343784663988196 0.010363578796386719 0.008410661116890285
0 0.6318265458811885 0.3797187183214271 0.007670734239661176 0.007862381313158117
0 0.597341247226881 0.5337429668592371 0.008124973462975544 0.007736164590586786
0 0.6222986138385275 0.5405526679495106 0.007863003274668818 0.007018649059793224
0 0.5924395892931067 0.3750419202058211 0.00843848352846892 0.008691456006920856
0 0.6049355631289275 0.4733091437298318 0.008780520895253057 0.008629425712253736
0 0.6681894945061724 0.38946417103643005 0.00906241458395253 0.008264541625976562
0 0.5902754327525264 0.32986451231915026 0.010194197944972828 0.010135588438614555
0 0.688290969185207 0.5422183534373408 0.007132820461107336 0.006823125092879585
0 0.6683806129123855 0.5584875189739725 0.009115302044412365 0.007465362548828125
0 0.5930872170821481 0.5527175820392111 0.008804113968558933 0.009410858154296875
0 0.6433537110038425 0.4219849109649658 0.008027781610903532 0.007926712865414827
0 0.5803737329400104 0.43857812881469727 0.007967098899509596 0.007387949072796366
0 0.5910452345143193 0.5257509894992994 0.008298915365467901 0.00807463604470958
0 0.6678768448207688 0.4390809432319973 0.007708466571310291 0.007959697557532269
0 0.6257976863695227 0.591147982555887 0.008686314458432405 0.008798972420070482
0 0.9016268978948178 0.2788255940312925 0.008754854616911514 0.009118785028872282
0 0.6121237174324368 0.43646699449290394 0.008239953414253567 0.007786522740903108
0 0.5852526996446692 0.40439519156580384 0.008672009343686312 0.009948740834775179
0 0.5270865067191746 0.3089808173801588 0.01062774658203125 0.009789383929708729
0 0.522636486136395 0.32231649108555005 0.010293608126432999 0.010256083115287449
0 0.6654679878898289 0.4085390775100045 0.009066747582477072 0.008351844290028448
0 0.7124926732934039 0.43044570736263116 0.006641346475352411 0.007208046705826469
0 0.6033419111500615 0.3831906603730243 0.007882201153299084 0.008328463720238728
0 0.5475171752597974 0.3400023281574249 0.010103267172108526 0.010816115400065546
0 0.6038608136384384 0.42734923570052435 0.008373426354449728 0.008513450622558594
0 0.6590516048928967 0.5523718336354131 0.007942614348038383 0.007728286411451258
0 0.9032952267190685 0.27002664234327234 0.007614052813986073 0.008698546368142834
0 0.6498047994530718 0.36512362438699475 0.00851892388385275 0.008747681327488111
0 0.6118770371312682 0.3994825404623281 0.008224342180335003 0.007823985555897589
0 0.6572153464607573 0.44399160924165143 0.00842446866242782 0.008233588674794073
0 0.6117867386859396 0.4932501989862193 0.007902518562648607 0.007599675137063732
0 0.5854081278261932 0.2958767103112262 0.009493205858313519 0.00919180331022843
0 0.6288974596106488 0.42254642299983813 0.008084006931470789 0.007726824801901112
0 0.6577457759691321 0.42190263582312537 0.007838954096255095 0.007922835971998133
0 0.6505718438521676 0.5630822078041409 0.007974251456882643 0.007952918177065641
0 0.6293153970137887 0.57076997342317 0.007747276969577955 0.00943756103515625
0 0.5770444559014362 0.5394259743068528 0.009267122849174168 0.008338596509850544
0 0.5867611428965693 0.5341399856235669 0.008252682893172554 0.00826275866964589
0 0.6323308944702148 0.5913558213607125 0.009558802065641983 0.0066029921821925954
0 0.6530030292013417 0.4605219571486763 0.008333537889563519 0.008188807446023693
0 0.7772709597711978 0.4131339114645254 0.006531881249469259 0.007232002590013586
0 0.653226085331129 0.5767749703448751 0.008604671644127888 0.007977278336234715
0 0.601312658061152 0.3684955887172533 0.0094025238700535 0.008214245671811312
0 0.6533491300499956 0.3876301931298297 0.008822648421577785 0.008550519528596298
0 0.7703129104945972 0.4338646919830985 0.006325555884319803 0.005441116250079611
0 0.6379476422848909 0.554755977962328 0.007387949072796366 0.007846376170282778
0 0.5706562373949133 0.3087895434835683 0.009319305419921875 0.008912584056024965
0 0.56275809329489 0.28985228745833685 0.010154019231381624 0.009077445320461107
0 0.7431475597879161 0.370130023230677 0.0067365065864894704 0.007426920144454292
0 0.6292623851610266 0.47492955560269556 0.0076133893883746605 0.007463942403378694
0 0.6063579061756963 0.3578554858332095 0.009165888247282608 0.008038520812988281
0 0.6195138433705205 0.44985642640487 0.00947396651558254 0.007862837418265965
0 0.6391644477844239 0.3971887049467667 0.00765365103016729 0.007919021274732508
0 0.7223024782927139 0.3448411174442457 0.008548156074855639 0.008492034414540167
0 0.6495875275653341 0.5444023920142133 0.008038935453995415 0.007680188054623811
0 0.7153218103491742 0.3968647873919943 0.008098146189814028 0.007598172063412873
0 0.6123206511787747 0.3837597266487453 0.00818634033203125 0.008007754450259
0 0.6554705992988918 0.4013828505640445 0.008911298668902853 0.008285252944282864
0 0.5837037459663723 0.42481463888417115 0.008356840714164402 0.0077465720798658285
0 0.5217572709788447 0.2949981585792873 0.01050729336945907 0.00961285052092179
0 0.6441557511039402 0.37976426922756695 0.007825851440429688 0.008522028508393661
0 0.7824773373811142 0.42156482779461407 0.008341747781504755 0.008016047270401665
0 0.6700097374294114 0.4169890880584717 0.007970561151919157 0.008451192275337551
0 0.6086433659429136 0.5074272052101467 0.009328510450280231 0.008243457130763842
0 0.6214583542035974 0.485648714977762 0.008016316787056301 0.007729862047278363
0 0.6740700265635614 0.5588392382082733 0.008757964424465014 0.006795261217200238
0 0.642278007839037 0.47168780409771466 0.008518550706946331 0.008352590643841288
0 0.7596374801967456 0.45221583739570953 0.005533011063285496 0.006194239077360734
0 0.7232618124588676 0.49645853560903797 0.007016513658606488 0.005368761394334875
0 0.6753013237662937 0.34737914800643915 0.007537800332774286 0.007925536321557087
0 0.6773892278256624 0.3969158219254535 0.008629176927649456 0.011474687120188837
0 0.6312335885089376 0.4968706006589143 0.007867813110351562 0.00690447765847911
0 0.7166806303936503 0.4184852475705354 0.007369041442871094 0.006160528763480808
0 0.6366138665572457 0.48549599232880963 0.00821034804634426 0.0068964128908903695
0 0.7168203436810038 0.35616480785867444 0.0077281620191491165 0.007634204366932745
0 0.6142970582713252 0.5188554162564485 0.005982481915017834 0.007338834845501444
0 0.6486878913381824 0.3399120400781218 0.009633458178976307 0.006836567236029584
0 0.6209051298058551 0.37250371601270593 0.009204449860945992 0.007318869881007982
0 0.7571990386299465 0.4811126563860022 0.008140895677649456 0.0066635090371836795
0 0.7619554063548212 0.465536532194718 0.005753434222677479 0.0056503130042034645
0 0.7481869390258232 0.48602799408738084 0.005459491799945241 0.0057203319095207
0 0.6684431615083113 0.3799159837805707 0.008545875549316406 0.0077037811279296875
0 0.6329105729642122 0.3616673842720363 0.006964994513470194 0.007132239963697351
0 0.6334885099659795 0.4626783495363982 0.008279344309931215 0.007895635521930197
0 0.6991843146331524 0.534145679747889 0.0051792904703003625 0.004390092918172943
0 0.6736442317133365 0.45397827417954156 0.0066174216892408285 0.008615566336590311
0 0.7067207460818082 0.5016542724941088 0.007612352785856828 0.006320580192234205
0 0.6727252066157667 0.3674589515065818 0.004871360445063711 0.006419248699829642
0 0.6512075092481531 0.4929047563801641 0.008390924204950747 0.00778843008953592
0 0.6782081230827001 0.5515402296315068 0.006804549175760021 0.008476050003715183
0 0.7037981489430303 0.40581388058869733 0.006492407425590183 0.006486146346382473
0 0.6758691331614619 0.4099605187125828 0.006700391354768172 0.007031274878460428
0 0.6970374273217242 0.42485280658887786 0.00663894155751104 0.006722781969153363
0 0.5965139451234236 0.412722022637077 0.007844033448592476 0.00791372423586638
0 0.6143212940381921 0.524340069812277 0.00695701267408288 0.00795982194983441
0 0.5746924980827 0.43024494336998986 0.00675188976785411 0.009176088416058084
0 0.6551620545594588 0.3395220080147619 0.007174719934878142 0.00628205745116524
0 0.6783766746520996 0.49071127435435413 0.007612186929453974 0.007085012352984884
0 0.5800191734148108 0.2953905437303626 0.009835637134054432 0.008724627287491508
0 0.6396846324443807 0.5830404186954603 0.008604671644127888 0.007977278336234715
0 0.6639379808982581 0.5454477285919501 0.008604671644127888 0.007977278336234715
0 0.6225051772895506 0.5290767183855831 0.008604671644127888 0.007977278336234715
0 0.6392804099701492 0.5682862983860183 0.008604671644127888 0.007977278336234715
0 0.6514070841970881 0.5298851633340455 0.008604671644127888 0.007977278336234715
0 0.6386740762588022 0.5391822802413654 0.008604671644127888 0.007977278336234715
0 0.6461521920320813 0.5347358330248211 0.008604671644127888 0.007977278336234715
0 0.6562577538878636 0.5379696128186714 0.008604671644127888 0.007977278336234715
0 0.6354402964649519 0.5276619397257735 0.008604671644127888 0.007977278336234715
0 0.6293769593514825 0.5363527229217462 0.008604671644127888 0.007977278336234715
0 0.6212925098668566 0.5135141531276781 0.008604671644127888 0.007977278336234715
0 0.6316001829597535 0.5127057081792165 0.005775114324510489 0.00636038843931056
0 0.6368550751247612 0.5116951519936374 0.008604671644127888 0.007977278336234715
0 0.654026106894624 0.34821279121073473 0.007174719934878141 0.00628205745116524
0 0.6672887287863978 0.35609512945824506 0.007174719934878142 0.00628205745116524
0 0.6860850738381528 0.3453832338911159 0.007174719934878142 0.00628205745116524
0 0.6919462997145064 0.3403304529632247 0.007174719934878142 0.00628205745116524
0 0.6988180817764383 0.3389156743034152 0.007174719934878142 0.00628205745116524
0 0.7038708627043296 0.34073467543745606 0.007174719934878142 0.00628205745116524
0 0.7109447560033771 0.3403304529632247 0.007174719934878142 0.00628205745116524
0 0.7149869807456902 0.34518112265400014 0.007174719934878142 0.00628205745116524
0 0.7139764245601121 0.35063812605612255 0.007174719934878142 0.00628205745116524
0 0.7349959932201391 0.3657964688397961 0.007174719934878142 0.00628205745116524
0 0.7309537684778264 0.35953102048921104 0.007174719934878142 0.00628205745116524
0 0.7416656640449557 0.3621584665717144 0.007174719934878142 0.00628205745116524
0 0.7657169012617174 0.3870181487369389 0.007174719934878142 0.00628205745116524
0 0.6347298463895583 0.35196958001629225 0.0064916664656726845 0.0055990049410639675
0 0.6290946552686101 0.3456513442978549 0.0064916664656726845 0.0055990049410639675
0 0.627216258228294 0.35282339565391885 0.0064916664656726845 0.0055990049410639675
0 0.6227764106784558 0.36119078890266015 0.0064916664656726845 0.0055990049410639675
0 0.6280700750648012 0.36819207713119867 0.0064916664656726845 0.0055990049410639675
0 0.612872135374971 0.372973444701908 0.0064916664656726845 0.0055990049410639675
0 0.6384866404701903 0.3746810759771613 0.0064916664656726845 0.0055990049410639675
0 0.6550506870984323 0.35811705260720395 0.0064916664656726845 0.0055990049410639675
0 0.661198168321285 0.36084926264760925 0.0064916664656726845 0.0055990049410639675
0 0.6673456495441376 0.34821279121073445 0.0064916664656726845 0.0055990049410639675
0 0.7660584279963204 0.39299485820032565 0.007174719934878141 0.00628205745116524
0 0.7604232368753722 0.3984592782811365 0.007174719934878141 0.00628205745116524
0 0.7646923210579089 0.40272835646926963 0.007174719934878141 0.00628205745116524
0 0.7722059092191731 0.40272835646926963 0.007174719934878141 0.00628205745116524
0 0.6810926116135383 0.36540979397627704 0.0055544139142690765 0.00505314367962822
0 0.6889477265094054 0.36028690015051695 0.0055544139142690765 0.00505314367962822
0 0.6962905513033683 0.3563593482174342 0.0055544139142690765 0.00505314367962822
0 0.7031210859954267 0.3590915582578394 0.0055544139142690765 0.00505314367962822
0 0.7085855137490733 0.3705326878020368 0.0055544139142690765 0.00505314367962822
0 0.7149037583392276 0.3748017659901701 0.0055544139142690765 0.00505314367962822
0 0.7256618504792197 0.3679712408891567 0.0055544139142690765 0.00505314367962822
0 0.7324923851712781 0.3715572665671887 0.0055544139142690765 0.00505314367962822
0 0.7488856684322185 0.3816322910911834 0.0055544139142690765 0.00505314367962822
0 0.7570823100626888 0.3829983961113861 0.0055544139142690765 0.00505314367962822
0 0.7529839892474536 0.3870967111719941 0.0055544139142690765 0.00505314367962822
0 0.7475195614938065 0.38658442178941804 0.0055544139142690765 0.00505314367962822
0 0.7357368891500056 0.3829983961113859 0.0055544139142690765 0.00505314367962822
0 0.7307847514982632 0.38385221174901246 0.0055544139142690765 0.00505314367962822
0 0.7149037583392273 0.3865844217894177 0.0055544139142690765 0.00505314367962822
0 0.7104639107893892 0.38163229109118296 0.0055544139142690765 0.00505314367962822
0 0.707390170177963 0.37650939726542293 0.0055544139142690765 0.00505314367962822
0 0.7000473453840002 0.36438521521112405 0.0055544139142690765 0.00505314367962822
0 0.6860447492652803 0.3712157403121374 0.0055544139142690765 0.00505314367962822
0 0.6915091770189271 0.3753140553727453 0.0055544139142690765 0.00505314367962822
0 0.6863862759998832 0.3789000810507772 0.0055544139142690765 0.00505314367962822
0 0.6752866571252882 0.37411871348006775 0.0055544139142690765 0.00505314367962822
0 0.6906553601824199 0.38385221174901185 0.0055544139142690765 0.00505314367962822
0 0.6940706275284491 0.3894873949573477 0.0055544139142690765 0.00505314367962822
0 0.7003888721186032 0.38538907989673965 0.0055544139142690765 0.00505314367962822
0 0.7043164295665371 0.3925611312528037 0.0055544139142690765 0.00505314367962822
0 0.6862155126325821 0.39973318260886764 0.0055544139142690765 0.00505314367962822
0 0.6986812384455888 0.4116866015356409 0.0055544139142690765 0.00505314367962822
0 0.6925337572227361 0.4145895747035715 0.0055544139142690765 0.00505314367962822
0 0.7244665069081097 0.4084421021126593 0.0055544139142690765 0.00505314367962822
0 0.7336877287423889 0.4075882864750326 0.0055544139142690765 0.00505314367962822
0 0.72566185047922 0.38880434244724577 0.0055544139142690765 0.00505314367962822
0 0.7359076525173078 0.39221960499775244 0.0055544139142690765 0.00505314367962822
0 0.7422258971074618 0.3963179200583605 0.0055544139142690765 0.00505314367962822
0 0.7470072713919026 0.3997331826088671 0.0055544139142690765 0.00505314367962822
0 0.7502517753706305 0.39443952565558166 0.0055544139142690765 0.00505314367962822
0 0.7758175660563564 0.42438241939878163 0.005268007170079315 0.004430021592369512
0 0.7536183283071662 0.4044031334783175 0.005268007170079315 0.004430021592369512
0 0.7331267242309909 0.39808489775988015 0.005268007170079315 0.004430021592369512
0 0.7256131360697263 0.3938158195717467 0.005268007170079315 0.004430021592369512
0 0.7199779449487781 0.3991094765250321 0.005268007170079315 0.004430021592369512
0 0.7411526024941594 0.40679381726367203 0.005268007170079315 0.004430021592369512
0 0.7385911519846373 0.4175518942977681 0.005268007170079315 0.004430021592369512
0 0.7414941292287622 0.4230163143785788 0.005268007170079315 0.004430021592369512
0 0.7252716093351232 0.415502736767464 0.005268007170079315 0.004430021592369512
0 0.7244177924986159 0.42369936688867993 0.005268007170079315 0.004430021592369512
0 0.73773733514813 0.43377439141267465 0.005268007170079315 0.004430021592369512
0 0.7242470291313144 0.434969733305352 0.005268007170079315 0.004430021592369512
0 0.730394510354167 0.4407756796412132 0.005268007170079315 0.004430021592369512
0 0.7500322975938352 0.4313837076273198 0.005268007170079315 0.004430021592369512
0 0.7578874124897026 0.42779768194928763 0.005268007170079315 0.004430021592369512
0 0.7635226036106508 0.42643157692908495 0.005268007170079315 0.004430021592369512
0 0.7659132907528714 0.4317252338823704 0.005268007170079315 0.004430021592369512
0 0.7626687867741437 0.42096715684827446 0.005268007170079315 0.004430021592369512
0 0.7534475649398648 0.4202841043381731 0.005268007170079315 0.004430021592369512
0 0.7566920689185928 0.40764763290129835 0.005268007170079315 0.004430021592369512
0 0.7566920689185928 0.44077567964121317 0.005268007170079315 0.004430021592369512
0 0.6962813373890276 0.5283397334120274 0.0051792904703003625 0.004390092918172943
0 0.6954275205525201 0.5192892876531847 0.0051792904703003625 0.004390092918172943
0 0.6952567571852186 0.5061405268337339 0.0051792904703003625 0.004390092918172943
0 0.7031118720810859 0.49982229111529647 0.0051792904703003625 0.004390092918172943
0 0.6870601155547484 0.49896847547766976 0.0051792904703003625 0.004390092918172943
0 0.6867185888201455 0.5056282374511576 0.0051792904703003625 0.004390092918172943
0 0.6785219471896753 0.5078481581089869 0.0051792904703003625 0.004390092918172943
0 0.6710083590284108 0.4981146598400427 0.0051792904703003625 0.004390092918172943
0 0.6643485877036538 0.49418710790695997 0.0051792904703003625 0.004390092918172943
0 0.6575180530115954 0.4827459783627625 0.0051792904703003625 0.004390092918172943
0 0.6640070609690507 0.4771107951544264 0.0051792904703003625 0.004390092918172943
0 0.656834999542389 0.47250019071124233 0.0051792904703003625 0.004390092918172943
0 0.6633240074998444 0.4656696656102288 0.0051792904703003625 0.004390092918172943
0 0.6728867560687262 0.46498661310012745 0.0051792904703003625 0.004390092918172943
0 0.6681053817842851 0.47062179630846346 0.0051792904703003625 0.004390092918172943
0 0.6761312600474538 0.47557392700669815 0.0051792904703003625 0.004390092918172943
0 0.6851817185144313 0.47574469013422344 0.0051792904703003625 0.004390092918172943
0 0.6962813373890262 0.48086758395998347 0.0051792904703003625 0.004390092918172943
0 0.699184314633151 0.4861612409132688 0.0051792904703003625 0.004390092918172943
0 0.6940614136141072 0.49213795037665553 0.0051792904703003625 0.004390092918172943
0 0.6573472896442927 0.5180939457605063 0.0051792904703003625 0.004390092918172943
0 0.6522243886252487 0.5228753133312156 0.0051792904703003625 0.004390092918172943
0 0.6450523271985874 0.5172401301228795 0.0051792904703003625 0.004390092918172943
0 0.6474430143408079 0.5097265525117648 0.0051792904703003625 0.004390092918172943
0 0.6290005706722499 0.518093945760506 0.0051792904703003625 0.004390092918172943
0 0.6228530894493971 0.5244121814789434 0.0051792904703003625 0.004390092918172943
0 0.6286590439376467 0.5252659971165701 0.0051792904703003625 0.004390092918172943
0 0.6407832430160504 0.5238998920963673 0.0051792904703003625 0.004390092918172943
0 0.6607625569903216 0.5271443915193486 0.0051792904703003625 0.004390092918172943
0 0.6780096570877692 0.5216799714385378 0.0051792904703003625 0.004390092918172943
0 0.6649462594892062 0.5239852736601273 0.004325473633795291 0.004560856045697181
0 0.6761312600474532 0.5281689702845005 0.0051792904703003625 0.004390092918172943
0 0.6813395427501464 0.5164716960490126 0.004325473633795291 0.004560856045697181
0 0.687487023972999 0.5144225385187086 0.004325473633795291 0.004560856045697181
0 0.6798026724444332 0.53559716633185 0.004325473633795291 0.004560856045697181
0 0.6770704585676096 0.5398662445199832 0.004325473633795291 0.004560856045697181
0 0.675021298159992 0.5432815070704899 0.004325473633795291 0.004560856045697181
0 0.673996717956183 0.5347433506942232 0.004325473633795291 0.004560856045697181
0 0.666995419896823 0.5347433506942231 0.004325473633795291 0.004560856045697181
0 0.6683615268352346 0.5306450356336151 0.004325473633795291 0.004560856045697181
0 0.6685322902025361 0.523643747405076 0.004325473633795291 0.004560856045697181
0 0.6620432822450806 0.5069089609075932 0.004325473633795291 0.004560856045697181
0 0.6523097703088971 0.4869296749871292 0.004325473633795291 0.004560856045697181
0 0.6466745791879488 0.48419746494672383 0.004325473633795291 0.004560856045697181
0 0.6613602287758745 0.5127149072434546 0.004325473633795291 0.004560856045697181
0 0.6879993140749024 0.5203992479820946 0.004325473633795291 0.004560856045697181
0 0.7382826637223388 0.4930292823159196 0.005459491799945241 0.0057203319095207
0 0.7292322052553614 0.4928585191883943 0.005459491799945241 0.0057203319095207
0 0.7198402200537808 0.48619875721490624 0.005459491799945241 0.0057203319095207
0 0.7109605249541048 0.4843203628121276 0.005459491799945241 0.0057203319095207
0 0.7083990744445827 0.4708300757376262 0.005459491799945241 0.0057203319095207
0 0.7116435784233107 0.46058428808610635 0.005459491799945241 0.0057203319095207
0 0.702593119956333 0.45733978866312514 0.005459491799945241 0.0057203319095207
0 0.6976409823045907 0.4515338423272638 0.005459491799945241 0.0057203319095207
0 0.6964456387334806 0.45973047244847975 0.005459491799945241 0.0057203319095207
0 0.6967871654680837 0.46912244446237317 0.005459491799945241 0.0057203319095207
0 0.6892735773068196 0.4546075786227198 0.005459491799945241 0.0057203319095207
0 0.6829553327166655 0.4610965774686824 0.005459491799945241 0.0057203319095207
0 0.6713434237401663 0.4486308691593328 0.005459491799945241 0.0057203319095207
0 0.6740756376169896 0.4435079753335727 0.005459491799945241 0.0057203319095207
0 0.6783447217995263 0.44197110718584476 0.005459491799945241 0.0057203319095207
0 0.6812476990436512 0.43462829270225556 0.005459491799945241 0.0057203319095207
0 0.6891028139395184 0.43206684578937554 0.005459491799945241 0.0057203319095207
0 0.6865413634299966 0.4418003440583197 0.005459491799945241 0.0057203319095207
0 0.7106189982195033 0.43975118652801576 0.005459491799945241 0.0057203319095207
0 0.7029346466909371 0.4469232378840797 0.005459491799945241 0.0057203319095207
0 0.6844922030223792 0.4247240313057864 0.005459491799945241 0.0057203319095207
0 0.6906396842452318 0.4201134268626025 0.005459491799945241 0.0057203319095207
0 0.7230847240325098 0.44589865911892806 0.005459491799945241 0.0057203319095207
0 0.7230847240325098 0.4517046054547894 0.005459491799945241 0.0057203319095207
0 0.7246215943382229 0.45955970932095475 0.005459491799945241 0.0057203319095207
0 0.7345258696417076 0.45614444677044813 0.005459491799945241 0.0057203319095207
0 0.7393072439261487 0.4513630791997388 0.005459491799945241 0.0057203319095207
0 0.7222309071960022 0.46758557631464553 0.005459491799945241 0.0057203319095207
0 0.7266707547458404 0.4696347338449495 0.005459491799945241 0.0057203319095207
0 0.7227431972979069 0.4791974689863684 0.005459491799945241 0.0057203319095207
0 0.7333305260705976 0.48124662651667216 0.005459491799945241 0.0057203319095207
0 0.7305983121937742 0.4870525728525335 0.005459491799945241 0.0057203319095207
0 0.7340135795398035 0.47236694388535483 0.005459491799945241 0.0057203319095207
0 0.7413564043337665 0.4706593126101016 0.005459491799945241 0.0057203319095207
0 0.7486992291277295 0.47817289022121634 0.005459491799945241 0.0057203319095207
0 0.7545051836159793 0.4752699170532857 0.005459491799945241 0.0057203319095207
0 0.7613357183080376 0.4715131282477283 0.005459491799945241 0.0057203319095207
0 0.7543344202486777 0.4639995506366137 0.005459491799945241 0.0057203319095207
0 0.7488699924950311 0.45836436742827763 0.005459491799945241 0.0057203319095207
0 0.744430144945193 0.45153384232726423 0.005459491799945241 0.0057203319095207
0 0.7483577023931265 0.44777705352170694 0.005459491799945241 0.0057203319095207
0 0.7568958707581998 0.4535829998575684 0.005459491799945241 0.0057203319095207
0 0.7541636568813764 0.45546139426034704 0.005459491799945241 0.0057203319095207
0 0.7495530459642369 0.442654159695947 0.005459491799945241 0.0057203319095207
0 0.7416979310683693 0.43531134521235765 0.005459491799945241 0.0057203319095207
0 0.7519106946341517 0.4112336585793303 0.005268007170079315 0.004430021592369512
0 0.7623272600395409 0.4132828161096343 0.005268007170079315 0.004430021592369512
0 0.7681332145277904 0.414648921129837 0.005268007170079315 0.004430021592369512
0 0.7710361917719152 0.415161210512413 0.005268007170079315 0.004430021592369512
0 0.7440555797382841 0.3803255324972447 0.005268007170079315 0.004430021592369512
0 0.6976566582417797 0.3751432922452199 0.0055544139142690765 0.00505314367962822
0 0.7048287196684413 0.35465171694217984 0.0055544139142690765 0.00505314367962822
0 0.644890777745628 0.34713813933106513 0.0055544139142690765 0.00505314367962822
0 0.6571857401913332 0.3433813505255078 0.0055544139142690765 0.00505314367962822
0 0.6904845968151184 0.40605141832730546 0.0055544139142690765 0.00505314367962822
0 0.6425000906034076 0.40366073454195084 0.0055544139142690765 0.00505314367962822
0 0.6431831440726136 0.41066202277048947 0.0055544139142690765 0.00505314367962822
