1 0.4153274608694989 0.035896967286648956 0.012417471927145252 0.01272483493970788
1 0.35922529516012774 0.36321420254914655 0.012178459893102232 0.011735833209493885
1 0.4442369212274966 0.22335456765216333 0.012933316438094429 0.012528046317722485
1 0.3915689095206883 0.05365590945534084 0.011916824009107508 0.012183666229248047
1 0.34926529552625574 0.35248660004657245 0.012251750282619312 0.012635624927023182
1 0.4350542141043621 0.09857684114704961 0.010968633320020594 0.011427516522614853
1 0.39920199435690173 0.3083842940952467 0.012906240380328636 0.012435415516728941
1 0.4501690242601477 0.2069431387859842 0.011290425839631454 0.012306586555812671
1 0.47766729023145593 0.3081418534983759 0.012480486994204313 0.012810831484587296
1 0.39172896094944165 0.10549895659736963 0.011300004046896229 0.012569323829982593
1 0.39391979186431214 0.26171405419059424 0.010781438454337742 0.012083488961924677
1 0.4126647244329039 0.3864188272020091 0.010547015977942425 0.010869425276051397
1 0.3849493731623111 0.18426157080608863 0.011516612509022589 0.012412361476732336
1 0.3943517052608987 0.23578731910042144 0.010610725568688435 0.01075999633125637
1 0.41164161847985314 0.26652211728303327 0.011265132738196331 0.01117395318072775
1 0.410523912181025 0.10901693157527756 0.010575584743333899 0.011116639427516773
1 0.3447032506051271 0.3372286299000616 0.011523306369781494 0.011936934097953465
1 0.3611978512743245 0.3167372682820196 0.012211330558942713 0.012426023897917374
1 0.30167522637740424 0.19280950919441556 0.01061491344286048 0.012395381927490234
1 0.4669955657876056 0.4279443077419115 0.011169858600782312 0.025502080502717392
1 0.3251064963962721 0.2705478979193646 0.012117676112962805 0.013686159382695738
1 0.4465303680171137 0.1440345463545426 0.012730173442674719 0.012789985407953676
1 0.41776347678640613 0.14307478199834406 0.011480051538218622 0.010516560595968494
1 0.47054243087768555 0.3232522801212642 0.011675254158351734 0.012531687384066374
1 0.4349392808001975 0.016245192807653675 0.011793343917183254 0.012113931386367134
1 0.3400310640749724 0.303952227468076 0.012464647707731827 0.012385845184326172
1 0.44376690491386084 0.08011398885561072 0.011610487233037535 0.0131162923315297
1 0.3503890387389971 0.24180139666018277 0.01114831540895545 0.01264184454213018
1 0.39194507184235944 0.12252087696738867 0.011646643928859546 0.013719589813895847
1 0.4685603017392365 0.42209478046583093 0.012185635774031929 0.012983778248662535
1 0.4346560032471366 0.21010127274886423 0.013476796772169031 0.01586064048435377
1 0.40360098818074097 0.1927872015082318 0.011257036872532055 0.011958350305971891
1 0.43310119794762647 0.03222322593564573 0.011937680451766304 0.01312488317489624
1 0.4064133141351782 0.17481807522151782 0.011510418808978538 0.011797666549682617
1 0.41837142343106476 0.480384199515633 0.011096840319426163 0.011447522951209026
1 0.35754919052124023 0.2940739652384882 0.012668236442234204 0.012537272080131199
1 0.43571122832920234 0.11337789245273756 0.011138501374617867 0.011950990428095278
1 0.38421736851982446 0.1978262818377951 0.01059288045634394 0.011597840682319973
1 0.29188669246176013 0.03399464358454165 0.011198562124501104 0.011405535366224207
1 0.4701975687690404 0.35349175333976746 0.010954556257828423 0.011347876942676048
1 0.41320133209228516 0.3006319066752558 0.011125564575195312 0.011643513389255688
1 0.37742594532344653 0.3381947136443595 0.011247852574224058 0.011714917162190313
1 0.3940897687621739 0.4140778831813647 0.011249018752056618 0.01088440936544667
1 0.40119661973870324 0.2772636102593463 0.011636951695317808 0.011179447174072266
1 0.42098402976989746 0.1581625575604646 0.011825333470883577 0.01271731957145359
1 0.41460113940031634 0.054472801478012756 0.01371238542639691 0.012444055598715077
1 0.3986103016397227 0.3261646913445514 0.011216443517933722 0.012090869571851648
1 0.43027056300121813 0.04583265211271203 0.011527714521988579 0.012200028999992039
1 0.41744079797164246 0.12923397706902548 0.012407738229502802 0.012333714443704357
1 0.4569596414980681 0.3104986729829208 0.010815827742866848 0.010538474373195484
1 0.33327346942994907 0.1021925625593766 0.011995239750198696 0.014622284018475075
1 0.4350728988647461 0.2885242752406908 0.013137651526409645 0.011235320049783459
1 0.4124583990677544 0.4661120020824929 0.010240927986476734 0.010839607404625935
1 0.4600035003993822 0.5137120951776919 0.012588957081670347 0.012444454690684443
1 0.46359160153762147 0.3364458550577578 0.011423411576644234 0.011563933413961659
1 0.4034322448398756 0.4789625302605006 0.011811256408691406 0.012505831925765327
1 0.44704016395237134 0.12815229270769202 0.012913869774859886 0.013168614843617315
1 0.41244853320329083 0.345760905224344 0.011356721753659456 0.011844925258470617
1 0.42942498041235877 0.147744199504023 0.010717163915219515 0.011646747589111328
1 0.42943542936573864 0.3225783326703569 0.011118702266527258 0.012110100492187168
1 0.37922254852626636 0.369809645673503 0.012295494908871859 0.012539568154708199
1 0.4139201174611631 0.3275711225426715 0.012266148691592009 0.011544766633406929
1 0.4277830538542374 0.339541424875674 0.011828733527142067 0.01167539928270423
1 0.40347783461860987 0.14870872704879098 0.010969949805218239 0.011557952217433765
1 0.34964920386024145 0.06751979952273163 0.010368383449056873 0.010069961133210556
1 0.40990776341894397 0.44882450414740527 0.010434259539065153 0.010652697604635487
1 0.39372139650842414 0.2876424789428711 0.01063823181649913 0.011476641115934952
1 0.40850623016772064 0.21290552097818122 0.010827349579852562 0.011045393736466118
1 0.44728455336197565 0.512127741523411 0.012481233348017153 0.011977672576904297
1 0.36032280714615533 0.12429998750272003 0.011720532956330673 0.011529663334722105
1 0.44606457585873804 0.3000994765240213 0.010952742203422215 0.010712623596191406
1 0.3369705080986023 0.28772415285525116 0.012869446173958157 0.012818357218866762
1 0.43525968427243433 0.3957615727963655 0.010866890782895296 0.010998021001401155
1 0.3968349436055059 0.03546823625979216 0.011310649954754372 0.012536665667658266
1 0.3931577101997707 0.3372366739355999 0.01144334544306216 0.011089117630668308
1 0.3557399666827658 0.2572431357010551 0.011908406796662704 0.011360624562139097
1 0.2648530213729195 0.12755807586338208 0.01235862400220788 0.012843650320301886
1 0.4409183004628058 0.24134672206381094 0.011805658755095108 0.016832828521728516
1 0.4785831285559613 0.5038609919340714 0.012376536493716032 0.012122237164041271
1 0.35366635737211816 0.15141005619712497 0.012323192928148352 0.013615162476249363
1 0.38490501953207934 0.3118387616198996 0.011217464571413786 0.011152288188105043
1 0.4091022118278172 0.37308595491492225 0.011790856071140454 0.013344764709472656
1 0.4480336023413617 0.2879811473514723 0.01722041420314623 0.012591133946957796
1 0.4159658110660056 0.49439061206320045 0.012066250262053116 0.011891904084578804
1 0.43216612028039025 0.4451257042262865 0.010796464007833729 0.010339736938476562
1 0.37428902543109394 0.1704717252565467 0.011373509531435759 0.012117686478987984
1 0.3553577091382897 0.1833077099012292 0.011032270348590355 0.01245569146197775
1 0.3514599035615506 0.2761701604594355 0.011077935281007187 0.011541926342508068
1 0.34404116545034497 0.0232669393653455 0.011916939331137615 0.012336613043494846
1 0.37084817886352545 0.388500275819198 0.012250361235245415 0.012745359669560972
1 0.46510229421698535 0.3843819991402004 0.010760193285734757 0.010672693667204483
1 0.4533466359843378 0.19399981913359268 0.010926433231519617 0.012506588645603344
1 0.27682741828586743 0.11055722962255063 0.009859458259914232 0.01022692348646081
1 0.3208528711743977 0.12452377443728238 0.014304390420084414 0.011480227760646656
1 0.3579218076623004 0.3362249602442202 0.012342121290123981 0.013290508933689282
1 0.3597267762474391 0.23512012025584347 0.010683681653893513 0.011215852654498558
1 0.4234146657197372 0.17622145880823553 0.011279023211935291 0.012339042580646019
1 0.4276971143224965 0.19223924305128015 0.01063648514125658 0.011815900387971298
1 0.28472562458204187 0.05446403182071188 0.009769729945970617 0.009800636250039806
1 0.35983388320259424 0.21594211329584534 0.013159047002377718 0.011697064275326937
1 0.40947874732639483 0.2902478135150412 0.012806063113005264 0.012029233186141304
1 0.47368217551189923 0.3419464671093484 0.010991013568380604 0.011288663615351137
1 0.35115758491599036 0.09805097268975299 0.011223756748697033 0.012425951335741125
1 0.36919092613717786 0.40584688601286517 0.012103298436040464 0.012561300526494566
1 0.3853546640147333 0.07348273629727572 0.010859199192212976 0.01299695346666419
1 0.4205650661302649 0.5130556769992993 0.00976073223611583 0.010669832644255264
1 0.29302789853966754 0.09218381798785666 0.010093730428944464 0.010364470274552055
1 0.38549882691839465 0.2971098112023395 0.011556557987047278 0.012983902640964672
1 0.37580609062443615 0.20978281808936078 0.011352316192958668 0.011398916659147842
1 0.3483216373816781 0.3221472997380339 0.012291685394618824 0.01418108071969903
1 0.43718935095745587 0.37320620080699096 0.01081110083538553 0.010855674743652344
1 0.44359422766644024 0.41346923164699384 0.0107269287109375 0.010650303052819294
1 0.47293640219646954 0.48889908583267877 0.011240959167480469 0.011795831763226051
1 0.3712794677070949 0.19049654836240024 0.011575532996136208 0.011871918388034985
1 0.39456386410671734 0.3866018316020136 0.010586494984834091 0.01069046103436014
1 0.298745466315228 0.15802635317263397 0.01048042463219684 0.012670226719068445
1 0.4431877965512483 0.3832758302273957 0.010380537613578465 0.010221543519393257
1 0.4593339795651643 0.47723889350891113 0.01238462199335513 0.01225987724635912
1 0.3392291600289552 0.15086542005124298 0.011450992978137474 0.012064519135848335
1 0.3843258593393408 0.265951218812362 0.010060222252555515 0.011167277460512907
1 0.27745168105415674 0.027531496856523594 0.011828215225883152 0.011753885642341946
1 0.4451493854108064 0.4419472891351451 0.010587951411371645 0.011897906013157055
1 0.2479956357375435 0.08000460137491641 0.01093986760015073 0.012419197870337444
1 0.3934546190759409 0.16393792629241943 0.011257368585337763 0.01212770005931025
1 0.43016742105069367 0.35604803847230004 0.011358810507732887 0.011086741219396177
1 0.3942613264788752 0.13930662818576978 0.012004339176675548 0.012122403020444124
1 0.36797216145888617 0.35063494806704315 0.010916492213373598 0.011826681054156761
1 0.42457810173863947 0.3835587294205375 0.010627466699351435 0.01038261081861413
1 0.3679616036622421 0.28630591475445294 0.010788616926773735 0.011126373125159222
1 0.3173347763393236 0.024296496225439987 0.011340099832286005 0.012173020321389904
1 0.4500492966693381 0.3719521501789923 0.011227690655252209 0.011045393736466118
1 0.34364023027212726 0.04163823827453281 0.011912664641504702 0.011957171170607857
1 0.20338083350140118 0.01602695202050002 0.012074470520019531 0.011557669095371082
1 0.38487322952436365 0.04067966989848925 0.011580912963203762 0.012234755184339441
1 0.4296531677246094 0.2573089599609375 0.011224663775900135 0.01145408464514691
1 0.33631673293269193 0.20060594185538913 0.010613123359887497 0.010573988375456436
1 0.4897452644679857 0.49374822948289954 0.011969193168308422 0.012052162833835766
1 0.3888711307359778 0.4297134046969206 0.012889654740043308 0.012173051419465439
1 0.4208906940791918 0.20635795593261722 0.011815465014913807 0.01154538859491763
1 0.45568167644998303 0.35099665496660315 0.010697758716085682 0.011078699775364086
1 0.4535655768021294 0.3917005658149719 0.010007132654604704 0.01045655685922374
1 0.4297873040904169 0.5159771131432574 0.012957282688306726 0.012059170266856318
1 0.38419118394022406 0.24930548667907715 0.011042807413184124 0.011772922847581946
1 0.4467772193576978 0.18405649972998578 0.01213347393533458 0.014605998992919922
1 0.40725365928981616 0.4112076759338379 0.01056683581808339 0.010678291320800781
1 0.4460210126379262 0.4014106211454972 0.010342255882594898 0.010447999705439028
1 0.36313716484152747 0.07235812104266622 0.011035012162250023 0.010967918064283289
1 0.3269134086111318 0.03940257948377858 0.011809908825418224 0.011467827403027077
1 0.4677820464839106 0.46212285497914185 0.011248246483180836 0.01063326130742612
1 0.391967483188795 0.45477658251057496 0.011775472889775816 0.013037028520003609
1 0.4610368531683217 0.3002600358880084 0.011235537736312202 0.01189291995504628
1 0.37148352032122406 0.054142166738924774 0.010845096214957859 0.012313381485317066
1 0.4473677458970443 0.34157161090684973 0.010681577350782312 0.010668982630190641
1 0.33462106663247815 0.16117120307424795 0.011234926140826683 0.01106951547705609
1 0.4290608841439952 0.08708418970522672 0.01142045725946841 0.011694348376730213
1 0.31652739773625915 0.14703127612238348 0.01099314896956734 0.011745556541111157
1 0.40359751297079993 0.0648188616918481 0.011776587237482485 0.011848734772723656
1 0.34301682010940887 0.21155060892519745 0.011927358482194983 0.011568567027216372
1 0.3041404433872389 0.20877447335616403 0.010471965955651325 0.010775089263916016
1 0.4127045714336892 0.016015449295873226 0.019411626069442085 0.012536650118620499
1 0.4187503016513327 0.3593423314716505 0.010896983353987984 0.011483410130376402
1 0.2770608508068582 0.06549820433492246 0.009930921637493631 0.009247847225355066
1 0.37150239685307374 0.24478678081346594 0.011333429295083752 0.0132299920786982
1 0.43975819712099823 0.17064431957576587 0.011421162149180536 0.014799169872118078
1 0.3725094380586043 0.1111950977988865 0.01241928598155146 0.012308804885200832
1 0.3272005485613708 0.08103776755540268 0.011414256270812906 0.011966067811717157
1 0.2586566157962965 0.03444519639015198 0.011305000471032185 0.013100844362507696
1 0.36160846119341644 0.035128958847211754 0.011368653048639711 0.010503463123155676
1 0.42236639624056616 0.11733747046926746 0.010726441507754118 0.010718293811963953
1 0.4414165901101154 0.19305714316990066 0.011089853618455969 0.010511564171832542
1 0.3018668112547501 0.12672697979470957 0.011589195417321247 0.01298535388448964
1 0.4163636228312616 0.40120407031930017 0.010259731956150219 0.0109476784001226
1 0.380264427350915 0.224105803862862 0.010538422543069591 0.011313500611678413
1 0.42226561774378235 0.248794524565987 0.013216049774833347 0.013788326926853344
1 0.32782677982164465 0.2460016582323157 0.012519359588623047 0.012627104054326597
1 0.4319549177003943 0.0732240054918372 0.011094124420829441 0.011153666869453762
1 0.3338698511538299 0.2202148852141007 0.010807369066321331 0.010870643284009851
1 0.3038060976111371 0.021503189335698662 0.01112817681354025 0.011345925538436226
1 0.42524523838706635 0.4640244815660559 0.010069567224253778 0.010059895722762398
1 0.2932097911834716 0.07710544441057288 0.010538287784742273 0.017389774322509766
1 0.28747195782868756 0.1452933757201485 0.011492646258810291 0.012594793153845745
1 0.39545696714650025 0.2054433718971584 0.01129931988923446 0.01191667888475501
1 0.4618298281794009 0.3653424822765847 0.011278525642726734 0.01892474423284116
1 0.3413447284180185 0.18114856015080988 0.010847260122713835 0.011468742204749065
1 0.31985405605772266 0.2578435773434846 0.014416246310524319 0.012308410976244055
1 0.45907018495642615 0.40961178489353345 0.013148971225904383 0.02260473500127378
1 0.45492118856181274 0.4950065405472466 0.0131643647732942 0.011726752571437671
1 0.3348503695881885 0.1334995238677315 0.011768291825833528 0.010591227075327997
1 0.40345881037090137 0.3962851814601731 0.010440064513165016 0.010490085767663044
1 0.4192269159399945 0.10210001986959705 0.010606309641962465 0.011450498000435207
1 0.27070750360903534 0.16491398604019827 0.010296199632727581 0.011045912037725035
1 0.3996749960857888 0.46072128544683044 0.014871265577233356 0.015199039293372112
1 0.38218910020330665 0.32373973306106485 0.012215795724288277 0.012422472886417225
1 0.3877903404443161 0.3998316111771957 0.01129609087239141 0.010721942652826723
1 0.4369605416836945 0.42515634453814954 0.010294976441756538 0.011029036148734715
1 0.28898628898288886 0.10607586736264435 0.010907960974651833 0.01195625636888587
1 0.42013730173525604 0.22461224638897437 0.012809463169263758 0.012939059216043224
1 0.36881839710733166 0.1533910606218421 0.01107246979423191 0.012743120608122452
1 0.262666888858961 0.09914407004480777 0.01080483975617782 0.011704745499984077
1 0.3273028102905854 0.23096534480219305 0.011573753927064978 0.011365641718325407
1 0.3352967759837274 0.06221382773440817 0.011419959690259851 0.012177306672801142
1 0.3580352845399276 0.20042076318160348 0.010527341262153957 0.010769076969312586
1 0.39777331248573633 0.36272697863371467 0.011394054993339207 0.010576870130456013
1 0.4392044077748838 0.06044638934342758 0.011276690856270168 0.01213203824084738
1 0.41223758199940563 0.07822734635809193 0.012382921965225883 0.011489510536193848
1 0.39896583557128906 0.34811237583989685 0.010673357092815895 0.010470804960831352
1 0.3174422616543977 0.07486709304477858 0.010416880897853687 0.010221761205922003
1 0.35935737257418426 0.04956122325814289 0.010745432065880817 0.011485509250475012
1 0.4642064675040867 0.451718693194182 0.011143269746199898 0.011123926743217136
1 0.3787494846012281 0.41569355259770935 0.012502732484237007 0.013051033020019531
1 0.4165456813314687 0.4230494654696921 0.011061917180600374 0.011046730953714123
1 0.36100266420322924 0.020844538574633392 0.0107454398403997 0.010983775491299837
1 0.35335516929626465 0.11006881361422333 0.011424888735232145 0.010325069012849228
1 0.43074581934058154 0.13423006949217423 0.01213295563407566 0.011758441510407822
1 0.3592616786127505 0.011921028080193893 0.011430989141049593 0.011287340651387754
1 0.3668325724809066 0.09517503821331522 0.01084211598271909 0.011992682581362516
1 0.3127745649088984 0.10289298451465109 0.011693145917809528 0.011483223541923191
1 0.3992768914803214 0.019902788426565086 0.010977470356485119 0.011711987464324287
1 0.383472564427749 0.35313242414723267 0.020927786827087402 0.01234492011692213
1 0.3260779876423918 0.05291737421699192 0.010329138325608295 0.011284843735072925
1 0.2051086736762005 0.03219155902447908 0.012554147969121519 0.012238372927126677
1 0.3151557030885116 0.20037935091101605 0.009901440661886463 0.009574599888013758
1 0.30921752556510596 0.1778106637622999 0.009111010509988537 0.009701531866322393
1 0.4411144360252049 0.35765914295030676 0.010781557663627293 0.010959024014680283
1 0.42321803777114203 0.43524603221727454 0.010566016902094301 0.010828971862792969
1 0.37260586541631946 0.13817778877590015 0.011381797168565832 0.011616105618684189
1 0.4425342653108679 0.4912711433742356 0.009846946467523989 0.010356571363366169
1 0.3729904501334481 0.021622172516325245 0.010371482890585194 0.011794013821560402
1 0.44006040821904724 0.25620364106219745 0.011368958846382473 0.012450446253237516
1 0.37137750439021905 0.2600975865903108 0.011738870454871136 0.011437872181768003
1 0.4091938474903936 0.09661907216776974 0.011737699094025986 0.012469633765842602
1 0.38734569238579797 0.020510759042656944 0.011134676311327063 0.011738968932110329
1 0.42921928219173267 0.40768416031547217 0.010393567707227625 0.010420923647673233
1 0.3309109048998874 0.18624014439790149 0.010097196568613466 0.009790607120679773
1 0.30460222907688306 0.0895314864490343 0.011092351830523949 0.012226244677668032
1 0.3109861249509065 0.037339428196782654 0.01199738875679348 0.011407769244650135
1 0.28757135764412256 0.1204911833224089 0.010096446327541187 0.010644809059474781
1 0.38129966414493055 0.1558583404706872 0.010715562364329462 0.01170554368392281
1 0.38495225491731055 0.3877385543740314 0.012296261994735054 0.011255191720050316
1 0.3144716283549433 0.22780486811762268 0.010845080665920093 0.01181266618811566
1 0.3804270910180133 0.09495279581650444 0.011297930841860563 0.01190080850020699
1 0.3234980190577714 0.20964242064434546 0.010849990274595179 0.011073962501857593
1 0.3700491889663365 0.27478675220323645 0.010556267655414085 0.010933979697849438
1 0.4570755077444989 0.325997508738352 0.011104345321655273 0.012288157058798748
1 0.3459491522415824 0.12192894583163053 0.011432440384574558 0.011537956154864769
1 0.3736376580984696 0.07809205418047699 0.011326245639635168 0.011488162952920666
1 0.37284526099329407 0.30504545958145807 0.011916502662326977 0.012515565623407778
1 0.4283343449882839 0.29864654333695123 0.012451140776924465 0.014768994372823963
1 0.4407757520675659 0.4653210225312606 0.01163717974787173 0.012103661246921704
1 0.4277110877244369 0.06172022612198539 0.01085649365964143 0.011699054552161175
1 0.2972251435984736 0.056879525599272354 0.01034334431523862 0.011215479477592136
1 0.42580128752666974 0.42031035215958307 0.010304554649021313 0.010736050813094429
1 0.44063010941381037 0.33279056587944866 0.010656076928843622 0.011693572220594986
1 0.22253778706426203 0.04242742579916249 0.010685713394828465 0.013304907342661982
1 0.2662112920180611 0.05338570605153623 0.011754927427872368 0.011211918747943382
1 0.4660067558288574 0.37274175623188843 0.010735262995180876 0.011101981867914614
1 0.4174660133278888 0.3150063701297926 0.011293193568354067 0.010730059250541355
1 0.4155797595563142 0.1930161351742952 0.01157222623410432 0.012058880018151325
1 0.3458464333544607 0.23009100167647656 0.011604955662851748 0.011801823325779125
1 0.3156661676323932 0.059512975423232375 0.010349501734194548 0.010489147642384405
1 0.3786864902662195 0.130674844202788 0.012712312781292458 0.01317813085473102
1 0.39908306754153705 0.08256025677141937 0.010120531787043032 0.011835538822671642
1 0.4477025063141532 0.4551222013390583 0.010816294213999872 0.010796754256538723
1 0.24963539579640265 0.05293396504028983 0.010484757630721382 0.01042125017746635
1 0.277170585549396 0.08500846572544266 0.01481833665267281 0.01505360396012016
1 0.443943713022315 0.32323104078355036 0.011233153550521187 0.011706366487171337
1 0.220024761946305 0.030676867650902793 0.009848200756570568 0.010265086008154827
1 0.3612690179244332 0.26782383089480194 0.010788751685101051 0.011013341986614723
1 0.39253245229306427 0.37401284342226776 0.010896972987962805 0.011321067810058594
1 0.37974735187447584 0.23533628297888715 0.01068876618924348 0.01126372295877208
1 0.38113946240881214 0.28131147052930744 0.010808638904405676 0.012105775916058083
1 0.31820360473964526 0.16213365741398023 0.01051788744719132 0.00977685140526813
1 0.265821653863658 0.1548933153567107 0.010256083115287449 0.01143125865770423
1 0.4257030487060547 0.5020683537358823 0.010421255360478941 0.010452851005222485
1 0.3175386449565058 0.011344601278719692 0.010963087496550186 0.010444257570349651
1 0.4550759688667628 0.4339690934056821 0.011069090470023777 0.010703936867091968
1 0.4405191773953645 0.1619220609250276 0.011241933573847231 0.011974313984746519
1 0.42985772568246594 0.30699848092120624 0.009904830352119778 0.01046126821766729
1 0.43233269193898083 0.48062385683474335 0.011145052702530571 0.01185738522073497
1 0.24567158325858737 0.015319757487462917 0.011168231134829313 0.011524631925251171
1 0.32242818306321686 0.17814530497011932 0.011651740125987842 0.011451306550399117
1 0.4754163078639818 0.4763860650684522 0.01008804984714674 0.010822804077811863
1 0.4234293388283771 0.37328064959982166 0.010829562726228134 0.011815775995669157
1 0.30001464097396185 0.18131241591080374 0.009074542833411175 0.009429848712423573
1 0.43377273497374164 0.49762671926747204 0.010435840357904848 0.011443179586659307
1 0.462817845137223 0.3997584633205248 0.010807928831680962 0.015020121698794157
1 0.4237877493319304 0.45490478432696796 0.010059439617654552 0.010525703430175781
1 0.29612488332002057 0.17065345722696054 0.009104210397471552 0.009775638580322266
1 0.39798602850540826 0.21971507694410242 0.01219233222629713 0.011708923008130945
1 0.4390693125517472 0.31182503700256353 0.01118680705194888 0.012218164361041527
1 0.2450154864269754 0.06796721012695976 0.010280049365499744 0.010339026865751846
1 0.23819501503654147 0.045888398004614785 0.009641336358111837 0.009800309720246689
1 0.31061372549637506 0.15059551985367484 0.015553495158319887 0.011202335357666016
1 0.26496775253959326 0.06819071199582971 0.010254735532014267 0.0104746559391851
1 0.33492295022891916 0.11795756091242252 0.01114307473535123 0.019090486609417458
1 0.4024962756944739 0.24746352693308954 0.011218983194102411 0.011326313018798828
1 0.4042966832285342 0.16248226165771484 0.011805275212163511 0.011276846346647842
1 0.2620141091554061 0.08427595314772232 0.009777048359746519 0.010392328967218813
1 0.4125317127808281 0.43384616271309234 0.010472950728043266 0.010467819545579992
1 0.3366584253052007 0.11181938648223877 0.010238607292589933 0.010035234948863153
1 0.22279015831325366 0.019516692213390186 0.01039575493854025 0.009848669819209887
1 0.3459988890782647 0.19278400877247692 0.011113289905631023 0.011487691298775051
1 0.40668656515038537 0.23326492309570312 0.010760763417119566 0.010900165723717731
1 0.45058793606965436 0.4251913713372272 0.011152682097061821 0.01142802445784859
1 0.40085531317669415 0.4331361521845279 0.01472274116847826 0.017738673997961956
1 0.483149414477141 0.48451172268908954 0.011159046836521313 0.0143350829248843
1 0.4098037403562795 0.22421293673308 0.010618650394937267 0.011459516442340355
1 0.31196740399236267 0.21718247040458344 0.009593611178190811 0.010723487190578296
1 0.40459383052328357 0.25837439039479126 0.011227628459101137 0.012005163275677223
1 0.2357578173927639 0.021528930767722755 0.009462750476339588 0.010438939799433168
1 0.28030068978019385 0.04336158477741739 0.010574071303657864 0.009832353695579197
1 0.24442581508470618 0.03313385921975841 0.00942831454069718 0.009993252546890923
1 0.3973724738411281 0.07424693781396616 0.00946057361105214 0.009840545446976372
1 0.44380799065465515 0.47958062006079627 0.014099836349487305 0.013704175534455673
1 0.3903571211773416 0.3506356957166091 0.013656823531441067 0.01168956186460412
1 0.4218436997869741 0.012492364191490673 0.01110598315363345 0.01046874147394429
1 0.24746280131132703 0.024341443310613217 0.009318662726360819 0.00900356147600257
1 0.3581347193406975 0.061940646689871086 0.01103958098784737 0.012722497401030167
1 0.3152997286423393 0.18618720510731573 0.00954393718553626 0.009401818980341372
1 0.27314404819322674 0.09073575424111407 0.009191450865372368 0.008757803751074749
1 0.23366375591443933 0.03680927338807479 0.010019862133523693 0.010822301325590714
