1 0.514266 0.316576 0.017663 0.013587
1 0.5230979999999998 0.263587 0.019022 0.016304
1 0.5230979999999998 0.277174 0.016304 0.013587
1 0.5285329999999999 0.294158 0.019022 0.014946
1 0.5421199999999999 0.267663 0.016304 0.013587
1 0.5427990000000001 0.306386 0.012228 0.014946
1 0.5461959999999999 0.20991800000000002 0.019022 0.017663
1 0.550951 0.24660299999999996 0.017663 0.014946
1 0.555707 0.28260900000000005 0.013587 0.016304
1 0.5563860000000002 0.22418499999999997 0.014946 0.013587
1 0.57337 0.23980999999999997 0.013587 0.014946
1 0.5855979999999998 0.203125 0.016304 0.014946
1 0.591033 0.263587 0.013587 0.013587
1 0.5917120000000001 0.24184800000000004 0.012228 0.016304
1 0.5971470000000001 0.3070649999999999 0.012228 0.013587
1 0.601902 0.21331499999999998 0.013587 0.013587
1 0.6025820000000001 0.317935 0.012228 0.01087
1 0.6052990000000001 0.20108700000000002 0.014946 0.01087
1 0.6059779999999999 0.17119600000000001 0.016304 0.016304
1 0.6093750000000001 0.949728 0.014946 0.013587
1 0.6107340000000001 0.298234 0.014946 0.012228
1 0.611413 0.966033 0.013587 0.013587
1 0.612772 0.232337 0.013587 0.013587
1 0.621603 0.322011 0.012228 0.016304
1 0.622283 0.8763589999999999 0.013587 0.024457
1 0.622962 0.21195699999999998 0.014946 0.013587
1 0.622962 0.29212000000000005 0.014946 0.021739
1 0.6236410000000001 0.185462 0.01087 0.012228
1 0.625 0.973505 0.013587 0.012228
1 0.6283970000000001 0.9442929999999999 0.012228 0.01087
1 0.629076 0.9585600000000001 0.013587 0.012228
1 0.631793 0.17934799999999998 0.013587 0.013587
1 0.6331519999999999 0.9123640000000001 0.016304 0.012228
1 0.6338320000000001 0.898098 0.014946 0.01087
1 0.63587 0.8688860000000002 0.013587 0.012228
1 0.6372279999999999 0.9307069999999998 0.016304 0.016304
1 0.641304 0.19836999999999996 0.013587 0.013587
1 0.642663 0.981658 0.016304 0.012228
1 0.642663 0.8505429999999999 0.013587 0.01087
1 0.64538 0.262228 0.016304 0.013587
1 0.6474180000000002 0.887228 0.014946 0.01087
1 0.648098 0.22282600000000002 0.016304 0.021739
1 0.648098 0.33356 0.016304 0.02038
1 0.6501360000000002 0.9449730000000001 0.017663 0.012228
1 0.648098 0.961277 0.01087 0.014946
1 0.6494569999999998 0.17663000000000004 0.013587 0.016304
1 0.652174 0.8376360000000002 0.016304 0.012228
1 0.652853 0.872283 0.014946 0.01087
1 0.654212 0.381114 0.014946 0.023098
1 0.6548909999999999 0.913723 0.01087 0.014946
1 0.658288 0.29212 0.014946 0.029891
1 0.658967 0.13994599999999996 0.013587 0.013587
1 0.664402 0.9558420000000001 0.016304 0.012228
1 0.6657609999999999 0.188179 0.013587 0.012228
1 0.6657609999999999 0.8525820000000001 0.013587 0.017663
1 0.66712 0.21875 0.013587 0.013587
1 0.668478 0.126359 0.013587 0.016304
1 0.668478 0.898098 0.013587 0.013587
1 0.669158 0.7961959999999999 0.014946 0.024457
1 0.6705160000000001 0.25 0.017663 0.013587
1 0.671875 0.8661679999999999 0.02038 0.009511
1 0.669837 0.329484 0.013587 0.012228
1 0.669837 0.233016 0.013587 0.012228
1 0.671196 0.057065000000000005 0.013587 0.013587
1 0.6718750000000001 0.77106 0.012228 0.017663
1 0.672554 0.398098 0.013587 0.024457
1 0.672554 0.933424 0.013587 0.016304
1 0.674592 0.157609 0.014946 0.013587
1 0.67731 0.07404900000000002 0.02038 0.009511
1 0.67731 0.8783970000000001 0.017663 0.012228
1 0.6786680000000002 0.271739 0.017663 0.021739
1 0.6786680000000002 0.29619599999999996 0.014946 0.013587
1 0.680027 0.091033 0.017663 0.013587
1 0.6820649999999999 0.358016 0.019022 0.012228
1 0.6807069999999998 0.908288 0.013587 0.02038
1 0.683424 0.127038 0.019022 0.012228
1 0.6861409999999999 0.8417120000000001 0.016304 0.012228
1 0.6861409999999999 0.372962 0.013587 0.02038
1 0.686821 0.110734 0.014946 0.014946
1 0.6875 0.20176599999999997 0.016304 0.014946
1 0.688179 0.326087 0.017663 0.019022
1 0.688179 0.734375 0.017663 0.014946
1 0.6888589999999999 0.752038 0.019022 0.009511
1 0.6888589999999999 0.9259509999999999 0.019022 0.009511
1 0.689538 0.065217 0.017663 0.01087
1 0.6881790000000001 0.042799 0.012228 0.014946
1 0.689538 0.14741799999999997 0.014946 0.014946
1 0.691576 0.811821 0.013587 0.012228
1 0.691576 0.396739 0.013587 0.021739
1 0.692255 0.42662999999999995 0.014946 0.019022
1 0.6936139999999998 0.302989 0.014946 0.019022
1 0.6942929999999999 0.18342399999999998 0.013587 0.013587
1 0.6942929999999999 0.05706499999999999 0.013587 0.01087
1 0.694973 0.45380399999999993 0.014946 0.016304
1 0.6970110000000002 0.7853259999999999 0.016304 0.01087
1 0.7017660000000001 0.8845109999999999 0.02038 0.01087
1 0.6990490000000001 0.223505 0.012228 0.014946
1 0.700408 0.8220110000000002 0.014946 0.008152
1 0.701087 0.13043500000000002 0.013587 0.016304
1 0.7017660000000001 0.872962 0.014946 0.009511
1 0.7017660000000001 0.256114 0.012228 0.012228
1 0.7031250000000001 0.902853 0.012228 0.014946
1 0.7044840000000001 0.235734 0.014946 0.012228
1 0.70856 0.277853 0.017663 0.014946
1 0.70788 0.04959199999999999 0.013587 0.012228
1 0.7092389999999998 0.69769 0.016304 0.028533
1 0.710598 0.39538000000000006 0.016304 0.024457
1 0.711277 0.075408 0.014946 0.014946
1 0.713995 0.763587 0.014946 0.013587
1 0.7119570000000001 0.8097829999999999 0.008152 0.019022
1 0.7139950000000002 0.20176599999999997 0.012228 0.014946
1 0.719429 0.347826 0.017663 0.01087
1 0.721467 0.233696 0.013587 0.013587
1 0.722826 0.131114 0.013587 0.014946
1 0.7282610000000002 0.155571 0.016304 0.012228
1 0.7282609999999999 0.24524499999999996 0.013587 0.014946
1 0.72962 0.742527 0.013587 0.014946
1 0.732337 0.10733699999999999 0.013587 0.016304
1 0.733696 0.13994600000000001 0.01087 0.019022
1 0.735054 0.722826 0.013587 0.013587
1 0.738451 0.694973 0.017663 0.02038
1 0.73913 0.174592 0.013587 0.014946
1 0.7432069999999998 0.627038 0.019022 0.02038
1 0.746603 0.286005 0.017663 0.014946
1 0.747962 0.189538 0.014946 0.012228
1 0.749321 0.5889950000000002 0.014946 0.012228
1 0.75 0.654212 0.016304 0.014946
1 0.752038 0.679348 0.012228 0.016304
1 0.7540759999999999 0.7099180000000002 0.01087 0.017663
1 0.7588320000000001 0.34171200000000007 0.02038 0.014946
1 0.7588320000000001 0.569293 0.017663 0.013587
1 0.7615490000000001 0.615489 0.02038 0.013587
1 0.76087 0.631114 0.013587 0.017663
1 0.762908 0.3125 0.017663 0.01087
1 0.763587 0.5101900000000001 0.016304 0.014946
1 0.7642660000000001 0.527174 0.017663 0.01087
1 0.7642660000000001 0.444293 0.014946 0.016304
1 0.764946 0.236413 0.016304 0.013587
1 0.766304 0.299592 0.01087 0.012228
1 0.7724180000000002 0.5849180000000002 0.014946 0.012228
1 0.7737770000000002 0.7201089999999999 0.012228 0.016304
1 0.7737770000000002 0.6290759999999999 0.012228 0.016304
1 0.7764950000000002 0.265625 0.012228 0.012228
1 0.7798909999999999 0.190897 0.013587 0.012228
1 0.781929 0.37567900000000004 0.017663 0.014946
1 0.7826089999999999 0.046875 0.013587 0.014946
1 0.783288 0.413723 0.012228 0.017663
1 0.783967 0.43410300000000007 0.013587 0.017663
1 0.786005 0.33287999999999995 0.017663 0.013587
1 0.783967 0.6019019999999999 0.01087 0.016304
1 0.7853259999999999 0.3070649999999999 0.01087 0.013587
1 0.786005 0.065217 0.012228 0.013587
1 0.789402 0.22961999999999996 0.016304 0.013587
1 0.7880429999999999 0.09782599999999998 0.01087 0.016304
1 0.7900820000000001 0.283288 0.014946 0.014946
1 0.7900820000000001 0.11345099999999998 0.012228 0.014946
1 0.792799 0.20855999999999997 0.017663 0.014946
1 0.794158 0.26086999999999994 0.014946 0.013587
1 0.796875 0.18817899999999999 0.014946 0.014946
1 0.797554 0.079484 0.01087 0.014946
1 0.800272 0.144701 0.016304 0.014946
1 0.800272 0.415761 0.013587 0.01087
1 0.8057069999999998 0.338315 0.019022 0.013587
1 0.8057069999999998 0.383152 0.013587 0.016304
1 0.8063860000000002 0.304348 0.014946 0.016304
1 0.8063860000000002 0.10054300000000001 0.012228 0.016304
1 0.808424 0.25 0.01087 0.016304
1 0.811821 0.353261 0.017663 0.013587
1 0.8138589999999999 0.32269 0.013587 0.012228
1 0.814538 0.216033 0.012228 0.016304
1 0.8158970000000001 0.200408 0.012228 0.012228
1 0.817255 0.13383200000000003 0.009511 0.017663
1 0.8186140000000001 0.237092 0.012228 0.014946
1 0.8192929999999999 0.258152 0.013587 0.016304
1 0.824728 0.29551599999999995 0.016304 0.014946
1 0.824728 0.16847799999999996 0.013587 0.013587
1 0.83356 0.197011 0.014946 0.016304
1 0.8342389999999998 0.235734 0.01087 0.017663
1 0.836277 0.329484 0.014946 0.012228
1 0.836277 0.313859 0.014946 0.013587
1 0.8471470000000001 0.298234 0.012228 0.017663
