0 0.12024500000000002 0.5217390000000001 0.006793 0.008152
0 0.12024500000000002 0.5312500000000001 0.006793 0.008152
0 0.122962 0.5271740000000001 0.006793 0.008152
0 0.125679 0.5380430000000002 0.006793 0.008152
0 0.131793 0.5312500000000001 0.008152 0.008152
0 0.143342 0.5529890000000001 0.006793 0.008152
0 0.144701 0.5339670000000001 0.006793 0.008152
0 0.147418 0.547554 0.006793 0.008152
0 0.150136 0.5387229999999998 0.009511 0.006793
0 0.151495 0.557065 0.006793 0.008152
0 0.151495 0.529212 0.006793 0.006793
0 0.160326 0.5597830000000001 0.008152 0.008152
0 0.161005 0.540082 0.009511 0.006793
0 0.161005 0.5781249999999999 0.006793 0.006793
0 0.162364 0.5699729999999998 0.006793 0.006793
0 0.16372299999999998 0.548234 0.009511 0.006793
0 0.16508199999999998 0.5767659999999999 0.006793 0.006793
0 0.16643999999999998 0.555027 0.006793 0.006793
0 0.16779899999999998 0.5686139999999998 0.006793 0.006793
0 0.171875 0.560462 0.006793 0.006793
0 0.171875 0.595788 0.006793 0.006793
0 0.173234 0.58356 0.006793 0.006793
0 0.173913 0.577446 0.005435 0.008152
0 0.175951 0.561821 0.006793 0.006793
0 0.17798900000000004 0.550951 0.01087 0.009511
0 0.17866799999999997 0.590353 0.006793 0.006793
0 0.17934799999999998 0.577446 0.005435 0.008152
0 0.18002699999999996 0.621603 0.006793 0.006793
0 0.18138599999999996 0.63519 0.006793 0.006793
0 0.184103 0.602582 0.006793 0.006793
0 0.184103 0.5672549999999998 0.006793 0.006793
0 0.184103 0.584918 0.006793 0.006793
0 0.185462 0.640625 0.006793 0.006793
0 0.185462 0.6141300000000001 0.006793 0.008152
0 0.186821 0.5754079999999999 0.006793 0.006793
0 0.186821 0.563179 0.006793 0.006793
0 0.186821 0.594429 0.006793 0.006793
0 0.188179 0.624321 0.006793 0.006793
0 0.188859 0.6046200000000002 0.005435 0.008152
0 0.190897 0.640625 0.006793 0.006793
0 0.190897 0.579484 0.006793 0.006793
0 0.190897 0.6474180000000002 0.006793 0.006793
0 0.191576 0.5720110000000002 0.005435 0.008152
0 0.192255 0.633832 0.006793 0.006793
0 0.192255 0.594429 0.006793 0.006793
0 0.192255 0.5985049999999998 0.006793 0.006793
0 0.192255 0.613451 0.006793 0.006793
0 0.19293499999999997 0.622962 0.005435 0.006793
0 0.19497299999999998 0.588995 0.006793 0.006793
0 0.19633199999999998 0.6297549999999998 0.006793 0.006793
0 0.19768999999999998 0.5638590000000001 0.006793 0.008152
0 0.19768999999999998 0.613451 0.006793 0.006793
0 0.19768999999999998 0.648777 0.006793 0.006793
0 0.19837 0.577446 0.005435 0.008152
0 0.19904899999999998 0.620245 0.006793 0.006793
0 0.19904899999999998 0.6379079999999999 0.006793 0.006793
0 0.200408 0.627038 0.006793 0.006793
0 0.200408 0.593071 0.006793 0.006793
0 0.200408 0.60394 0.006793 0.006793
0 0.201766 0.5842390000000001 0.006793 0.008152
0 0.202446 0.567935 0.005435 0.008152
0 0.204484 0.64606 0.006793 0.006793
0 0.206522 0.605978 0.005435 0.008152
0 0.20855999999999997 0.633832 0.006793 0.006793
0 0.20855999999999997 0.652853 0.006793 0.006793
0 0.20855999999999997 0.6596470000000001 0.006793 0.006793
0 0.20991799999999997 0.571332 0.006793 0.006793
0 0.21059799999999998 0.564538 0.008152 0.006793
0 0.21059799999999998 0.599185 0.005435 0.008152
0 0.21127699999999996 0.593071 0.006793 0.006793
0 0.21127699999999996 0.639946 0.006793 0.008152
0 0.21263599999999996 0.612092 0.006793 0.009511
0 0.21263599999999996 0.5767659999999999 0.006793 0.006793
0 0.21467399999999998 0.6263590000000001 0.008152 0.01087
0 0.215353 0.6474180000000002 0.006793 0.006793
0 0.215353 0.621603 0.006793 0.009511
0 0.216033 0.5896740000000001 0.005435 0.008152
0 0.216712 0.574049 0.006793 0.006793
0 0.216712 0.60394 0.006793 0.009511
0 0.218071 0.558424 0.009511 0.01087
0 0.217391 0.6154890000000001 0.005435 0.008152
0 0.21875 0.58356 0.008152 0.006793
0 0.21875 0.565897 0.005435 0.006793
0 0.21875 0.5937500000000001 0.005435 0.008152
0 0.221467 0.6467390000000001 0.008152 0.008152
0 0.221467 0.6209240000000001 0.005435 0.008152
0 0.222147 0.5985049999999998 0.006793 0.006793
0 0.223505 0.65625 0.006793 0.008152
0 0.22418499999999997 0.641304 0.008152 0.008152
0 0.22418499999999997 0.627038 0.005435 0.006793
0 0.22622299999999998 0.5767659999999999 0.006793 0.006793
0 0.22622299999999998 0.618886 0.006793 0.009511
0 0.22622299999999998 0.6066579999999999 0.006793 0.009511
0 0.22622299999999998 0.5597830000000001 0.006793 0.008152
0 0.22690199999999996 0.5692930000000002 0.008152 0.008152
0 0.22758199999999998 0.5951090000000001 0.006793 0.008152
0 0.22893999999999998 0.6474179999999999 0.009511 0.009511
0 0.228261 0.6222830000000001 0.005435 0.008152
0 0.22893999999999998 0.630435 0.006793 0.008152
0 0.22893999999999998 0.6358700000000002 0.006793 0.008152
0 0.23029899999999998 0.5767659999999999 0.006793 0.006793
0 0.23029899999999998 0.58356 0.006793 0.006793
0 0.231658 0.5638590000000001 0.006793 0.008152
0 0.233016 0.6080159999999999 0.009511 0.006793
0 0.233016 0.60394 0.009511 0.006793
0 0.233016 0.642663 0.006793 0.008152
0 0.233696 0.6168479999999998 0.005435 0.005435
0 0.235054 0.6141300000000001 0.005435 0.008152
0 0.236413 0.6209240000000001 0.005435 0.008152
0 0.236413 0.5611410000000001 0.005435 0.008152
0 0.237092 0.594429 0.006793 0.006793
0 0.237092 0.629076 0.006793 0.008152
0 0.237092 0.637228 0.006793 0.008152
0 0.237772 0.6046199999999999 0.005435 0.005435
0 0.238451 0.587636 0.006793 0.006793
0 0.23913 0.599185 0.005435 0.008152
0 0.23980999999999997 0.582201 0.006793 0.006793
0 0.24116799999999997 0.6236410000000001 0.006793 0.008152
0 0.24116799999999997 0.6494570000000001 0.006793 0.008152
0 0.24116799999999997 0.6358700000000002 0.006793 0.008152
0 0.246603 0.607337 0.006793 0.008152
0 0.247283 0.6161679999999999 0.008152 0.009511
