0 0.0728164069153809 0.09862355760573456 0.008695652173913044 0.009782608695652175
0 0.08416151561103298 0.16646635542326893 0.007201086956521731 0.008783421722025193
0 0.0851805373501635 0.17450670977964763 0.007880434782608695 0.006929347826086956
0 0.0878940519886646 0.15455782084217615 0.008559782608695651 0.008288043478260869
0 0.07451477648059827 0.14806001886122652 0.008288043478260869 0.007744565217391305
0 0.08090064604581565 0.2338817097796476 0.006929347826086956 0.008016304347826088
0 0.07295227648059827 0.15568877499703884 0.0076086956521739125 0.006793478260869564
0 0.1056968416979896 0.23999584021443016 0.010054347826086957 0.010190217391304348
0 0.07031091186775494 0.07980562282312569 0.007489009904748251 0.011277173913043458
0 0.07200118952407655 0.16370507934486497 0.0076086956521739125 0.008967391304347826
0 0.0896163587033671 0.23030510345087188 0.00842391304347826 0.008967391304347826
0 0.09059205996377878 0.19076544048811356 0.010054347826086957 0.010190217391304348
0 0.08359910545719973 0.19635980409337683 0.010054347826086957 0.010190217391304348
0 0.07436840550851534 0.20223388587890326 0.010054347826086957 0.010190217391304348
0 0.10261994171509478 0.1608355951999551 0.010054347826086957 0.010190217391304348
0 0.06989291462430476 0.2665690673394306 0.010054347826086957 0.010190217391304348
0 0.07213066006641004 0.23328260388811428 0.010054347826086957 0.010190217391304348
0 0.07856417821246278 0.22768824028285098 0.010054347826086957 0.010190217391304348
0 0.0701726328045679 0.24782794926179874 0.010054347826086957 0.010190217391304348
0 0.07604671459009431 0.27048512186311496 0.010054347826086957 0.010190217391304348
0 0.07464812368877849 0.24083499475521963 0.010054347826086957 0.010190217391304348
0 0.08555713271904183 0.20782824948416645 0.010054347826086957 0.010190217391304348
0 0.09534726902825254 0.2050310676815349 0.010054347826086957 0.010190217391304348
0 0.09059205996377878 0.21705894943285087 0.010054347826086957 0.010190217391304348
0 0.0995430417322 0.23104485844600894 0.010054347826086957 0.010190217391304348
0 0.07856417821246281 0.2573383673907463 0.010054347826086957 0.010190217391304348
0 0.08891375088219983 0.2595761128328516 0.010054347826086957 0.010190217391304348
0 0.09115149632430512 0.2503454128841672 0.010054347826086957 0.010190217391304348
0 0.09310952358614724 0.18153474053942922 0.010054347826086957 0.010190217391304348
0 0.09227036904535778 0.17174460423021848 0.010054347826086957 0.010190217391304348
0 0.07073206916509422 0.17342291331179743 0.010054347826086957 0.010190217391304348
0 0.07129150552562055 0.1913248768486399 0.010054347826086957 0.010190217391304348
0 0.07520756004930478 0.1820941768999555 0.010054347826086957 0.010190217391304348
0 0.08080192365456808 0.1882479768657451 0.010054347826086957 0.010190217391304348
0 0.08052517926761187 0.1628300190798479 0.007201086956521731 0.008783421722025193
0 0.08062137930182237 0.12322938465270189 0.008559782608695651 0.008288043478260869
0 0.08146053384261183 0.11287981198296489 0.008559782608695651 0.008288043478260869
0 0.08481715200576978 0.1058868574763858 0.008559782608695651 0.008288043478260869
0 0.08062137930182237 0.13078177551980733 0.008559782608695651 0.008288043478260869
0 0.08901292470971725 0.1430893754513865 0.008559782608695651 0.008288043478260869
0 0.09348841559392784 0.13441811186322844 0.008559782608695651 0.008288043478260869
0 0.07675252192270354 0.1430250916164896 0.008288043478260869 0.007744565217391305
0 0.07311618557928243 0.13994819163359482 0.008288043478260869 0.007744565217391305
0 0.06892041287533501 0.14050762799412114 0.008288043478260869 0.007744565217391305
0 0.06864069469507184 0.14917889158227918 0.008288043478260869 0.007744565217391305
0 0.06845363846037472 0.12155107557112294 0.0060423189863272435 0.008288043478260863
0 0.06971237027155898 0.11008263018033324 0.008559782608695651 0.008288043478260869
0 0.07306898843471692 0.11539727560533335 0.008559782608695651 0.008288043478260869
0 0.07642560659787488 0.10784488473822794 0.008559782608695651 0.008288043478260869
0 0.0729291293445853 0.12266994829217558 0.0060423189863272435 0.008288043478260863
0 0.06789420209984838 0.0977750302487541 0.0060423189863272435 0.008288043478260863
0 0.06765358915525488 0.08917618186194166 0.006090419003432493 0.009319146651201383
0 0.0691920391467023 0.04260310484812504 0.007489009904748251 0.011277173913043458
0 0.07087034822828127 0.033931841259967004 0.007489009904748251 0.011277173913043458
0 0.07087034822828127 0.05826732294286214 0.007489009904748251 0.011277173913043458
0 0.0667127859927643 0.062247806526676996 0.0030768999828947852 0.008671263588158045
