1 0.8932979417883832 0.2379171744636867 0.011964549189028532 0.012076751045558765
1 0.9106579656186311 0.346298969310263 0.013463227645210598 0.012974355531775433
1 0.9245698141015094 0.2752091055331023 0.012291908264160156 0.013105952221414318
1 0.8917513930279276 0.3655803203582764 0.012930372486943785 0.013484892637833305
1 0.9179929443027663 0.2536060291787852 0.010766775711722996 0.011540495831033459
1 0.8959201522495437 0.3403456146302431 0.013474713201108187 0.020851764989935836
1 0.8829604439113452 0.2686211440874182 0.01159178692361583 0.012172968491264011
1 0.7494342845419179 0.2780356199845023 0.01083610368811566 0.011050058447796364
1 0.8821006028548531 0.29447171999060584 0.011256259420643682 0.014460231946862263
1 0.8857559328493865 0.30244737086088763 0.011538256769594938 0.014528834301492443
1 0.9199354130288829 0.4210525284642759 0.012926060220469599 0.013607501983642578
1 0.9116004238957943 0.30471615169359284 0.011642746303392492 0.013008905493694801
1 0.8815739258475925 0.3343492798183275 0.012235807335895042 0.013900051946225374
1 0.9096281632133152 0.3612968818001125 0.011652573295261547 0.012340918831203296
1 0.9056962469349736 0.2515251740165379 0.011587640513544497 0.011962434519892153
1 0.8869849909906801 0.21121632534524667 0.011757975039274796 0.012993729632833729
1 0.6482702856478484 0.3431257372317107 0.011437436808710512 0.011750801749851391
1 0.9166464390962019 0.32898510409438086 0.013084950654403023 0.014375756616177767
1 0.5506345085475756 0.032723450142404305 0.011704735133958899 0.01338443548783012
1 0.555159796839175 0.10897121740424116 0.013097472812818445 0.013718491015226944
1 0.8337957133417543 0.22374008012854535 0.012560968813688858 0.01200729867686396
1 0.919923678688381 0.37201422452926636 0.011109517968219261 0.01286271862361742
1 0.9119388538858165 0.15249012864154315 0.010553650234056555 0.01086220533951469
1 0.9188328316654709 0.13859366458378905 0.011385453491938237 0.010219053185830898
1 0.5969722789266835 0.7824967633122983 0.009909629821777344 0.011701542398203974
1 0.7661275863647461 0.2860381292260211 0.012155864549719769 0.011227441870647926
1 0.8327642731044604 0.20148904427238132 0.011739191801651665 0.011585836825163467
1 0.8887007867489031 0.18922520399369736 0.008195838400725798 0.01163833679808029
1 0.5580036536506985 0.7922379659569782 0.011457401773203974 0.011773855789847996
1 0.5894463476927385 0.8612074644669243 0.009492189987846043 0.009083623471467392
1 0.9108785546344261 0.23521004552426547 0.016049094822095787 0.013003846873407778
1 0.8804880225140116 0.22518156922381855 0.011599748030952785 0.011771056963049847
1 0.8769561104152512 0.09214977596117102 0.011523537013841711 0.010763541511867359
1 0.9191978496053943 0.39961157674374786 0.019180588100267494 0.017775950224503227
1 0.9174741247425908 0.186467574990314 0.011600991953974184 0.010920918506124744
1 0.9228998059811799 0.3530014209125353 0.012398471002993376 0.012542242589204208
1 0.6387072024138077 0.35284313948258117 0.01160231880519701 0.011037950930388077
1 0.9185666623322859 0.20063960033914316 0.010972562043563179 0.010798081107761547
1 0.7319416170534879 0.07475656530131465 0.010016358417013416 0.009974013204159944
1 0.9279535957004714 0.2907535304193911 0.01201306218686311 0.012045321257218071
1 0.8900627467943274 0.34921036207157635 0.01184446915336277 0.01249828286792921
1 0.7677151791568266 0.25095781836910136 0.010648530952648023 0.010313319591569597
1 0.576108455657959 0.28408590607021167 0.010922349017599354 0.010856027188508408
1 0.6007255160290262 0.16629597933396048 0.009411542311958645 0.010380236998848293
1 0.8973282731097677 0.25925690194834833 0.011190372964610224 0.013102075327997622
1 0.610335640285326 0.11541858445043149 0.010941132255222485 0.011869420175967009
1 0.9295242351034412 0.221781471501226 0.011255554530931555 0.012017436649488367
1 0.9106157758961553 0.2893116163170856 0.011342380357825237 0.011182163072668987
1 0.6482844767363176 0.28261480124100397 0.011269818181576937 0.013747775036355724
1 0.8666493374368419 0.21524110047713574 0.012075590050738792 0.013639947642450747
1 0.8531580385954485 0.21386203558548633 0.011665012525475544 0.012702796770178753
1 0.8930140370907991 0.2801023462544317 0.012721766596255095 0.013714313507080078
1 0.7168238266654636 0.27727377933004627 0.010305985160495922 0.011569313381029211
1 0.5906040357506793 0.8089365337205969 0.010548301365064539 0.010602951049804688
1 0.5554029215937075 0.9594793112381644 0.011227317478345789 0.011496626812478771
1 0.6931014268294625 0.29410758225814154 0.012654760609502378 0.012854202933933422
1 0.9131036219389543 0.16831112426260245 0.011272388955821161 0.010893977206686268
1 0.9066464175348696 0.318744130756544 0.011721528094747791 0.012175870978313942
1 0.7409716274427331 0.19559862302697223 0.010737584984820824 0.011506909909455673
1 0.8094160038491954 0.21843230206033454 0.011224705240000849 0.011289098988408628
1 0.8972715916840925 0.3237088183346002 0.014117240905761719 0.012648611612941906
1 0.7412921242091968 0.06479507166406383 0.011390851891559105 0.010854746984398884
1 0.7480843792790951 0.25058798168016516 0.009784822878630264 0.010936198027237602
1 0.7417754712312119 0.294620773066645 0.01177489239236583 0.012688864832339079
1 0.5619207879771357 0.14685819459998087 0.012447274249532948 0.012521121812903362
1 0.8831481311632239 0.1605594469153363 0.010697862376337465 0.010140958039656929
1 0.7418055949003801 0.23275840800741446 0.010808571525242016 0.010579295780347742
1 0.5958114499631135 0.07839744505674942 0.011654190395189367 0.012092973874962849
1 0.8618290528007176 0.1164449038712875 0.010212608005689539 0.010368668514749279
1 0.7394058393395465 0.21128361121467923 0.010580726291822351 0.011334896087646484
1 0.6144546736841615 0.3741442638894786 0.011067535566247028 0.01082975968070652
1 0.8775709779460089 0.12530738194404506 0.009401909145983581 0.010626353933521404
1 0.7501985715783159 0.050313322440437645 0.011504214742909307 0.009970457657523777
1 0.5839538366898246 0.27090022874915076 0.011511636816936989 0.011591703995414402
1 0.5750197327655294 0.3615560531616211 0.011038780212402344 0.0113067626953125
1 0.6633168925409731 0.1794253743213156 0.011319367781929348 0.011441583218781845
1 0.5847274738809337 0.18360635508661682 0.010947061621624489 0.010963398477305536
1 0.8160056031268575 0.1761597343113111 0.010266635728918987 0.010442153267238453
1 0.8442452057548191 0.19293171426524286 0.011501063471255095 0.012120163959005604
1 0.6276865834775177 0.227670026862103 0.010335590528405231 0.011541988538659138
1 0.930485725402832 0.3378343063852061 0.011578103770380434 0.013949332029923149
1 0.7285429705744203 0.21569856353428055 0.010891250942064367 0.01137320891670559
1 0.5887847257697064 0.2836637807928998 0.010421524877133577 0.010933233344036598
1 0.5426489062931227 0.8778329310209854 0.009665675785230554 0.010769429414168648
1 0.9069177586099376 0.20602772546851117 0.010931719904360563 0.01157837328703507
1 0.5595577281454335 0.04613380458043968 0.01154091047204059 0.011916417142619257
1 0.6728152399477753 0.3171503232873004 0.013628669407056726 0.013237662937330164
1 0.5530663158582605 0.9022945113804031 0.00898854628853176 0.010234791299571161
1 0.7695308560910432 0.16644439489945118 0.011620355689007301 0.011074480803116508
1 0.6312105448349662 0.20995914417764414 0.010172450024148693 0.00949679250302522
1 0.5376712757608165 0.8622684478759766 0.01027127970819888 0.010611160941745922
1 0.6813026303830354 0.06798299240029376 0.009232438128927479 0.010057796602663786
1 0.6335606575012207 0.26242798307667603 0.01006715194038723 0.010202470033065132
1 0.9266647877900496 0.4046261621558148 0.013064301532247791 0.013208679530931555
1 0.673388149427331 0.26238894462585455 0.013586790665336277 0.01376137526138969
1 0.5812743850376295 0.32318998873233795 0.009904654129691746 0.01202704465907553
1 0.8996110169783883 0.17712152004241943 0.01114256485648777 0.010637065638666567
1 0.638301766437033 0.3109716747118079 0.01029993140179178 0.011435633120329483
1 0.6316508002903151 0.9801231881846553 0.009952379309612772 0.008850429369055706
1 0.6165305427882982 0.9488935470581055 0.01047316841457201 0.010091615759808083
1 0.5721707344055176 0.013248601037523022 0.01146909464960513 0.011886942645777826
1 0.9258128041806429 0.3770963860594708 0.013365621152131454 0.01650901981022047
1 0.587749543397323 0.2550871994184411 0.010227410689644192 0.01156373645948327
1 0.7903018205062203 0.2578253642372463 0.012294022933296535 0.011710892552914827
1 0.6035626038261082 0.051218304945075 0.012427786122197691 0.012224855630294136
1 0.6792853189551312 0.28151151408319885 0.013540889905846638 0.012723259303880774
1 0.5626407084257705 0.743158133133598 0.011267330335534138 0.01196214427118716
1 0.7221986936486285 0.20279776531717048 0.011070666105850883 0.011132986649222996
1 0.6212932856186576 0.12696644534235418 0.00999593734741211 0.010102831799051037
1 0.7989033408786941 0.07459353882333508 0.009406711744225544 0.00956899186839228
1 0.7541564236516537 0.17947120770164157 0.011582291644552479 0.011520790017169456
1 0.7754366294197415 0.1889382445293924 0.010444433792777683 0.01072593357252038
1 0.609931054322616 0.9201971966287364 0.010769180629564367 0.010350268820057745
1 0.650801420211792 0.3282442300216011 0.012456043906833813 0.01240174666694973
1 0.8771776945694633 0.043105051569316696 0.010136811629585598 0.010390159876450249
1 0.8696429625801418 0.2406880233598792 0.010499456654424253 0.01107168197631836
1 0.5821380200593368 0.07053402714107347 0.012837285580842392 0.012082193208777386
1 0.5684794964997665 0.06300273148909859 0.011610777481742527 0.012553795524265454
1 0.5478986138882844 0.8889049654421599 0.009175196937892748 0.009826204051142153
1 0.9287049874015476 0.43354994836060895 0.013203786767047386 0.01446403627810271
1 0.9304191755211871 0.3926014848377395 0.011635655942170517 0.011475739271744438
1 0.8778529789136804 0.17663949468861453 0.010911775671917458 0.012841971024222996
1 0.7904076652752761 0.2697748097841144 0.0117259909136549 0.009380298425119643
1 0.7384070106174634 0.18407338598500128 0.011235610298488453 0.010939598083496094
1 0.5895554397417151 0.8460272498752761 0.009661570839259935 0.010800320169200068
1 0.8449370964713718 0.15733828233635946 0.010575294494628906 0.011065369066984757
1 0.8257670195206351 0.1384056340093198 0.010160529095193615 0.010392417078432829
1 0.7611165668653406 0.27505892256031866 0.010718801747197691 0.010522407034169073
1 0.5656980638918669 0.08659748927406642 0.012343323749044666 0.013069971748020336
1 0.6701943874359131 0.16658024684242584 0.010564368704090948 0.012196012165235437
1 0.7866739812104597 0.16631973308065665 0.010060227435568104 0.010564306507939878
1 0.6472842382348102 0.1712099728376969 0.011308048082434612 0.012590750404026196
1 0.7917849913887356 0.15681102483168893 0.010289648304814878 0.009988276854805325
1 0.6673809549082883 0.2999793135601541 0.013361640598462976 0.013969089673913044
1 0.8560912298119586 0.19761663934458856 0.011466938516368036 0.010875577511994736
1 0.8409633636474609 0.1753847288048786 0.010798495748768682 0.011526315108589504
1 0.6217324422753375 0.19446885067483652 0.009443905042565388 0.009187034938646399
1 0.5965673612511676 0.21509002602618676 0.010653205539869226 0.011135640351668648
1 0.591066308643507 0.7277209655098292 0.01151696495387865 0.011855415675951086
1 0.9303689417631729 0.1728096941243047 0.01087126524552055 0.012250838072403618
1 0.5215443942857825 0.1221427347349084 0.01452873064124066 0.015143342640088953
1 0.8909447504126508 0.03663712869519773 0.011137796484905739 0.011639545793118685
1 0.6136051779207976 0.09478856687960416 0.010114192962646484 0.010526066241057022
1 0.9293221183445144 0.3039072078207265 0.011829044507897419 0.012375292570694633
1 0.6178720515707264 0.10493248441944952 0.009631488634192425 0.009670838065769361
1 0.8095176530920941 0.05688697099685668 0.010670039964758831 0.011616048605545708
1 0.5950297894685165 0.26993057002191956 0.010995616083559782 0.010380827862283459
1 0.5893389245738154 0.7947866398355237 0.010085644929305367 0.010804259258767834
1 0.9068735786106275 0.2681900521983271 0.011409759521484375 0.011507366014563519
1 0.775939651157545 0.13167058903238046 0.010150660639223845 0.010941215183423914
1 0.5656644987023395 0.7640907660774563 0.010521598484205164 0.011266086412512737
1 0.9055683716483738 0.19302497739377228 0.010952742203422215 0.010962921640147333
1 0.5792255014110724 0.3416701073898059 0.009266236799088954 0.010034880297571389
1 0.9230145164158032 0.2395637139030125 0.011369456415591032 0.012124973794688349
1 0.5702148727748705 0.12586371794990872 0.011956214904785156 0.012863926265550696
1 0.7336236704950747 0.14688646275064218 0.010881589806598167 0.011750470037045687
1 0.576194141222083 0.9279420479484226 0.009587163510529892 0.009023624917735224
1 0.8406986153644064 0.12481044168057648 0.009523972221042799 0.010005629580953846
1 0.6828226835831352 0.12708034204400107 0.009713048520295517 0.01070118987041971
1 0.6562522390614385 0.14251283977342688 0.009949228037958559 0.010172014651091202
1 0.7419589706089185 0.10618752500285274 0.009107714113981827 0.010405737420786982
1 0.7925157339676565 0.1786745942157248 0.011332263117251188 0.012086163396420687
1 0.9150225597879161 0.11408111323481021 0.010433528734290081 0.010194322337274965
1 0.7503252236739449 0.11617764701013979 0.009756295577339504 0.010561144870260487
1 0.8324281651040784 0.06628865003585814 0.00947558361551036 0.009475547334422236
1 0.6490731653959854 0.2153576767962912 0.01211386141569718 0.01158805515455163
1 0.8737754745257496 0.1468613466001813 0.009287415078663775 0.010145736090312867
1 0.6635872281115988 0.28169071156045666 0.011520074761432152 0.011521111363949984
1 0.5439055691594664 0.84997384444527 0.010585162950598675 0.01031096085258152
1 0.8105978965759277 0.12387226457181183 0.009924308113429857 0.012221968692281971
1 0.6010026517121687 0.012276216369608175 0.010600546131963316 0.010272627939348635
1 0.7594962120056152 0.13472331088522208 0.010054588317871094 0.009860329006029211
1 0.6381173755811609 0.24805018176203192 0.010559994241465693 0.01248473706452743
1 0.8472346637559974 0.11476898193359375 0.010258757549783459 0.010442941085152004
1 0.6945326431937839 0.25461716237275495 0.013021469116210938 0.0122155935867973
1 0.871125034663988 0.195787118828815 0.011828173761782438 0.01187573308530061
1 0.621424498765365 0.36466407775878906 0.010232904682988707 0.010760763417119566
1 0.6032393496969471 0.09872808145440144 0.011705315631368885 0.013050898261692211
1 0.5814704480378525 0.053058621676071824 0.012108429618503735 0.011946880299112072
1 0.7745280058487601 0.05179103561069654 0.010345873625382133 0.010386363319728687
1 0.6053342300912609 0.18225542358730148 0.00845641675202743 0.009443594061810038
1 0.9052855657494585 0.049891850222711975 0.009874385336171026 0.009483658749124279
1 0.7609483884728473 0.03605638768361962 0.011771077695100204 0.011389284030250881
1 0.5509695799454398 0.13677606375321097 0.011990091075067934 0.012923054073167883
1 0.6379365921020507 0.07171298628268036 0.011712530384893003 0.012202097022015114
1 0.5567084602687671 0.93229689805404 0.009743234385614809 0.009850336157757303
1 0.6521216060804284 0.20035208826479706 0.010897553485372791 0.011496585348378057
1 0.8657064230545706 0.0812058319216189 0.009744934413744055 0.009629016337187393
1 0.8128403580707052 0.1906831990117612 0.010232552238132641 0.01034533459207286
1 0.6582176374352496 0.08000912614490677 0.010995367298955503 0.011243545490762463
1 0.7892432627470598 0.20396861822708792 0.010342680889627209 0.010708373525868292
1 0.7347804981729259 0.1631176523540331 0.010932466258173403 0.011380724284959875
1 0.9089248698690663 0.22109735530355704 0.011076761328655739 0.01087646899016007
1 0.6695069955742877 0.128958188969156 0.01011912719063137 0.010619153147158415
1 0.5872094423874564 0.02096827911294025 0.010406100231668224 0.010100473528322966
1 0.6637042087057362 0.11560668634331744 0.009592470915421196 0.009865232135938562
1 0.7494717266248621 0.09713927559230637 0.009331951970639437 0.009621060412863026
1 0.6882798775382664 0.052071071189382805 0.011907950691554859 0.011284812636997387
1 0.5853334406147832 0.8955582535785177 0.009879215903904127 0.010130882263183594
1 0.7305439451466436 0.08994393504184225 0.010842074518618376 0.010960438977117124
1 0.7605133263961129 0.20614155479099439 0.010744136312733526 0.010605936465056046
1 0.5581844785939092 0.9808390451514204 0.010013207145359204 0.0113251312919285
1 0.5836670709692914 0.869903916897981 0.008958443351413893 0.009740953860075577
1 0.5988492654717487 0.03683349490165711 0.012439831443454907 0.012177796467490818
1 0.7177215866420579 0.047083454287570464 0.009753724803095278 0.010361539280932884
1 0.7777577897776727 0.08178955057392948 0.010301963142726734 0.010296489881432575
1 0.608156867649242 0.9343229854980588 0.011688895847486369 0.012033309385641833
1 0.7739448754683784 0.15566504519918692 0.010372452113939367 0.010647462761920433
1 0.5880632815153702 0.8818532694940981 0.009690243264903193 0.00992683742357337
1 0.7852337878683339 0.06772021625352942 0.009694057962168818 0.01013419939124066
1 0.6638061689293902 0.15553133384041165 0.009613534678583559 0.010101422019626782
1 0.6336847077245298 0.2946986944779106 0.01132743254951809 0.011509439219599184
1 0.5838321913843569 0.1971031479213549 0.01108793590379798 0.011088454205056896
1 0.6579456847646961 0.9868209673010785 0.009720615718675696 0.008765510890794836
1 0.5913194988084876 0.9081479984781018 0.010280360346255095 0.01006868611211362
1 0.5738063480543054 0.7362933780836022 0.010129679804262907 0.011434140412703804
1 0.6385233402252197 0.32991349178811774 0.010384207186491592 0.010681981625764267
1 0.6045631118442701 0.2928485041079314 0.009862194890561312 0.010392023169476051
1 0.6068271554034689 0.33940399211385974 0.010464543881623642 0.010458427926768427
1 0.6955055361208708 0.1843623389368472 0.011009423629097317 0.011569748754086702
1 0.5953078687989035 0.38508701658547856 0.010172096901385309 0.009117932100623475
1 0.5633501591889754 0.7782095411549445 0.01162168254023013 0.011414610821267834
1 0.7005170739215352 0.1252604463826055 0.009436980537746264 0.010477688001549763
1 0.5732852687006411 0.11098088907158894 0.01553245212720788 0.017064934191496475
1 0.676179554151452 0.11234654032665752 0.009828484576681385 0.009846054989358654
1 0.7022752969161326 0.1033514167951501 0.010940261509107508 0.010623807492463486
1 0.6319928894872251 0.3380267205445663 0.010683992634648863 0.010345687036928923
1 0.7737013775369396 0.2680965299191682 0.010705284450365149 0.011625331381092901
1 0.5805870139080546 0.37491514371789014 0.010707357655400816 0.010806995889414911
1 0.7281150817871094 0.03971479250037152 0.011788907258406929 0.011143549628879711
1 0.571841405785602 0.8112178056136422 0.010907463405443274 0.010233091271441917
1 0.7462814165198285 0.22172696694083832 0.01049730052118716 0.010739264280899712
1 0.5915097568346106 0.23145511875981872 0.01003402212391729 0.010898341303286345
1 0.6017791188281515 0.39698165395985474 0.011125999948252802 0.012186216271441917
1 0.6455006288445514 0.09182320729545923 0.00972853536191194 0.01011644757312277
1 0.5945038588150687 0.32232598992793454 0.00971085092295771 0.010365596931913624
1 0.7098032909890881 0.055602913317473045 0.009266148442807405 0.010198157766590948
1 0.5660393134407375 0.03339741540991742 0.012099680693253227 0.011540635772373364
1 0.6590186202007792 0.12709423251774 0.00888936415962551 0.009026351182357124
1 0.5852828855099885 0.9632646933845852 0.0095245941825535 0.009406504423721977
1 0.7899101506108823 0.1926818101302437 0.010903731636379078 0.010503478672193445
1 0.9128442847210428 0.026569341835768326 0.009555650793987772 0.009387179561283278
1 0.6073328930398693 0.9803413930146592 0.010291389797044836 0.009111031242038893
1 0.7817288274350374 0.2493331950643788 0.01207368270210598 0.012025169704271399
1 0.6505571448284647 0.23433175294295602 0.010668920434039574 0.01159141374670941
1 0.7717986521513567 0.06287527084350586 0.01064437368641729 0.010733645895253057
1 0.6278026518614397 0.35106841377590015 0.0139379708663277 0.011006645534349524
1 0.7232629112575364 0.18430808834407642 0.012176099030867867 0.02097512328106424
1 0.8993868413178818 0.16519499861675757 0.010441863018533459 0.01133385948512865
1 0.9004836289779 0.35320934264556214 0.010759685350501019 0.011519032975901728
1 0.5932380914500327 0.20186639568957396 0.009690257739786406 0.00913131318203632
1 0.6204472832057788 0.9632741471995478 0.01006217624830163 0.009560585021972656
1 0.6002802641495414 0.37251271372256073 0.01066390327785326 0.011152225991953974
1 0.6942862635073455 0.14188323850217072 0.009777317876401155 0.010328645291535751
1 0.8320075118023417 0.14974273806032928 0.010405706322711449 0.010546622068985649
1 0.7960166309190833 0.2227669798809549 0.013541138690450916 0.013979206914487093
1 0.5423131611036218 0.08393848719804184 0.010184080704398777 0.011098462602366571
1 0.5875742953756581 0.7681384915890901 0.010651049406632133 0.009771388509999151
1 0.6068284926207168 0.27964915399966034 0.01138311883677607 0.011308296867038891
1 0.8588206664375637 0.23480362477509872 0.012946502022121265 0.014153003692626953
1 0.8806093285302796 0.07995981532740652 0.010053515830514798 0.009550855778796675
1 0.8245241745658544 0.05822538033775662 0.009840675022291101 0.010570572770160179
1 0.8774895875350289 0.11123253469881805 0.010005702143130095 0.011283615361089292
1 0.8055546594702679 0.2053358969481095 0.012211053267769192 0.011849548505700153
1 0.5884969338126804 0.755129980004352 0.011725508648416271 0.011759799459706182
1 0.6537398048069165 0.10302548823149307 0.009593383125636889 0.009577025537905485
1 0.7249711285466733 0.25057561501212744 0.00938378209653108 0.01011025387307872
1 0.6165592774100925 0.14893953696541165 0.008923530578613281 0.00960739799167799
1 0.904384177664052 0.12777494347613794 0.010502317677373472 0.010344111401101818
1 0.7545518667801565 0.15901565551757812 0.010504639667013416 0.010512123937192171
1 0.7522799865059231 0.14693256046461023 0.010320663452148438 0.010906032893968664
1 0.8910359092380691 0.1524599324101987 0.010380537613578465 0.010400357453719429
1 0.8222899022309675 0.22528389225835388 0.011829500613005264 0.011744250421938688
1 0.7619435890861179 0.07135600629060165 0.010852025902789574 0.011691031248673149
1 0.8284492699996285 0.18887102085611096 0.011408557062563688 0.011375157729439114
1 0.648500390674757 0.96473911534185 0.009325462838877802 0.01003029035485309
1 0.5796869319418202 0.11565376364666483 0.011336409527322521 0.012423950692881708
1 0.6220631184785262 0.27055023027502967 0.010314651157545008 0.011834725089695141
1 0.5477977213652236 0.09185405658638995 0.012855902962062671 0.013695110445437223
1 0.7208490579024606 0.16627799428027606 0.010086847388226051 0.010573895081229832
1 0.8601891476175061 0.15412593406179678 0.010891209477963655 0.010789280352385147
1 0.7800069477247156 0.22932769941247028 0.011689144632090693 0.012052577474842901
1 0.5801737412162449 0.8533717653025752 0.01023665718410326 0.0093390008677607
1 0.699979201607082 0.20507044377534286 0.009866631549337635 0.010174730549687925
1 0.6489771345387334 0.13224452474842902 0.009502452352772589 0.01057886040729025
1 0.6381130840467371 0.14338121206864066 0.009583846382472826 0.009730650031048319
1 0.8199133043703825 0.07443219164143437 0.009266189906908117 0.010037111199420433
1 0.5971664345782736 0.2402198418327 0.01029180443805197 0.010427060334578804
1 0.6500602701435918 0.27217774805815326 0.011263992475426716 0.011340535205343494
1 0.6154185999994691 0.34604669913001684 0.010753299878991169 0.010758736859197203
1 0.6075309152188509 0.15660053232441778 0.00881752760513969 0.010117437528527302
1 0.6203844236290973 0.25919480945753015 0.009818242943805197 0.010435145834217901
1 0.8220964722011399 0.15676648720451022 0.010689071986986242 0.010997544164242952
1 0.8674353309299634 0.1323723378388778 0.009881143984587296 0.01067277659540591
1 0.706270052039105 0.154813377753548 0.010162353515625 0.009880760441655699
1 0.5840982430725437 0.3030586468833861 0.01020587551740385 0.01042548846626664
1 0.6176037477410358 0.3312343410823656 0.01042181512583857 0.010343447975490406
1 0.7431829493978748 0.13599224194236423 0.010771005049995754 0.01059618203536324
1 0.8676590504853621 0.10415887832641602 0.0104058721791143 0.011094839676566746
1 0.7036864653877593 0.08391385752221814 0.016422935154127037 0.011948725451593813
1 0.5852486568948497 0.3886281096416971 0.011150857676630434 0.011708259582519531
1 0.8607358310533606 0.14025933846183444 0.009842126265816067 0.010307768116826597
1 0.9070868492126465 0.03623032699460569 0.010314734085746433 0.010212024916773256
1 0.6290148859438689 0.31489498718925146 0.009444112363068954 0.010434399480405062
1 0.6764131214307703 0.9724310999331267 0.010039205136506454 0.010196685791015625
1 0.5901191960210386 0.9331302020860754 0.010086474211319633 0.010666681372601051
1 0.8026529395061992 0.13876813390980597 0.010563145513119905 0.010820347329844599
1 0.7472362310990043 0.03624267422634622 0.011595974797787874 0.011621796566507091
1 0.6366552684618079 0.9646563322647758 0.009287875631581182 0.010171143904976223
1 0.5712987236354662 0.7950872131015942 0.009689496911090353 0.010624470918074898
1 0.6290166067040485 0.24485190018363617 0.010290021481721298 0.010735967884893003
1 0.5667252540588379 0.8652607876321544 0.01017309271770975 0.010032239167586617
1 0.5515399601148523 0.07618138841960741 0.012296510779339333 0.012383953384731129
1 0.8347672794176184 0.10204720497131348 0.009922400764797045 0.00995872331702191
1 0.6309647456459377 0.11552150353141453 0.009968944217847742 0.009846666584844175
1 0.8998067482658055 0.10583395025004513 0.010272855344025986 0.010652075643124788
1 0.6493607085684071 0.11919325330983035 0.010096819504447605 0.010585536127505095
1 0.6664985366489575 0.09454006734101668 0.009624522665272589 0.009679504062818445
1 0.5756959604180377 0.03893518188725348 0.01055889544279679 0.010443008464315662
1 0.636468389759893 0.1997831178748089 0.009862153426460598 0.01017072926396909
1 0.8530212277951448 0.16935684369957968 0.010353959125021229 0.010707067406695824
1 0.7997956275939941 0.2285670508509097 0.01002050482708475 0.010208440863567848
1 0.93055710585221 0.19251689703568164 0.010498585908309273 0.011327639870021656
1 0.7247502285501232 0.2634869451108186 0.009362593941066576 0.010417274806810461
1 0.5951282252436099 0.3600741210191146 0.010290228802224865 0.011547824610834536
1 0.5743947443754777 0.940627035887345 0.009883756222932236 0.0093530157338018
1 0.5837753130042035 0.3545823511870011 0.010251584260360054 0.010779380798339844
1 0.6226419262264086 0.1729313964429109 0.009499363277269446 0.009552095247351605
1 0.8087532831274946 0.07405220425647238 0.010060890861179516 0.010413905848627504
1 0.622622593589451 0.9847284192624299 0.008674165476923403 0.01006180307139521
1 0.7283848886904509 0.11131795074628748 0.010262116141941235 0.010097762812738833
1 0.8811097145080566 0.24320011553557022 0.011162923729938011 0.012330552806024965
1 0.6091572616411292 0.9699998109237008 0.009743379509967306 0.009180815323539402
1 0.7101232694542926 0.21211767196655273 0.010535032852836277 0.01042448956033458
1 0.928716701009999 0.3640102692272352 0.011913216632345448 0.012906784596650497
1 0.8973051568736201 0.3042106628417968 0.01134689994480299 0.01273420582646909
1 0.7893376143082328 0.07966072663016942 0.009523557580035666 0.009975599206012228
1 0.7476999241372814 0.08597526342972467 0.010580021402110224 0.010613710983939793
1 0.5923433718474016 0.9881827312967052 0.008821984995966372 0.008515731148097826
1 0.7120070872099504 0.22768642591393512 0.010535903598951258 0.011591869851817255
1 0.7603092193603516 0.21808257310286813 0.010012170542841372 0.01097343278967816
1 0.6478969636170759 0.15187961640565292 0.008979320526123047 0.009799884713214376
1 0.8293957710266113 0.08120894691218501 0.009874302407969599 0.009604137876759405
1 0.5672309709631879 0.971274832020635 0.009939608366593071 0.010061015253481657
1 0.7716930223547895 0.21162430099819016 0.010215842205545177 0.010066882423732593
1 0.855731707260194 0.10053920407605148 0.006958240464045378 0.008780714248595514
1 0.7577849678371262 0.1043518522511358 0.009509459785793139 0.009899554045304008
1 0.9323603173960813 0.14903107933376147 0.009264655735181726 0.010533374288807745
1 0.6096507362697434 0.3220602005072262 0.009642269300377888 0.011577044492182524
1 0.82066882174948 0.12501043340434198 0.010117613750955334 0.01096146003059719
1 0.6376956234807554 0.15521980886873993 0.00955826303233271 0.010043548501056175
1 0.9327499762825344 0.32401016808074445 0.010718013929284138 0.012068464704181835
1 0.7105657121409541 0.18537548313970154 0.010213478751804516 0.010400315989618715
1 0.8038044390471086 0.24503670568051544 0.01198254460873811 0.011945185453995415
1 0.7278208317963974 0.13156622389088507 0.009736890378205673 0.010188144186268682
1 0.7330564208652661 0.051098787266275154 0.010315729224163551 0.010175901910533075
1 0.75174153369406 0.19677570591802185 0.011256176492442255 0.011880501456882641
1 0.5865151605444237 0.7780646109134599 0.00950402113792299 0.008781112766514772
1 0.6820264899212383 0.14873219572979474 0.011137257451596468 0.010914035465406336
1 0.6868857300799825 0.07827636729116025 0.010192414988642153 0.010422452636387036
1 0.598527369291886 0.19229019206503165 0.009872477987538214 0.009384673574696417
1 0.8607927819956903 0.06688588080198868 0.010100654933763586 0.009346080862957499
1 0.9259729800016985 0.02915285203767859 0.010340317435886547 0.011309784391651983
1 0.7098386805990468 0.17061072847117548 0.010318465854810633 0.01065529947695525
1 0.7283223608265753 0.2282831046892249 0.010603780331818954 0.011444568634033203
1 0.8633729271266772 0.17210195375525433 0.01078871022100034 0.011470462964928669
1 0.5636393090952998 0.8503314930459728 0.009036105612049932 0.009476412897524626
1 0.6347321323726488 0.1284270027409429 0.009979144386623217 0.009726824967757515
1 0.5769922111345374 0.8021770145582117 0.009365683016569717 0.009518333103345789
1 0.589909957802814 0.36804566176041315 0.011188942453135614 0.010996901470681896
1 0.616716602574224 0.20923666332079013 0.00922350261522376 0.009379221045452616
1 0.6136325856913691 0.30729500107143237 0.010385202324908714 0.009813661160676376
1 0.8647032198698623 0.04704742716706317 0.009702433710512907 0.00974778766217439
1 0.6212952447974164 0.9061794488326365 0.011211105014966883 0.011069961216138758
1 0.7019263350445292 0.06795034719550092 0.009850419085958729 0.00970974175826363
1 0.8524243389853114 0.12392602783125628 0.010133147484753363 0.009962786538605625
1 0.5766950690228007 0.7463247465050739 0.010627249012822691 0.010215925133746605
1 0.7099665351535964 0.19961736513220746 0.010241301163383152 0.010650676229725714
1 0.9006192995154341 0.1464628965958305 0.00943192191745924 0.010674538819686226
1 0.8382819009863813 0.05439083472542141 0.009223233098569124 0.010075807571411133
1 0.7820439546004587 0.18149284694505774 0.010309634001358696 0.011547752048658289
1 0.9319909759189773 0.2603475840195365 0.010280484738557236 0.011112358259118122
1 0.8452337513799253 0.10008796401645827 0.010135153065557066 0.00973753307176673
1 0.7169603886811631 0.09622353574504024 0.010401808697244396 0.010728804961494778
1 0.8986531962519106 0.28579559533492377 0.011186350946841032 0.01185464859008789
1 0.9283929078475288 0.24898622346960977 0.010958961818529211 0.011874945267387058
1 0.8254904125047767 0.11162522046462348 0.00908685767132303 0.008938281432442043
1 0.7617527712946353 0.08310755957727847 0.009818242943805197 0.0105154099671737
1 0.9297928395478623 0.1028661468754644 0.01126235464344854 0.012295691863350246
1 0.9158857387045155 0.21229029738384741 0.0107568243275518 0.011481264363164488
1 0.8682034948597783 0.058629243270210595 0.01059797535771909 0.011273176773734715
1 0.6698787005051322 0.9814210974651835 0.008958754332169243 0.00876617431640625
1 0.7718727070352306 0.22447290627852734 0.017713505288828976 0.013461216636326
1 0.6040121990701427 0.027050249602483666 0.010114503943401833 0.011276642913403719
1 0.7259208430414614 0.06067172859026038 0.009729882945185122 0.009667842284492825
1 0.6867857519154502 0.221760343528012 0.009276738223910962 0.010249776544177797
1 0.6024344485739003 0.2652024393496306 0.009722916976265285 0.009830972422724184
1 0.6966551283131472 0.17243703033613123 0.010849289272142492 0.011321679405544117
1 0.6108730461286462 0.3608094712962275 0.010685485342274542 0.010994911193847656
1 0.7601291407709536 0.11746088836504065 0.01001664866571841 0.01064442551654318
1 0.6721224266549817 0.1466536470081495 0.009699925132419752 0.010933720547219982
1 0.9187297199083412 0.10198573444200598 0.009986006695291271 0.00994346452795941
1 0.6123664482780125 0.1742847795071809 0.010373115539550781 0.010815599690312925
1 0.5877455628436544 0.3125847422558328 0.010002467943274456 0.010799387226934019
1 0.8588937883791715 0.1868754780810812 0.010539635368015454 0.012355120285697605
1 0.7002512061077616 0.03978312404259392 0.012792338495669157 0.015311202277307924
1 0.9294159930685291 0.06514505199764085 0.00938904803732167 0.0096289178599482
1 0.7534320458121923 0.26339581738347595 0.011210524517556896 0.010548073312510614
1 0.7195652671482251 0.07774660639140916 0.010052224864130434 0.009744359099346659
1 0.6035440923290443 0.352027491635338 0.008467172238353311 0.008404829722912673
1 0.9053229456362517 0.08859387688014818 0.009753268697987432 0.009826494299847147
1 0.6298561718152917 0.09150677660237189 0.014514798703400986 0.01412187451901643
1 0.6863784582718558 0.10621696969737178 0.009816169738769531 0.009803979293159817
1 0.7916660646959035 0.10185787084838051 0.008029062550214502 0.008857616448543703
1 0.9249114782913871 0.31575110684270447 0.011071702708368715 0.010874603105627972
1 0.6255295587622601 0.15320272549338962 0.008734785992166271 0.009611969408781632
1 0.6179726227470066 0.23201911345772122 0.009649276733398438 0.00964343029519786
1 0.7158441543579103 0.0642198920249939 0.009648198666779892 0.010469410730444866
1 0.6064200919607411 0.2070333646691364 0.009594316067902939 0.010018099909243376
1 0.635326219641644 0.1928103903065557 0.010572516399881115 0.013972862907077954
1 0.9284862228061841 0.0909688291342362 0.01018213189166525 0.010138983311860458
1 0.564736729082854 0.9241056234940237 0.009447450223176376 0.010668505793032438
1 0.8724565505981445 0.07004136106242305 0.009729053663170856 0.009866258372431215
1 0.7381415989087975 0.12162031298098355 0.009890929512355639 0.010355161583941917
1 0.9162228833074155 0.07500812022582344 0.009797179180642834 0.009527139041734778
1 0.7076475516609524 0.13251198893008026 0.010292094686756964 0.010125989499299423
1 0.9180602612702744 0.0847301483154297 0.00925644584324049 0.011578165966531506
1 0.8492014511771824 0.05551699451778246 0.009556728860606318 0.009960039802219557
1 0.71368756501571 0.12066973810610565 0.010945278665293818 0.011019540869671364
1 0.7317443723263948 0.2580385000809379 0.009751900382663893 0.010147592295771059
1 0.8057961878569229 0.16248701966327167 0.010885445967964504 0.01199179110319718
1 0.6784469977669093 0.24154889065286386 0.012619723444399626 0.01289392554241678
1 0.6345705364061438 0.17921801235364831 0.009688543236773947 0.00999593734741211
1 0.5578891580591399 0.8286268299808515 0.010311168173085089 0.01136340265688689
1 0.7284607887268066 0.27794361114501953 0.013117956078570824 0.012598037719726562
1 0.8728387252144191 0.1631683163020922 0.010882502016813858 0.011375510174295177
1 0.9138905898384428 0.061803566372912865 0.010336751523225204 0.010254305341969366
1 0.6521341697029446 0.1617303827534551 0.009338171585746433 0.009411417919656506
1 0.6726271173228388 0.07569185028905454 0.009805015895677649 0.010375178378561268
1 0.9277467934981637 0.07815774886504463 0.009991977525793987 0.010472976643106213
1 0.6227566470270571 0.1851997997449792 0.009759198064389437 0.009609554124915081
1 0.897464068039604 0.22001181478085724 0.011216412419858187 0.010446424069611923
1 0.599041399748429 0.2557229062785273 0.009792327880859375 0.010133390841276749
1 0.7814559107241423 0.09138955758965535 0.009797635285750679 0.009669148403665295
1 0.569754641989003 0.8948158803193467 0.009601758873980978 0.00968157726785411
1 0.9264440121858017 0.12223484205163045 0.012027242909307066 0.012101733166238537
1 0.5761164478633715 0.8393470722696056 0.009551773900571077 0.009524511254352072
1 0.893459372651985 0.13628056128131977 0.008029252079485887 0.008043856745246294
1 0.7183848463970682 0.14605668835017993 0.011408722918966541 0.01987300748410432
1 0.6152625913205353 0.29608342958533246 0.010864796845809273 0.010281894517981487
1 0.8435467222462529 0.0675111413002014 0.008977848550547724 0.009475754654925802
1 0.8502921228823455 0.1366308357404626 0.010072873986285667 0.010880242223324984
1 0.7903846035832944 0.12419205126555069 0.010257513626762058 0.0101171991099482
1 0.7893747454104216 0.05214667320251465 0.010558211285135021 0.011024806810461956
1 0.7808201002038043 0.14509283459704858 0.01128387451171875 0.010635220486184826
1 0.6327395335487698 0.1040810191113016 0.01019542113594387 0.009930942369543987
1 0.7384022837099822 0.042183500269184944 0.009379179581351902 0.010252802268318508
1 0.7973304209501846 0.1169930074525916 0.009039630060610563 0.010354736576909605
1 0.7212949628415316 0.15091630686884341 0.010034436764924423 0.009938260783319887
1 0.5568753221760625 0.8408657986184825 0.008923841559368631 0.010352590809697691
1 0.7919395695561948 0.14545765648717468 0.009639574133831522 0.010721610940021019
1 0.8381381656812585 0.09012101007544476 0.009509128072987432 0.009610487067181131
1 0.5539788785188093 0.8709816518037217 0.010045258895210598 0.009902912637461786
1 0.6173689883688221 0.13330959755441416 0.00984954833984375 0.015057283899058466
1 0.6080042590265688 0.23165121285811718 0.009747422259786854 0.009943070619002632
1 0.5905700198085339 0.3410923170006793 0.00916110917072269 0.010317760965098493
1 0.889844396839971 0.049775009569914444 0.010291389797044836 0.010192725969397503
1 0.5788144132365352 0.9877214846403701 0.009081322213877802 0.007875774217688519
1 0.7815939239833665 0.10425447899362314 0.00959790271261464 0.010547109272169031
1 0.8917409098478878 0.07165397509284642 0.009549555571182915 0.010699370633000914
1 0.5919999454332434 0.2990716436634893 0.01035296398660411 0.01052831566852072
1 0.6930582212365191 0.1599880197773809 0.009450000265370245 0.010539531707763672
1 0.9090420888817827 0.278768487598585 0.011515202729598335 0.012130260467529297
1 0.9045440632364025 0.9834198744400687 0.008873441944951597 0.00850702368694803
1 0.6190035564438824 0.28175387697647575 0.006409088104838052 0.008850647138773612
1 0.9219547769297725 0.15568018996197244 0.010276462720788044 0.011075227156929348
1 0.5609501859416133 0.9090995373933213 0.008642963741136633 0.009634432585343071
1 0.9159757365351138 0.0957455531410549 0.009280826734459919 0.00985742651897928
1 0.8076391012772269 0.09889812573142674 0.009484374004861584 0.01000990038332732
1 0.6817658465841541 0.09443392442620319 0.009831967561141304 0.009809276332025942
1 0.6536096282627271 0.9772399404774541 0.009435031725012737 0.010318673175314198
1 0.6925618130227794 0.2102878301039986 0.010767895242442255 0.01125093128370202
1 0.5816449911698051 0.8291391911713972 0.012304513350777004 0.016394532245138416
1 0.6747921860736349 0.08526212754456894 0.009595249010168987 0.010020266408505648
1 0.5761787165766177 0.905857106913691 0.008445905602496603 0.008251231649647589
1 0.5764413087264352 0.9160762040511423 0.009484166684358017 0.009115467900815218
1 0.9236788542374319 0.05650232926658962 0.009891261225161345 0.010012289752130922
1 0.6086755835491678 0.2171049636343251 0.009733448857846468 0.010220755701479704
1 0.7728642173435378 0.09967007844344428 0.009556480076002039 0.009754554085109545
1 0.8502610870029614 0.04521570257518603 0.009445729462996773 0.009331666904947033
1 0.5680610451385207 0.8839158597199774 0.007218725391475184 0.00849416981572687
1 0.577377982761549 0.9566492205080779 0.009484747181768003 0.00912363632865574
1 0.5989661293255689 0.31175583988684 0.008291202213646112 0.008604723130778116
1 0.9257319077201511 0.018493732680445133 0.01016334865404212 0.009712182957193127
1 0.8080520215241807 0.08736667166585507 0.009443946506666101 0.011656330979388695
1 0.899414186892302 0.11621219697205917 0.010547969652258831 0.011092859765757685
1 0.8883471281632132 0.9815969467163086 0.008990412173063858 0.009221035501231318
1 0.588052863660066 0.011427139134510704 0.009528719860574474 0.009031096878259079
1 0.5738269349803096 0.9779293640800144 0.009466129800547724 0.009975599206012228
1 0.7462109690127166 0.16937942090241806 0.013440754102623981 0.012360406958538551
1 0.7089196910028872 0.0819026361341062 0.009566929029381794 0.010037147480508556
1 0.6206198982570483 0.32077055165301205 0.013443573661472485 0.013848466069801994
1 0.8221570097881813 0.09321453260338824 0.015800766322923744 0.010113094163977581
1 0.7785218487615171 0.20272410434225333 0.010480839273203974 0.009884295256241508
1 0.6436205532239831 0.9767097390216329 0.00869099990181301 0.009334066639775816
1 0.5699513165847115 0.8282956455064856 0.008457992387854534 0.009494325389032778
1 0.8911373718925144 0.12907395673834762 0.010171558545983356 0.011070095974466076
1 0.7763491506161897 0.11834187092988387 0.010723031085470448 0.010383979133937671
1 0.6073630996372389 0.9566569328308105 0.011069463646930199 0.010083032690960426
1 0.7973485407621963 0.09052246549855109 0.009727519491444464 0.009878739066745924
1 0.8509006292923638 0.1798316188480543 0.010763043942658798 0.011565809664518936
1 0.6915733295938243 0.12119411903878916 0.009485783784285835 0.008843681086664614
1 0.8966267104015903 0.09402681446650522 0.008258177866791725 0.008789000043562954
1 0.8869064233427248 0.17540239658117834 0.00924700567406903 0.010466982124773589
1 0.8533732165461001 0.06672195507132489 0.009955903758173403 0.009022044098895529
1 0.6084340966266134 0.24267490013785983 0.009217967157778532 0.009628399558689283
1 0.5750621712726095 0.8775371883226477 0.008858805117399796 0.009298324584960938
1 0.9037842335908308 0.0659594406252322 0.009775534920070482 0.009931051212808361
1 0.6183532839236052 0.16234266239663828 0.008730888366699219 0.009331267812977667
1 0.6099148211271865 0.25491150565769355 0.010903731636379078 0.011032892310101051
1 0.5752755869989797 0.7726569250945814 0.006205616629850293 0.007873697341388411
1 0.6183434051016102 0.2200004536172618 0.009547295777694038 0.009205859640370245
1 0.8402151024859884 0.13943628642870032 0.011246639749278193 0.011033949644669243
1 0.6933622982191003 0.09724240717680557 0.01135241467019786 0.010700847791588825
1 0.8002503553397166 0.06473851165411411 0.010040117346722145 0.010478164838707966
1 0.7340577581654424 0.270769274753073 0.009301641713018003 0.009230468584143597
1 0.675225776174794 0.22666319556858222 0.011103381281313688 0.019128633582073708
1 0.7889760680820633 0.11344381000684654 0.009926878887674084 0.01004426375679348
1 0.5510811385265351 0.8605496823163606 0.005000030348970997 0.007905287971084994
1 0.7622909753218942 0.15251673822817596 0.00972685606583305 0.009981321251910666
1 0.8485970460944146 0.08610014180063398 0.009615898132324219 0.009418969568998917
1 0.7516772228738536 0.1275333425273066 0.010152816772460938 0.010474142820938774
1 0.8919889201288638 0.08205868627714075 0.009887114815090014 0.010973085527834684
1 0.7666533926258916 0.1253094828647116 0.01020912502122962 0.00998228529225225
1 0.8085947244063669 0.1493391109549481 0.01062911489735479 0.010428252427474312
1 0.7326380480890688 0.24124599539715308 0.010281231092370075 0.01085737477178159
1 0.8827149764351223 0.06080401721207991 0.01124207869819973 0.009928190189859142
1 0.8190482595692511 0.10391690420067828 0.010544237883194633 0.010404524595841118
1 0.6912391082100247 0.9765015063078506 0.00955988013226053 0.010690854943316917
1 0.9332634055096171 0.12949146395144256 0.008505862692128057 0.01012097234311311
1 0.9107333058896272 0.8593796439792798 0.008449139802352242 0.008155988610309103
1 0.670718877211861 0.10317926821501358 0.009596492933190388 0.009823260099991508
1 0.7635216370685057 0.262975073014746 0.010345763707961121 0.010142994235058331
1 0.5774560078330662 0.886319637298584 0.00827156979104747 0.00929911240287449
1 0.7009379138117251 0.22398715433867078 0.010598348534625511 0.010888410651165505
1 0.5895901140959366 0.9440395935722019 0.015256715857464333 0.010938644409179688
1 0.8887163867121158 0.10128883693529211 0.009599561276643173 0.010020960932192595
1 0.6281132698059082 0.1410542467366094 0.011715888977050781 0.010001617929209833
1 0.5689056230627972 0.9552529998447585 0.009524303933848505 0.014628990836765454
1 0.5945087826770284 0.18084840152574622 0.009945765785548998 0.010689258575439453
1 0.6131624864495319 0.19861162227133047 0.008674103280772333 0.01004996507064156
1 0.8033626183219578 0.10778400690659233 0.010270450426184612 0.01041523269985033
1 0.6841488299162493 0.19870158900385315 0.009598441745923914 0.014293919438901155
1 0.588172777839329 0.9726544877757196 0.010085458340852158 0.00983292123545771
1 0.9050242797188137 0.9719128608703613 0.008539780326511549 0.008052618607230808
1 0.8849583086760149 0.9657918681269106 0.008983860845151155 0.008845702461574389
1 0.9162967596693674 0.12857626258067728 0.007216372584590372 0.0091883155278266
1 0.8982196476148523 0.9563142527704653 0.009571075439453125 0.010165007218070652
1 0.9319195747375488 0.8540918930717136 0.007151271985924762 0.008036654928456182
1 0.9128978563391645 0.941010101981785 0.011132115903108017 0.009288621985394022
1 0.9060594517251721 0.07914867349292921 0.008713971013608187 0.012542615766110628
1 0.8060788071673849 0.18148470961529273 0.011405157006305199 0.014423308165177055
1 0.879119928005586 0.13651582139185392 0.0088090212073248 0.008524038101780814
1 0.9261206811271997 0.8747670192168525 0.008449139802352242 0.008155988610309103
1 0.9234574815668509 0.862634665664151 0.008449139802352242 0.008155988610309103
1 0.9054069067689287 0.8824607068356392 0.008449139802352242 0.008155988610309103
1 0.9163556160725864 0.8795015962130289 0.008449139802352242 0.008155988610309103
1 0.9139883275744981 0.8916339497657303 0.008449139802352242 0.008155988610309103
1 0.9246411258158944 0.892225771890252 0.008449139802352242 0.008155988610309103
1 0.9255288590026776 0.9061335918165198 0.008449139802352242 0.008155988610309103
1 0.9119169501386705 0.9170823011201774 0.008449139802352242 0.008155988610309103
1 0.923161570504589 0.9256637219257469 0.008449139802352242 0.008155988610309103
1 0.9000805076482296 0.9218168781163536 0.008449139802352242 0.008155988610309103
1 0.9018559740217955 0.9096845245636517 0.008449139802352242 0.008155988610309103
1 0.8879481540955275 0.8999194595090381 0.008449139802352242 0.008155988610309103
1 0.8926827310917038 0.8945930603883397 0.008449139802352242 0.008155988610309103
1 0.879366733289958 0.8901543944544243 0.008449139802352242 0.008155988610309103
1 0.866050735488212 0.9022867480071262 0.008449139802352242 0.008155988610309103
1 0.8571734036203813 0.9105722577504346 0.008449139802352242 0.008155988610309103
1 0.8707853124843884 0.9135313683730446 0.008449139802352242 0.008155988610309103
1 0.883805399223873 0.9176741232446985 0.008449139802352242 0.008155988610309103
1 0.8929786421539646 0.9336533206067932 0.008449139802352242 0.008155988610309103
1 0.8912031757803983 0.9419388303501017 0.008449139802352242 0.008155988610309103
1 0.8793667332899575 0.9422347414123626 0.008449139802352242 0.008155988610309103
1 0.8607243363675134 0.9277350993615725 0.008449139802352242 0.008155988610309103
1 0.8494797160015944 0.92122505599183 0.008449139802352242 0.008155988610309103
1 0.9150852558356881 0.9745760604307105 0.008539780326511549 0.008052618607230808
1 0.9218912102676914 0.9639232621893139 0.008539780326511549 0.008052618607230808
1 0.9269216983261285 0.9760556157420158 0.008539780326511549 0.008052618607230808
1 0.8733617960568841 0.9571173077573109 0.008539780326511549 0.008052618607230808
1 0.8641885531267925 0.9648109953760975 0.008539780326511549 0.008052618607230808
1 0.8582703318815719 0.9728005940571448 0.008539780326511549 0.008052618607230808
1 0.8470257115156532 0.9390667329593887 0.008539780326511549 0.008052618607230808
1 0.8186182495385954 0.9387708218971278 0.008539780326511549 0.008052618607230808
1 0.7940576313709308 0.9328526006519076 0.008539780326511549 0.008052618607230808
1 0.7218553321792424 0.954454108196962 0.008539780326511549 0.008052618607230808
1 0.6221333041972792 0.976055615742016 0.008539780326511549 0.008052618607230808
1 0.5854403324769131 0.979014726364626 0.008539780326511549 0.008052618607230808
1 0.5665724961245726 0.9153136697008024 0.008642963741136633 0.009634432585343071
1 0.559470630630308 0.8954876285293142 0.008642963741136633 0.009634432585343071
1 0.5576951642567419 0.8839470971011345 0.008642963741136633 0.009634432585343071
1 0.5550759378670584 0.8555191942579207 0.007071407784797517 0.00790528797108497
1 0.5655126506507961 0.8345097778139668 0.008457992387854534 0.009494325389032778
1 0.5764592312480237 0.7661468817248388 0.006205616629850293 0.007873697341388411
1 0.599550872358069 0.3450393420755178 0.008467172238353311 0.008404829722912673
1 0.5875447096839372 0.33135426756340486 0.009266236799088954 0.010034880297571389
1 0.6223312397530285 0.28840925750963775 0.006409088104838052 0.008850647138773612
1 0.6039576542892878 0.30543322838033615 0.008291202213646112 0.008604723130778116
1 0.7056509416754647 0.14349336680979755 0.010292094686756964 0.010125989499299423
1 0.7256170415303402 0.12385999423696967 0.010292094686756964 0.010125989499299423
1 0.7642181679164328 0.09690570307766355 0.010292094686756964 0.010125989499299423
1 0.769875229541981 0.10921815706401328 0.010292094686756964 0.010125989499299423
1 0.8910949786194373 0.11987265626529828 0.010547969652258831 0.011092859765757685
1 0.8874345269793769 0.11088789254552958 0.010547969652258831 0.011092859765757685
1 0.7925966837286812 0.06240912846750743 0.010040117346722145 0.010478164838707966
1 0.893071983171546 0.06366751845305203 0.009549555571182915 0.010699370633000914
1 0.8432727527997811 0.07811368516083958 0.009615898132324219 0.009418969568998917
1 0.8593921589002546 0.08989059522299231 0.006958240464045378 0.008780714248595514
1 0.7873896886050632 0.13350958401197746 0.010257513626762058 0.0101171991099482
1 0.6134132340024727 0.18947731527496497 0.009443905042565388 0.009187034938646399
1 0.7392934147073604 0.2459047617703665 0.010281231092370075 0.01085737477178159
