1 0.12638272849057194 0.3059055293162948 0.011956521739130435 0.012228260869565218
1 0.21361098936013712 0.239329442359773 0.0125 0.01141304347826087
1 0.35274142414274606 0.13476873856144084 0.011141304347826087 0.011141304347826087
1 0.10267348936013716 0.030837594533686105 0.013722826086956519 0.012364130434782607
1 0.14696696762100678 0.2619517249684687 0.011005434782608695 0.01154891304347826
1 0.13738816327318065 0.21940529901888592 0.010869565217391302 0.012053887231268394
1 0.28887493755351756 0.2289746615666821 0.014386592038934897 0.015160003631209113
1 0.1257713154470937 0.20672074670759913 0.013179347826086955 0.011684782608695652
1 0.2542359893601372 0.23161430785191137 0.012771739130434783 0.012635869565217393
1 0.156953380664485 0.06691096409890349 0.014673913043478261 0.013858695652173913
1 0.12468435892535462 0.1551543857686163 0.012364130434782607 0.010869565217391304
1 0.08249685892535456 0.21112743421361485 0.011141304347826087 0.011956521739130435
1 0.1581082719688328 0.045103898881512186 0.012907608695652172 0.012907608695652172
1 0.15753606160750885 0.4144947426345198 0.01257840536430877 0.014461035332102648
1 0.277945228490572 0.27139465975107735 0.013994565217391307 0.012228260869565218
1 0.1794397937079633 0.0434734640989035 0.014538043478260869 0.013179347826086955
1 0.247578380664485 0.3059734640989035 0.012771739130434783 0.013179347826086955
1 0.22241645864345924 0.35817717628839185 0.014893547262295328 0.016228076552888278
1 0.20735563007084576 0.2761410211701365 0.013472028119921743 0.011820652173913204
1 0.18025501109926764 0.30821531192499046 0.011820652173913043 0.011684782608695652
1 0.09621968501231105 0.11738650757716444 0.012771739130434783 0.012907608695652172
1 0.31035011979491967 0.05624520322933825 0.013043478260869566 0.012907608695652172
1 0.14541493820270676 0.12214267923273342 0.010733695652173914 0.010190217391304348
1 0.10470819316651721 0.016156825841959058 0.012228260869565214 0.007976326528826409
1 0.16721153283839804 0.23634031192499047 0.013451086956521741 0.011956521739130435
1 0.19268707631665888 0.1608647684467296 0.014130434782608694 0.013994565217391307
1 0.201382728490572 0.4150767249684686 0.01358695652173913 0.013179347826086955
1 0.16809468501231106 0.27499520322933835 0.014130434782608694 0.013451086956521741
1 0.20104305457752847 0.1982288988815122 0.014538043478260869 0.01372282608695652
1 0.13765990240361545 0.4050910487979508 0.011684782608695652 0.011141304347826087
1 0.3541471134141284 0.10904107642576483 0.011820652173913043 0.012092391304347827
1 0.1068854458818763 0.21894900757716435 0.012635869565217393 0.012771739130434783
1 0.18381903154001986 0.3396404224362473 0.011684782608695652 0.011684782608695652
1 0.1782849024036155 0.2281013196292789 0.012228260869565218 0.011005434782608695
1 0.23486410573495906 0.179188276151018 0.01358695652173913 0.013994565217391307
1 0.21164088066448475 0.14247406283279263 0.013451086956521729 0.014441414859082962
1 0.14764631544709364 0.42486007053708086 0.010461956521739155 0.010617446559976389
1 0.17855664153405024 0.290891942359773 0.01358695652173913 0.012364130434782607
1 0.15511914153405013 0.3475401092553955 0.010461956521739122 0.012888725095592682
1 0.12432374384891105 0.3525284106588798 0.011684782608695652 0.012228260869565218
1 0.22010131674547195 0.29814208049884405 0.012635869565217393 0.012228260869565218
1 0.22213424893132422 0.04783183729533014 0.010054347826086957 0.00923913043478261
1 0.20078178602879374 0.04726873856144088 0.010326086956521738 0.010326086956521738
1 0.17869251109926762 0.1975495510554253 0.01141304347826087 0.011005434782608695
1 0.12535859545903288 0.09282428385530633 0.010597826086956521 0.011141304347826087
1 0.11496968501231107 0.05597346409890348 0.012771739130434783 0.012907608695652172
1 0.23365175022970242 0.1199680293162948 0.012907608695652172 0.012364130434782607
1 0.21471888704527642 0.3399800963492908 0.01145492580506071 0.014073047109470008
1 0.11476588066448498 0.3180658554032513 0.011277173913043479 0.012364130434782607
1 0.1277728358878459 0.3941437385614408 0.011433984641660875 0.011141304347826087
1 0.11558109805578938 0.1918430293162948 0.012364130434782607 0.011277173913043479
1 0.20511914153405023 0.2978892249684686 0.014266304347826086 0.014673913043478261
1 0.1458120763166589 0.2027805293162949 0.0125 0.010869565217391304
1 0.09111678537960463 0.2512282079892848 0.01316376595197833 0.01483013995467556
1 0.24675269269148056 0.28748612986578875 0.011005434782608695 0.011956521739130435
1 0.215466169653972 0.08978610223797455 0.011005434782608695 0.011005434782608695
1 0.3403093589253546 0.2005394183631681 0.012364130434782607 0.012364130434782607
1 0.18833925022970235 0.27411205105542524 0.013858695652173913 0.013315217391304347
1 0.0945892502297024 0.29775335540325126 0.013858695652173913 0.013858695652173913
1 0.18743515689238957 0.3898442267840735 0.014308186674626579 0.01543174276164359
1 0.16001044588187632 0.14597797769187565 0.010190217391304348 0.01046195652173913
1 0.23194291008278498 0.28191547769187564 0.012907608695652172 0.0125
1 0.07325772849057194 0.06813379018586 0.012771739130434783 0.013043478260869566
1 0.11755120675144154 0.12390824670759909 0.012228260869565218 0.01154891304347826
1 0.22265344635691292 0.03502418024359714 0.009918478260869565 0.009375
1 0.07217345161347857 0.7095358719405651 0.012777098419726138 0.015684598292019354
1 0.14859740240361544 0.08883501528145273 0.010190217391304348 0.010190217391304348
1 0.33058371843684553 0.06165962849205397 0.01046195652173913 0.010190217391304348
1 0.2258027271921938 0.37962494711971956 0.013785649577156597 0.01428666169380583
1 0.15987457631665888 0.17397618149020783 0.012092391304347827 0.011684782608695652
1 0.0716952284905719 0.5465697702623341 0.010461956521739124 0.014480655805122282
1 0.17633037558207193 0.4173389301405356 0.014266304347826086 0.013043478260869566
1 0.14798598936013718 0.16052509453368607 0.010326086956521738 0.010326086956521738
1 0.3123881632731807 0.1948230863875279 0.01141304347826087 0.011141304347826087
1 0.22332566327318062 0.10182944235977302 0.01154891304347826 0.011684782608695652
1 0.11252403283839808 0.24041639888151212 0.01358695652173913 0.013315217391304347
1 0.1497522937079633 0.32083229789014844 0.010869565217391304 0.011684782608695652
1 0.13399142414274587 0.3222778119249905 0.012771739130434783 0.011820652173913043
1 0.1238691415340502 0.10468270322933827 0.012092391304347827 0.011684782608695652
1 0.3638043231262632 0.12146333140664645 0.011141304347826087 0.01046195652173913
1 0.08956207631665895 0.22696531192499045 0.012228260869565218 0.011684782608695652
1 0.2380989228443677 0.09178564164315624 0.010733695652173914 0.011277173913043479
1 0.21596265429563288 0.37168675622749253 0.01394246030577395 0.01824723643108977
1 0.09024142414274584 0.08865009453368607 0.012771739130434783 0.013315217391304347
1 0.14882927882466077 0.015691461036688167 0.009510869565217392 0.009918478260869565
1 0.19744251109926758 0.3480647039162058 0.01032608695652174 0.01665530572156048
1 0.16059312682490023 0.46729932075801606 0.011355579277352193 0.011918017666051295
1 0.19824725790887193 0.07904259634929069 0.012907608695652172 0.012228260869565218
1 0.35043238552469874 0.015397377732999038 0.012092391304347827 0.008986274904407262
1 0.1807984893601372 0.2554299858380339 0.013179347826086955 0.013179347826086955
1 0.14499685892535422 0.03611725554062479 0.010597826086956525 0.012325626361703439
1 0.1394262067514414 0.3431439688588503 0.011413043478260861 0.015781226911196974
1 0.206070228490572 0.1771691162728165 0.014266304347826086 0.014809782608695653
1 0.15070338066448502 0.2452397684467296 0.013043478260869566 0.01372282608695652
1 0.14725964791484158 0.36485403702058333 0.011005434782608695 0.011684782608695652
1 0.313245262991285 0.07838286899622349 0.00923913043478261 0.010054347826086957
1 0.09098870675144152 0.06962835540325135 0.012092391304347827 0.011684782608695652
1 0.28079848936013724 0.03960191836316809 0.013179347826086955 0.013315217391304347
1 0.1288669233194043 0.016575350083561476 0.009918478260869565 0.010597826086956521
1 0.19289088066448504 0.21684302931629482 0.01046195652173913 0.010733695652173914
1 0.20466119954730858 0.033490374080166425 0.01046195652173913 0.009918478260869565
1 0.29526859805578937 0.2756556674553657 0.01362883884853927 0.011976142212150244
1 0.20185827196883285 0.22458759453368607 0.01154891304347826 0.011005434782608695
1 0.31112881414871557 0.17527748946924313 0.009782608695652175 0.010326086956521738
1 0.16773406993586762 0.15956493421361484 0.01154891304347826 0.011820652173913043
1 0.17983961146656116 0.3682217138779689 0.013163765951978136 0.01566497781899884
1 0.0963555545775285 0.19999594010229868 0.011956521739130435 0.01154891304347826
1 0.3179588154470937 0.2104390130239784 0.010597826086956521 0.010190217391304348
1 0.3244910251592285 0.18407958049884407 0.010733695652173914 0.01046195652173913
1 0.12899768159221306 0.037937776278141995 0.011141304347826087 0.009918478260869565
1 0.18724182312626325 0.47844099354232233 0.013179347826086955 0.012228260869565218
1 0.15654577196883288 0.29897618149020794 0.014945652173913044 0.014402173913043477
1 0.18290446762100676 0.1823321597510774 0.016304347826086956 0.01589673913043478
1 0.12385331166305884 0.026954027942560056 0.010597826086956521 0.010190217391304348
1 0.15545547577521293 0.029239913485348153 0.011277173913043479 0.011820652173913043
1 0.17998327196883288 0.07404411627281657 0.01671195652173913 0.016168478260869566
1 0.10736098936013716 0.36460118149020787 0.013315217391304347 0.013858695652173913
1 0.21111500389513463 0.025231761311435116 0.010096230152887083 0.010093588772126365
1 0.2693175110992676 0.25740009453368606 0.014402173913043478 0.013858695652173913
1 0.21097200342009806 0.4335942267840732 0.013315217391304347 0.012635869565217393
1 0.18324414153405016 0.45848705105542514 0.012092391304347827 0.0125
1 0.17054033718622413 0.3244909659145081 0.011684782608695652 0.011005434782608695
1 0.2912604458818763 0.20889465975107735 0.012907608695652172 0.01358695652173913
1 0.34892149444255033 0.15126708049884408 0.0125 0.012228260869565218
1 0.3403093589253545 0.16562020322933826 0.012635869565217393 0.012635869565217393
1 0.3452652583839088 0.027841976887134853 0.010190217391304348 0.009646739130434782
1 0.12227522978895014 0.44215400939276917 0.013179347826086955 0.01372282608695652
1 0.24404577196883281 0.19958759453368613 0.0125 0.012907608695652172
1 0.092535624877333 0.40931318399268 0.011611736533678179 0.015276989596366919
1 0.155390880664485 0.3298865075771644 0.011277173913043479 0.011005434782608695
1 0.0869126197949198 0.05379955105542519 0.012364130434782607 0.012635869565217393
1 0.3297794676210065 0.13602025848496668 0.010326086956521742 0.013762067032995878
1 0.27386914153405023 0.24218270322933833 0.013722826086956519 0.014130434782608696
1 0.18888272849057194 0.13423433366412088 0.01141304347826087 0.011820652173913043
1 0.07270645929264809 0.6833322978901484 0.012756157256326173 0.015451363234664046
1 0.1961673321038111 0.11391276030057128 0.013179347826086955 0.012635869565217393
1 0.1521979458818763 0.3940848771423816 0.013858695652173913 0.014402173913043477
1 0.17407294588187636 0.10182944235977306 0.01576086956521739 0.016576086956521737
1 0.09689903283839804 0.16093270322933825 0.014673913043478261 0.01576086956521739
1 0.2476463154470937 0.24483215975107747 0.013179347826086955 0.012907608695652172
1 0.12230664153405021 0.2833511814902079 0.012771739130434783 0.0125
1 0.13419522849057203 0.45642031374059505 0.013451086956521741 0.012364130434782607
1 0.16911370675144133 0.3512670804988442 0.01100543478260868 0.016538319756402423
1 0.1769627297889502 0.5046147684467297 0.012771739130434783 0.013451086956521741
1 0.3647625409926043 0.0222033899306131 0.012771739130434783 0.012771739130434783
1 0.14982022849057194 0.13708833140664647 0.010733695652173914 0.01046195652173913
1 0.32414801157430445 0.031132277161881793 0.010733695652173914 0.011684782608695652
1 0.16316149833768495 0.12148295187966601 0.011956521739130435 0.01154891304347826
1 0.20540403089083065 0.35732308638752813 0.011376520440752137 0.0109088061634306
1 0.36795320816091975 0.0502600796151043 0.01154891304347826 0.01141304347826087
1 0.12203490240361546 0.17764465975107743 0.012771739130434783 0.011956521739130435
1 0.2097387067514414 0.45530429494580643 0.011277173913043477 0.01564535734598008
1 0.10736098936013716 0.13776694235977305 0.013043478260869566 0.014266304347826088
1 0.21666805457752844 0.3131745510554252 0.012364130434782607 0.012364130434782607
1 0.14696696762100658 0.10448907755450225 0.011277173913043477 0.012733235057355585
1 0.23018707631665897 0.3082062385614409 0.010869565217391304 0.012092391304347827
1 0.09662729370796322 0.6147370510554251 0.013315217391304347 0.01358695652173913
1 0.09064903283839802 0.13790281192499043 0.012771739130434783 0.012907608695652172
1 0.09451352451003947 0.39517220210060144 0.01289202682154344 0.013587693394698619
1 0.2708120763166588 0.1173865075771644 0.013315217391304347 0.015081521739130433
1 0.3063889612402153 0.24110629381706933 0.011684782608695652 0.01154891304347826
1 0.21048598936013718 0.2575359640989035 0.013858695652173913 0.013043478260869566
1 0.2732367873271719 0.29815189073535375 0.011684782608695652 0.012364130434782607
1 0.09968435892535457 0.3137180293162948 0.011277173913043479 0.012364130434782607
1 0.2955403371862242 0.2468022684467296 0.012771739130434783 0.011956521739130435
1 0.09199993755351768 0.5700752050449421 0.011397461604152184 0.01339369928338306
1 0.0857256567182368 0.01643837520890368 0.012693333766126075 0.009354642654020036
1 0.19751044588187636 0.31419357279455556 0.012635869565217393 0.013043478260869566
1 0.1941137067514415 0.23987292062064255 0.012364130434782607 0.011956521739130435
1 0.12414088066448498 0.4198321597510772 0.014538043478260869 0.014266304347826088
1 0.07579225661049373 0.6372340112083738 0.012635869565217393 0.012771739130434783
1 0.37510025455182644 0.06755793372361982 0.01040449232083017 0.01228712228862431
1 0.08934001045007854 0.54782165862234 0.012871085658143462 0.013723562959916896
1 0.30916892803788076 0.04021259453368607 0.015081521739130436 0.014538043478260869
1 0.07386914153405023 0.3410957467075991 0.012907608695652172 0.01358695652173913
1 0.24119251109926765 0.04306585540325125 0.011956521739130435 0.012092391304347827
1 0.2846518504228435 0.01617607787849863 0.013994565217391307 0.01092695289052988
1 0.17583925022970245 0.13106175622749228 0.011141304347826087 0.01141304347826087
1 0.22740175022970238 0.22553868149020784 0.013179347826086955 0.012364130434782607
1 0.16449414153405023 0.19612292062064277 0.01154891304347826 0.011956521739130435
1 0.10036370675144156 0.18131313801194693 0.013451086956521741 0.013043478260869566
1 0.2659207719688326 0.2882424858380339 0.013043478260869566 0.013043478260869566
1 0.16041805457752847 0.49585118149020796 0.012364130434782607 0.011684782608695652
1 0.24494450601685436 0.3353703413684093 0.013451086956521741 0.014402173913043477
1 0.25253761979491995 0.06283487714238176 0.013179347826086955 0.013043478260869566
1 0.13956207631665887 0.19170715975107744 0.012771739130434783 0.012635869565217393
1 0.08847511979491973 0.5315852455788618 0.010597826086956464 0.013859432525134061
1 0.17551783783541325 0.3799257485232041 0.012871085658143558 0.013801307979034843
1 0.271695228490572 0.24265824670759908 0.013179347826086955 0.012907608695652172
1 0.10695338066448498 0.2794788988815121 0.01358695652173913 0.014538043478260869
1 0.22251044588187624 0.0829344994310061 0.010733695652173914 0.011277173913043479
1 0.07889631544709368 0.10318813801194696 0.013451086956521741 0.01358695652173913
1 0.11123327196883283 0.3446962901858601 0.013722826086956519 0.014266304347826088
1 0.10389631544709368 0.44917998583803387 0.012635869565217393 0.013451086956521741
1 0.13077054325929713 0.16791408231812244 0.012771739130434783 0.011277173913043479
1 0.34968435892535454 0.08355498583803392 0.012092391304347827 0.012092391304347827
1 0.07835283718622411 0.18307944235977305 0.013451086956521741 0.01358695652173913
1 0.35479991279064144 0.042637889361619156 0.010326086956521738 0.010733695652173914
1 0.32937185892535453 0.21314585721885598 0.011141304347826087 0.011956521739130435
1 0.16843435892535463 0.21154411627281658 0.011277173913043479 0.011820652173913043
1 0.1339634780419058 0.139625266652065 0.012364130434782607 0.012228260869565218
1 0.07196696762100677 0.2037127326727571 0.011820652173913043 0.012771739130434783
1 0.16476588066448497 0.44945172496846875 0.011820652173913043 0.012635869565217393
1 0.23426316327318067 0.2133104206206426 0.011684782608695652 0.011820652173913043
1 0.2534207719688329 0.09503596409890354 0.014130434782608694 0.016304347826086956
1 0.3779189280378806 0.04273378110783689 0.01046195652173913 0.009646739130434782
1 0.22342167012900851 0.018263172539308748 0.011183186674626122 0.011568533516497963
1 0.1333800110992676 0.23382672496846865 0.013179347826086955 0.013451086956521741
1 0.07651859805578935 0.0412995510554252 0.014945652173913044 0.016440217391304347
1 0.07231711211575023 0.5111568649231444 0.01046195652173913 0.011277173913043479
1 0.13297240240361544 0.2690169423597731 0.013451086956521741 0.013994565217391307
1 0.1791856560690477 0.017962371135824547 0.011684782608695649 0.009801492295711594
1 0.1395620763166589 0.1895332467075992 0.011684782608695652 0.01154891304347826
1 0.20355664153405023 0.3332153119249903 0.011141304347826087 0.010869565217391304
1 0.1967188492986178 0.3677846744727868 0.013571374647630682 0.011490788497379363
1 0.07774142414274583 0.5205605587597139 0.010869565217391302 0.014636145843358954
1 0.11014631544709369 0.628188138011947 0.014538043478260869 0.01358695652173913
1 0.36041830257441143 0.06707234912082273 0.012228260869565218 0.0125
1 0.21952131544709372 0.39415281192499046 0.012364130434782607 0.012635869565217393
1 0.338725669765072 0.04275266470789635 0.010733695652173914 0.010733695652173914
1 0.1978501197949196 0.4613018078519112 0.01005434782608695 0.0143251657668852
1 0.3026055545775286 0.08382672496846869 0.011684782608695652 0.011820652173913043
1 0.1535252297889502 0.4434840112083735 0.010733695652173914 0.011684782608695652
1 0.3257189625385938 0.07559754290926703 0.011956521739130435 0.011005434782608695
1 0.0788963154470937 0.659641942359773 0.012364130434782607 0.012907608695652172
1 0.23168164153405016 0.07227781192499043 0.01141304347826087 0.011277173913043479
1 0.09849805587590672 0.2672898789579865 0.014736736533678418 0.01597522102251327
1 0.33942620675144153 0.10386748583803389 0.013315217391304347 0.014130434782608696
1 0.21897783718622407 0.1184734640989035 0.009646739130434782 0.012092391304347827
1 0.38561848361112594 0.055356293620196846 0.011141304347826087 0.013140843753007815
1 0.3835125409926043 0.023018607321917458 0.011684782608695652 0.01141304347826087
1 0.33963001109926766 0.12744085540325134 0.011005434782608695 0.012635869565217393
1 0.2312060980557894 0.2580115075771644 0.014538043478260869 0.014538043478260869
1 0.16347511979491977 0.4810413988815123 0.013315217391304347 0.011956521739130435
1 0.20725117225072842 0.12449096591450813 0.011005434782608695 0.012092391304347827
1 0.07509196762100678 0.36201965975107747 0.013994565217391307 0.014402173913043477
1 0.3180267502297024 0.106313138011947 0.015081521739130436 0.015489130434782611
1 0.1426870763166589 0.1749952032293383 0.010597826086956521 0.011005434782608695
1 0.2714914241427459 0.1362723771423817 0.013315217391304347 0.01372282608695652
1 0.1081917886255501 0.08833985133017215 0.012771739130434783 0.01358695652173913
1 0.10111098936013714 0.594900094533686 0.015489130434782611 0.01576086956521739
1 0.1277414241427458 0.4963946597510773 0.0125 0.01358695652173913
1 0.07384040943359588 0.7272762920014647 0.01203492710343915 0.016111090587731206
1 0.23957765819076762 0.15397466156668213 0.014130434782608694 0.014538043478260869
1 0.13942620675144154 0.5955115075771643 0.012771739130434783 0.014538043478260869
1 0.15702131544709372 0.5073808424971465 0.010461956521739188 0.011374539405181622
1 0.32869251109926767 0.09055226844672956 0.012228260869565218 0.011684782608695652
1 0.23066261979491984 0.33307944235977305 0.012907608695652172 0.014945652173913044
1 0.0815484516134786 0.5625736851214169 0.012777098419726109 0.01100543478260848
1 0.33847178012303913 0.016564802974091367 0.009375 0.009375
1 0.07074414153405022 0.6162995510554253 0.014266304347826086 0.014266304347826088
1 0.22733381544709372 0.06154411627281657 0.013858695652173913 0.014538043478260869
1 0.08718435892535459 0.6872234640989034 0.012635869565217393 0.012907608695652172
1 0.07626169680881476 0.28791948490616925 0.018070652173913043 0.017255434782608693
1 0.35085994339621984 0.058068158377342735 0.010190217391304348 0.01046195652173913
1 0.3657067450361899 0.07683238985161416 0.010190217391304348 0.010054347826086957
1 0.2944533806644852 0.2915553540776417 0.013315217391304347 0.013179347826086955
1 0.16592077196883284 0.5197355311318994 0.012228260869565218 0.011277173913043479
1 0.07396263277870192 0.6973871982725194 0.011277173913043479 0.01141304347826087
1 0.08895066327318066 0.09021259453368609 0.014809782608695653 0.014809782608695653
1 0.08845417863151976 0.5821389025127215 0.009782608695652175 0.009646739130434782
1 0.3256773282086761 0.14661845300840337 0.010733695652173908 0.013024594660809952
1 0.23883037558207193 0.35080134725709305 0.013722826086956519 0.012771739130434783
1 0.08915446762100672 0.3177941162728165 0.013858695652173913 0.015081521739130433
1 0.0776151653823944 0.1279690514005574 0.013543585905652699 0.018727178253740106
1 0.06941904127785649 0.6547884052120654 0.008962032015056407 0.01290760869565217
1 0.139891775641768 0.4968800134658482 0.0125 0.01358695652173913
1 0.3428801620859022 0.0719064966835366 0.012092391304347827 0.012092391304347827
1 0.36718086508394643 0.08695246184142898 0.012092391304347827 0.012092391304347827
1 0.2107404106382836 0.013814151950538927 0.013179347826086974 0.010131355972245243
1 0.2603138447542941 0.015270213094851093 0.013179347826086955 0.013043478260869566
1 0.12976575400955642 0.06139724491849621 0.00972028119921772 0.015045965157892346
1 0.1360839367890479 0.08469422322749084 0.009720281199217702 0.014075257728350934
1 0.1297657540095564 0.11915433697621204 0.011664337439061256 0.016016672587433813
1 0.0680019432641203 0.013875058936065285 0.005946453829742282 0.010901832021194156
1 0.0680019432641203 0.029484500239138737 0.007928605106323018 0.010406294202048963
