1 0.5996171184208082 0.2649834259696629 0.012094725733217985 0.012871369071628735
1 0.6595487179963486 0.28539672105208685 0.011007557744565218 0.011287564816682236
1 0.5954326235729716 0.2501850853795591 0.01132146171901537 0.010812987451967985
1 0.8017890142357867 0.3625096445498259 0.010949881180472996 0.012291535087253735
1 0.7667994499206543 0.23276515628980557 0.010446921638820484 0.01116105784540591
1 0.6316678213036578 0.1039172307304714 0.009805223216181215 0.010973380959552269
1 0.7643663157587466 0.2505955488785454 0.012606413468070652 0.01626984969429348
1 0.7291639991428542 0.3020790659863016 0.011298055234162704 0.011672082154647163
1 0.7412109582320504 0.3539716886437458 0.011240793311077614 0.012014803679093071
1 0.6207609176635742 0.3232231745901315 0.010532296222189198 0.012039264259131058
1 0.7120482817940093 0.34273550821387255 0.010861272397248642 0.010810582534126614
1 0.665436723957891 0.3041711890179178 0.012259732122006624 0.011860557224439539
1 0.6428935631461765 0.16764500866765558 0.011539749477220617 0.012186382127844769
1 0.8883086080136506 0.3288685970980188 0.010716230972953465 0.01116694704346035
1 0.6580478834069293 0.20239715990812882 0.010397703751273777 0.011106698409370754
1 0.6233834080074145 0.23570662996043323 0.010110792906387993 0.010409666144329567
1 0.7001325565835704 0.13392432357953943 0.010246732960576597 0.010204657264377758
1 0.6365081538324769 0.35104794865069183 0.010879184888756794 0.011745572090148926
1 0.8508056350376294 0.26681116352910583 0.011644404867421026 0.012024713599163551
1 0.586757576983908 0.02396593599215798 0.00996962837550951 0.01001706978549128
1 0.674725408139436 0.1402348279953003 0.009188776430876358 0.01028584397357443
1 0.9176336164059846 0.3490668172421663 0.01156404744023862 0.01206306789232337
1 0.6136306679767111 0.28792356408160663 0.011861303578252378 0.01239677097486413
1 0.6591201139533002 0.24488937336465583 0.010714427284572437 0.011664286903713062
1 0.8445027600163999 0.27825978527898376 0.010076149650242016 0.010637552841849949
1 0.5306642781133237 0.06278036729149196 0.011612104332965355 0.013059776762257452
1 0.8108153965162195 0.34020553464474884 0.013502535612686821 0.013384425121804943
1 0.7896057004513947 0.30369220609250275 0.01322012362272843 0.01970450774483059
1 0.821902834850809 0.3695863018865171 0.011358136716096298 0.012535468391750171
1 0.7494543324346128 0.3157256064207658 0.011091812797214672 0.011829231096350628
1 0.8516152423361073 0.19148153844087024 0.010471426922342052 0.010919757511304773
1 0.6228950852933138 0.15213241266167682 0.011473510576331097 0.01168395125347635
1 0.8821037541265073 0.3529893626337466 0.010679079138714333 0.011606382287066917
1 0.6892035318457563 0.10140580716340437 0.009280868198560633 0.009746281997017239
1 0.6231891797936481 0.27504190154697583 0.020906448364257812 0.012088340261708136
1 0.8270401332689368 0.33556669691334595 0.01190285060716712 0.012161358543064282
1 0.7312691522681196 0.20976233482360843 0.010738165482230808 0.010642735854439114
1 0.7505647617837657 0.33770314506862475 0.01201841105585513 0.012448103531547215
1 0.5479499568109927 0.06684616078501163 0.011488209600033968 0.013660560483517855
1 0.6590260941049327 0.056023991626241935 0.010749837626581606 0.011354943980341372
1 0.6418600289717966 0.15206719481426736 0.01217638927957286 0.011669179667597231
1 0.7831391458925995 0.23760440038598102 0.011114783909009851 0.013574786808179773
1 0.7160432027733844 0.314496838528177 0.011822866356891136 0.011656201404073963
1 0.8271825831869374 0.24250370523203973 0.010210825049358864 0.011628482652747112
1 0.7227201461791992 0.2617920274319856 0.011501561040463655 0.01166026488594387
1 0.643367746601934 0.3911639192829962 0.011346360911493715 0.01075701091600501
1 0.674869910530422 0.3544579381528108 0.010083157083262568 0.011114286339801292
1 0.6659971631091574 0.27000271755716077 0.010837326879086702 0.012437944826872452
1 0.6609123478765074 0.2154145551764447 0.011309333469556726 0.01090284015821374
1 0.8338924283566683 0.26130768527155335 0.010541791501252548 0.010252558666726818
1 0.6673694278882897 0.15230865582175876 0.010194695514181385 0.010955406271893044
1 0.6193153339883556 0.1081359852915225 0.010094559710958729 0.010937535244485607
1 0.8962088667828104 0.3199323674906855 0.0103753546009893 0.010484135669210682
1 0.6147821882496709 0.26117663798124896 0.011286155037257984 0.011072842971138332
1 0.6457619874373727 0.26062326845915423 0.011110305786132812 0.011464906775433083
1 0.639201195343681 0.3378754504348921 0.010785455289094345 0.011580884456634521
1 0.6512502172718877 0.012948560973872309 0.011283708655315895 0.010476410388946533
1 0.6367755661840024 0.3790338765019956 0.010217770286228344 0.010277872500212296
1 0.6626948688341223 0.07079446315765382 0.010819269263226051 0.011423401210619055
1 0.7099605643230936 0.2940152624379034 0.011318123858907948 0.011785134025242016
1 0.7853343797766645 0.25785113417583966 0.011045538860818615 0.012880511905836023
1 0.8426384718521781 0.17135436638541843 0.010602619336998981 0.011097928752069887
1 0.787246393120807 0.2858768649723219 0.010639315066130264 0.010846117268437925
1 0.7824616224869437 0.31911231123882794 0.010676425436268682 0.011016493258268936
1 0.6405523341634999 0.640185895173446 0.010305363198985224 0.011739150337550953
1 0.9035083936608356 0.27289104461669916 0.010450446087381115 0.010571272476859715
1 0.8272699687791907 0.3495893076710078 0.011209819627844769 0.011309999486674433
1 0.8001692398734714 0.2885356260382611 0.010240886522376019 0.01094521646914275
1 0.6584545218426249 0.17133818502011508 0.011032602061396059 0.012721600739852242
1 0.9216889920442002 0.31703460734823474 0.010611990223760191 0.011269755985425867
1 0.6426711082458496 0.059204060098399285 0.011292540508767834 0.010898040688556175
1 0.8923213585563328 0.30386551566745923 0.01028968976891559 0.009630493495775305
1 0.6541093847025996 0.4035707738088524 0.010816097259521484 0.011765153511710789
1 0.6947666873102603 0.2268260043600331 0.01002738786780316 0.013045186581818954
1 0.9095015525817871 0.371325161146081 0.010495766349460766 0.011990754500679348
1 0.7374120173246963 0.2750522053760031 0.010982886604640796 0.011691321497378141
1 0.6308490919030231 0.31285075519395916 0.011154506517493206 0.012038002843442171
1 0.677194470944612 0.38977802058924804 0.01445081959600034 0.01121613772019096
1 0.6877324684806492 0.17489804910576862 0.012632328531016474 0.010689559190169624
1 0.870073816050654 0.28338684206423553 0.011617743450662365 0.01275856598563816
1 0.7579544108846912 0.05078953245411748 0.009323410365892492 0.009853425233260445
1 0.6683685572251029 0.3357353936070981 0.011014088340427563 0.01200997311135997
1 0.7161193101302438 0.12690731753473697 0.010235744973887568 0.010154682656993036
1 0.648456739342731 0.09484345498292343 0.010001224020253057 0.011239414629728897
1 0.665179273356562 0.18729466977326767 0.010315231654954992 0.010988028153129246
1 0.9096152264138927 0.10804646948109502 0.011135101318359375 0.011517358862835426
1 0.7078990106997284 0.01600353646537532 0.011185355808423914 0.011820253470669622
1 0.9269136760545813 0.27946819429812225 0.011286776998768682 0.011786564536716625
1 0.8588607000268024 0.1766571221144303 0.010408028312351391 0.010089117547740107
1 0.7868873554727307 0.3805189080860304 0.011695654495902683 0.012067369792772375
1 0.8938772367394489 0.36905848461648694 0.010845433110776155 0.011138998943826427
1 0.8975736991218899 0.4282266264376433 0.009286921957264776 0.008829842443051546
1 0.7172665388687797 0.06653616998506628 0.009907266368036684 0.010170900303384533
1 0.7978813959204633 0.34532946089039684 0.011282340339992359 0.01162037642105766
1 0.645644934281059 0.2756670661594557 0.010934829711914062 0.011412371759829313
1 0.6977205069168753 0.39123267712800397 0.010646944460661514 0.011554261912470278
1 0.575183453767196 0.027353236208791314 0.011014938354492188 0.011411192624465279
1 0.7412544126095979 0.38916892590730084 0.010675057120945141 0.010518239892047386
1 0.6983064568561055 0.21097576099893317 0.00989258807638417 0.010717329771622368
1 0.8707104558530061 0.3021093451458475 0.011949456256368885 0.012176969776982847
1 0.7480942062709641 0.17813667525415833 0.009577502375063688 0.009903088859889818
1 0.8170053647912067 0.17611693817636243 0.010645327360733696 0.01067917243294094
1 0.6721367006716521 0.166289816731992 0.010416818701702614 0.011064405026643173
1 0.7313063248344089 0.1936260409977125 0.010678498641304348 0.011198106019393257
1 0.8444345515707263 0.3985304625137993 0.009371342866317085 0.009756419969641644
1 0.7655504060828168 0.0352982178978298 0.010331858759341032 0.010001856347788935
1 0.8619337911191194 0.26064804325933044 0.010443314262058422 0.011043963224991508
1 0.9182001404140308 0.4128413407698922 0.009821974712869396 0.010036385577657948
1 0.8959751129150391 0.1886964880901834 0.010858950407608696 0.011040107063625171
1 0.7286552346271017 0.28501223481219745 0.010339902794879417 0.010660897130551546
1 0.7154695884041165 0.3907869173132855 0.010455297387164574 0.0113525390625
1 0.7993938197260316 0.4076604013857634 0.011042719301970108 0.010867574940557066
1 0.6652898684791897 0.36112557805102796 0.010280132293701172 0.011380496232405952
1 0.6784381659134573 0.3421215907387111 0.013361847918966541 0.011424790257992952
1 0.6875728938890541 0.3218087667356367 0.011388861614724865 0.013641716993373375
1 0.7890564669733461 0.3964841884115468 0.01116781649382218 0.011178514231806215
1 0.8657818669858186 0.20539164543151855 0.012187874835470448 0.012589682703432829
1 0.9154674281244692 0.14390776986661163 0.011354612267535667 0.011251853859942894
1 0.7150689622630243 0.2366518248682437 0.010247147601583729 0.011203786601190981
1 0.8885624512382175 0.15616791144661282 0.011453960252844769 0.011894080949866253
1 0.7761706891267197 0.1284141125886337 0.010553194128948708 0.010296904522439709
1 0.7172897380331287 0.353514331838359 0.010788834613302479 0.011760571728581968
1 0.8263246080149774 0.301628071328868 0.01078045886495839 0.011315884797469429
1 0.674468351447064 0.3166610054347826 0.010889841162640114 0.012268937152364979
1 0.75331507558408 0.2919252851734991 0.010376930236816406 0.010066903155782948
1 0.781011726545251 0.22171813508738641 0.011355980582859204 0.01098875377489173
1 0.6715492994888967 0.4070999985155852 0.011473945949388586 0.012649339178334112
1 0.7343911502672278 0.09961873552073604 0.009970084480617357 0.010360199472178583
1 0.767249936642854 0.3270867078200631 0.011839908102284307 0.011912573938784391
1 0.6805737122245458 0.01406790316104889 0.009550758030103601 0.010944279639617256
1 0.768377801646357 0.2847199129021686 0.01139143238896909 0.011852450992750086
1 0.6391607574794603 0.2897501717443052 0.01082847429358441 0.01046547682388969
1 0.5636328095975129 0.06882028735202292 0.010745691216510277 0.01110132362531579
1 0.857973575592041 0.07597672939300537 0.010349646858547046 0.010266977807749872
1 0.6745418672976287 0.4444582876951798 0.010935866314431896 0.012333144312319548
1 0.810227456300155 0.25907735202623444 0.010949881180472996 0.010506899460502293
1 0.6768218538035516 0.2873237962308137 0.011052048724630604 0.011740497920824133
1 0.7339555491571841 0.06143379729727041 0.010561404020889946 0.010851445405379585
1 0.898487837418266 0.17186325529347296 0.011087002961531929 0.012088298797607422
1 0.6910071994947351 0.19335401576498282 0.010088298631751019 0.010836000027863876
1 0.7427892062975012 0.40468721804411517 0.010929978412130604 0.011367880779763927
1 0.8171897141829781 0.31771979124649713 0.010280526202657948 0.011086629784625511
1 0.7262890857198964 0.14850160349970276 0.010002799656080164 0.010384932808254078
1 0.5959133272585662 0.03682170095651047 0.01004952969758407 0.01047072980714881
1 0.6908303965692935 0.051837560923203185 0.011440774668817934 0.011538313782733421
1 0.8955697391344153 0.34708664728247596 0.010540050009022589 0.010834756104842476
1 0.7239809036254883 0.05490746705428414 0.01016309986943784 0.01047789532205333
1 0.7408234554788342 0.3719171026478643 0.010313116985818615 0.011024143384850544
1 0.9051512635272482 0.31075549125671387 0.010250547657842222 0.010261017343272333
1 0.6233390103215757 0.2520434027132781 0.010352549345596977 0.010731759278670601
1 0.7247413759646208 0.2248456789099652 0.010386301123577614 0.010824410811714504
1 0.7057058914847996 0.21867593475010083 0.009014129638671875 0.00924775911414105
1 0.8859197367792544 0.2780941983927851 0.011572630509086277 0.011698494786801546
1 0.8940844950468643 0.26721585315206775 0.009376816127611242 0.009458624798318615
1 0.812371772268544 0.24437850454579227 0.011126684105914574 0.011368171028468921
1 0.7684310415516729 0.1682608801385631 0.010494232177734375 0.010223689286605171
1 0.6643557133881943 0.13236617523690927 0.009780842324961786 0.010432378105495289
1 0.6405088901519775 0.30427730601766834 0.010679514511771824 0.010951187299645466
1 0.640426957088968 0.3204032720431037 0.010800009188444717 0.013164658909258635
1 0.7674812026645828 0.35722919132398523 0.011344370634659477 0.011773399684740149
1 0.5990610951962679 0.09585783274277399 0.01050642262334409 0.011144213054491125
1 0.7576845832492993 0.2646674591562022 0.010816739953082542 0.010571168816607933
1 0.8415674541307532 0.3125557173853335 0.010566877282184105 0.010180411131485649
1 0.7812284593996793 0.3514071858447531 0.010965471682341202 0.011696255725363026
1 0.8850433722786282 0.42116364707117493 0.008876178575598675 0.009272689404694931
1 0.8018628203350566 0.19572712027508277 0.010567748028299084 0.010364947111710258
1 0.6358664346777875 0.1232390196427055 0.011036707007366676 0.011206170786981997
1 0.6841641509014628 0.12394611213518227 0.009044688680897589 0.00906024808469026
1 0.6206112115279488 0.06275981405506963 0.010276089543881624 0.010016171828560207
1 0.8270861169566279 0.4018457868824835 0.010575253030528193 0.011220310045325237
1 0.6195262411366338 0.3079349580018417 0.010735221531080164 0.011219003926152769
1 0.5913054839424465 0.23380061854486883 0.010550955067510191 0.010960744774859886
1 0.7192230224609375 0.08892118930816649 0.010619785474694294 0.009914532951686693
1 0.8150556605795155 0.1597424382748811 0.010348900504734204 0.009139434151027514
1 0.6953829060430112 0.37144693084385083 0.011471292246942934 0.011530648107114046
1 0.7544771692027217 0.39235345177028497 0.01105424632196841 0.011062083037003227
1 0.6731725775677225 0.24344324029010278 0.010544320811396059 0.010355659153150476
1 0.6692151608674424 0.0971842278604922 0.00912649735160496 0.009495330893475077
1 0.6601166310517683 0.3927576904711516 0.011467270229173742 0.01134013093036154
1 0.9211245412411897 0.1264506837596064 0.011743877245032269 0.011623050855553669
1 0.7463946135147758 0.07315045336018437 0.010114503943401833 0.011563954146012016
1 0.9235596034837805 0.18154796310093094 0.011853259542713995 0.01204600541487984
1 0.7758276151574176 0.4237154048422109 0.010231432707413383 0.010268791862156079
1 0.6761175031247346 0.42824285445006 0.011323555656101391 0.011480093002319336
1 0.7044003320776898 0.3570231186306995 0.011321067810058594 0.012068782163702923
1 0.6496175890383512 0.0332488521285679 0.01214437899382218 0.011129710985266644
1 0.8512934394504712 0.30458368425783905 0.010459816974142323 0.011306410250456436
1 0.9035124571427054 0.3536403036635855 0.010624263597571331 0.011343243329421333
1 0.8689235397007156 0.3621410442435223 0.010953530021335766 0.011010760846345322
1 0.6552545609681502 0.32488895304824994 0.0114330416140349 0.012194214955620144
1 0.6439070908919625 0.2416210900182309 0.010146928870159645 0.010238004767376442
1 0.8277474900950557 0.1166208205015763 0.009995460510253906 0.009904094364332117
1 0.7215577830439028 0.33038197328215063 0.011472536169964333 0.012210678795109625
1 0.91170887325121 0.49174221702243964 0.00868026069972826 0.008432056592858356
1 0.707593233689018 0.1720311175221982 0.010247976883597996 0.010810012402741806
1 0.6672441130099089 0.2549222137617028 0.010767252548881199 0.01077475755111031
1 0.7779483587845512 0.3665213895880658 0.011317833610202954 0.011953913647195568
1 0.8676116777502973 0.31838705228722614 0.010769139165463655 0.01062911489735479
1 0.7775233310201893 0.19984233897665274 0.010004624076511547 0.010142264158829399
1 0.6465472760407822 0.660246164902397 0.012335072393002718 0.011674839517344599
1 0.6291951200236445 0.33865095739779266 0.010332086811894957 0.011157046193661898
1 0.8958129053530485 0.07941238517346588 0.011962227199388586 0.010560351869334345
1 0.7153485754261846 0.3766533395518427 0.010631146638289742 0.010850325874660328
1 0.7585928543754246 0.220379870870839 0.009778064230213995 0.010941463968028193
1 0.5950301626454229 0.016232934335003727 0.010649805483610733 0.010676667742107227
1 0.7533241354900858 0.015082342145235643 0.010786388231360394 0.01120657311833423
1 0.7160582127778425 0.19227505766827124 0.011280350063158117 0.011092123777970024
1 0.8353345083153766 0.28680148332015326 0.010471302530039911 0.0115997894950535
1 0.5500128372855808 0.0413315166597781 0.013606112936268682 0.013985970745915953
1 0.8990224133367123 0.12064300931018333 0.010980730471403702 0.012279831844827404
1 0.6301598963530168 0.2647557673246964 0.01105636099110479 0.011394086091414742
1 0.6502160300379214 0.30821232173753826 0.01084943439649499 0.010573801787003227
1 0.8364870029947032 0.3666687115379002 0.010548425757366676 0.011980823848558508
1 0.7619806372601053 0.18253254890441895 0.010241467019786005 0.010638091875159222
1 0.8104345902152684 0.1510253730027572 0.008976646091627039 0.009620054908420729
1 0.7987436211627461 0.27368925965350605 0.011838332466457203 0.01170268266097359
1 0.7595630936000659 0.20165103414784308 0.010272440703018852 0.009968716165293818
1 0.7516919633616572 0.14408603440160334 0.009919249493142834 0.009423888247946034
1 0.6072227021922236 0.07768568785294243 0.010527859563412874 0.010204750558604364
1 0.8019899907319443 0.2503535851188328 0.01030129971711532 0.01058060189952021
1 0.5954931300619374 0.053687507691590676 0.011351502459982166 0.01056789833566417
1 0.7764001514600671 0.060708916705587646 0.010748738827912704 0.010877049487570057
1 0.8855229253354281 0.26127773782481317 0.01020249076511549 0.010144938593325407
1 0.704458754995595 0.27695005872975226 0.010890919229258661 0.011314868927001953
1 0.5826536676158076 0.22004518301590625 0.009903285814368206 0.011779142462688942
1 0.9218380554862645 0.01528069636096125 0.011633748593537704 0.011608815711477528
1 0.6306694486866826 0.2784603264020837 0.010805751966393513 0.010943474976912788
1 0.9273785922838294 0.15955862791641898 0.011147664940875511 0.010949943376624065
1 0.6319964553998865 0.04608713284782742 0.009645068127176037 0.010728208915047024
1 0.8509186869082244 0.29028340007947834 0.010687123174252718 0.011467208033022673
1 0.8030017562534497 0.15990543365478518 0.009352849877398947 0.009702309318210768
1 0.703119360882303 0.03271279516427414 0.010237320609714672 0.010592349197553553
1 0.6970572678939156 0.4071215339328932 0.010509408038595448 0.010687040246051292
1 0.6347560364267101 0.24567733640256134 0.010049757750137993 0.010467425636623218
1 0.7329654071642004 0.4286051211149796 0.008944262628969938 0.009447014850118885
1 0.7658226386360499 0.0806431822154833 0.010967959528384 0.011972188949584961
1 0.746342949245287 0.2491978044095246 0.010669957036557405 0.011338544928509255
1 0.6783714916395104 0.37457177431687066 0.013445439546004585 0.01115306563999342
1 0.7730238333992336 0.3951768253160559 0.011142772176991339 0.012193555417268173
1 0.5724134237869926 0.052648793096127716 0.011345116988472317 0.011954763661260191
1 0.7715386307757833 0.26735437434652576 0.010968291241189709 0.011918627697488537
1 0.7139868943587594 0.21101294393124786 0.010212690933890965 0.010356903076171875
1 0.8201829039532206 0.2157314756642217 0.010968208312988281 0.010267257690429688
1 0.6888938986736796 0.1539859097936879 0.010282516479492188 0.010620894639388374
1 0.6912239738132644 0.4425700021826703 0.009635593580163044 0.009510330531908117
1 0.7880261462667714 0.4399368037348208 0.010626585587211277 0.010635293048361073
1 0.8560758466305941 0.3517012907111126 0.01056069913117782 0.01050772874251656
1 0.6963033676147461 0.11999736143195111 0.01033044897991678 0.009372514227162237
1 0.7493925923886506 0.21016404939734418 0.010264355203379755 0.010183417278787365
1 0.6875511045041292 0.4718487729196963 0.009890473407247791 0.009740425192791483
1 0.8870750510174296 0.29382653858350666 0.011278650035028872 0.012507189875063688
1 0.7769288187441618 0.3388910915540613 0.010438836139181385 0.010766029357910156
1 0.7889523506164551 0.3325581135957137 0.011259783869204313 0.01177078744639521
1 0.9082972692406694 0.4015777007393214 0.010408525881559952 0.010715152906334919
1 0.8063023608663807 0.1337855225024016 0.010231349779211956 0.011635645576145336
1 0.775181189827297 0.3022143426148788 0.010313448698624321 0.011257689932118292
1 0.7483067305191703 0.1966967997343644 0.009997823963994566 0.009730546370796535
1 0.7183098171068275 0.46164992581243103 0.009128653484842052 0.009129130322000256
1 0.8593445446180261 0.16583531317503553 0.01017898062001104 0.010317460350368336
1 0.6083935447361157 0.012817521782025047 0.009936457094938858 0.01008146936478822
1 0.7530144193898077 0.16695053681083344 0.010265060093091883 0.010164240132207457
1 0.9086674399997876 0.08622457670128862 0.011176897131878395 0.011885062507961109
1 0.8645923655966054 0.22763360064962637 0.011620604473611584 0.012190196825110394
1 0.926670157391092 0.24193038111147674 0.010622190392535667 0.010969410771908968
1 0.8435560309368632 0.33861609127210535 0.010411635689113453 0.010441552037778109
1 0.8630103442979895 0.3413809868304626 0.010048285774562671 0.010709769052007923
1 0.8738808631896972 0.38648293329321814 0.010633593020231827 0.011388799418573793
1 0.9084689513496731 0.02657534117284028 0.011690637339716372 0.010745802651280943
1 0.8356418402298637 0.15937362028204874 0.011375800423000171 0.010885808778845745
1 0.7366915785748026 0.3257721610691236 0.011232500490934952 0.010319502457328465
1 0.6296669089275858 0.2208021516385286 0.010481710019318954 0.010740964309028957
1 0.8167833867280381 0.12501388529072638 0.00932448843251104 0.009617421938025433
1 0.8182064139324684 0.20378419627314026 0.010545067165208899 0.00976736649222996
1 0.8239761020826257 0.285724867945132 0.010603033978006115 0.0115325347236965
1 0.6111814250116763 0.24855171079220978 0.01049439803413723 0.010558936906897503
1 0.8425295871237048 0.06867163855096568 0.010833159736965015 0.011431782141975735
1 0.8465044187462848 0.37775607731031335 0.010044180828592052 0.011315636012865149
1 0.7219102486320161 0.03484031946762749 0.010448746059251867 0.01046505181685738
1 0.6664749332096265 0.2296054674231488 0.00996230996173361 0.010204232257345448
1 0.8823511082193127 0.4048038410103839 0.010389203610627548 0.01145260230354641
1 0.6720716642296832 0.6665838075720746 0.010763417119565218 0.01208222430685292
1 0.6442535752835482 0.37007401559663855 0.010196955307670261 0.010475837666055431
1 0.6521767637004023 0.33569961267968895 0.011003224746040676 0.011079523874365765
1 0.905837162681248 0.23599661951479706 0.010736341061799423 0.010735055674677309
1 0.6646479523700216 0.38056092417758447 0.011413615682850714 0.01199123652085014
1 0.835798802583114 0.387012647545856 0.013007039609162704 0.01098732326341712
1 0.6979450557542884 0.3074524195297904 0.010788378508194633 0.01106956730718198
1 0.9099581137947415 0.3001212762749713 0.010263235672660496 0.01058178362639054
1 0.6845521512238875 0.24883484840393066 0.00942329738451087 0.010450259498927906
1 0.696502809939177 0.08662986237069834 0.010395381761633831 0.011278577472852625
1 0.7485243341197139 0.11668578956438148 0.011101183683975883 0.01383884056754734
1 0.7664737286775007 0.4662269509356955 0.008986763332201086 0.009517918462338655
1 0.7522203818611477 0.27830348844113556 0.010930061340332031 0.011338296143904976
1 0.742000206657078 0.15399456024169922 0.009919788526452106 0.009995481242304262
1 0.8411244931428328 0.022472991243652672 0.011124818221382473 0.011629771927128668
1 0.8822327489438264 0.3135537168254023 0.010965596074643343 0.01235267390375552
1 0.8147663033526875 0.3559387974117113 0.011153594307277515 0.011305290719737177
1 0.8797359881193743 0.37285779610924097 0.01070843572201936 0.010911604632502016
1 0.786643712416939 0.15848985443944516 0.009948937789253567 0.01029826247173807
1 0.6801631761633832 0.029011320808659428 0.010370752085810122 0.012121622977049454
1 0.7236393016317616 0.4223404915436455 0.009113021518873133 0.009875826213670813
1 0.9123419056768002 0.4718860128651495 0.00827764428180197 0.008144378662109375
1 0.7667643505594006 0.13814482481583304 0.009726317032523777 0.010360261668329653
1 0.8258735407953677 0.4352149756058402 0.010862184607464333 0.01092077338177225
1 0.8924667109613833 0.22526590720466946 0.011182287464971128 0.011333818021027939
1 0.5766828060150145 0.06518971142561539 0.010097482930059019 0.00994618560956872
1 0.6729453957599142 0.624956462694251 0.011562015699303669 0.011485307112984035
1 0.7930497293886932 0.08262872436772221 0.010786719944166101 0.011189113492551058
1 0.7322111129760742 0.34177756050358654 0.010884906934655231 0.011049120322517727
1 0.8919534268586533 0.20790556202764093 0.011050680409307066 0.01262038687001104
1 0.8118785775226095 0.4001900838769 0.010479802670686142 0.010815703350564709
1 0.765939194223155 0.34366261440774665 0.0104363897572393 0.011262852212657099
1 0.810508209726085 0.4276784399281378 0.0110174676646357 0.010287575099779211
1 0.9016538288282312 0.38466258411822113 0.010378464408542797 0.011295396348704462
1 0.625634069028108 0.19580705269523288 0.012037940647291101 0.012493610382080078
1 0.7351271173228389 0.04297174578127654 0.011054080465565557 0.009968685067218283
1 0.9191709601360819 0.09439248624055283 0.01149351700492527 0.011132758596669073
1 0.8769716801850691 0.18813820507215417 0.010895646136739979 0.011298532071320908
1 0.8362727787183679 0.4146311594092328 0.01037995711616848 0.011875608692998472
1 0.9118754552758258 0.17281674820443857 0.011562223019807236 0.01141810417175293
1 0.6779582604118015 0.27155671948971954 0.011129752449367359 0.011126165804655655
1 0.7336286047230597 0.47404063266256585 0.012137122776197351 0.010078637496284817
1 0.78360130475915 0.18847987962805707 0.009534338246221128 0.009744395380434782
1 0.7448417414789614 0.30174974773241126 0.010699977045473845 0.012049343274987263
1 0.8039313813914424 0.32279473705136263 0.011187553405761719 0.012445344225220058
1 0.7489707573600437 0.032244986814001335 0.010379998580269192 0.009747134602588156
1 0.660330399222996 0.04051092785337697 0.01088349715523098 0.010435013667396877
1 0.7238854947297468 0.019379733697227813 0.010347283404806385 0.01086063747820647
1 0.666516179623811 0.12106968008953592 0.009882304979407269 0.010590304499087126
1 0.8491852801779042 0.15682385278784713 0.010283014048700747 0.009816750236179518
1 0.7619504928588867 0.3793472077535547 0.01021476413892663 0.010689554007157036
1 0.5888954452846361 0.20868089924687927 0.01095817400061566 0.010844852613366169
1 0.8087524745775305 0.38519491060920386 0.01060850723930027 0.01114821952322255
1 0.7122859540192978 0.07840585967768794 0.009745390518851902 0.009909417318261188
1 0.7263205155082371 0.4518622937409774 0.00887099556300951 0.009204698645550272
1 0.6454804254614789 0.1980259833128556 0.010289523912512737 0.01108594562696374
1 0.7291294180828592 0.2432646958724312 0.01085986261782439 0.010498627372409985
1 0.6018248329991881 0.24063778960186505 0.010166023088538128 0.010388477988865063
1 0.8264464710069739 0.27332830429077154 0.010165546251379925 0.010766278142514437
1 0.8826132027999215 0.1306760414786961 0.01174690412438434 0.012207611747409985
1 0.8619489047838294 0.5092672057773756 0.00742178377897843 0.007722730221955672
1 0.7914171633513076 0.4256697944972826 0.01059358016304348 0.017179489135742188
1 0.9210092295771061 0.5114181249038033 0.010324726934018343 0.01001820356949516
1 0.7111905139425525 0.4270922930344291 0.009196820466414742 0.00956632779992145
1 0.85710855152296 0.14621204396952753 0.010311582814092222 0.011374608330104664
1 0.6251686966937521 0.08949270455733589 0.010145892267641813 0.010344007740850035
1 0.8080439360245413 0.0996043993079144 0.010602536408797554 0.010351056637971298
1 0.593245381894319 0.07058080901270328 0.010393308556598167 0.011281977529111116
1 0.6917243003845215 0.019824214603589928 0.010014533996582031 0.011448735776154892
1 0.8748540878295898 0.2668908160665761 0.010340234507685122 0.010751309602156929
1 0.6065057567928149 0.22194680960282034 0.01013177374134893 0.010073184967041016
1 0.6132394749185314 0.02944701002991718 0.010533664537512737 0.012919521850088368
1 0.8087113007255222 0.11691073749376381 0.011375012605086617 0.010613524395486584
1 0.6241649959398352 0.28869837263356085 0.010587194691533628 0.011419856030008068
1 0.9109866100808849 0.18820436104484226 0.010756036509638247 0.010631623475447945
1 0.6516610643138059 0.348392393278039 0.01159829678742782 0.01129293441772461
1 0.8567467565121858 0.24755350403163745 0.010836393936820652 0.010834217071533203
1 0.733457959216574 0.2533623342928679 0.010190010070800781 0.00994891705720321
1 0.6552640458811884 0.6642572983451509 0.011000550311544666 0.012129908022673233
1 0.8643141622128693 0.40439746690833056 0.010169319484544836 0.010378879049549932
1 0.7092259241187054 0.14676268722700037 0.01053557188614555 0.010356602461441704
1 0.9024279843205991 0.2119373031284498 0.009687050529148268 0.011187553405761719
1 0.8391394822493844 0.4250172687613446 0.008926059888756794 0.009533249813577404
1 0.7291904739711594 0.16666328388711676 0.009772798289423403 0.00980557566103728
1 0.8797887304554814 0.48683643341064453 0.009733200073242188 0.009675316188646399
1 0.6979666170866592 0.33254881203174586 0.010254072106402855 0.010832067417061848
1 0.7348895694898522 0.17706096172332766 0.010240471881368885 0.009766029274981955
1 0.7452173233032227 0.09573931797691015 0.010931346727454144 0.011069619137307873
1 0.8096611603446628 0.44528959108435584 0.010444226472274117 0.010791488315748133
1 0.8992819993392281 0.2923599326092264 0.01047913924507473 0.010772373365319294
1 0.7094728013743524 0.04435504648996436 0.01148236316183339 0.011283757893935493
1 0.8576122574184253 0.059482994286910354 0.010537230450174084 0.010259835616402004
1 0.8668388283771017 0.13172347130982773 0.010721372521441917 0.010637024174565855
1 0.8542294502258301 0.03812722926554473 0.011492895043414574 0.011414292065993599
1 0.9279261464657991 0.45389508682748547 0.009343769239342731 0.011784294377202574
1 0.7231109038643215 0.49281290303105896 0.009849962980850883 0.010249428127122961
1 0.7552133435788362 0.1304889088091643 0.009455680847167969 0.010093346886012867
1 0.9163068481113599 0.29024271343065344 0.010725726252016813 0.011150069858716883
1 0.8047118808912194 0.46101435889368475 0.009986048159391983 0.011242959810339886
1 0.8346683875374172 0.10571679861649225 0.010150038677713146 0.009788285131039827
1 0.7891553588535474 0.20357851360155188 0.010977164558742359 0.01043601658033288
1 0.9291158344434655 0.0651843495990919 0.010260955147121265 0.011361339817876402
1 0.8023912595665973 0.5512683287910793 0.007835719896399456 0.00873466159986413
1 0.700896283854609 0.436429967050967 0.009320176166036854 0.009614550549051037
1 0.7971078001934551 0.5134966269783352 0.00795882681141729 0.008928174557893173
1 0.6880724741064984 0.35995786086372705 0.010752097420070484 0.010328956272291101
1 0.7596349716186523 0.4259633810623832 0.010376474131708559 0.009518208711043648
1 0.6986596687980321 0.46076196172963013 0.010057324948518173 0.010163307189941406
1 0.7163165341252866 0.4741657713185186 0.00962618122930112 0.009218008621879246
1 0.7308172764985459 0.4079158202461574 0.011756357939346977 0.013159295786981997
1 0.8299286261848782 0.19364686634229578 0.010152028954547386 0.010662203249724014
1 0.7310160761294157 0.3779114821682806 0.014399652895720108 0.010812111522840418
1 0.7424607691557512 0.23260901285254437 0.010197888249936312 0.010602888853653618
1 0.760411262512207 0.06177684016849683 0.011209156202233356 0.01078089423801588
1 0.7696396786233654 0.10147829159446385 0.011109808216924253 0.011198323705922003
1 0.920968947203263 0.4985259304875913 0.008709990459939709 0.008915403614873472
1 0.7567384139351223 0.5006844479104747 0.009419814400050951 0.009234718654466711
1 0.93075590548308 0.6084881243498429 0.0073669267737347145 0.008697426837423573
1 0.804957161778989 0.17495474608048148 0.009869492572286854 0.009949435358462126
1 0.8557842918064285 0.5988647004832393 0.009780552076256794 0.009155066116996433
1 0.8132186765256135 0.1882039153057596 0.010796712792438011 0.009965564893639606
1 0.9251858669778577 0.3735963883607284 0.01205518971318784 0.012525579203730043
1 0.8321064036825429 0.3233223240012708 0.010322612264881964 0.012105209671932717
1 0.6348199118738589 0.07419361757195514 0.0098492373590884 0.010715474253115446
1 0.8114988285562267 0.27237456777821417 0.011506246483844261 0.011015892028808594
1 0.9143649391506028 0.4326881584913834 0.009164146755052649 0.010108667871226435
1 0.8024210722550101 0.22559900905774988 0.010012419327445652 0.010059253029201343
1 0.9069508676943572 0.3299215824707694 0.01138380299443784 0.012696110683938732
1 0.9010898755944293 0.4615503394085428 0.009335310562797215 0.008333123248556385
1 0.6382246639417566 0.0831051546594371 0.010714282160219938 0.013297858445540718
1 0.8829890748728877 0.08566179741983827 0.010653164075768513 0.010433067446169645
1 0.754401911859927 0.3667970947597338 0.011232956596042797 0.011577730593474014
1 0.6887971629267153 0.48392610446266504 0.00990121260933254 0.00997088266455609
1 0.7598501288372538 0.4096198081970215 0.010914180589758831 0.010146804477857508
1 0.8113547615382981 0.29368336304374365 0.010310214498768682 0.010659839795983356
1 0.8151394802591075 0.5062885077103324 0.00822622879691746 0.00809466320535411
1 0.7823929164720618 0.10936464434084686 0.009643388831097147 0.010692472043244736
1 0.8195823793825895 0.3884641191233759 0.010845308718474014 0.010772166044815727
1 0.7679241636525029 0.43851446068805194 0.009739461152449898 0.009815464849057405
1 0.7031345989393152 0.32411703856095025 0.011127430459727411 0.012075590050738792
1 0.8590853110603665 0.4426740770754607 0.009119821631390116 0.009206066960873812
1 0.6669069373089336 0.08476977244667384 0.010633551556131115 0.01068331884301227
1 0.676999278690504 0.2090268964352815 0.010929397914720617 0.011618904445482336
1 0.732019382974376 0.510452996129575 0.010022785352623981 0.011441064917522926
1 0.9293322977812395 0.4000803232192993 0.01047503429910411 0.013997565145077913
1 0.9014737917029341 0.4789879425712254 0.00829514213230299 0.008358830990998642
1 0.7395721933116083 0.41584884083789325 0.009397092072860054 0.008802424306454866
1 0.9018069972162661 0.4167327466218368 0.010736631310504417 0.009477366571841032
1 0.8093497027521548 0.3077653801959494 0.010783527208411175 0.010920939238175102
1 0.9287715372831924 0.19553332743437393 0.010980647543202276 0.011259721673053245
1 0.7887613047724183 0.12114936372508174 0.01003754657247792 0.01014840084573497
1 0.7880718604378081 0.24767049499180005 0.010970779087232508 0.010530326677405315
1 0.6114872331204623 0.09404550427975863 0.010334906370743462 0.010515793510105297
1 0.780144339022429 0.08740375093791795 0.010151116744331692 0.01105586860490882
1 0.6289758682250975 0.30138635635375977 0.011908987294072691 0.011953768522843071
1 0.9105390258457351 0.45024482063625165 0.008208523625912874 0.008374836133873981
1 0.9253070665442427 0.3326663038004999 0.012453825577445652 0.012481171151866083
1 0.7289204182832139 0.39155966302622924 0.010708477186120075 0.01200315226679263
1 0.685823979585067 0.41707986334095826 0.009356871895168139 0.010386964549189028
1 0.7160298306009044 0.44338765351668646 0.009437146394149117 0.009848884914232336
1 0.8053695429926333 0.5388600411622421 0.0078120853589928665 0.008348734482474949
1 0.8845425481381624 0.6250743244005286 0.008642445439877718 0.00873503477677055
1 0.8994690438975459 0.0450003419233405 0.01147825821586277 0.010684871155282726
1 0.7480061572530995 0.3787661920423093 0.010351761527683422 0.011124502057614534
1 0.9066013253253439 0.057531240193740174 0.012554417485776155 0.012791068657584812
1 0.9277029452116592 0.4838060503420622 0.008153666620669157 0.008481854977815048
1 0.842958222264829 0.32860621162082837 0.010011548581330673 0.010633924733037535
1 0.8457495855248491 0.20523267206938367 0.01177228015402089 0.011168459187383238
1 0.6547658443450928 0.3763604760169983 0.011388301849365234 0.01143746272377346
1 0.6907885385596235 0.2932555675506592 0.010522137517514437 0.010488406471584156
1 0.7049674780472465 0.19705314221589465 0.009911785955014437 0.00997124547543733
1 0.9086287332617718 0.2228111391482146 0.010809566663659138 0.010232054668924084
1 0.691329292629076 0.34587529690369323 0.01058396049167799 0.0125251697457355
1 0.8728426850360372 0.3322526164676832 0.010833532913871433 0.011438058770221214
1 0.8626151499540908 0.11730668337448784 0.011394873909328296 0.011386757311613663
1 0.9161710531815238 0.2654192654982857 0.012137827665909477 0.011453068774679432
1 0.7330251569333284 0.12449486359306004 0.009133173071819803 0.009326312852942425
1 0.7112770702527917 0.2645782491435175 0.009927542313285496 0.01044632040936014
1 0.8738726947618568 0.2438730986221977 0.009934674138608187 0.010439333708389946
1 0.8117712891620138 0.0701965508253678 0.010820181473441746 0.011567426764446755
1 0.6132642289866572 0.23145799014879312 0.009782417960788893 0.010059999383014183
1 0.6940271336099376 0.2438916123431662 0.00946870057479195 0.010011921758237093
1 0.9057762104531993 0.25769147665604303 0.009102157924486242 0.01033764300139054
1 0.8540083636408268 0.4568398724431577 0.009831511456033459 0.010339363761570141
1 0.8826328982477603 0.34037482349768927 0.011237559111221977 0.010955978994784147
1 0.8425860404968262 0.12075234496075174 0.009300190469493036 0.009997823963994566
1 0.6758653184641963 0.03007086593171825 0.006965015245520551 0.00971695910329404
1 0.8537146112193231 0.3294926933620287 0.010810022768766983 0.010291762973951258
1 0.9257536141768747 0.5305135353751804 0.00998998724895975 0.01131277498991593
1 0.6885381574216096 0.30360348328300146 0.009415128956670347 0.009548062863557236
1 0.7027105663133704 0.2527092850726584 0.011306679767111073 0.0110504730888035
1 0.6521982317385465 0.6482437175253162 0.010931139406950577 0.010830796283224354
1 0.6849486724190089 0.4593220275381337 0.010161690090013586 0.010067545849344006
1 0.7025598443072774 0.1860041203706161 0.009942427925441576 0.010536898737368376
1 0.7831537827201511 0.4844183869983839 0.009344847305961277 0.008241601612256922
1 0.782486169234566 0.4703793318375298 0.00963418380073879 0.01034869318423064
1 0.7208414492399797 0.11014484322589377 0.009434658548106318 0.009487587472666864
1 0.8281654274981954 0.4532670041789179 0.010587858117145042 0.010641823644223421
1 0.6533535978068477 0.3613281301830126 0.01081215816995372 0.011060870212057362
1 0.7768762837285581 0.14857719255530313 0.009793820588485054 0.00979887920877208
1 0.6926022819850757 0.28172725179921027 0.01078398331351902 0.011135972064474354
1 0.7953929071841033 0.18355892015540082 0.00983428955078125 0.010277996892514437
1 0.77495525194251 0.45335377817568573 0.008830194887907608 0.010121532108472742
1 0.8359335609104324 0.13950454152148703 0.010022121927012568 0.010316340819649075
1 0.6523751175921896 0.2946209907531739 0.010393184164296026 0.010606060857358187
1 0.838526622108791 0.3012287616729737 0.010510030000106148 0.010709534520688265
1 0.7446395625238833 0.5203291644220767 0.010516208151112432 0.010731116585109546
1 0.7590020843174148 0.5241220101066257 0.010455960812775986 0.010629778322966202
1 0.9117855196413787 0.25452086199884827 0.010088588880456013 0.009854627692181131
1 0.9206280500992483 0.21440314209979516 0.009410028872282608 0.010557319806969685
1 0.8240182296089503 0.08577737600907036 0.010747246120287024 0.010359453118365745
1 0.9292429219121519 0.14669679558795432 0.01014808986497962 0.012506650841754417
1 0.6668678366619609 0.022422655121139855 0.010334678318189539 0.011452665795450625
1 0.7774992818417756 0.1804976152337116 0.010279862777046535 0.010820450990096382
1 0.7890335995218029 0.45583443019701086 0.009450497834578804 0.009703180064325747
1 0.7253932745560355 0.13695649478746497 0.009355586508046026 0.009374680726424507
1 0.8480115558790124 0.3610622571862262 0.010449119236158289 0.010707440583602242
1 0.847001842830492 0.2426643993543542 0.010183458742888077 0.011449150417162024
1 0.85201532944389 0.5027583992999533 0.008159388666567595 0.008243726647418478
1 0.9217924864395806 0.6194699847179911 0.008622045102326767 0.008253615835438604
1 0.7581969551418137 0.15541545204494311 0.01016724627950917 0.009754823601764181
1 0.8220326382180919 0.22741759341696038 0.010892868041992188 0.010833947554878567
1 0.8565033622409985 0.3936291984889818 0.010251750116762907 0.010176948879076086
1 0.8476965531058933 0.4346304147139839 0.009686511495838995 0.00945393935493801
1 0.897674498350724 0.45088764895563543 0.008464522983716883 0.008055147917374321
1 0.9239931935849397 0.04818865916003352 0.011606216430664062 0.01139394355856854
1 0.6429528360781462 0.2299574354420538 0.010701138040293818 0.011470006859820824
1 0.8226087197013521 0.14655785975248917 0.010820513186247452 0.011210400125254755
1 0.6316161570341691 0.02117602656716886 0.010629695394764776 0.011173249586768772
1 0.886614467786706 0.46499196342799975 0.008499726005222486 0.009370928225309952
1 0.8528371686520784 0.5245258289834728 0.008048803909965183 0.008008998373280401
1 0.8390439282292905 0.2282419101051662 0.011416103528893513 0.01162124716717264
1 0.8743058494899585 0.4448993568835051 0.009012222290039062 0.00850603891455609
1 0.6776322281878926 0.19042228615802265 0.011004365008810291 0.011002374731976051
1 0.8823284895523734 0.10300087928771973 0.011026714159094769 0.011023977528447691
1 0.9020598453024159 0.5355888656947924 0.008060123609459919 0.009119075277577276
1 0.8524822774140732 0.11310616783473802 0.013461195904275646 0.010957323986551037
1 0.9040699419767959 0.5185103727423627 0.009570494942043139 0.01035227982894234
1 0.7712760593580164 0.4949485219043234 0.009470649387525476 0.008560284324314283
1 0.8543688525324282 0.12948766480321472 0.00988068787947945 0.009877090868742569
1 0.7188226036403491 0.16543814928635306 0.00961328589397928 0.01015912968179454
1 0.8021824670874554 0.21576245971347977 0.009859707044518513 0.01017539397529934
1 0.8913941176041312 0.5045204577238663 0.011364397795304008 0.010227203369140625
1 0.6206497109454611 0.012110185687956602 0.009340535039487093 0.008335776303125464
1 0.8534280320872432 0.3171783426533575 0.011050556017004925 0.010139734848685886
1 0.7407876304958179 0.4453779148018879 0.009150297745414402 0.00827205699423085
1 0.8591817772906758 0.3739503984865935 0.010129265163255774 0.010320290275242016
1 0.9214438770128334 0.6036843838899032 0.008040676946225374 0.007917113926099695
1 0.8546349276667056 0.5815269428750743 0.00885561238164487 0.00803313047989555
1 0.6775143042854643 0.23011953934379245 0.011024184848951258 0.009973152824070143
1 0.8886814117431642 0.4768002499704776 0.008383460666822351 0.008347127748572308
1 0.7426702872566555 0.26240448329759675 0.010773492896038551 0.010519732599673063
1 0.7888600722603176 0.17380604536637012 0.010098913441533628 0.00987795124883237
1 0.8754943557407544 0.5347056907156239 0.007915040721064028 0.007947030274764351
1 0.8026888681494672 0.48755816791368567 0.008807679881220278 0.0085186129030974
1 0.8470943492391835 0.5474547303241232 0.0080725213755732 0.007619152898373811
1 0.8624593485956606 0.5399934105251146 0.011014192000679348 0.010180929432744566
1 0.8412284229112709 0.4674858839615532 0.01004015881082286 0.009749785713527514
1 0.8260913517164148 0.569434228150741 0.009855685026749321 0.008745317873747452
1 0.9301045044608739 0.42690167219742486 0.008739886076554008 0.012810707092285156
1 0.8356295668560526 0.5266160550324813 0.00854280720586362 0.00791168212890625
1 0.858497204987899 0.41920378933782165 0.008680094843325407 0.009279976720395296
1 0.9011436959971553 0.5028809360835863 0.008269351461659307 0.009309125983196756
1 0.6517210006713867 0.6313017140264097 0.010101318359375 0.010545398878014606
1 0.8183069643766985 0.1005119396292645 0.012095244034476902 0.0108663621156112
1 0.9106191552203634 0.6315294348675272 0.009757829749065897 0.00891038645868716
1 0.8722791257111921 0.4755299816960874 0.00997261379076087 0.015411750130031421
1 0.7169098646744437 0.6264604485553243 0.01002427806024966 0.010744509489639946
1 0.7102134331412937 0.4865723485532014 0.010954773944357166 0.010356239650560461
1 0.7432916060737942 0.4321320523386416 0.008733998174252718 0.009144814118095066
1 0.7022927533025327 0.1582970567371534 0.009578663369883661 0.010460615158081055
1 0.8656885312951128 0.01770726235016533 0.015616955964461617 0.011506593745687733
1 0.6956315247908883 0.42206452722134796 0.008866517440132473 0.009101048759792162
1 0.8879072562507961 0.6090968173483143 0.007691963859226393 0.008346723473590353
1 0.6660856993302054 0.10763167816659677 0.009376940519913383 0.010057376778644066
1 0.6888558346292247 0.42962962648142944 0.009681867516559103 0.009850025177001953
1 0.87464890272721 0.4307698788850204 0.009497642517089844 0.009356291397758152
1 0.8870391431062119 0.1447964906692505 0.011736164922299593 0.012490303620048191
1 0.8672580511673637 0.1900473988574484 0.011127679244331692 0.010910925657852837
1 0.857265099235203 0.4701882237973421 0.009343105813731318 0.008898196013077446
1 0.7974838795869246 0.47553840927455737 0.00952749666960343 0.009619401848834494
1 0.8965657275655994 0.034055619136146874 0.009041993514351223 0.009919047355651855
1 0.6617877172387164 0.3499624107194984 0.014829096586807915 0.011218672213347061
1 0.6772390448528788 0.107122540473938 0.010138884834621265 0.011237984118254288
1 0.8931418916453486 0.43833835228629736 0.009512403736943785 0.0089611177859099
1 0.6710963456527048 0.6469366861426312 0.01009393774944803 0.012631001679793648
1 0.7616019663603408 0.3059038701264754 0.011839120284370754 0.011963678442913551
1 0.7710218222244926 0.2105811989825705 0.009831428527832031 0.010387420654296875
1 0.7009203744971234 0.6545808004296343 0.010823415673297386 0.012698090594747791
1 0.8155913145645803 0.4766006469726563 0.009709648464037024 0.010467861009680706
1 0.792564640874448 0.5452675612076469 0.008798101673955503 0.009487400884213655
1 0.8715877532958984 0.41934771123139747 0.00948922530464504 0.009810634281324304
1 0.9280649682749873 0.29772712873375934 0.009748956431513247 0.012221377828846807
1 0.7026118195575215 0.4805847458217455 0.00897079965342646 0.009540081024169922
1 0.8180674469989279 0.5238965386929719 0.008375789808190388 0.00865316390991211
1 0.8958084272301714 0.39890900124674256 0.01024188166079314 0.009677249452342157
1 0.6195672387662142 0.047982078531514046 0.009920928789221722 0.010245743005172066
1 0.9236096921174421 0.6322120583575704 0.009060071862262228 0.00964554496433424
1 0.8679461479187012 0.5823254585266112 0.007534731989321502 0.007738486580226732
1 0.8947919762652852 0.6210849803426991 0.010983840278957203 0.010506712872049084
1 0.8808334599370542 0.2378673968107804 0.012386736662491508 0.012355555658755095
1 0.7450217164081074 0.48814831609311304 0.01074231189230214 0.009677555250084919
1 0.6872310638427734 0.6522064830945885 0.010718884675399117 0.01107999552851138
1 0.8331960387851882 0.5420178330462911 0.00736398282258407 0.008623993915060291
1 0.8519138045932935 0.48245920305666723 0.00818646472433339 0.009480766628099524
1 0.9093105067377505 0.5904839349829633 0.00839208519977072 0.008310359457264776
1 0.6222622498222019 0.035693022220031075 0.009478693423063858 0.01026708924252054
1 0.8242439187091332 0.5527468764263651 0.008454032566236414 0.008401746335236923
1 0.607830057973447 0.058914555155712624 0.010468876880148182 0.016943387363267982
1 0.8275406464286472 0.49975868929987366 0.008766340172809103 0.008570816205895466
1 0.8806185100389564 0.590652548748514 0.0077293230139690895 0.008228799571161684
1 0.8716179598932681 0.4590285446332848 0.009106553119161854 0.008714862491773523
1 0.8937197560849397 0.5772543368132217 0.010004043579101562 0.009185210518215014
1 0.8282008171081543 0.5127906488335651 0.008494211279827616 0.00803895618604577
1 0.7682792000148608 0.1545760787051657 0.009767781133237093 0.009712125944054645
1 0.7576017587081246 0.4535068014393682 0.009000736734141474 0.0082855224609375
1 0.9224197346231212 0.5836512316828188 0.008930496547533117 0.008206450420877209
1 0.9031652367633322 0.5534915924072266 0.010088713272758152 0.01026841868524966
1 0.7474651751310928 0.053496954233750046 0.009078896563986073 0.009629555370496668
1 0.7352276470350182 0.615071089371391 0.009665406268575916 0.01023176442021909
1 0.8452231365701427 0.5349137886710789 0.007891613504161005 0.008271549058997112
1 0.9325268994206967 0.23155798082766324 0.008897905764372452 0.009678819905156675
1 0.7932533595872963 0.0971245402875154 0.010126694389011547 0.00951931787573773
1 0.9209118304045303 0.2016305612481159 0.009463434634001358 0.010754688926365063
1 0.9272594037263291 0.47047961276510486 0.009259016617484715 0.011732474617336109
1 0.6203620122826617 0.078991306864697 0.01023089367410411 0.010732241298841394
1 0.65792817654817 0.6375061429065206 0.010779505190641983 0.01118724242500637
1 0.5927111584207286 0.220356733902641 0.010505261628524117 0.01150413181470788
1 0.9297623219697371 0.551459208778713 0.009924059328825577 0.012292405833368715
1 0.8199570904607358 0.5376374203225841 0.008572910142981487 0.008488613626231318
1 0.837623865708061 0.24852067491282587 0.010058485943338146 0.010544217151144276
1 0.7375916605410369 0.01839527876480766 0.009281407231869905 0.010138636050016983
1 0.8783749082814092 0.57550048828125 0.008036945177161175 0.007707844609799592
1 0.735835075378418 0.11329390173373016 0.009260426396908968 0.009389721828958263
1 0.7680784930353579 0.47986019175985584 0.008685609568720278 0.008890919063402258
1 0.7110177537669307 0.4167895265247511 0.009150587994119396 0.00968305960945461
1 0.7298863245093304 0.3164000822150189 0.01092392465342646 0.010638962621274202
1 0.6758610891259234 0.014539613671924759 0.006973473922066067 0.008621503477511198
1 0.7536536092343539 0.43935485508130945 0.009514518406080164 0.009866714477539062
1 0.7412278341210407 0.4797155286954796 0.008483181829037874 0.0082882487255594
1 0.93137788772583 0.2635237963303276 0.010425857875658117 0.012000685152800186
1 0.8882491692252779 0.566182799961256 0.008007173952849014 0.008020649785580843
1 0.907590907552968 0.6146801969279414 0.008684158325195312 0.00798903340878694
1 0.5870165721229885 0.1790816783905029 0.011572153671928074 0.011680914008099098
1 0.9150220414866574 0.4588662800581559 0.008922286655591883 0.008346402126809826
1 0.8343930866407312 0.4811912775039673 0.009716614432956861 0.009578176166700281
1 0.6063797888548479 0.04575519717257956 0.009301994157874065 0.010496828867041546
1 0.8440242020980171 0.51454264184703 0.008057718691618546 0.007999751878821331
1 0.8770748635996942 0.513388903244682 0.009717360786769701 0.010234459586765454
1 0.7735810487166697 0.5092080365056577 0.011143394138502039 0.0098730584849482
1 0.7928886413574219 0.5285272701926853 0.008735325025475544 0.008561777031939962
1 0.7922949583634085 0.06368849847627722 0.01045028023097826 0.013258286144422449
1 0.7614366282587467 0.024884521961212158 0.010206885959791101 0.009139257928599482
1 0.8740712041440217 0.6079389116038447 0.009499757186226223 0.008973950925080673
1 0.7795022881549336 0.5433351060618525 0.007909360139266304 0.011574828106424084
1 0.9312560247338336 0.6435623376265817 0.007361826689346977 0.00814582990563434
1 0.6322319196618121 0.031038788349732106 0.009987457938816236 0.011655094830886177
1 0.8665639628534731 0.4941152489703635 0.009617183519446331 0.00956651438837466
1 0.8812295250270676 0.04543926145719445 0.009812728218410326 0.010153205498405125
1 0.8330871955208157 0.09660955097364343 0.009978543157162874 0.011801387952721638
1 0.8889577077782671 0.5263150049292523 0.008066716401473335 0.008085375246794327
1 0.7364536575649094 0.4551040711610213 0.00892087687616763 0.00869757196177607
1 0.9282400089761486 0.30856792823128076 0.010268708933954653 0.010166354801343836
1 0.7904676769090736 0.07013477708982385 0.00926482159158458 0.008800480676733929
1 0.9313535897628121 0.31902437624724017 0.009538028551184612 0.010138553121815557
1 0.8635711047960365 0.38044994551202527 0.009706289871879246 0.011591263439344324
1 0.7206482887268066 0.6130760027014691 0.010255772134532099 0.010584872701893682
1 0.9072101427161177 0.6031595624011495 0.007605179496433424 0.007896195287289827
1 0.885740155759065 0.01443612251592719 0.01015198749044667 0.011996125397474869
1 0.7966326837954314 0.23643160902935528 0.010803720225458559 0.010437654412311058
1 0.8728164175282354 0.036597608224205345 0.011306265126103941 0.016454875469207764
1 0.9302349712537683 0.2125622085903002 0.009927293528681215 0.010097793910814367
1 0.8143844604492188 0.5687910266544508 0.01026253078294837 0.009089780890423319
1 0.8886981010437012 0.5440155630526335 0.008197577103324558 0.00809522297071374
1 0.9325017929077148 0.386717456838359 0.008936260057532269 0.010918757189875063
1 0.7891818751459535 0.4994592562965724 0.009865885195524796 0.01124703365823497
1 0.68823706585428 0.11252904456594717 0.008937338124150816 0.00956173565076745
1 0.7425246446029 0.22303717032722806 0.00983603104301121 0.009770787280538807
1 0.8671017729717754 0.5255114617555038 0.007997388425080673 0.008281189462412958
1 0.9173334785129714 0.0615513272907423 0.009949145109757133 0.010785165040389351
1 0.735500667406165 0.13416728766068167 0.011688066565472145 0.009977237037990404
1 0.8935920466547427 0.595878559610118 0.007914584615956182 0.00793357517408288
1 0.8490652001422384 0.5700297459312107 0.007780323857846467 0.00791725905045219
1 0.8481013671211575 0.14141694359157397 0.010183583135190218 0.010527341262153957
1 0.8290432225102963 0.12991539810014807 0.010529642519743546 0.009857312492702318
1 0.9325710794200067 0.569152603978696 0.007369165835173234 0.010671076567276665
1 0.7558850620103919 0.479459145794744 0.009370845297108526 0.009447522785352625
1 0.829473536947499 0.25709297346032184 0.010779919831649117 0.011855996173361073
1 0.815090552620266 0.558367397474206 0.008276649143384851 0.009062559708305027
1 0.841737477675728 0.5614961333896803 0.007826556330141813 0.007653982742972996
1 0.8165378155915632 0.4887373188267584 0.010164758433466372 0.007677047148994778
1 0.9085722798886506 0.5742840766906738 0.01096368872601053 0.009017156518023947
1 0.8585701610731042 0.5575740648352582 0.007476018822711447 0.007732888926630435
1 0.8059220314025879 0.5269017012222953 0.008448020271632982 0.008179789004118546
1 0.8750885465870732 0.5561027526855469 0.008205206497855808 0.008081684941830843
1 0.8758038852525795 0.07730278502339902 0.009345469267471977 0.009935187256854513
1 0.8722210552381433 0.0669495878012284 0.009178203085194464 0.009755160497582478
1 0.8896498058153235 0.5553756900455641 0.008018825365149456 0.007725819297458815
1 0.899992154992145 0.24519462170808215 0.011270108430281929 0.011114700980808422
1 0.871035969775656 0.5673156199247941 0.00809540955916695 0.007831697878630264
1 0.7597615822501802 0.6081519541533096 0.012043123659880264 0.011435177015221638
1 0.8608233825020168 0.5707759442536726 0.008210638295049253 0.007603935573412024
1 0.6853428508924401 0.13514696515124777 0.008837616961935291 0.009205165116683296
1 0.8951222378274669 0.3887409205022065 0.011418632839037024 0.01100065915480904
1 0.8888123968373175 0.05837255198022594 0.010064000668733017 0.009696737579677416
1 0.9253932704096255 0.5942317506541377 0.007957873137100883 0.007898123367972996
1 0.7833834109099016 0.536923657292905 0.0074972899063773775 0.008139734682829483
1 0.8481605363928754 0.41202549312425696 0.008732837179432745 0.008933440498683764
1 0.9209491895592731 0.565709114074707 0.010882004447605297 0.012515275374702785
1 0.8345754872197689 0.2150582956231159 0.010030497675356657 0.01033038678376571
1 0.9318768045176631 0.3475400468577509 0.010318424390709919 0.012993232063625171
1 0.9121668027794879 0.20562775238700534 0.009040334950322691 0.012406515038531761
1 0.9215558300847593 0.2539140141528586 0.011485431505286175 0.009876396345055622
1 0.9130225803541101 0.046583465907884675 0.009056423021399456 0.0111420258231785
1 0.9279528908107593 0.22421105011649753 0.009624481201171875 0.010575792063837465
1 0.8785006688988726 0.059567884258601975 0.008974780207094938 0.010061134462771208
1 0.6895284860030466 0.39237816437431006 0.016637263090714165 0.011152474776558254
1 0.9331308447796366 0.13525300958882208 0.007862008136251698 0.010798257330189581
1 0.7919733420662258 0.10774848772131879 0.009503779203995415 0.011854669322138247
1 0.8051506747370181 0.5102317229561184 0.007184194481891134 0.008056972337805706
1 0.7761140077010446 0.523856722790262 0.01018623683763587 0.013051198876422386
1 0.8738737313643747 0.01360057294368744 0.010442609372346298 0.008933703536572664
1 0.7501834786456563 0.46087592062742816 0.010795178620711617 0.009819186252096424
1 0.7851010198178499 0.2992073867631995 0.013768569282863453 0.01221596676370372
1 0.8762139859406846 0.25653534350187884 0.010007360707158628 0.01686846691629161
1 0.8542660008306088 0.40340823712556256 0.009974769923997961 0.010406120963718579
