1 0.3978516600205706 0.9511571498419115 0.012096810258533063 0.010672785825128029
1 0.43874376817119554 0.6449530958294837 0.010356156722826087 0.010599385137228261
1 0.44027437146328713 0.5931969752583492 0.010135074215420642 0.015043000393559753
1 0.4043341334288369 0.702501845100095 0.012770636694630572 0.013665527700189273
1 0.420326285261549 0.7025925081338315 0.012044989544836958 0.012548529582880434
1 0.4060444509336763 0.6670592152809551 0.009331036378223034 0.010304141431475712
1 0.42980539339198365 0.6364560649415761 0.010393723197010868 0.010675181513586955
1 0.5051235572041357 0.40665003563790764 0.01465729728870643 0.010685713395380428
1 0.41568856709239116 0.7233898229551631 0.013186330380434784 0.013998777975543476
1 0.5038402086521739 0.44861270072894016 0.009259265402173913 0.009544538414402174
1 0.39866937339513525 0.9632302890324865 0.015357381029403322 0.012474060130194744
1 0.5022324796046196 0.43648984163790755 0.010083074154891306 0.010015404743206523
1 0.3992122588311116 0.7227385878016308 0.019794730682885665 0.013461569081521716
1 0.49382049727746136 0.49182594859337747 0.009818662116747942 0.009928132241104493
1 0.4724610797585733 0.4390055642664577 0.010920795386711844 0.010275327174221062
1 0.5078117514914156 0.38244778447977346 0.0152274989067449 0.01122253308998136
1 0.44382929675410454 0.6214137879884754 0.015350092443568471 0.010194005137625755
1 0.4197823397786957 0.6441116678775762 0.012767918687825919 0.012115982222544359
1 0.42713252769394555 0.6576771747238896 0.01494215565963026 0.012501407056475794
1 0.4296037404058178 0.6701873053045148 0.012406173178147078 0.011253171768431589
1 0.439588847997962 0.5793988916725543 0.009316154148097828 0.009156434432065218
1 0.38479542121230964 0.9788318950745523 0.011793302452445652 0.012154952339673914
1 0.46187207923840357 0.5122396630291474 0.009765161282871625 0.012021871438729695
1 0.4744208679730322 0.5907877541825808 0.010246618427010577 0.010658611042184856
1 0.5849030230638587 0.8319252577649456 0.016332543410326087 0.01719134786684783
1 0.479346263873894 0.41650893260077415 0.01035677530213584 0.010741976886331073
1 0.5071114072276525 0.49553155358282813 0.013244243760312946 0.011696556827471762
1 0.4625823659102597 0.6016355463452553 0.0094764258931896 0.010375458463198596
1 0.4944815470458477 0.5891762923682059 0.016277465559087042 0.011809722236413021
1 0.45086519352009236 0.6033419281986117 0.01036909232880592 0.011123749694254554
1 0.4642477202503909 0.485080389842865 0.013044507643360783 0.01553927724007848
1 0.42610667806296176 0.5876684882782424 0.011303012065020643 0.010987067317364065
1 0.4626454061011047 0.5379926355163417 0.009246292031266715 0.008921554159334568
1 0.47902692971739136 0.4484549298947011 0.008844126826086957 0.009670340495923913
1 0.526376075871337 0.5030918437085589 0.011628860862597543 0.011521878449728242
1 0.4305530221687805 0.6035468121350451 0.009927337170611021 0.010915050870475002
1 0.4057979278817935 0.7448814126888589 0.013009610383152174 0.013278131899456522
1 0.4524551515964623 0.5226232798897005 0.009923144192532684 0.00949261444698363
1 0.4398122551367853 0.6119698521181592 0.01038882555356474 0.009715335023798274
1 0.5025715310812578 0.395105186099864 0.015164001292951045 0.010141953177989113
1 0.5251572345142663 0.528853365068614 0.010527071745923912 0.010668547256793478
1 0.4406225010440252 0.5391570347735928 0.010639179805444255 0.011260455461902939
1 0.4249577834861492 0.6855478505370695 0.014654822135342437 0.01258773531326879
1 0.49654178352436673 0.5695057866964216 0.01211075753786439 0.01291851659936358
1 0.3868400893426906 0.9559084751942922 0.012967906402771973 0.009338876475543465
1 0.45582263011552615 0.548822893661477 0.0161720482810321 0.012183655324875049
1 0.40220904401834234 0.8982016422513587 0.010553940482336956 0.011418218198369565
1 0.39679445452309786 0.840654777800951 0.012073185133152173 0.012649370275815218
1 0.58526259984375 0.8527338509307065 0.015309789904891302 0.015089947241847826
1 0.4035747886283967 0.9317347385421195 0.011597177256793479 0.011928060779891305
1 0.41475939811616847 0.8945674796175271 0.011199868243206523 0.011196965756793478
1 0.4693253668410327 0.5768032389252717 0.009184381236413044 0.00911198491576087
1 0.46789965909118686 0.46042130352105914 0.010408512686154581 0.01065345432472824
1 0.4680703729001358 0.5574421160747284 0.008921415908967391 0.009615276171195652
1 0.418773038753546 0.6230673614930857 0.009798461746224296 0.010326700887538958
1 0.5101047386847769 0.42248360007336894 0.012481708076076266 0.010061678679347808
1 0.5187430589033261 0.47128183893132053 0.011711789616241823 0.011123924873513687
1 0.38231738807744564 0.9343643089177988 0.010153065557065218 0.011302947998641306
1 0.4135558514195786 0.6765180601513534 0.01065774713263614 0.011371121117924795
1 0.4723233456854619 0.40832763179891307 0.009077901425271739 0.009647701097826087
1 0.48011276913440315 0.5256493000423739 0.00952286529995979 0.008919927450824415
1 0.5017571601817066 0.5582099083628705 0.01248917433744236 0.012036872104142919
1 0.4577810024220437 0.49745517234646663 0.010859418693994583 0.011450062627717368
1 0.4085727884286684 0.8792105036759511 0.013075952944293479 0.013544994851902172
1 0.4418657696348749 0.5145224370221151 0.009153291233912963 0.009814189026079207
1 0.48229530425716605 0.46245051506725476 0.009937751200488397 0.009948149971467372
1 0.5164968922351333 0.45954303639229105 0.011872861915918154 0.010562284197626493
1 0.40639401578328815 0.9107406351243208 0.011699013088315217 0.01142319388994565
1 0.48205157007472826 0.575544844917799 0.010630731997282608 0.011251034944293477
1 0.49127302023505437 0.44613298172622273 0.009837772535326087 0.009386560191576087
1 0.4820227110332877 0.3971850475170736 0.008800009023097818 0.01313205671892904
1 0.4672302273077446 0.39546405796399453 0.010390240213315216 0.01067501565625
1 0.39413266657744567 0.9018407804918478 0.010790783426630434 0.01134955364673913
1 0.40777984647587084 0.9861678150053911 0.012371099864565274 0.009781049645380424
1 0.4504139633889702 0.5115885745418239 0.010888057756201075 0.011714335496692844
1 0.4588421640441577 0.5713801077296196 0.00938224792527174 0.009658481763586958
1 0.5113721624769023 0.5658902607567934 0.011180380116847825 0.010693674502717392
1 0.48907235447554354 0.40865706398165763 0.009631613027173913 0.010668547256793478
1 0.40003730464122533 0.6780066916151939 0.01295374809254859 0.011309397089084731
1 0.3815605854144022 0.8688864400543477 0.016780189850543477 0.017724742065217392
1 0.49558000473063596 0.45771818852596874 0.010329421689532508 0.00935988275846019
1 0.4935970254982988 0.42082116391470975 0.011337994474858821 0.01195945853594139
1 0.4888353457350544 0.5578960236827446 0.010010760763586956 0.009728970735054349
1 0.5679135225067935 0.8438187375000001 0.014282641209239132 0.014742312228260869
1 0.4916422278373336 0.47272328744225467 0.008610828324773051 0.008953509123641287
1 0.4915437124192225 0.5336038187737789 0.009781914165339509 0.009839959512791223
1 0.5029455061020947 0.537050685589485 0.010150620687427803 0.010289872827948784
1 0.40926391199388523 0.6871565045732289 0.010129016379076074 0.012283497189934852
1 0.4762201014484284 0.6065563042480518 0.011462850099055323 0.012109981476623429
1 0.513231910372962 0.5320004903138587 0.011075890582880433 0.011597840682065218
1 0.5381051878260871 0.5998956746331522 0.015192114782608696 0.01515007019021739
1 0.5216236638376359 0.5482669398817935 0.011128964631793477 0.01126563030706522
1 0.5035468467532225 0.36921238944972806 0.013254822310793762 0.010856047921195645
1 0.4795605941409442 0.4738177323804342 0.009296096846366557 0.009592636771739112
1 0.4396909859489533 0.5671203675304382 0.009333221890673288 0.010670006223518347
1 0.4607401042480997 0.5285716389304759 0.009600944328718554 0.00959715187031009
1 0.4165299883570786 0.6644763239871821 0.010653434866331635 0.012516314822190155
1 0.38548498733573394 0.9682040922120758 0.01035207467146748 0.012123476543717687
1 0.4685374880352738 0.6248012013157086 0.012938353666134463 0.013639654358933606
1 0.42938614567947786 0.5757040663509629 0.009344009565480036 0.011633474617807213
1 0.5046913804489069 0.4723847107692509 0.012286869265281202 0.009528737299374597
1 0.434568296119142 0.5583028011363759 0.010310790667873528 0.01175760365046551
1 0.4952053028338912 0.3595498949965391 0.008532565573369564 0.009476869002717391
1 0.4754521979573696 0.4291786904545606 0.011165644284304327 0.010829440691730054
1 0.44684535442017975 0.5575656626440469 0.009443923977600313 0.010761145125052258
1 0.5115672511807066 0.553561822667799 0.010645327361413043 0.010464709737771739
1 0.4572155816236629 0.6151901523303672 0.01114911501192202 0.010883271606617064
1 0.428984633024713 0.6201031399582067 0.009553758543298378 0.011371018145174848
1 0.44329338874068874 0.5305279271059872 0.009873873908805912 0.009809565749999163
1 0.5120509835901682 0.508461096910631 0.013494863464499674 0.008825219195652132
1 0.39669536245263354 0.9872247130032796 0.011021489682065204 0.00742837649888191
1 0.4979645095721789 0.5031998830702793 0.011936045387241481 0.011013081901430582
1 0.4831931603289361 0.5440767818949771 0.009571274297193245 0.009599121042883808
1 0.5135195550767719 0.49063401486875696 0.009333601636580252 0.00961652009374998
1 0.5131552382005043 0.47986565201577797 0.011146578036313406 0.009208526066730274
1 0.48518593700628265 0.36828866683109845 0.009208596270380435 0.010436182436141304
1 0.49830666855904016 0.5188168759362695 0.011560761607206316 0.011666684062743467
1 0.48293659876369843 0.4860546336440337 0.011132348006782342 0.012401612396765073
1 0.4771972899414454 0.3590271986493925 0.009727229243206514 0.012279669768585926
1 0.391081240419837 0.9319954648036683 0.010725436002717392 0.011575781781249999
1 0.4487553923886548 0.5876613599232858 0.00960039394107076 0.01048209921300777
1 0.521080179088372 0.5207479815487835 0.012709096454500251 0.009584050857157314
1 0.497559180973498 0.5488814794566271 0.009555224720457193 0.009032084719203528
1 0.41359242732271745 0.6552715185652057 0.011614923891304349 0.011502804963315216
1 0.47130981738331074 0.568649731283441 0.011280723240489132 0.011512092922554347
1 0.39134005936752714 0.9174541705101902 0.013076948082880435 0.012212670368206523
1 0.3911586953369565 0.8885470580482336 0.011912967847826085 0.011669324792119566
1 0.4877737529101887 0.5170839522597945 0.009991228885173545 0.00941316258083934
1 0.47899268916604276 0.5072096338964436 0.010088933111082226 0.011618968064627306
1 0.47661396109181764 0.5351118203510592 0.010527829147700944 0.009294156014356071
1 0.4577938426245441 0.5894189863302628 0.011351268770459402 0.011713651855901931
1 0.39654846758309453 0.9759239394929641 0.011944314707880434 0.012384829313858696
1 0.47828749950266364 0.5520364158957523 0.009499591330163043 0.010059356688858696
1 0.48959185824320656 0.43437206271535317 0.010675513225543477 0.010608009669836958
1 0.46936108389295134 0.5221165630306608 0.010496354898144444 0.009516087903814951
1 0.4740536265705178 0.4966035825855971 0.01008777036134318 0.010458573051630414
1 0.4924481092842444 0.5104014676876462 0.008986115359167317 0.00898559510334173
1 0.4674834576819004 0.47321020049999946 0.01025170532726521 0.010426894478260848
1 0.45515383653892505 0.5606687441647219 0.008553380551630435 0.008902425351902174
1 0.5329721249150184 0.5175068796793468 0.012561813734484714 0.012521909630434758
1 0.4222077154570272 0.6335108972121503 0.01052223652140221 0.011774324618359911
1 0.4868949597910436 0.35563656145166705 0.007839814516970663 0.013541497802040326
1 0.4790551452740728 0.3768396961680196 0.009265235338238113 0.01104701136482241
1 0.48903309102294457 0.3789778273999207 0.010690656159505423 0.009621590543554817
1 0.4899239790362367 0.3921629699966441 0.008908880132921198 0.012472432186089719
1 0.47745154685014696 0.38931212835410933 0.01033430095418865 0.01104701136482241
1 0.5066726736861287 0.4648594318812813 0.008196169722287578 0.01104701136482234
1 0.4999019247851085 0.4819644817364901 0.011047011364822269 0.008196169722287578
1 0.4867167821883851 0.498713176386382 0.008908880132921269 0.009621590543554817
