1 0.5203799999999998 0.32744599999999996 0.016304 0.016304
1 0.52106 0.293478 0.017663 0.019022
1 0.527174 0.26426599999999995 0.016304 0.014946
1 0.5353259999999999 0.324728 0.016304 0.016304
1 0.5394019999999999 0.29551599999999995 0.016304 0.014946
1 0.5434779999999999 0.2601899999999999 0.016304 0.014946
1 0.5461959999999999 0.3125 0.016304 0.016304
1 0.5461959999999999 0.277853 0.016304 0.014946
1 0.55231 0.33016299999999993 0.017663 0.019022
1 0.553668 0.370924 0.017663 0.019022
1 0.553668 0.349185 0.017663 0.019022
1 0.556386 0.24184800000000004 0.017663 0.019022
1 0.5611409999999999 0.300951 0.016304 0.014946
1 0.5652169999999999 0.281929 0.016304 0.014946
1 0.5720109999999999 0.265625 0.016304 0.014946
1 0.580163 0.2914399999999999 0.016304 0.014946
1 0.584918 0.315217 0.017663 0.019022
1 0.5978259999999999 0.797554 0.016304 0.016304
1 0.6019019999999999 0.7798909999999999 0.016304 0.016304
1 0.6100539999999999 0.97894 0.016304 0.017663
1 0.611413 0.8125 0.016304 0.016304
1 0.6175270000000002 0.7717389999999998 0.014946 0.013587
1 0.6297549999999998 0.6046200000000002 0.02038 0.021739
1 0.6290759999999999 0.831522 0.016304 0.016304
1 0.6311139999999998 0.630435 0.02038 0.021739
1 0.6311140000000001 0.78125 0.014946 0.013587
1 0.6331519999999999 0.80163 0.016304 0.016304
1 0.6331519999999999 0.9775820000000001 0.016304 0.017663
1 0.6345109999999999 0.848505 0.019022 0.017663
1 0.6345109999999999 0.699728 0.016304 0.016304
1 0.6358699999999999 0.882473 0.019022 0.017663
1 0.6358699999999999 0.714674 0.016304 0.016304
1 0.6358699999999999 0.733696 0.016304 0.016304
1 0.6358699999999999 0.752717 0.016304 0.016304
1 0.6358699999999999 0.936821 0.016304 0.017663
1 0.6399459999999999 0.6623640000000001 0.016304 0.02038
1 0.641304 0.682745 0.016304 0.02038
1 0.644022 0.79212 0.016304 0.016304
1 0.64538 0.42731 0.016304 0.017663
1 0.6474179999999999 0.49864100000000006 0.02038 0.021739
1 0.648098 0.86481 0.019022 0.017663
1 0.6494569999999998 0.838995 0.019022 0.017663
1 0.6494569999999998 0.898777 0.019022 0.017663
1 0.6494569999999998 0.917799 0.016304 0.017663
1 0.6494569999999998 0.9544840000000001 0.016304 0.017663
1 0.6508149999999999 0.819973 0.019022 0.017663
1 0.651495 0.9830160000000001 0.014946 0.014946
1 0.652174 0.447011 0.016304 0.016304
1 0.652174 0.7173909999999999 0.016304 0.016304
1 0.6548909999999999 0.7404889999999998 0.016304 0.016304
1 0.656929 0.61413 0.02038 0.021739
1 0.658288 0.638587 0.02038 0.021739
1 0.656929 0.69769 0.014946 0.014946
1 0.659647 0.961277 0.014946 0.014946
1 0.659647 0.664402 0.014946 0.016304
1 0.661005 0.414402 0.017663 0.019022
1 0.6623639999999998 0.67663 0.014946 0.016304
1 0.6644019999999999 0.8838320000000001 0.019022 0.017663
1 0.664402 0.9313860000000002 0.016304 0.017663
1 0.6657609999999999 0.7982340000000001 0.019022 0.017663
1 0.6684779999999999 0.836277 0.019022 0.017663
1 0.6684779999999999 0.859375 0.019022 0.017663
1 0.669837 0.898777 0.019022 0.017663
1 0.669158 0.9830160000000001 0.014946 0.014946
1 0.669158 0.7126360000000002 0.014946 0.017663
1 0.669837 0.7513589999999999 0.016304 0.016304
1 0.6705160000000001 0.39673899999999995 0.017663 0.019022
1 0.6739129999999999 0.44565200000000005 0.019022 0.021739
1 0.6732340000000001 0.942935 0.014946 0.016304
1 0.6786680000000002 0.971467 0.017663 0.019022
1 0.682065 0.913723 0.016304 0.017663
1 0.683424 0.825408 0.019022 0.017663
1 0.683424 0.7717389999999998 0.016304 0.016304
1 0.684783 0.7432069999999998 0.016304 0.016304
1 0.684783 0.8974180000000002 0.016304 0.014946
1 0.688179 0.9843750000000001 0.017663 0.012228
1 0.6888589999999999 0.859375 0.019022 0.017663
1 0.6888589999999999 0.8811140000000001 0.019022 0.017663
1 0.690217 0.953125 0.016304 0.017663
1 0.690217 0.932745 0.016304 0.017663
1 0.692935 0.8036680000000002 0.019022 0.017663
1 0.6963320000000001 0.527174 0.02038 0.021739
1 0.6963320000000001 0.423234 0.017663 0.025815
1 0.7017660000000001 0.777853 0.017663 0.017663
1 0.702446 0.733696 0.016304 0.016304
1 0.7051629999999999 0.815897 0.019022 0.017663
1 0.705842 0.9490490000000001 0.017663 0.02038
1 0.7078799999999998 0.856658 0.019022 0.017663
1 0.7119569999999998 0.680027 0.024457 0.025815
1 0.7092389999999998 0.7567929999999999 0.016304 0.016304
1 0.7092389999999998 0.9775820000000001 0.016304 0.017663
1 0.713315 0.904212 0.016304 0.014946
1 0.714674 0.934103 0.016304 0.017663
1 0.7201089999999999 0.796875 0.019022 0.017663
1 0.7201089999999999 0.72962 0.016304 0.016304
1 0.721467 0.874321 0.019022 0.017663
1 0.7255429999999999 0.917799 0.016304 0.014946
1 0.72894 0.45244599999999996 0.02038 0.019022
1 0.7302990000000001 0.396739 0.02038 0.021739
1 0.732337 0.935462 0.016304 0.014946
1 0.733696 0.718071 0.016304 0.02038
1 0.735054 0.953125 0.016304 0.017663
1 0.737772 0.859375 0.019022 0.017663
1 0.73981 0.487772 0.02038 0.021739
1 0.7404889999999998 0.972147 0.016304 0.017663
1 0.752717 0.70856 0.016304 0.02038
1 0.7567929999999999 0.981658 0.016304 0.017663
1 0.76019 0.39538000000000006 0.02038 0.021739
1 0.7615490000000001 0.46875 0.012228 0.019022
1 0.7724180000000002 0.42391299999999993 0.02038 0.019022
1 0.773777 0.456522 0.017663 0.021739
1 0.7744569999999998 0.980299 0.016304 0.017663
1 0.7717390000000001 0.435462 0.002717 0.006793
1 0.784647 0.40353300000000003 0.02038 0.021739
1 0.796875 0.42663000000000006 0.02038 0.021739
1 0.8029889999999998 0.446332 0.019022 0.014946
