1 0.38196823389633844 0.3947749137878418 0.013299890186475672 0.01368501911992612
1 0.36751904954080994 0.6635246380515718 0.011183619499206543 0.012431745943815811
1 0.4515245686406674 0.5868057168048361 0.012686605038850204 0.013922318168308422
1 0.4534156218818996 0.7716852685679559 0.013352684352708899 0.014319958894149117
1 0.44145681547081994 0.7161104990088422 0.011589423469875171 0.011675254158351734
1 0.26666222447934357 0.760392893915591 0.010123708973760191 0.015704279360563858
1 0.3643068230670432 0.46208166039508314 0.013386187346085258 0.016625279965608017
1 0.4194595969241599 0.6845871261928393 0.011154827864273735 0.011336160742718239
1 0.46500631000684656 0.8238437486731488 0.013103277786918308 0.013173310653023098
1 0.379571997601053 0.5957992491514786 0.010847672172214672 0.01097237545510997
1 0.4433346831280252 0.62662004387897 0.011218070983886719 0.012916067372197691
1 0.4657064728114916 0.9841809065445609 0.012583815533181896 0.01212634211001189
1 0.3693040350209112 0.6819141844044561 0.011819673621136208 0.012261888255243715
1 0.37904990755993384 0.9391293940336809 0.010043050931847614 0.009880522023076597
1 0.4178549517755923 0.9561482927073603 0.010656315347422724 0.011005360147227411
1 0.3095353478970735 0.7027908615444018 0.014799968056056812 0.01615868444028108
1 0.3597217875978221 0.9056451424308445 0.010322938794675081 0.009816501451575237
1 0.3531242647896643 0.7865908249564793 0.011281881643378216 0.010503188423488453
1 0.37808364629745483 0.4869738609894462 0.01072592838950779 0.010811567306518555
1 0.4257094445435897 0.8206400249315344 0.009986027427341627 0.010612156080163044
1 0.40916993825331976 0.712896554366402 0.011775296667347784 0.02275815217391304
1 0.3936903269394584 0.7172861928525178 0.010889074076776918 0.011255264282226562
1 0.3898858790812285 0.41205582411392877 0.011338560477547024 0.01211709561555282
1 0.350598411715549 0.7068241575489873 0.010659080484639044 0.011260530223017153
1 0.3180623987446661 0.7962516701739767 0.009792846182118292 0.01021973983101223
1 0.5064411577971084 0.9254598617553711 0.013789715974227242 0.013873307601265285
1 0.3296239554234173 0.8765080493429432 0.011610389403674915 0.010628658792246943
1 0.4088663640229599 0.48883234417956806 0.011119220567786175 0.012839120367298956
1 0.44622315531191625 0.8028178629667864 0.011652283046556555 0.012315625729768173
1 0.30316603702047595 0.7084027165951937 0.010501571323560633 0.011243903118631115
1 0.48494386672973633 0.9856382452923319 0.012006966964058254 0.012313676917034645
1 0.4512201703113059 0.8167186405347742 0.011203579280687414 0.011668661366338316
1 0.3588815357374109 0.5119810933652131 0.010245696358058765 0.010298728942871094
1 0.408700238103452 0.5004985228828762 0.010811930117399796 0.010797915251358696
1 0.3276299864215695 0.5475382286569347 0.009525080575891163 0.011039215585459833
1 0.37800285868022754 0.4164238390715226 0.010364838268445887 0.011037163112474524
1 0.39287556772646703 0.5885677441306736 0.010700516078783117 0.010943143264107082
1 0.34132200090781495 0.8103259335393491 0.010762699272321619 0.009797676749851393
1 0.4374823362930961 0.821936441504437 0.010557340539020042 0.011835844620414402
1 0.34680855079837464 0.733762139859407 0.011585332777189173 0.012744862100352411
1 0.3014985271122145 0.9234347136124321 0.008885362873906675 0.009533757748811142
1 0.367626024329144 0.4488756604816603 0.010468441507090693 0.010757601779440174
1 0.2925598828688912 0.5915169923201852 0.01161336898803711 0.01143206720766814
1 0.3047602694967519 0.7583022117614746 0.010678249856700068 0.010584416596785835
1 0.37296152114868164 0.43552064895629883 0.012847444285517153 0.013585339421811312
1 0.38673608199409815 0.5022639450819596 0.010587941045346468 0.023732548174650772
1 0.36068994325140247 0.4737297555674677 0.010349258132602856 0.010967752207880434
1 0.44773047903309693 0.6493840528571089 0.011480414349099865 0.012895563374394957
1 0.37517414922299586 0.4984144646188487 0.010346122409986414 0.010377697322679602
1 0.43554432495780615 0.61041840263035 0.011219314906908117 0.01154489102570907
1 0.2703846122907555 0.7909625302190366 0.010698587998099949 0.010979901189389437
1 0.4300417278123938 0.8011754492054814 0.012091346409009851 0.010911692743716032
1 0.3456129613129989 0.44590666501418397 0.010300387506899626 0.011675948682038681
1 0.28884948854861053 0.9301577858302905 0.009973215020221212 0.009912905485733696
1 0.5129807928334111 0.9613866806030272 0.01946258544921875 0.012975029323412024
1 0.38119862908902374 0.6892315615778383 0.010904488356217094 0.011530046877653702
1 0.407415729501973 0.6109403319980787 0.011843209681303604 0.011863003606381624
1 0.3173546272775401 0.8788452770399011 0.01042318344116211 0.01035371034041695
1 0.48702237917029334 0.8392445730126421 0.013304793316385021 0.013038676718006964
1 0.44170435615207837 0.7347219923268195 0.011619194694187329 0.012792462887971298
1 0.4311660165372102 0.6625585763350779 0.01147927408633025 0.012658948483674423
1 0.38227925352428266 0.6759948315827742 0.01120670463727868 0.01310066554857337
1 0.3940835335980291 0.6760133660357931 0.010843717533609142 0.011460760365361753
1 0.528188415195631 0.9627777597178583 0.013245458188264267 0.014394179634425953
1 0.36705965840298205 0.8532132895096488 0.010672626288040825 0.01063085638958475
1 0.27504022225089697 0.7768409355827 0.010434171427851137 0.010568411453910496
1 0.438568695731785 0.7724445177161176 0.012015467104704483 0.012801460597826086
1 0.2674180217411207 0.749371404233186 0.01035066272901452 0.010023117065429688
1 0.5263466420380966 0.9856827777364979 0.012957572937011719 0.012219470480213995
1 0.2835618413012961 0.723848114842954 0.010842136714769446 0.011197919430940048
1 0.4695311732914137 0.9007880791373875 0.010864029759946077 0.02058887481689453
1 0.39167538155680115 0.6597969324692435 0.010553914567698603 0.012185117472773012
1 0.41139160550158954 0.6731346793796704 0.010632504587588102 0.01163482666015625
1 0.338288806054903 0.4584413041239199 0.010809983896172565 0.010680022447005562
1 0.40972363430520764 0.517627011174741 0.011358385500700577 0.011457484701405401
1 0.3102794004523236 0.8680560692496921 0.009937141252600628 0.009910127390985903
1 0.26472717782725463 0.6746344151704207 0.01425195776897928 0.01021787394648013
1 0.33292145055273303 0.8281109436698582 0.010022396626679794 0.010177446448284645
1 0.32919169913815416 0.7296647610871689 0.011159709938194439 0.01011682593304178
1 0.4968299451081649 0.9577605413353961 0.012170791625976562 0.013220621191936989
1 0.43757925344550097 0.8353538098542586 0.010067680607671324 0.010255067244819973
1 0.3778046836023745 0.8469219207763672 0.01065107013868249 0.010605024254840355
1 0.37796416489974305 0.7538136191990064 0.010143901990807575 0.01100482111391814
1 0.3880493304003839 0.832853483117145 0.010423499604930048 0.010604775470236073
1 0.3392932693595472 0.49493962267170777 0.010708027559777965 0.01027674260346786
1 0.4798095485438471 0.8589448099550994 0.011878459349922512 0.011421784110691235
1 0.33141005557516334 0.6981128609698751 0.010530057160750679 0.01048378322435462
1 0.29591379994931427 0.6969898887302566 0.010470390319824219 0.010800817738408628
1 0.46533263247946033 0.851878829624342 0.010813547217327614 0.010723362798276155
1 0.35816653008046356 0.9618104644443677 0.010407154974730118 0.009756212649138077
1 0.2836012321969737 0.8608112127884574 0.010421110236126442 0.010467902473781421
1 0.27426881375520124 0.9379391255586043 0.011116732721743376 0.011678902999214504
1 0.3094541093577509 0.6274068770201311 0.010626585587211277 0.011856099833612856
1 0.467340552288553 0.8955866772195568 0.01207044850225034 0.01346687648607337
1 0.4349100071450938 0.6769643037215525 0.02096445664115574 0.014259421307107677
1 0.3738527919935143 0.6082328920779021 0.010667427726413891 0.011648178100585938
1 0.3608804111895354 0.5601736462634542 0.010291835536127504 0.010203091994575832
1 0.35312559293664014 0.4632217158441958 0.01012731635052225 0.010944366455078125
1 0.42110657691955566 0.9753606837728749 0.010451627814251442 0.00968058212943699
1 0.4138397341189177 0.5616599373195482 0.011532783508300781 0.02360256858493971
1 0.3187548595926036 0.5542938709259033 0.00950448409370754 0.010541439056396484
1 0.37195592082065077 0.5606083869934083 0.011235708775727646 0.017127534617548405
1 0.4208004785620648 0.8115212191706119 0.010035846544348675 0.010564513828443445
1 0.3157110006912895 0.784559788911239 0.010725353075110394 0.011129213416058083
1 0.32064448232236115 0.7406800311544667 0.010604194972826086 0.011286528214164402
1 0.29368363256039826 0.6093725536180579 0.011027128800101902 0.011288103849991508
1 0.31569123268127436 0.7547297685042672 0.010928299116051716 0.01116943359375
1 0.3814026324645332 0.7677744367848272 0.010510226954584536 0.011026423910389776
1 0.3934877074283103 0.8185335034909456 0.011459153631459112 0.01073219465172809
1 0.388978968495908 0.611899417379628 0.011193462040113367 0.011895138284434443
1 0.454352995623713 0.8839007460552714 0.010539272557134214 0.010728628739066746
1 0.3594783220602119 0.6113557193590247 0.018017284248186195 0.011690678803817085
1 0.29247050699980365 0.8155874376711638 0.01023870965708857 0.009556272755498472
1 0.3425109580807064 0.47406591539797577 0.010229502035223919 0.010178337926449984
1 0.35932630041371216 0.8649962052055027 0.011934073075004246 0.011417720628821331
1 0.41186094802358875 0.7588353571684463 0.01101399504620096 0.011842769125233526
1 0.451732407445493 0.834375236345374 0.011765977610712465 0.01285416146983271
1 0.40264917456585436 0.6858842061913532 0.011263308317764946 0.011779411979343579
1 0.45148438992707624 0.9100041182144827 0.010590843532396399 0.01057997993800951
1 0.3448634043983791 0.7988531071206798 0.010841100112251614 0.01121284650719684
1 0.43673758403114654 0.9387095907460089 0.010753683421922766 0.010389742643936821
1 0.38510778416758 0.5613153188124947 0.01046603140623673 0.010394739068072777
1 0.31633462076601776 0.6122170427571172 0.011204180510147758 0.010879910510519276
1 0.3214118276601252 0.49222025663956354 0.012319710591565008 0.01061646834663723
1 0.2865469352058742 0.8989779016245966 0.010901865751846977 0.011348309724227242
1 0.41799671753593115 0.8463306634322457 0.009565560714058254 0.009669635606848675
1 0.4043946318004442 0.9399180619612985 0.010554469150045643 0.00994284256644871
1 0.36881608418796374 0.9714842671933381 0.009809247825456701 0.010929107666015625
1 0.3613757659559665 0.721130143041196 0.022526536298834762 0.01223618051280146
1 0.40996612673220434 0.6338165013686471 0.011593756468399712 0.01193144010460895
1 0.45271736642588745 0.9243008572122327 0.011081446772036345 0.010496388310971468
1 0.3744614383448725 0.514876013216765 0.0102762450342593 0.011545886164126188
1 0.36801320962283923 0.7223346337028171 0.010947240435558815 0.011058600052543308
1 0.4001283801120261 0.5640833896139393 0.011232427928758703 0.010498212731402855
1 0.2809371637261432 0.8244687785273013 0.009931833847709324 0.01031295112941576
1 0.3495901486148005 0.769527352374533 0.015020427496536919 0.014523050059442934
1 0.40961910849032196 0.5297094428020975 0.011206782382467518 0.011255886243737263
1 0.2950730220131252 0.6652472952137822 0.010488613792087719 0.01107000268023947
1 0.4173779280289359 0.6615555182747219 0.010954566623853601 0.010730370231296704
1 0.4816903031390647 0.8978876445604407 0.012333040652067764 0.013620542443316917
1 0.3973066832708275 0.6488910654316778 0.010704273762910263 0.011371799137281336
1 0.39546516148940375 0.6333609249280847 0.011152153429777725 0.010649100593898609
1 0.3153565137282662 0.9023153678230618 0.010061326234237007 0.010001016699749489
1 0.29259414258210553 0.8746198778567107 0.010820637578549593 0.021193753118100372
1 0.3965034355287967 0.8016798392586086 0.011005012885383938 0.01190397013788638
1 0.2846019475356392 0.9453970867654552 0.009836590808370838 0.011101100755774456
1 0.4599729672722194 0.8677407554958179 0.01837349974590799 0.010536359704059105
1 0.4542264005412226 0.9409768892371136 0.009908613951309868 0.010270243105681046
1 0.37732942207999853 0.9830664551776388 0.011074791783871859 0.009559672811756964
1 0.31509370389192 0.9704131665437117 0.010467612225076427 0.010179685509723167
1 0.354392144991004 0.9855562500331712 0.01070360515428626 0.010620324508003567
1 0.33168898458066187 0.6802732840828274 0.010645493217136547 0.012356758117675781
1 0.30382413449494733 0.5489508898361869 0.010563021120817764 0.012589475382929262
1 0.3300607787526172 0.8502090702886166 0.011520274307416834 0.010530388873556385
1 0.30214838359666907 0.8820913770924445 0.010527735171110733 0.009910293247388758
1 0.3149087014405624 0.5349725743998652 0.00984098600304645 0.010395982991094175
1 0.4048896457837975 0.5886430740356444 0.010271569956903872 0.010691062263820484
1 0.3274737441021463 0.863278575565504 0.010994911193847656 0.010410267373789911
1 0.43948959267657733 0.5950042268504268 0.011740518652874489 0.01214599609375
1 0.3830618599186773 0.8046929110651432 0.010714313258295473 0.011588760044263758
1 0.4794326502343882 0.9724245900693147 0.010763759198396103 0.009587826936141304
1 0.4813279742779939 0.917658059493355 0.010089117547740107 0.010665064272673233
1 0.2967466686082923 0.9875439768252166 0.009246162746263586 0.009527538133704144
1 0.42610290776128357 0.746122754138449 0.011240378670070484 0.010726057964822521
1 0.42214728956637176 0.7152491237806238 0.011153252228446629 0.011805866075598675
1 0.4425895939702573 0.8872367610102113 0.012239290320354958 0.010939888332201086
1 0.3681919263756793 0.932470528975777 0.009990857995074728 0.010137060414189878
1 0.3522284445555314 0.5843441382698391 0.012809110724407692 0.010395672010338825
1 0.3736572161964748 0.734806433967922 0.011438183162523352 0.012372804724651833
1 0.39437040557032044 0.6940094077068828 0.010814179544863493 0.011450394340183422
1 0.29341397078140924 0.7343166392782459 0.010709347932235054 0.010795800582222317
1 0.28888031710749085 0.6296935496122941 0.011120153510052223 0.012651402017344599
1 0.49807171199632727 0.9858817846878715 0.013475583947223167 0.011809763701065727
1 0.42374658066293464 0.9091203316398289 0.010381999223128609 0.010449409484863281
1 0.42907536029815674 0.8446706896242888 0.009826670522275179 0.01013735066289487
1 0.40287364047506585 0.9842188047326128 0.011488085207731827 0.010707772296407948
1 0.4281093711438386 0.6229392134624979 0.0149770508641782 0.02346664926280146
1 0.4101098516713019 0.5426866075266963 0.01303025950556216 0.011444962542989979
1 0.2992386092310366 0.7446472541145657 0.010806311731753141 0.010110647782035496
1 0.3392715577198111 0.5498348008031431 0.00963703575341598 0.009933368019435717
1 0.42753261068592896 0.7619723444399626 0.010797085969344429 0.011980637260105297
1 0.3094224826149318 0.9547967496125596 0.00973467204881751 0.008705802585767664
1 0.3169354666834292 0.5703323094741158 0.01053322916445525 0.010122236998184868
1 0.480950521386188 0.9625571499700131 0.010074366693911345 0.010611451190450916
1 0.38798363571581634 0.4963255343229874 0.011199313661326532 0.010508495828379755
1 0.39490503850190534 0.5526158706001614 0.009907618812892748 0.010072873986285667
1 0.38835349290267274 0.42746565652930213 0.01150301228398862 0.011218713677447777
1 0.34049385526905884 0.8851120782935102 0.010268936986508577 0.010289772697117016
1 0.3484022163826486 0.8755775534588358 0.010179449682650358 0.010327795277471128
1 0.31338878299878986 0.8581871157107147 0.010322156159774117 0.009673782016920008
1 0.30183234422103217 0.6519187533337137 0.013174181399138077 0.009755528491476307
1 0.4052895877672278 0.9700226783752441 0.012021064758300781 0.010975257210109546
1 0.30807467128919513 0.5970156918401304 0.012498129969057829 0.012273000634234886
1 0.39823139232137933 0.5986364406088124 0.01165839900141177 0.01043464826500934
1 0.359617160714191 0.6495722273121707 0.018441013667894447 0.014917663905931555
1 0.3596305847167969 0.7966547634290612 0.010736963023310122 0.010344256525454313
1 0.3453629872073298 0.6058104763860288 0.010276447171750277 0.011540247046429176
1 0.3427868200385052 0.8656775847725245 0.011120277902354364 0.012184060138204823
1 0.3007813329282014 0.9629823435907778 0.010005080181619396 0.010362293409264606
1 0.35784736923549487 0.8852517293847125 0.010125429733939793 0.010557133218516474
1 0.32198378216961154 0.6902058435522992 0.012081372349158577 0.010959998421047046
1 0.40347004455068836 0.7294133849765942 0.010578642720761507 0.01154853986657184
1 0.37574202081431507 0.5479917629905369 0.010854596677033798 0.011217884395433508
1 0.35919499267702515 0.44014432637587836 0.010785748129305632 0.011918949044269066
1 0.4689002399859221 0.8698581612628439 0.010229245476100757 0.010523008263629417
1 0.2940138630245043 0.5632271144701086 0.011444941810939625 0.011983125106148098
1 0.3326839036915613 0.6047140515368917 0.009705401633096777 0.010260561238164488
1 0.4289618730545044 0.7893174420232358 0.02363635146099588 0.01227781046991763
1 0.35175651441449707 0.7495313312696374 0.011170436506686003 0.010542579319166101
1 0.3434165962364363 0.7755075537640116 0.00996799313503763 0.011229058970575747
1 0.42184061071147094 0.5459063260451608 0.016568360121353813 0.014042957969333813
1 0.31016840105471405 0.5015265112337859 0.009861344876496689 0.010941401771877125
1 0.3720658939817678 0.9570201376210088 0.010116032932115637 0.010300180186396059
1 0.39460994368014135 0.9484724998474121 0.009612549906191618 0.010166707246199898
1 0.3066657004149064 0.7321471338686736 0.010985975680143936 0.010301755822223167
1 0.4300300349359927 0.6403645536173945 0.02210451209026834 0.023188736127770462
1 0.27970781533614447 0.6887921043064282 0.010534016982368801 0.011041641235351562
1 0.3780199056086333 0.4268493548683498 0.010396993678549061 0.011262168054995329
1 0.4298547247181768 0.7262019696442976 0.01105101212211277 0.011556044868800953
1 0.31688648721446167 0.5872598212698231 0.009697250697923742 0.0105090970578401
1 0.2788236555845841 0.8084811335024626 0.010418954102889351 0.015996518342391304
1 0.4245317085929539 0.615769448487655 0.011198417000148609 0.011387410371199898
1 0.36511535229890235 0.5000100654104481 0.01187121349832286 0.010074553282364555
1 0.34980567641880206 0.6910856910373855 0.010901305986487347 0.012010076771611753
1 0.3805390596389771 0.7206891930621603 0.010983083559119183 0.015029741370159645
1 0.3668619834858438 0.5388964777407439 0.010907758837160856 0.010104137918223505
1 0.27887772477191425 0.7363588913627293 0.01063581134961999 0.009975433349609375
1 0.3599494436512823 0.9229002828183381 0.010581638502038044 0.010905473128609035
1 0.48494942291923193 0.9321110352225925 0.01406872790792714 0.015463870504628057
1 0.3321781417597895 0.5755407913871433 0.009911713392838188 0.010314526765242867
1 0.34023783453132794 0.7122487814530082 0.010904209769290428 0.012456520743992016
1 0.30810372725777 0.6737981464551843 0.01936916683031165 0.010342307712720789
1 0.4696778940117877 0.879139112389606 0.012172180673350458 0.012063399605129078
1 0.40528603999511054 0.8638482508452041 0.010398869929106339 0.01012283822764521
1 0.3915584787078526 0.9326179960499639 0.009935964708742888 0.01031705607538638
1 0.3483883505282195 0.9557105561961299 0.009967783223027769 0.01001876333485479
1 0.3104817867279052 0.7710074134494949 0.01033038678376571 0.010504515274711277
1 0.366313187972359 0.48829330050426983 0.010325141575025476 0.010325504385906716
1 0.40117591360340943 0.8996374088784923 0.009277260821798573 0.00977213486381199
1 0.384901850119881 0.7058622526085895 0.010824234589286472 0.011712862097698708
1 0.3441921628039817 0.8494625298873238 0.011044232741646145 0.011285823324452276
1 0.30714568884476373 0.8947128627611244 0.009989800660506538 0.010092196257218071
1 0.3560546584751295 0.8098469402479089 0.010788171187691067 0.010353046914805536
1 0.46744332106217096 0.9351342242697009 0.011711991351583729 0.012414351753566578
1 0.45296617176221765 0.8966489460157312 0.010686915853749151 0.010274721228558083
1 0.533445057661637 0.9759446641673213 0.011392862900443699 0.011807275855022926
1 0.3555205464363098 0.6794640706933062 0.010926552440809168 0.01163320956022843
1 0.44227307775746216 0.9104701747065004 0.013198396433954653 0.01555359881857167
1 0.41307729223500134 0.7378227399743121 0.022063669951065727 0.01283289038616678
1 0.2898451763650645 0.8831333699433701 0.010110772174337635 0.010041319805642834
1 0.38278515442557953 0.6571556070576544 0.011846417966096298 0.013084515281345532
1 0.41523289680480957 0.8198167759439221 0.010338803996210512 0.010770258696182915
1 0.41135876334231825 0.6953540262968643 0.011074931725211765 0.012276981187903362
1 0.35526962254358374 0.6262047705443009 0.011522756970447044 0.010173445162565811
1 0.4008698929911073 0.7557143543077551 0.010448839353478474 0.011683795763098675
1 0.45617831271627673 0.9556919180828592 0.009988328684931215 0.010040283203125
1 0.3844029696091361 0.791328305783479 0.011409241220225458 0.01075305109438689
1 0.35769191254740174 0.8529076990873918 0.018660415773806366 0.012114358984905739
1 0.3253571715043939 0.8384432378022566 0.009811533534008524 0.010625880697499151
1 0.3290219928907312 0.46974595215009607 0.010277167610500171 0.010651826858520508
1 0.2894292707028596 0.7896344765372898 0.010401725769042969 0.010550001393193785
1 0.2850054450657057 0.7073289415110713 0.010126694389011547 0.022564722144085426
1 0.3034489154815674 0.5712069221164869 0.010377987571384594 0.010243249976116676
1 0.3754878666089928 0.6982907212298848 0.010956308116083559 0.010941090791121773
1 0.3165120041888693 0.6720464644224746 0.010313863339631454 0.011280122010604195
1 0.4307301770085874 0.9252522924672003 0.012047021285347317 0.011944065923276155
1 0.47524712915005884 0.9473950344583263 0.010830350544141687 0.009929159413213316
1 0.3539415857066278 0.6718978467194932 0.01098533298658288 0.01407299871030061
1 0.40093552547952416 0.5326856322910474 0.010592792345129925 0.011770870374596638
1 0.35081659451774927 0.5505167297694994 0.010594176209491234 0.015436462734056555
1 0.3670360160910565 0.7494190464849058 0.011109590530395508 0.011678778606912365
1 0.265772705492766 0.7396851622540018 0.010106024534805962 0.01441205066183339
1 0.39426384801449976 0.6232826709747314 0.01108575903851053 0.011795686638873558
1 0.3315115940311681 0.5964668004409127 0.009379870217779408 0.010390468265699304
1 0.37873468191727355 0.4487721816353175 0.010947828707487686 0.012107517408288044
1 0.33149399964705756 0.5600303670634394 0.01020738352899966 0.010556697845458984
1 0.36631859903750214 0.5264220548712689 0.010588314222252888 0.012843401535697605
1 0.28176008100095 0.6563643683557925 0.010557112486466118 0.010167806044868801
1 0.42677014806996216 0.6013762743576713 0.011035546012546704 0.011794567108154297
1 0.2994699581809666 0.6838007802548616 0.010258736817733101 0.01004053198772928
1 0.37846693785294244 0.8266537085823391 0.009979828544284986 0.010754419409710426
1 0.3836002583089082 0.6451263842375383 0.011073521945787512 0.011678695678710938
1 0.4674112693123195 0.9597427948661472 0.009990899459175442 0.010462719461192255
1 0.35905095546141913 0.7393548592277195 0.011517488438150158 0.011498368304708729
1 0.38981869687204773 0.7493909960207732 0.010788559913635254 0.011441811271335766
1 0.4285875403362771 0.5894083147463591 0.010786554087763247 0.011114783909009851
1 0.4231074789296026 0.8642466171928074 0.021417617797851562 0.012660897296407948
1 0.3820323062979657 0.47114533445109497 0.010764920193216076 0.012694908225018044
1 0.5091577198194421 0.9792831255042036 0.010954898336659307 0.01210983939792799
1 0.39707195499668957 0.49284771732662036 0.011254502379375954 0.011008418124655018
1 0.45053266442340345 0.9714431762695312 0.010798246964164402 0.011520219885784645
1 0.39691088769746863 0.47265031545058533 0.017635868943255882 0.013679846473362133
1 0.35198948046435474 0.6126754802206288 0.009846301182456638 0.010406452676524286
1 0.32567404664081073 0.9378266541854197 0.009466191996698793 0.009384238201638927
1 0.2914757106615149 0.9150042533874512 0.010466119517450747 0.011236563972804859
1 0.35235820645871363 0.486025385234667 0.01133933274642281 0.02004675243211829
1 0.3187060874441396 0.5120577190233313 0.010111124619193699 0.010889302129330843
1 0.3963336037552875 0.542224821837052 0.012376458748527195 0.010273269985033117
1 0.41332406583039655 0.9802004980004351 0.01042274806810462 0.010215966597847317
1 0.3413476632988971 0.7580526600713315 0.011677897494772205 0.011396822722061821
1 0.2967988615450652 0.6245600347933562 0.00988174521404764 0.01114511489868164
1 0.4036829575248387 0.6242522571397864 0.011320197063943615 0.012044989544412365
1 0.3101763828941014 0.9351105482681938 0.00885078181391177 0.009261006894318954
1 0.44337674845819885 0.8468761858732805 0.009932974110478941 0.01034744926120924
1 0.29160892445108166 0.8028515525486157 0.010156693665877632 0.010015487670898438
1 0.4383434316386347 0.858542711838432 0.010273954142694887 0.010891831439474354
1 0.3046874481698741 0.8173748721247134 0.010423681010370668 0.010708725970724354
1 0.253979434137759 0.7101775666941768 0.010176326917565388 0.009921903195588486
1 0.42391669750213623 0.9396822763525922 0.010124216908993929 0.010492449221403702
1 0.3598059027091317 0.8336827651314114 0.011919980463774307 0.02222492383873981
1 0.34308053941830347 0.9081584266994311 0.024263924878576527 0.010824203491210938
1 0.29412317276000977 0.8555117690044901 0.009806259818699049 0.009525340536366339
1 0.4057030833285788 0.6655329725016719 0.013607367225315258 0.019509875256082287
1 0.42994335423345154 0.9008437239605448 0.011115571726923403 0.010170356087062671
1 0.4345653160758641 0.6336771716242251 0.011011248049528702 0.011658917302670687
1 0.385034151699232 0.4592990460603133 0.011768683143284008 0.01942219941512398
1 0.37805227870526514 0.9251746716706648 0.009891494460727858 0.010316019472868546
1 0.35256442816361144 0.49695402642954956 0.01236428385195525 0.02183047584865404
1 0.3674325528352157 0.5963069874307384 0.009972116221552309 0.010362873906674593
1 0.32491865365401557 0.5017723207888396 0.009917114091956097 0.009933761928392492
1 0.39567778939786163 0.8500870414402173 0.010039008182028065 0.010150660639223845
1 0.3847262885259545 0.9150362014770509 0.009874566741611647 0.010054298069166101
1 0.3157817799112071 0.8122562532839568 0.010149748429008152 0.009896527165951937
1 0.38588753990505054 0.9566055380779765 0.009222984313964844 0.010193285734757133
1 0.386390833751015 0.7808891793955928 0.011484192765277366 0.010881672734799593
1 0.3931895468545997 0.964478928109874 0.009926376135452934 0.01061236340066661
1 0.28262461786684784 0.8746549979500149 0.009312132130498472 0.010136770165484886
1 0.3801196709923122 0.5762841494187064 0.019494460976642113 0.015377977620000425
1 0.37095933634301886 0.7999799562537152 0.011758000954337742 0.010785144308338995
1 0.42054972959601356 0.5344578805177109 0.011374027832694675 0.011141714842423149
1 0.27350492062775983 0.7151242131772249 0.010086722995923914 0.010832828024159307
1 0.40863808341648267 0.806815479112708 0.010315024334451427 0.011630597321883492
1 0.38195005188817566 0.8842432809912641 0.009947828624559485 0.010000684986943785
1 0.3978226469910663 0.506319346635238 0.011078580566074536 0.01054301469222359
1 0.4173168721406356 0.6024677131486975 0.013091750766920008 0.01166776988817298
1 0.4211965436520783 0.7692615674889606 0.010483327119246773 0.011281967163085938
1 0.2788341563680898 0.7612052171126656 0.009990899459175442 0.009935710741126019
1 0.33372333775395935 0.985419853873875 0.010303580242654552 0.010557257610818615
1 0.3770640777504962 0.8143505220827849 0.010946097581282906 0.010586158089015796
1 0.32164374900900794 0.9282628971597424 0.0111317893733149 0.010289855625318445
1 0.33111608805863746 0.8012454198754352 0.010057451932326607 0.011585857557213825
1 0.2672901671865712 0.6629904353100321 0.009388778520667034 0.009892028311024542
1 0.36388724783192505 0.6371814478998599 0.010808530061141304 0.011112959488578465
1 0.33516583235367486 0.5389434462008268 0.01002900496773098 0.01952368280161982
1 0.4289341594861902 0.5516990786013395 0.010387876759404722 0.010807161745817764
1 0.41283173664756445 0.7220432447350542 0.0112375487451968 0.012049799380095108
1 0.3547936457654704 0.4513895148816316 0.011382172936978548 0.010367859964785368
1 0.44873872010604193 0.9836777396824048 0.011337197345236073 0.010915175728175953
1 0.3685317596663599 0.8896484167679496 0.009905040264129639 0.010933710181194801
1 0.29801891161047894 0.8989475084387738 0.01024901348611583 0.00989631984544837
1 0.41811518047166907 0.8608146957729175 0.010369549626889437 0.011014648105787195
1 0.4210231718809709 0.9871271796848464 0.011316237242325493 0.009657569553541101
1 0.3339104347902795 0.9597070942754331 0.009695531233497288 0.01026841868524966
1 0.32806076830172015 0.8131800941798999 0.011121674562278002 0.010456168133279552
1 0.4679999558821969 0.8398119263027026 0.010551286780315895 0.011104542276133661
1 0.33351851546246075 0.6252893468608027 0.010809587395709495 0.011493123095968494
1 0.3441819211711054 0.5303686701733134 0.010188330774721891 0.009597633195960003
1 0.3761199505432792 0.5778257432191269 0.011941070141999618 0.021482405455216118
1 0.3227466267088186 0.8909670995629352 0.010983005813930347 0.010443521582561989
1 0.39583713852840924 0.9218587046084196 0.012008703273275623 0.009331993434740149
1 0.3306217193603515 0.47857475799062976 0.009829106538192085 0.011459754860919456
1 0.3520000758378402 0.570263261380403 0.009990619576495626 0.010656066562818445
1 0.3837512265080991 0.902674032294232 0.009439758632494055 0.01035296398660411
1 0.27714793578438135 0.6704794531283171 0.010219864223314367 0.010340711344843325
1 0.2859032672384511 0.7131570940432341 0.00992020316745924 0.009822472282077955
1 0.34705661302027496 0.8975255178368609 0.010718130547067394 0.010795137156610903
1 0.305225310118302 0.7218575477600098 0.010452768077021059 0.010641305342964504
1 0.32157200283330417 0.6428999589837114 0.012421710983566616 0.011741285738737686
1 0.4123369299847146 0.5740964309028957 0.01233946758767833 0.020927346271017323
1 0.43216566417528235 0.6941814215286918 0.012126549430515454 0.01130912614905316
1 0.3425713414731233 0.978657805401346 0.009782293568486753 0.009703428848930027
1 0.37332779428233276 0.908081697381061 0.009786357050356657 0.010523547296938688
1 0.35116341710090637 0.6459890344868535 0.01058596890905629 0.010876303133757217
1 0.43302219846974244 0.9638396138730256 0.010118878406027088 0.010293960571289062
1 0.3923508602639903 0.8944544999495797 0.00929359767747962 0.010113757589588995
1 0.3960551386294158 0.7059522919032883 0.011021075041397758 0.01143094767694888
1 0.38174958851026447 0.6233753536058508 0.010835606118907099 0.0119482537974482
1 0.264150971951692 0.6971613842508068 0.009169039518936821 0.01092255633810292
1 0.2796075966047204 0.802040784255318 0.00995016098022461 0.010641056558360224
1 0.25755292436350946 0.7270827086075492 0.010112990503725798 0.011527517567510191
1 0.4146376744560573 0.9003139993418818 0.010278152382892113 0.010436514149541441
1 0.39124190029890643 0.8781988724418306 0.010214520537334938 0.010132914004118546
1 0.2979391968768576 0.9769246474556301 0.009161036947499151 0.01034985417905061
1 0.4537149926890497 0.8532666952713676 0.009632856949515965 0.010545689126719599
1 0.43288089918053674 0.578030938687532 0.010340545488440472 0.013475749803626019
1 0.4337378999461298 0.5628217303234598 0.0110925176869268 0.01686529491258704
1 0.355734593194464 0.938970545063848 0.011034024798351784 0.011454748070758324
1 0.33209650412849756 0.7890771368275519 0.01612798027370287 0.013983187468155571
1 0.3577052795368692 0.8283743858337402 0.009915818338808806 0.010329329449197521
1 0.3811132648716803 0.5245572898698889 0.010588697765184485 0.011372255242389183
1 0.3642246826835301 0.6945202454276707 0.011528834052707836 0.011772321618121605
1 0.4311380852823672 0.949628042138141 0.010291130646415379 0.009902290675951086
1 0.4929149669149648 0.9166250850843346 0.012461745220681896 0.013576631960661514
1 0.331645333248636 0.6389267548270847 0.009854005730670431 0.010336917379628057
1 0.4192906618118286 0.8318329479383385 0.011684075645778492 0.009975640670112942
1 0.38684539172960364 0.5457160058228866 0.011600390724513843 0.011649442755657692
1 0.272413502568784 0.8374788450158159 0.010078222855277683 0.010649722555409307
1 0.332046073416005 0.7202312428018321 0.010762380517047386 0.011620272760805876
1 0.30209976693858265 0.9124624832816743 0.009872270667034647 0.010291389797044836
1 0.39639837845512055 0.575799040172411 0.012190528537916101 0.0110889310422151
1 0.33571456955826806 0.7854841066443402 0.011156535666921864 0.010278121284816578
1 0.3115393182505732 0.6828819357830547 0.010590055714482847 0.010176534238068954
1 0.3356148989304253 0.8956802409628163 0.00992540691209876 0.010607387708581013
1 0.34060084301492444 0.6590073626974354 0.011646353680154552 0.013775701108186142
1 0.39564787823220954 0.5195821057195249 0.013623113217561142 0.013494533041249151
1 0.38408034003299213 0.5355136290840481 0.01044835733330768 0.010516208151112432
1 0.49105701757513953 0.9253954680069633 0.010684396909630817 0.010498461516007133
1 0.3916939445163893 0.9089392993761146 0.009555733722189198 0.009336098380710768
1 0.3230285903681879 0.7127605521160624 0.010995294736779255 0.013110202291737432
1 0.3461569735537405 0.8303727067035176 0.011800427799639494 0.018396916596785835
1 0.30099612733592157 0.7857700016187585 0.01094185787698497 0.010578653086786684
1 0.33859781596971594 0.615188038867453 0.010319046352220617 0.009866258372431215
1 0.4063842918561852 0.923940782961638 0.010533519413160242 0.01068803538446841
1 0.4228396312050197 0.7910463498986284 0.012015073195747707 0.010581389717433765
1 0.3620127180348272 0.9494333681852922 0.009995709294858187 0.01095017142917799
1 0.30732301007146423 0.8036518096923828 0.010150598443072777 0.010483202726944633
1 0.4068183147388955 0.8483909524005392 0.010228182958519978 0.00951410376507303
1 0.3321516283018433 0.909926352293595 0.019535007198219715 0.010598680247431215
1 0.3750272419141687 0.6423195756000021 0.0164959948995839 0.013088101926057236
1 0.3309911690328431 0.9211162276889966 0.010331245868102364 0.011113000952679176
1 0.4253265961356785 0.6466507911682129 0.014112555462381115 0.01241165658702021
1 0.3399718896202419 0.5670027007227358 0.009996637054111647 0.012012046316395636
1 0.3185148342795994 0.9866493473882261 0.011351398799730383 0.009809328162151834
1 0.34319535545680835 0.6368158589238706 0.00990747368854025 0.021546405294667118
1 0.4340719554735266 0.5710240032361902 0.010026517121688179 0.013895159182341202
1 0.31623968870743463 0.8333225664885149 0.009615524955417799 0.010565633359162704
1 0.3383106952128203 0.5878279727438221 0.010599172633627186 0.012262510216754417
1 0.395569295986839 0.8672722526218581 0.009848568750464397 0.01031519019085428
1 0.3280280051024064 0.5229819857555887 0.009259451990542204 0.011057003684665844
1 0.33534897280775977 0.7652623549751614 0.011548112268033235 0.01899918265964674
1 0.42485765788866126 0.6724007026008938 0.011532037154487942 0.011964756509532099
1 0.33621441799661383 0.6527435572251029 0.012348133584727411 0.016455961310345192
1 0.40367921538974927 0.7387758959894596 0.020288280818773353 0.01253497082254161
1 0.31753720407900604 0.9434614388839059 0.009068323218304178 0.010216878808063011
1 0.2622573272041652 0.6899070325105086 0.00963065935217816 0.013086650682532269
1 0.38193476718405023 0.9731742817422618 0.010587899581245754 0.010082618049953296
1 0.4132359494333682 0.5680556608283002 0.010689787242723547 0.010282039642333984
1 0.3159778221793797 0.6522520625072977 0.011153718699579653 0.01005299194999363
1 0.3429591882488002 0.9246629010076108 0.011280076659244041 0.01718566728674847
1 0.2869439850682798 0.6779319307078485 0.010860422383184019 0.012823229250700577
1 0.3716757064280302 0.8680147710053816 0.01109909492990245 0.012224902277407438
1 0.4113508799801702 0.8770699708358102 0.009358514910158903 0.011547420335852581
1 0.32330899620833603 0.9803933060687521 0.010211052454036217 0.009837979855744736
1 0.3123393369757611 0.6630335683407991 0.010226892388385277 0.010086391283118206
1 0.4314572137335073 0.976003418798032 0.010282568309618078 0.009297287982443104
1 0.36616611999014154 0.7098033324531887 0.014757332594498344 0.011643865834111753
1 0.3361078951021899 0.48342792365861975 0.012818837295407835 0.012232645698215649
1 0.35114382531331934 0.5196281308713168 0.01000489100165989 0.010219117869501528
1 0.39042317348977795 0.9764422126438306 0.009585214697796366 0.009612456611965014
1 0.365038540052331 0.7784174214238706 0.01146897025730299 0.010885570360266644
1 0.4241014770839525 0.5642788824827776 0.012543180714482847 0.01087493481843368
1 0.32596603942954017 0.7704300673111625 0.017504842385001804 0.013630659683890965
1 0.3006262675575588 0.5861768929854684 0.010357089664625086 0.011173787324324898
1 0.42244774362315307 0.8811868584674336 0.010692347650942595 0.012337974880052649
1 0.28683695585831354 0.7752804134203041 0.009816833164380945 0.011030445928158968
1 0.3119737894638725 0.8460927838864534 0.010639543118684189 0.010609958482825237
1 0.3825636143269746 0.8680908990942914 0.010333553604457691 0.011017550592837126
1 0.42708170932272205 0.7813854839490808 0.010206326194431469 0.012456354887589165
1 0.3565681822921919 0.6007910811382792 0.013662278652191162 0.015343914861264437
1 0.40290503398231836 0.9544250239496646 0.010431880536286728 0.010080669237219769
1 0.30998494314110797 0.5251737781192946 0.011756917704706606 0.010740715524424677
1 0.2884641937587572 0.7508285356604535 0.010159658349078636 0.011209487915039062
1 0.4022805302039436 0.8824046176412831 0.009748930516450302 0.011650168377420177
1 0.2889086681863536 0.6454879408297332 0.009770559227984884 0.010067545849344006
1 0.43413454553355346 0.737158733865489 0.014485359191894531 0.012634194415548573
1 0.3278674664704696 0.9486749068550442 0.010584623917289402 0.010494315105935802
1 0.40680064844048536 0.7709166070689325 0.01090681034585704 0.012629799220872961
1 0.36402638062186865 0.8174879239953082 0.009991811669391134 0.010843857474949047
1 0.3226065156252488 0.9583434851273247 0.010983910249627155 0.01100146252176036
1 0.2837150718854821 0.8349546142246413 0.01017891842385997 0.010365569073220959
1 0.3416021822587303 0.6897259587826936 0.014674747767655746 0.012685609900433083
1 0.3548857971377995 0.4915702291156935 0.010150663230730139 0.009818149649578592
1 0.33961978165999696 0.5059050477069357 0.015000301858653193 0.009555692258088486
1 0.2721523823945419 0.7004960308904232 0.009845899498980978 0.009996538576872452
1 0.32181519010792603 0.6289489269256592 0.011143083157746689 0.012080586474874744
1 0.3731891849766607 0.5845537082008694 0.011161648708841076 0.010576683542002802
1 0.33211037063080334 0.7727975638016409 0.010106414556503296 0.011212100153384
1 0.3070529647495436 0.9834811791129734 0.01614089634107507 0.011276618294093921
1 0.4297336288120436 0.7060461044311523 0.022673606872558594 0.016441676927649456
1 0.4198857597682787 0.5806218126545781 0.01092802959939708 0.010772352633268936
1 0.40436742875887005 0.7890938675921896 0.020636138708695122 0.011968239493992016
1 0.2866565351900847 0.8458462798077129 0.014121532440185547 0.010648354240085766
1 0.31694512781889544 0.5248320310012154 0.009602857672649881 0.014609979546588402
1 0.37362306791803107 0.7860944582068402 0.01294162480727486 0.012216733849566917
1 0.36167204250460083 0.7635160529095195 0.012322946735050366 0.019674384075662365
1 0.4130120484725289 0.8376128777213719 0.010373820429262907 0.010674725408139437
1 0.3335294817452845 0.9727740080460258 0.009349721281424812 0.010205476180366848
1 0.32460123476693814 0.49212167055710504 0.007623650821978631 0.009606205898782482
1 0.3974385261535645 0.7390577067499575 0.011607501817786175 0.012389970862347145
1 0.40318776731905737 0.8362346939418628 0.013480943182240362 0.016634775244671364
1 0.46302219059156335 0.9486300426980725 0.009892090507175611 0.009518084318741508
1 0.3403248592563298 0.943047627158787 0.01144778469334478 0.01737864121146824
1 0.36021561596704565 0.5872342275536578 0.011718172094096308 0.01194012683370839
1 0.38774621486663824 0.858972114065419 0.010138604951941448 0.010561279628587805
1 0.4081123471260071 0.6461257934570312 0.011858427006265392 0.012422727501910667
1 0.42916248155676806 0.6793588555377464 0.011341426683508831 0.011757560398267664
1 0.38228461016779364 0.6331203087516453 0.011110160661780315 0.01178977800452191
1 0.35876659206722095 0.9776614437932554 0.010279541430266007 0.011304233385168987
1 0.3397793419983076 0.5186270838198455 0.010069440240445345 0.011428998864215355
1 0.47902590295542846 0.8430219940517261 0.014202988666036854 0.013043652410092562
1 0.4452300900998323 0.8592086460279382 0.013678467792013416 0.011014026144276495
1 0.3085068723429804 0.9182612999625829 0.009476931198783543 0.010859572369119396
1 0.383715588113536 0.4639478766399881 0.011232127314028532 0.013321088707965355
1 0.4134495517481928 0.9320512854534647 0.011039101559182873 0.01065925929857337
1 0.2981745678445567 0.7729008716085681 0.01056347722592561 0.011853425399116848
1 0.3567030948141346 0.5277313149493673 0.012622501539147419 0.009593217269234035
1 0.3429250302522079 0.5780607513759448 0.010901492574940557 0.010775897813879925
1 0.3427915404672208 0.9692184199457583 0.010140219460362974 0.01056347722592561
1 0.3379018954608751 0.7476372096849524 0.013787876004758089 0.015344536822775135
1 0.41163649248040246 0.8885405581930409 0.009393847506979237 0.012134220289147419
1 0.3984502864920575 0.7766445408696714 0.010460532229879627 0.010918078215225883
1 0.4144388540931371 0.7968968101169751 0.010683028594307278 0.009383574776027514
1 0.37672992115435394 0.7792221981546154 0.010195768397787342 0.010185075842815895
1 0.4240353625753652 0.706023941869321 0.012661311937415081 0.017433373824409817
1 0.39370136416476703 0.7663556596507197 0.009933269542196522 0.011002706444781761
1 0.40610228932422143 0.6561578875002655 0.01140135267506475 0.011406608249830164
1 0.4311318708502728 0.8884493786355725 0.010241156039030655 0.011330314304517664
1 0.37527588657710864 0.895681899526845 0.010069587956304136 0.010005660679029383
1 0.34374389441117 0.6451363770858102 0.01255078937696374 0.01349838920261549
1 0.4446619282598081 0.9483453294505244 0.01049829565960428 0.010980481686799423
1 0.3258349648879274 0.7447179089421812 0.009567855573866678 0.010823249816894531
1 0.41429630569789716 0.779541886371115 0.011833336042321247 0.0098114013671875
1 0.3708944113358207 0.6230452371680218 0.011027916618015454 0.021540807641070824
1 0.3724120699841043 0.6298147077145784 0.01605019362076469 0.010697116022524626
1 0.3466043575950291 0.5599713636481244 0.009980222453241762 0.010220258132271145
1 0.4431220811346303 0.9612127801646357 0.011657372764919117 0.010225627733313519
1 0.4102513686470363 0.7918946017389712 0.011601655379585598 0.014664815819781761
1 0.41620838123819104 0.5892684770667035 0.009344598521356997 0.009914066480553669
1 0.38711255270501854 0.7321450191995373 0.019560394079788872 0.011592947918435802
1 0.3027314414148745 0.9497912448385487 0.01034303333448327 0.011127803636633831
1 0.3846935552099477 0.732254878334377 0.013970053714254627 0.012322342914083729
1 0.29971683543661365 0.8337270695230236 0.01112923414810844 0.018259670423424763
1 0.2654109934101934 0.7101966194484546 0.00927902304607889 0.010888721631920856
1 0.35800656028415845 0.5790832975636357 0.00877355492633322 0.009509252465289572
1 0.3333058836667434 0.743087208789328 0.012804324212281601 0.011876935544221298
1 0.3463293884111488 0.6228360611459484 0.010231536367665167 0.010494957799496859
1 0.30060918434806494 0.8507671978162683 0.010896371758502464 0.009712011917777683
1 0.2607140748397163 0.6772575171097464 0.009172232254691746 0.00945883211882218
1 0.34414381566254987 0.5955220409061597 0.00953643218330715 0.011666111324144446
1 0.2948080767755923 0.9413078349569569 0.01075118520985479 0.010057490804921026
1 0.3990818754486415 0.8401705285777217 0.009776669999827509 0.009837606678838316
1 0.2786012006842572 0.8165930457737134 0.008759312007738196 0.009843992150348166
1 0.27901795636052673 0.8445411350416101 0.008717557658319887 0.008799013884171196
1 0.34192508264728216 0.9484763352767283 0.01253858208656311 0.012074346127717392
1 0.37032652678697 0.8322748930557913 0.01016917954320493 0.016010035639223846
1 0.35921618731125543 0.5431342954220979 0.01417083325593368 0.01794072856073794
1 0.3450343090554942 0.542981303256491 0.010934332142705503 0.015626057334568188
1 0.3336018997689953 0.5273076140362284 0.01350197584732719 0.012576683707859204
1 0.4378903585931529 0.9876154402027959 0.009093626685764479 0.008076170216435972
1 0.27828024781268573 0.7515774187834368 0.013015975122866423 0.010989147683848505
