0 0.8610768220896742 0.23044342618682065 0.009816377059782609 0.010158248569293477
0 0.873677098828125 0.09918396411005434 0.00933837890625 0.010098623192934782
0 0.8507653636698369 0.029196148745244566 0.012154952339673914 0.012011807898097826
0 0.832226266677989 0.04632524733355978 0.010843028192934782 0.011468407900815216
0 0.7845680098104622 0.017805317595108696 0.012133059294836957 0.012630558532608695
0 0.895341345131114 0.2779210862350543 0.010977206023097826 0.01140959366576087
0 0.8963316737262226 0.13570452811141304 0.013228706691576086 0.013733158940217392
0 0.9164304013206522 0.23082839963722826 0.010500037152173913 0.010758856067934782
0 0.9061462263675272 0.14691569535190213 0.012213665506793479 0.012387856192934784
0 0.8192362272697011 0.049678367525135866 0.01178277057201087 0.01210966317527174
0 0.8749436611773099 0.2241725200652174 0.010377635126358696 0.010696037956521737
0 0.8448743100822013 0.13234199690217388 0.011899533479619563 0.012444330298913042
0 0.8531981453240489 0.1447875296392663 0.012476216191576087 0.012139755745923913
0 0.895669243256114 0.16859876630434784 0.013408329175271738 0.01364853070652174
0 0.7980493987350541 0.0138931952276084 0.011345904807065217 0.007650227667065818
0 0.8448545731596468 0.04760172615692935 0.010843359906249999 0.011876717857336955
0 0.8764939210129076 0.04734412524796196 0.011894557786684783 0.011387203050271738
0 0.874782614668478 0.18091702506589677 0.011836673902173913 0.011808851490489129
0 0.8643129292133155 0.011534389360733694 0.010663405709239132 0.011341284150815218
0 0.8100633730054345 0.0343041994205163 0.012501094652173915 0.012685179710597825
0 0.9084049417058425 0.21171917128260864 0.010004789933423913 0.010587277619565218
0 0.8619152261827446 0.06322004525883153 0.012207362963315215 0.012304264566576087
0 0.8867686422105977 0.09735807169633154 0.010441987410326087 0.01151541005027174
0 0.903174743057065 0.037298503545516316 0.010853477146739132 0.011131006737771738
0 0.906021916929348 0.06685664383831522 0.014274597173913044 0.01414833898097826
0 0.8971081304626358 0.2026038692826087 0.011198956033967391 0.011898455413043477
0 0.9017123041800271 0.1010019161379076 0.010239642599184784 0.010149209395380434
0 0.8492295332581521 0.013110469626358694 0.011759218961956523 0.012345669062499998
0 0.8341190198288043 0.0686597050740489 0.011797034222826085 0.012007941370923914
0 0.859024100232337 0.16903465769021742 0.010791115138586958 0.01064870668478261
0 0.9191428169157608 0.05452864107404891 0.01138969089673913 0.011669428452445651
0 0.9216688100163043 0.25415771979551627 0.012431932532608693 0.012816885243206521
0 0.8813730017343748 0.1483724329300272 0.01204416026222826 0.012382465860054348
0 0.9295123250998641 0.23850102050543476 0.011127969493206522 0.011551235032608697
0 0.8742244249680706 0.23873377919633154 0.01198047140353261 0.012015674425271738
0 0.8660074012017663 0.1599278039205163 0.011362490447010869 0.011474422786684783
0 0.8985175781019022 0.22059754743682064 0.010055210279891303 0.010286994601902175
0 0.8596940772377718 0.043767742901494565 0.011768506921195653 0.01172489705298913
0 0.8806319553729619 0.03352037243614131 0.01153265911548913 0.011882756067934784
0 0.8884235573858693 0.23201228270788044 0.01117308243478261 0.011177975198369564
0 0.9263288773756793 0.19416449427309787 0.012693653936141304 0.013151915176630436
0 0.849702778699567 0.06483363628940218 0.012710239576086958 0.012743110241847828
0 0.9110220728050272 0.17136025471467392 0.012615038001358693 0.013925904809782608
0 0.8866412644911685 0.21711781790285328 0.010174958601902174 0.010940220044836958
0 0.8350317276705165 0.03140159834850544 0.011087832243206523 0.011600981588315218
0 0.8893464049848794 0.2584868797190622 0.014172381627552254 0.014172381627552397
0 0.9273748208368185 0.10649435418856865 0.012615038001358691 0.013925904809782608
0 0.9012104239859526 0.11303545340128514 0.012615038001358691 0.013925904809782608
0 0.9178922162856773 0.030757404332799814 0.010853477146739132 0.011131006737771738
0 0.9140765750782591 0.01985557231160566 0.010853477146739132 0.011131006737771738
