1 0.5549543318541154 0.4197847895000292 0.009876686593760614 0.011581825173419456
1 0.551910628443179 0.30090682402901026 0.010746955871582031 0.01111528147821841
1 0.5370867045029349 0.38367916967557825 0.010562005250350288 0.011266723923061207
1 0.5472284088964049 0.253592356391575 0.009834144426428753 0.010402575783107593
1 0.5477201420327892 0.2298203343930452 0.011528802954632301 0.011600121207859204
1 0.4802690381589143 0.21714409537937332 0.021110824916673744 0.010574009107506794
1 0.5440287175385848 0.34437151577161706 0.011111010675844938 0.012200625046439793
1 0.5303893503935442 0.4289982422538426 0.0104363897572393 0.010387171869692595
1 0.5233364623525868 0.3630341032276983 0.010580373846966286 0.010940510293711786
1 0.5332689907239831 0.28483135803886084 0.01073294100554093 0.011395164158033289
1 0.5121473022129226 0.23599848539932913 0.010896060777747112 0.011520427206288214
1 0.563346821328868 0.5106137317159901 0.01026717476222826 0.02012555495552395
1 0.49880392655082373 0.3868166337842527 0.01959178758704144 0.011760820513186247
1 0.5463064753490946 0.2729382929594621 0.014766921167788298 0.016596255095108696
1 0.5844853028007175 0.5220147112141484 0.010301175324813179 0.010448476542597231
1 0.5403613422227942 0.30205424972202466 0.011197256005328636 0.01053414137467094
1 0.6078148510145105 0.8038147221440854 0.010262821031653362 0.010954898336659307
1 0.5465207514555558 0.35765583618827484 0.011403913083283798 0.011741430863090183
1 0.09026101620300957 0.7535765482031782 0.009630757829417353 0.009879361028256624
1 0.4952725586683854 0.2946881211322287 0.010530710220336914 0.010326509890349014
1 0.5504794639089833 0.4342607259750366 0.011396677597709324 0.011110730793165125
1 0.6384892671004586 0.8434238226517388 0.010626419730808422 0.01056658703347911
1 0.5928412831347921 0.6116864888564401 0.012794639753258747 0.012169526970904808
1 0.5093640762826671 0.293795575266299 0.01119375228881836 0.012097213579260784
1 0.4805962624757187 0.3889280194821565 0.011921820433243462 0.011753870093304176
1 0.549232348151829 0.41292219576628314 0.01423987098362135 0.012533436650815218
1 0.614255542340486 0.7230425088301949 0.01022245572960895 0.010561694269594938
1 0.4685622505519701 0.26795919045158056 0.011168189670728601 0.010633613752282185
1 0.5254169443379277 0.374878862629766 0.010919052621592646 0.010819600976031761
1 0.4785762455152429 0.2621788563935653 0.010274306587550953 0.011045870573624321
1 0.5203841458196226 0.48011921799701185 0.0110174676646357 0.012496533601180367
1 0.5866470336914062 0.5830853918324346 0.011871503747027855 0.011160477347995922
1 0.49642254476961883 0.23682105022927988 0.010022235953289528 0.010468192722486414
1 0.188908690991609 0.9534723240396251 0.009895967400592306 0.010583919027577276
1 0.5640878884688668 0.517454250999119 0.009936415630838146 0.010437882464864979
1 0.42693859597911 0.7439455364061438 0.009807172028914742 0.009979745616083559
1 0.7102128733759341 0.6793970439745032 0.010312785273012907 0.010899916939113453
1 0.43465831487075135 0.3229638600479002 0.010767097058503525 0.012050214668978815
1 0.46640447948289954 0.24176787293475605 0.009843743365743885 0.009826929672904636
1 0.5389045839724333 0.4521851073140683 0.010200210239576258 0.011127855466759724
1 0.49461067241171136 0.27436220127603284 0.011150297911270805 0.010920130688211193
1 0.4934291424958602 0.20688215545986016 0.011153760163680367 0.010357545769732933
1 0.5739387740259585 0.5131112596263057 0.010097814642864723 0.010161565697711449
1 0.5198563181835673 0.32982884234060417 0.010531736456829567 0.010595263022443523
1 0.6894160146298616 0.6700082447217858 0.011328489884086277 0.01163457787555197
1 0.628941535949707 0.8004235392031461 0.009343935095745584 0.009570992511251698
1 0.5155979965044104 0.34276260500368866 0.012462719627048657 0.017732060473898182
1 0.4581851078116375 0.6560029983520508 0.011810644813205883 0.012492221334706182
1 0.6443645643151324 0.8161663179812223 0.01100059177564538 0.011319077533224354
1 0.6068679457125455 0.7704050851904829 0.009564461915389351 0.009752149167268173
1 0.47049315079398774 0.7906238307123599 0.011816771134086277 0.011620065440302309
1 0.5224706919296928 0.2192457966182543 0.010217728822127632 0.011638205984364386
1 0.5556576977605405 0.24659721747688626 0.010588397150454313 0.011043983957041864
1 0.5246413168699844 0.2322496123935865 0.010645762733791187 0.010161192520805027
1 0.5376801594443943 0.36552900853364356 0.010607491368832796 0.011913569077201511
1 0.49708417187566345 0.2588188751884129 0.010687682939612347 0.010861977286960766
1 0.4523248206014219 0.3300601723401443 0.011216132537178371 0.010907857314400051
1 0.6125252765157948 0.8461762303891389 0.009828899217688519 0.009774912958559782
1 0.31026973931685736 0.9638213696687119 0.010001535001008408 0.01131712872049083
1 0.5514571252076523 0.3155670580656632 0.011586292930271313 0.012607574462890625
1 0.5801584824271824 0.5500905410103176 0.010307229083517323 0.011186433875042458
1 0.6093986552694569 0.7527063618535582 0.010403881902280062 0.012478538181470789
1 0.3951353353002796 0.27636273010917334 0.010995533155358356 0.011549825253693954
1 0.4943382221719494 0.3883591942165209 0.0097802618275518 0.01115782364555027
1 0.6403185180995776 0.8742615865624469 0.00982064786164657 0.010789663895316746
1 0.48705011865367054 0.2854034278703772 0.010283967723017153 0.010616489078687586
1 0.4841479736825694 0.35188335050707276 0.011081674824590269 0.011340517064799433
1 0.610629537831182 0.8858118679212487 0.01022239353345788 0.01038986703623896
1 0.511710208395253 0.3214237123079922 0.011148452758789062 0.012851456585137741
1 0.5512733874113663 0.4533061255579409 0.010830920675526495 0.01163260833076809
1 0.2902796890424645 0.8513940728229027 0.009670568549114725 0.009922691013502039
1 0.5612539726754894 0.2629110709480617 0.010773596556290337 0.011230758998704992
1 0.13563989556354025 0.875705449477486 0.009421286375626274 0.010183956312096638
1 0.5874455078788425 0.5093678184177564 0.010844935541567595 0.01140457650889521
1 0.5247105722842008 0.4016672372817993 0.010564306507939878 0.010948077492091968
1 0.13956485623898712 0.8875118545863938 0.010210928709610649 0.0102990606556768
1 0.636886804000191 0.8601434334464695 0.010482207588527515 0.01033646127452021
1 0.47219273318415106 0.3422957503277322 0.010537665823231573 0.010588355686353601
1 0.38041038098542584 0.2671383152837339 0.011305218157560928 0.012601230455481487
1 0.4595052781312362 0.21543504880822223 0.010917435521664827 0.010490956513778023
1 0.539676168690557 0.42316432102866797 0.010592377704122791 0.011990080709042757
1 0.5715290567149287 0.48378174201301904 0.010005619214928669 0.011106263036313265
1 0.48996154640031897 0.19036423641702402 0.009249801221101181 0.009221076965332031
1 0.3828327552131985 0.8341236114501953 0.010062632353409477 0.010885985001273777
1 0.5031451971634574 0.22319895288218622 0.011229017506475035 0.010952990988026495
1 0.5470527980638586 0.9023633832516877 0.010872218919836956 0.010229566822881285
1 0.7093505030092986 0.6216936526091202 0.010735967884893003 0.01115143817404042
1 0.47377082575922425 0.7093330051587975 0.01016471696936566 0.010554438051970108
1 0.5314762177674668 0.31015066478563386 0.010244307310684868 0.010336627130923063
1 0.5398756524790889 0.43793713528177014 0.010410640550696331 0.010624222133470617
1 0.16685636147208832 0.8339541684026304 0.009420208309007727 0.010232883950938349
1 0.4354830202849015 0.22850803706956946 0.00980451832646909 0.009836611540421196
1 0.1272153647049614 0.7606566885243291 0.01247702474179475 0.014522220777428669
1 0.5411603969076405 0.2770383876302968 0.010688740274180536 0.010768517203952954
1 0.5929784982100778 0.6408992020980173 0.011328614276388416 0.02191800656525985
1 0.4206555407980214 0.7574581063312033 0.010070634924847145 0.010126279748004417
1 0.4981138550716897 0.3728980396104896 0.012000508930372156 0.01078045886495839
1 0.54089849928151 0.39985994670702063 0.010991946510646656 0.010633841804836109
1 0.5321755409240723 0.33263350180957635 0.011344204778256624 0.010841880155646282
1 0.5389729686405348 0.32075161584045575 0.010648167651632557 0.013581837001054184
1 0.47808033487071167 0.19525797470756198 0.010291555653447691 0.00962929103685462
1 0.6077056345732316 0.9498351138571034 0.009984928628672724 0.010481378306513247
1 0.46785798280135443 0.16752484570378845 0.009847060493800951 0.009791291278341541
1 0.47068826011989434 0.2980867157811704 0.0149682501088018 0.013492024463155994
1 0.3997052441472593 0.8212471215621286 0.010943246924358864 0.010728711667268173
1 0.2864632917487103 0.8369499082150667 0.010270802871040676 0.010347407797108526
1 0.710609311642854 0.6397463135097339 0.009718438853388247 0.010122174802033798
1 0.49554171769515326 0.7783304712046748 0.010394593943720278 0.010795261548913044
1 0.3333997830100682 0.8867176719333816 0.009158569833506708 0.009197649748429008
1 0.5843604751255201 0.5667606229367463 0.011197670646335766 0.01131128228229025
1 0.5716019817020581 0.8548013645669689 0.009615794472072435 0.009732412255328634
1 0.48634966560032056 0.7277811921161154 0.010609626770019531 0.011598545572032099
1 0.4862587140954059 0.33456190383952594 0.010770548944887907 0.010523163754007091
1 0.44416443161342456 0.22102798586306366 0.010683909706447437 0.010752823041832966
1 0.4230064101841139 0.28022400192592456 0.011061585467794666 0.011364045350447945
1 0.5100410606550134 0.20764583090077274 0.011247572691544243 0.014439375504203465
1 0.5269296065620754 0.8276884037515393 0.009817123413085938 0.009208140165909477
1 0.0876365329908288 0.769251533176588 0.010149872821310291 0.011311904243800953
1 0.5485376378764277 0.8275826288306195 0.009589423304018766 0.009707202082094938
1 0.4745206314584483 0.37461075575455377 0.011548519134521484 0.011278774427331013
1 0.4628405415493509 0.6744218079940134 0.009548757387244183 0.009308275969132133
1 0.31135766402534815 0.8749615005824878 0.009653879248577616 0.010047124779742699
1 0.48359910301540204 0.18160294449847675 0.009274068086043648 0.010051623634670093
1 0.5530392501665198 0.522473957227624 0.010007879008417543 0.011080119920813519
1 0.6293493768443232 0.8844002226124639 0.009352476700492527 0.009977548018745754
1 0.4884932403979094 0.30746116845504096 0.010872167089711065 0.010393619537353516
1 0.49569184883781103 0.3583357528499934 0.010846117268437925 0.01155254374379697
1 0.5542241594065791 0.46642664204473083 0.011148079581882641 0.011444091796875
1 0.5158558202826459 0.3806400065836699 0.010969680288563604 0.011592901271322498
1 0.5950103635373324 0.6557990779047427 0.011138542838718579 0.011684003083602242
1 0.483295316281526 0.16694872275642728 0.010316185329271399 0.010354332301927649
1 0.40448387809421704 0.23758388602215313 0.010645078576129417 0.010367144709048063
1 0.1308415765347688 0.8020099142323369 0.009720366934071417 0.009837606678838316
1 0.4553481133087821 0.18242083425107208 0.009290995805159859 0.00987081942350968
1 0.5049987875896952 0.40628346152927564 0.010693591573963995 0.012434835019318954
1 0.5627010801564092 0.5343748175579569 0.010677379110585089 0.01059747778851053
1 0.46009556625200354 0.7247617763021716 0.009856939315795898 0.009666733119798742
1 0.5281637647877568 0.4458291426948879 0.010381657144297724 0.010743928992229958
1 0.41949524568474816 0.3144110700358515 0.01039997391078783 0.015187533005424168
1 0.5604247632233993 0.48233888460242236 0.010377718054729958 0.011149323504904041
1 0.3830330864242885 0.16837081183557928 0.010402601698170538 0.009573324866916822
1 0.4461899788483329 0.3083068391551142 0.010190435077833094 0.010697655055833899
1 0.5761205009792162 0.5001596886178722 0.010174792745838995 0.011027730029562244
1 0.6008967005688212 0.8673917728921643 0.0110596573871115 0.01021712759266729
1 0.568434590878694 0.49362037492835 0.010071630063264267 0.011781941289487093
1 0.48447718827620795 0.709925651550293 0.010804176330566406 0.010838052500849184
1 0.5172437895899233 0.25205559315888776 0.010326157445492952 0.010481647823167883
1 0.1505602339039678 0.795861534450365 0.011058931765349014 0.010736050813094429
1 0.5282221255095109 0.813150509544041 0.009613120037576427 0.009185251982315727
1 0.49074272487474524 0.40372174200804345 0.010749899822732677 0.010976013929947563
1 0.5774646738301152 0.6166831721430239 0.01073200806327488 0.011484560759171196
1 0.5385173403698466 0.4910651652709298 0.011378682177999744 0.012991583865621815
1 0.5408411026000977 0.47721050614896027 0.02236739448879076 0.012791685436082922
1 0.41273441781168396 0.2892520116723102 0.011402435924695887 0.014892039091690727
1 0.17259182619011917 0.8033064551975415 0.009889156922050144 0.01027405780294667
1 0.42912744439166517 0.13474555637525476 0.009216661038606064 0.009390955385954483
1 0.5816320958344833 0.870380567467731 0.009562575298806896 0.009159834488578465
1 0.4267294821531876 0.2950479155001433 0.010748842488164488 0.010680302329685375
1 0.2844682569089143 0.9214259437892749 0.009923976400624151 0.009699116582455843
1 0.48545640447865357 0.24661946296691895 0.01209246593972911 0.011548063029413637
1 0.475522341935531 0.33086415542208636 0.010514155678127125 0.012238451968068663
1 0.4985526126364003 0.41506939348967187 0.013030425361965015 0.013552997423254925
1 0.478798042172971 0.3666653633117676 0.013688346614008367 0.018430336661960766
1 0.2761114369268003 0.9122450455375339 0.010379459546959919 0.009620583575704823
1 0.722258816594663 0.6283291111821714 0.011039816814920177 0.01051305687945822
1 0.604858170384946 0.7170842212179432 0.0110314825306768 0.010580477507218071
1 0.3740604493928992 0.8011045455932617 0.01086115837097168 0.010860028474227242
1 0.5326148634371551 0.21904836530270785 0.010771606279456097 0.010373260663903278
1 0.4665688846422279 0.18249498242917267 0.010752097420070484 0.011241311612336533
1 0.14576158834540326 0.89831426869268 0.010343769322270933 0.009936871735945992
1 0.2276698713717253 0.9300163103186566 0.008652583412502123 0.008870746778405231
1 0.4691722082055133 0.20538861855216647 0.009537530981976053 0.009838539621104364
1 0.36378838964130567 0.8250411075094471 0.010250107101772144 0.01046827565068784
1 0.5562610729880955 0.573837943699049 0.010338140570599098 0.011423691459324047
1 0.5168279046597688 0.4270593809044879 0.0113648331683615 0.011579264765200407
1 0.496357129967731 0.44373494645823597 0.010259006334387737 0.012148338815440302
1 0.37504292571026354 0.2360757330189581 0.011164520097815472 0.012052701867145042
1 0.21806986435599948 0.8503385626751444 0.009750324746836786 0.010669376539147419
1 0.5360425036886464 0.24079614100248914 0.010365444680918818 0.011269507200821587
1 0.5546552201975947 0.922980660977571 0.010098125623620075 0.01215424744979195
1 0.46095272250797437 0.2854976654052735 0.011621236801147461 0.010761551235033117
1 0.4742065512615701 0.21666653259940769 0.010315853616465693 0.009769149448560633
1 0.5263159897016443 0.4156388977299566 0.010039889294168224 0.01035929762798807
1 0.4335354670234349 0.2425376435984736 0.010496605997500212 0.010406825853430706
1 0.22695021007371985 0.8862671437470808 0.009731624437415081 0.009486364281695822
1 0.12340250222579291 0.8374179964480193 0.009358074354088825 0.009631654490595278
1 0.5817111678745435 0.9397389163141665 0.009617390839949898 0.009934259497601053
1 0.5827071044756018 0.5997759777566661 0.011217386826224949 0.012035452801248302
1 0.6142502453016199 0.8177841020667035 0.009541428607443104 0.010402679443359375
1 0.16210218097852624 0.8951982622561248 0.009781091109566067 0.00966606969418733
1 0.2892291027566661 0.9379591734512991 0.00991095667300017 0.009400906770125679
1 0.5898625539696735 0.8787666403728983 0.010214556818423063 0.00960615406865659
1 0.3169810979262642 0.8456897320954697 0.00936045853987984 0.009035773899244226
1 0.14764086578203284 0.7679474042809528 0.010578663452811863 0.01089378025220788
1 0.3458565998336543 0.8796469439630922 0.009597248357275257 0.00919943270475968
1 0.5116506866786791 0.1990386195804762 0.010142326354980469 0.010307001030963402
1 0.5538091970526654 0.8900562576625657 0.009934363157852837 0.009920825128969938
1 0.5172642521236255 0.43784211511197296 0.01004872114762016 0.011266552883645763
1 0.5063898667045261 0.24747152950452722 0.01031096085258152 0.01031189379484757
1 0.37877425680989807 0.2023662691530974 0.009445879770361858 0.010767563529636547
1 0.5257324654123058 0.2973654788473378 0.011383533477783203 0.010579150655995245
1 0.2716883680094843 0.8190690745478091 0.01146617143050484 0.011330977730129078
1 0.5113849847213082 0.3073507391888162 0.010759643886400305 0.010858535766601562
1 0.1504055002461309 0.8123620696689771 0.009164602860160496 0.010425111521845278
1 0.42290961742401123 0.7251268262448519 0.011115022327588953 0.010134779888650646
1 0.1691767340121062 0.925492058629575 0.010197826053785242 0.010499912759532099
1 0.4657314031020455 0.6971951567608379 0.010254424551258917 0.009889229484226393
1 0.5115750146948773 0.46544469957766327 0.010660710542098335 0.013393941132918648
1 0.49726931426836096 0.17066463180210278 0.01080037199932596 0.010741130165431812
1 0.48873826731806214 0.8307232649429984 0.010084401006283968 0.011011870011039402
1 0.7240222018697987 0.6635204812754756 0.010091284047002378 0.01069840140964674
1 0.12344971947048021 0.7665114195450492 0.009572796199632727 0.009915559188179348
1 0.5094091892242432 0.3588981835738473 0.01139999472576639 0.011127596316130264
1 0.2967171358025592 0.8105831975522249 0.009099732274594515 0.009628876395847486
1 0.16143401291059412 0.8599795258563496 0.0094625535218612 0.00988781970480214
1 0.42014534577079443 0.19322605755018152 0.010658554408861242 0.00979719991269319
1 0.5590418421703837 0.9695477900297744 0.011471478835396145 0.011931916941767153
1 0.5356369847836702 0.20284046297488006 0.01205369700556216 0.01142951716547427
1 0.5141390095586362 0.739351749420166 0.010338990584663723 0.011384342027747112
1 0.4926905010057532 0.7601376616436503 0.010962113090183422 0.010992837988811989
1 0.5524066634800123 0.7648417638695758 0.010527610778808594 0.010508371436077614
1 0.3730752571769383 0.9042500620302947 0.011291960011357847 0.010665976482888927
1 0.5704455168350883 0.7494081414264181 0.011290591696034307 0.011325836181640625
1 0.5232776766238005 0.31817791772925336 0.010420716327169666 0.010618562283723251
1 0.6339891786160677 0.8945274353027344 0.009318206621252972 0.011071910028872282
1 0.1632364884666775 0.9090123383895211 0.011016648748646612 0.010258218516474184
1 0.6299342694489852 0.8341948260431704 0.01004102955693784 0.010405291681704313
1 0.7013706953629202 0.6556695647861648 0.010741772858992867 0.011916243511697521
1 0.43264508765676746 0.961219766865606 0.011203361594158669 0.011752957883088486
1 0.6138655413752017 0.8624484850012739 0.010104096454122791 0.011435964833135191
1 0.6088040496992029 0.908452966938848 0.009693622589111328 0.009951923204504925
1 0.566621676735256 0.570332319840141 0.010408194168754246 0.010415947955587635
1 0.4914852691733319 0.32176972925662994 0.01009890307550845 0.011990784303001736
1 0.5689485798711362 0.93670189898947 0.010294458140497622 0.011041558307150135
1 0.24979791433914847 0.9814856985340947 0.008635002633799677 0.00838196795919667
1 0.3540140779122063 0.8893524874811587 0.010856022005495817 0.009911288385805876
1 0.19532375750334366 0.8276932135872219 0.009591641633406929 0.010107247725777004
1 0.44611594987952197 0.19364315530528192 0.010026268337083899 0.010064249453337296
1 0.10740231949350107 0.8402045706044072 0.01033162034076193 0.010575667671535328
1 0.422629133514736 0.7719185870626697 0.011274057885874872 0.010846842890200407
1 0.530200543610946 0.3492313176393509 0.012085541434909985 0.018495369216670162
1 0.4592805219733197 0.31123140583867615 0.010907463405443274 0.010370793549910835
1 0.47457369514133624 0.7389733480370563 0.011124942613684612 0.011401756950046704
1 0.11359897903774094 0.7546605234560759 0.011412516884181812 0.010576828666355297
1 0.11767600411954132 0.8067229934360671 0.008919125017912491 0.00931785417639691
1 0.544502538183461 0.29003348557845404 0.010982492695684019 0.011305311451787535
1 0.14748073142507803 0.8719591679780379 0.010017177333002504 0.010193161342454992
1 0.3137933171313742 0.8073187910992167 0.009515244027842646 0.008714634439219599
1 0.5114956316740615 0.27881177611972974 0.018596151600713314 0.014337975045909052
1 0.4200952364050824 0.2593264683433201 0.010383108387822691 0.02026224136352539
1 0.14726474492446237 0.7820130223813265 0.010662462400353474 0.010431953098462976
1 0.6252327690953794 0.847889112389606 0.010596503382143766 0.009532182112984035
1 0.48184142942013947 0.2747201401254405 0.013341841490372368 0.010281749393628992
1 0.30258811038473377 0.9474397327588953 0.01029731916344684 0.010812925255816917
1 0.15839270405147388 0.8450872379800548 0.009505385937898056 0.0088469878486965
1 0.09934960759204368 0.7974234663921854 0.010670547899992569 0.010336295418117359
1 0.5438360960587211 0.8666670426078464 0.010569033415421196 0.010738041089928669
1 0.6096027623052183 0.7895134842914083 0.009652842646059782 0.009354591369628906
1 0.49884523516115936 0.43043271873308264 0.010522199713665505 0.01097217850063158
1 0.12412962187891421 0.7895779609680176 0.009492884511532991 0.009089635766070822
1 0.5642386312070101 0.6515026610830555 0.012071941209876019 0.0123706693234651
1 0.6085690104443094 0.7034509492957075 0.011233723681905994 0.011221180791440218
1 0.3501391009144161 0.8414189089899478 0.008951770222705343 0.009428231612495754
1 0.5663579339566437 0.8234462323396103 0.009942116944686226 0.00930960282035496
1 0.5491771179696788 0.8407461539558743 0.009727125582487686 0.009881351305090862
1 0.41265257804290106 0.2748262052950652 0.010195685469585915 0.01047273304151452
1 0.5593350762906282 0.5496889197308085 0.018283118372378143 0.01073256782863451
1 0.43221892999566114 0.20070590143618375 0.01018896310225777 0.009627715401027514
1 0.2903039766394574 0.8205999706102454 0.009208264558211617 0.008614083994989809
1 0.20652550199757452 0.8873522799947987 0.009429454803466797 0.009390872457753057
1 0.18460789970729663 0.8076036909352178 0.009702723959217901 0.00987256091573964
1 0.313576076341712 0.8619732856750488 0.00959951981254246 0.009628834931746773
1 0.48690386440442956 0.4353502936985182 0.010410951531451683 0.011215044104534645
1 0.19775974232217539 0.9232876611792524 0.01010652210401452 0.009883590366529383
1 0.22345587481623114 0.9820119816323986 0.01008549980495287 0.009894122248110563
1 0.13237989467123282 0.8446647809899371 0.010244991468346638 0.009335393490998642
1 0.5739324196525242 0.5594494861105214 0.010575294494628906 0.010778924693231997
1 0.5936208807903788 0.7809664270152217 0.009502908457880434 0.010790866354237432
1 0.5486245673635731 0.8783124011495838 0.010154952173647673 0.010844935541567595
1 0.5011987167855968 0.7475963468136996 0.010980295098346214 0.011136884274690048
1 0.5730662760527238 0.833697858064071 0.009776198345681896 0.01045591934867527
1 0.10233530272608218 0.8211827070816702 0.009920773298844048 0.010449699733568274
1 0.4504097440968389 0.24842232206593387 0.010070095891537874 0.010504038437553074
1 0.5048200099364571 0.33506081415259314 0.020662691282189408 0.01110132880832838
1 0.5904977010644 0.7555673018745754 0.010462677997091541 0.010627580725628395
1 0.4996686189070991 0.7242218515147334 0.010909619538680367 0.01202317942743716
1 0.4574758073557978 0.20098215600718625 0.00956075087837551 0.010016980378524117
1 0.44246847214906104 0.2833129945008651 0.017383005308068317 0.011231069979460342
1 0.17518705388774042 0.8611919776253079 0.009571272393931513 0.010688076848569124
1 0.5952563596808392 0.952760592750881 0.01003570141999618 0.0106665155161982
1 0.32479996655298315 0.821497626926588 0.009633341561193052 0.010112347810164742
1 0.5730520953302798 0.5406768529311471 0.009959220886230469 0.010469830554464588
1 0.48550659677256713 0.2303318977355957 0.010638693104619566 0.01079559326171875
1 0.3870833231055218 0.8974590094193168 0.009471603061841883 0.010436140972635021
1 0.48195465751316235 0.7782096655472465 0.010707855224609375 0.012489526168159817
1 0.30340905811475666 0.799498060475225 0.009173020072605299 0.009107009224269701
1 0.4320684360421222 0.3112354485884957 0.011072542356408161 0.010641471199367359
1 0.3774290680885315 0.2165375170500382 0.011250169380851414 0.01048415640126104
1 0.4141192799029143 0.7493565808171812 0.009912853655607803 0.010457038879394531
1 0.4472719430923462 0.23878627238066297 0.009942396827366041 0.00984173235685929
1 0.17878176336703092 0.937957888064177 0.010196758353191872 0.010833325593367867
1 0.6197646908138109 0.7913301924000615 0.00961334809013035 0.009864599808402683
1 0.4651230469993923 0.2545538985210916 0.010523267414258875 0.009882595228112263
1 0.20832500250443167 0.9628846334374468 0.009057107179061226 0.009388509004012398
1 0.535321049068285 0.7925477027893066 0.009946864584217901 0.009906810262928839
1 0.3053013760110606 0.7855072436125381 0.009359608525815218 0.009212245111880095
1 0.5321973510410475 0.8840953578119692 0.010897719341775646 0.011441189309825068
1 0.5113792004792587 0.33642662089803943 0.010958381321119226 0.010919177013894787
1 0.40398040543431823 0.18100377787714417 0.009734226309734842 0.009608558986497961
1 0.3036225982334303 0.8472478700720746 0.00960677603016729 0.009042408155358356
1 0.3626510928506437 0.8583459646805472 0.009802333686662756 0.009914771370265795
1 0.530445150707079 0.7786976772805919 0.009685868802277939 0.009942179140837296
1 0.5082896170408829 0.2627636660700259 0.010322964709738026 0.010767770850140114
1 0.5852935314178467 0.6303822579591171 0.01093999199245287 0.011600805365520973
1 0.46823721346647845 0.6642147769098697 0.00975310284158458 0.009475003118100374
1 0.6245677056519882 0.8237481117248535 0.008709389230479364 0.009780925253163214
1 0.5305433273315429 0.46042602995167603 0.010421338288680367 0.010526719300643257
1 0.4703194784081501 0.4871139370876809 0.010874167732570484 0.015000167100325874
1 0.5703354711117953 0.9210146613742995 0.010521515556003735 0.010202822477921196
1 0.45593509466751764 0.6851055103799573 0.010083426599917204 0.010062964066215183
1 0.5625529392905857 0.8438801143480383 0.009467850560727327 0.009727146314538044
1 0.6299303303594175 0.8698415963546091 0.009906022445015285 0.01092077338177225
1 0.6236619120058807 0.8095837261365808 0.008863863737686821 0.010113964910092562
1 0.38615309673806897 0.9111006156257961 0.010646156642747961 0.010277748107910156
1 0.18397444227467413 0.8220526653787364 0.008826732635498047 0.010761178058126698
1 0.41266184786091675 0.13525842065396515 0.009630151416944422 0.008421783861906632
1 0.20066329707270086 0.9751410069672957 0.01027741639510445 0.010376847308614979
1 0.41728812715281616 0.17600988305133325 0.010023428046185036 0.008637013642684273
1 0.4269280019013778 0.2144967058430547 0.009285760962444803 0.009677824766739555
1 0.23415058592091434 0.8978069139563519 0.009119344794231913 0.008895210597826086
1 0.5149288384810738 0.8090462269990342 0.009641025377356487 0.010634090589440388
1 0.46696944340415625 0.14971505559009055 0.010061917097672173 0.010202210882435675
1 0.3924979852593463 0.2330956977346669 0.009762992029604704 0.009411293527354364
1 0.40516503738320386 0.12540936470031738 0.008798625158227009 0.009354591369628906
1 0.6194758415222168 0.9085267315740171 0.00993459121040676 0.010434150695800781
1 0.20889150578042734 0.9071713945140009 0.008960247039794922 0.00850689929464589
1 0.18399451089941937 0.8921615351801333 0.009280598681905994 0.00954437255859375
1 0.4226829694664997 0.7121840767238452 0.011190746141516644 0.011553059453549593
1 0.4481848374657008 0.26312670500382135 0.010695571484773056 0.010315314583156421
1 0.42368906995524536 0.3280005998423567 0.009557609972746475 0.010443031949841457
1 0.12204932129901389 0.8241185727326765 0.009016244307808254 0.00882820461107337
1 0.4178991058598394 0.22438424566517706 0.009542185327281122 0.00935351330301036
1 0.5418030282725459 0.7774527176566746 0.011012533436650816 0.009779722794242527
1 0.7515886348226796 0.630581752113674 0.011372566223144531 0.0120575531669285
1 0.1786570859991986 0.87609573032545 0.009367051331893257 0.00895027492357337
1 0.5508673191070557 0.48964602014292835 0.01106517211250637 0.011157865109650986
1 0.5288224116615627 0.7553057463272758 0.010974655980649202 0.012262924857761547
1 0.7222103657929795 0.6420919376870861 0.00988931241242782 0.012237092723017153
1 0.07662634486737457 0.7230214243349822 0.012489085612089737 0.013355669767960258
1 0.1812017482259999 0.8438044838283374 0.010005494822626528 0.009213240250297215
1 0.41480919070865796 0.21307534756867783 0.011249884315159008 0.009910915208899456
1 0.6106789215751316 0.7379680301832117 0.011240917703379755 0.011038572891898777
1 0.13763335995052173 0.811095258463984 0.009386114452196203 0.009139973184336786
1 0.29842453417570697 0.863726864690366 0.010708850363026495 0.010050815084706182
1 0.3938253625579503 0.2585371680881666 0.010306892187699028 0.010299724081288214
1 0.5154455433721128 0.7853737914043925 0.009066954902980639 0.00954126275104025
1 0.4357964733372564 0.8202828324359395 0.010360085445901623 0.011509314827297046
1 0.5328159954236902 0.8374400968136995 0.010075486224630604 0.010026558585788891
1 0.4465226194132929 0.13892373313074527 0.009237683337667713 0.00873776104139245
1 0.24811288584833557 0.9211622943048893 0.009491879007090693 0.009618634762971298
1 0.2136764319046684 0.9282388687133788 0.009492500968601393 0.009970955226732336
1 0.5110728533371635 0.37140053510665894 0.011853819308073624 0.018065136411915653
1 0.4135585660519807 0.15129106977711554 0.009134479190992273 0.009551670240319294
1 0.23276656606922985 0.923424658568009 0.012466637984566067 0.014554355455481487
1 0.6019866362861965 0.6898174285888672 0.011028787364130434 0.010799490887185802
1 0.38135434233624005 0.15680555675340735 0.009703138600225035 0.009019851684570312
1 0.25802261933036474 0.9760862848033076 0.009189647176991339 0.009214484173318615
1 0.10635508143383524 0.7853100610815961 0.009628389192664105 0.009333030037257982
1 0.589673664258874 0.9313071499700132 0.010264562523883324 0.010250713514245075
1 0.25816668634829315 0.9345268788545027 0.009959635527237602 0.009969918624214504
1 0.11433036431022313 0.8291904200678286 0.009230157603388247 0.009827157725458559
1 0.32573663929234387 0.8361657184103259 0.00808207366777503 0.008155408112899117
1 0.2694098845772121 0.971826636272928 0.008975028991699219 0.008528750875721807
1 0.2599869914676832 0.9101278056269106 0.010274410247802734 0.010082244873046875
1 0.5007804580356763 0.18125550643257474 0.009782583817191746 0.009382496709408968
1 0.5050893659177033 0.791909756867782 0.009733656178350035 0.010832247526749321
1 0.21583774815434997 0.871346846870754 0.010267257690429688 0.010714987049932066
1 0.43718337494394055 0.16619640329609747 0.010288580604221508 0.010071806285692297
1 0.27500326737113623 0.9376190019690472 0.009697458018427309 0.008978387583856997
1 0.3988704448160918 0.20109204624010169 0.009450782900271208 0.009510973225469175
1 0.45557449174963915 0.7141588252523671 0.010401933089546535 0.01056144548499066
1 0.4258449388586957 0.17500966528187625 0.011320197063943615 0.009877578071925951
1 0.46333845801975415 0.7483339724333391 0.012192643207052479 0.010655112888502039
1 0.47954092855038843 0.6921271863191023 0.010316724362580673 0.010918741640837296
1 0.5861683513807214 0.9165753074314282 0.010098291480022926 0.00929061226222826
1 0.5009370161139447 0.808292347451915 0.009534815083379332 0.01028517018193784
1 0.6027928849925166 0.7268458449322245 0.01106473673944888 0.010544030562691067
1 0.5648583121921705 0.9004520747972571 0.009297246518342392 0.009692648182744566
1 0.422115595444389 0.9354091105253799 0.010518986245860224 0.010110896566639776
1 0.4188450367554375 0.26587610659391986 0.010066104971844216 0.009051986362623133
1 0.44907153689343 0.6958774069081182 0.010301724724147632 0.010924463686735733
1 0.3096235835033914 0.9842975657919179 0.009642538817032524 0.009393484696097996
1 0.44108788863472315 0.7093718362891156 0.00983254805855129 0.010265557662300442
1 0.2135781205218771 0.9714552630548892 0.009417824123216711 0.00942192906918733
1 0.4492339984230373 0.15572889473127283 0.008907235187032948 0.01008426624795665
1 0.3868281556212384 0.1854761165121327 0.00903755167256231 0.00981940393862517
1 0.534701855286308 0.7664019750512163 0.009501063305398693 0.009371674579122791
1 0.5362964505734651 0.8487954139709473 0.009892297827679178 0.010188434434973675
1 0.6225872765416685 0.858480225438657 0.01141015343044115 0.01070192585820737
1 0.5768908832384192 0.5298822237097699 0.010673896126125171 0.011062539142111073
1 0.22840045846026874 0.9716816985088846 0.009077072143554688 0.009057044982910156
1 0.5388594088347062 0.7090147474537726 0.012907276982846468 0.0120880707450535
1 0.17615333329076355 0.8157233984574027 0.009035390356312628 0.009734900101371433
1 0.48105105109836743 0.153176908907683 0.010260664898416271 0.009849341019340183
1 0.4340146469033283 0.8799113398012908 0.010787290075550909 0.011614094609799593
1 0.5851302146911621 0.6493945536406145 0.010783029639202614 0.010725975036621094
1 0.1475758863532025 0.8522450612938921 0.009861593661100967 0.010471385458241339
1 0.3664045748503312 0.1989797198254129 0.00879843338676121 0.009690222532852837
1 0.5643682894499407 0.7280514551245649 0.012839027073072351 0.012057387310525646
1 0.5472243972446607 0.6167463116023852 0.011996725331182066 0.011923893638279125
1 0.4372780012047809 0.14880215085071066 0.009491443634033203 0.009612736494644829
1 0.6197618401568868 0.8741660325423531 0.009612954181173573 0.009821435679560122
1 0.5174952175306238 0.4519573501918627 0.009960962378460428 0.010239766991656761
1 0.32099109110624896 0.7816035021906313 0.009754243104354195 0.009340327718983526
1 0.34054093710754224 0.8952221248460852 0.009666713683501534 0.009244338325832201
1 0.5458733102549678 0.8570247525754182 0.00891138159710428 0.009501291357952616
1 0.5791430266007133 0.9274590948353643 0.010062590889308765 0.00951360619586447
1 0.5751267723415209 0.879815205283787 0.009607232135275135 0.00946156874946926
1 0.2630252112513003 0.9452157435209854 0.009335538615351137 0.00908673327902089
1 0.6154404515805453 0.8328893081001614 0.009747297867484715 0.00962929103685462
1 0.34508262639460363 0.7825872172480045 0.009859481583470884 0.01018034893533458
1 0.24373346826304562 0.9387525890184486 0.008949445641559103 0.00914026343304178
1 0.47325347299161163 0.2838459533193837 0.010794960934182873 0.010776540507440981
1 0.5185059049855107 0.2762122672537099 0.010022080462911854 0.010740549668021824
1 0.3962562524754068 0.15877777597178583 0.008723108664802883 0.008865584497866423
1 0.16105523316756543 0.807174019191576 0.009389151697573454 0.009580695110818615
1 0.34336919693843176 0.768036116724429 0.008780866861343384 0.009096933447796366
1 0.5752435145170793 0.5875514901202658 0.010764702506687329 0.011159648065981657
1 0.535861056783925 0.4119635664898416 0.011036250902258831 0.011558988819951597
1 0.3992637655009394 0.9204458568407142 0.009610818779986837 0.010321326877759851
1 0.09399742147196895 0.7318111295285432 0.01112117974654488 0.011031731315281079
1 0.6157901598059613 0.7791465676349142 0.009463434634001358 0.01011757228685462
1 0.3269909561976142 0.8739235712134321 0.009638743556064108 0.009191388669221298
1 0.4605947732925415 0.29958883575771167 0.010465507921965225 0.010807265406069548
1 0.6315200950788415 0.8173630133919094 0.00959220139876656 0.010185200235118036
1 0.5400297538093899 0.8193751418072245 0.0093109711356785 0.00901093690291695
1 0.3877091692841571 0.24467102341029953 0.010782340298528257 0.010422063910442848
1 0.529356054637743 0.3927094288494276 0.010347387065058168 0.01114822988924773
1 0.4086300445639569 0.25794021979622217 0.00924930365189262 0.01066545818163001
1 0.5343309278073518 0.4794133124144181 0.013155356697414234 0.015097597370976988
1 0.1862164891284445 0.9262355099553647 0.009936146114183508 0.009985592054284138
1 0.5421110443446948 0.8036328605983567 0.009616644486137058 0.00914689768915591
1 0.5705782226894213 0.6030324231023374 0.010149789893108864 0.011402254519255264
1 0.36666094220202894 0.1531587683636209 0.01013624149820079 0.010469457377558168
1 0.28057494370833685 0.9874841233958369 0.011143477066703465 0.009217842765476393
1 0.21142993802609653 0.9473740950874661 0.009403871453326681 0.009523640508237093
1 0.5887133245882781 0.6651873173921006 0.010748303454855213 0.012355762979258661
1 0.5881775358448857 0.8602121394613513 0.009593009948730469 0.010452560756517492
1 0.4606013505355171 0.23177639297817065 0.01088615085767663 0.011203579280687414
1 0.3063744773035464 0.827126813971478 0.009045663087264351 0.009329049483589504
1 0.5320806917936906 0.983146791872771 0.010276877361795177 0.010807866635529892
1 0.4747350215911865 0.764775918877643 0.009510600048562756 0.01090252917745839
1 0.45306613652602484 0.897523361703624 0.012204429377680239 0.012463984282120415
1 0.5997859913369884 0.8541512903959854 0.009348454682723335 0.009575097457222317
1 0.10885768351347551 0.8135382818139117 0.011861614559007727 0.011889125989831013
1 0.5811509256777557 0.9549843954003375 0.010692928148352581 0.012721642203952954
1 0.6009541387143342 0.9229846829953401 0.009906768798828125 0.009917508000912874
1 0.44673339698625647 0.2840458413828974 0.009787569875302523 0.010543615921683933
1 0.41173448769942567 0.23204836638077445 0.009183116581128992 0.009701272715692934
1 0.47850168787914776 0.7557987752168074 0.010284828103106956 0.010061388430388077
1 0.34080817647602246 0.8695245825726053 0.009637029274650242 0.009449005126953125
1 0.5530106503030529 0.6970684010049573 0.01244843524435292 0.013303217680557915
1 0.43603148667708685 0.7758511874986731 0.00947019328241763 0.009887736776600714
1 0.5817752817402715 0.9025416166886039 0.0095935697140901 0.009488147238026495
1 0.5224091073741084 0.26656876439633576 0.010609004808508831 0.009743980739427649
1 0.35181623697280884 0.7963660488957944 0.009676689686982529 0.00896242390508237
1 0.574600364850915 0.8937228451604429 0.008965326392132303 0.009612581004267153
1 0.2963553926219111 0.9793079210364302 0.009921073913574219 0.00991132984990659
1 0.4067958774773971 0.7382185770117718 0.010461802067963974 0.010256767272949219
1 0.1430497221324755 0.824747375819994 0.009411179501077404 0.009388965109120245
1 0.4705107523047406 0.6856573353643003 0.009917176288107166 0.009852782539699389
1 0.5643426853677501 0.8831632240958835 0.009686718816342562 0.009449792944866678
1 0.5674960509590481 0.7878540287847104 0.01090240478515625 0.011600743169369905
1 0.4565153743909752 0.8052275077156399 0.010728711667268173 0.011292540508767834
1 0.4500861789869226 0.8490207920903745 0.011326831320057745 0.011437955109969429
1 0.597561960634978 0.6716029125711193 0.010727260423743206 0.012636101764181385
1 0.3713787223981775 0.8905376766038977 0.010532938915750256 0.01028840438179348
1 0.5589207358982251 0.9120609241983166 0.009452405183211617 0.009704050810440727
1 0.3792292216549749 0.13570035540539285 0.009151090746340544 0.009699852570243504
1 0.44505612746528955 0.2953404654627261 0.010608921880307405 0.010761571967083473
1 0.32886448113814637 0.8514481834743335 0.009584489076033882 0.009296417236328125
1 0.48006539759428607 0.8192160233207372 0.010528543721074644 0.010856711346170177
1 0.37722158432006836 0.18298356429390286 0.009523350259532099 0.010456085205078125
1 0.13325490122256073 0.8239220328952956 0.00901489672453507 0.009361681730850883
1 0.5135851217352826 0.39570881491122045 0.013357307599938435 0.012147125990494438
1 0.3361149877309799 0.795967786208443 0.010579815377359804 0.010492283365000849
1 0.36014486395794415 0.7857881836269212 0.010546974513841711 0.011096498240595278
1 0.2566781976948614 0.9589055310124937 0.009175155473792034 0.008912584056024965
1 0.49302096988843835 0.9038231683814008 0.010884658150050953 0.010868279830269192
1 0.22334229427835214 0.9157647879227349 0.009405633677606997 0.00924844327180282
1 0.4392599955849025 0.27444804233053455 0.011079663815705673 0.011300004046896229
1 0.39244938415029773 0.21523671564848526 0.010881745296975841 0.019594420557436737
1 0.6066927495210068 0.835346678028936 0.00990432241688604 0.010710425998853601
1 0.3223044353982676 0.9834028119626252 0.010435726331627888 0.011969732201617699
1 0.46238411509472394 0.13405250984689462 0.010221616081569507 0.010226674701856531
1 0.5583628778872283 0.8584287684896718 0.010048576023267664 0.009481139805005945
1 0.42317817003830627 0.12457130266272504 0.008964155031287151 0.00859894959822945
1 0.09948798884516177 0.7770365010137144 0.009713172912597656 0.010190963745117188
1 0.13391332522682522 0.7879227969957434 0.01015398813330609 0.01039575493854025
1 0.4644071278364762 0.8162024746770444 0.010977631029875382 0.01080459097157354
1 0.4427613590074623 0.7960490143817404 0.010661456895911175 0.010375437529190727
1 0.5456122315448263 0.5851245444753895 0.01030942668085513 0.010754232821257217
1 0.41728799239448877 0.8532016380973484 0.010735055674677309 0.011198997497558594
1 0.49959402498991595 0.3127237299214239 0.013222652932871943 0.01109618725983993
1 0.19631395132645313 0.910158882970395 0.00937733442887016 0.00951223788054093
1 0.5910168730694315 0.6934162637461787 0.011246681213378906 0.011559030284052309
1 0.4216432778731637 0.16178673246632452 0.00969633848770805 0.008380931356678839
1 0.6323466922925867 0.9030862891155741 0.009609388268512228 0.009813640428626019
1 0.5982643728670867 0.9397266222083052 0.009759343188741932 0.009418570477029552
1 0.5432230285976244 0.7331105107846466 0.011027419048806896 0.010993294093919836
1 0.5957255259804104 0.910115843233855 0.009759965150252632 0.0101934930552607
1 0.5274015509563944 0.256288715030836 0.01057832137398098 0.009986338408096977
1 0.2719119839046312 0.9228945400403893 0.010290042213771656 0.00962692758311396
1 0.40848761019499413 0.10915167953657068 0.008415429488472317 0.008003991583119268
1 0.1881115954855214 0.8538764870685078 0.009059988934060802 0.008782925813094429
1 0.360951568769372 0.8756729416225268 0.00992895209270975 0.009635054546853771
1 0.5557454150655995 0.6034058695254119 0.011833605558975883 0.011007391888162365
1 0.33661314326783887 0.8337211816207223 0.010061458401058033 0.009069401284922724
1 0.3711603335712267 0.8754421731700068 0.00982815804688827 0.009888275809909986
1 0.36486057742782263 0.1720120336698449 0.011360746362934942 0.010348786478457243
1 0.4026915405107582 0.7946330360744311 0.010139983633290167 0.010384518167246943
1 0.5649331030638322 0.5525075663690981 0.010593932607899542 0.011600743169369905
1 0.40161154322002246 0.14766192954519522 0.010184179181637972 0.009458531504092009
1 0.5416968698086946 0.9727936620297639 0.010300283846647842 0.010993791663128395
1 0.5006799905196481 0.8386566120645275 0.011635365693465523 0.010761385378630264
1 0.5393466120180875 0.5411421008732008 0.010184744130010191 0.011860121851382048
1 0.0980832265770954 0.7450929310010828 0.011231526084568188 0.011611026266346807
1 0.4842643530472466 0.8458678411400835 0.01094266642694888 0.010664193526558254
1 0.5601455957993217 0.8715723079183826 0.009915123815121859 0.010446672854216202
1 0.1883921415909477 0.8830450514088506 0.009633686231530231 0.00914038782534392
1 0.22154408952464227 0.8976643189139988 0.01003122329711914 0.010896185170049253
1 0.39006922037705133 0.22309919025586997 0.009993003762286642 0.010493071182914402
1 0.4763824680577154 0.5003344805344291 0.010080264962237816 0.010990785515826683
1 0.18775956527046536 0.8645267901213274 0.009510869565217392 0.009435156117314878
1 0.5276756493941598 0.3448304903248083 0.011506412340247112 0.01148021091585574
1 0.5250198115473208 0.8015751009402067 0.009491796078889267 0.009888566058614979
1 0.45063221454620356 0.7267288747041123 0.013048078702843708 0.013106180273968239
1 0.5425573224606721 0.9541506145311438 0.012573283651600714 0.012798309326171875
1 0.3918046199757119 0.8024359993312669 0.010104557742243227 0.010728089705757473
1 0.5576709353405497 0.8014360925425654 0.011048710864523182 0.010366108106530231
1 0.5262282205664593 0.49740086431088654 0.012218931446904722 0.012447440105935802
1 0.4102976633154828 0.9170180818308955 0.009760193202806555 0.010030704995860224
1 0.23348706701527472 0.9082357365152112 0.00906173042629076 0.009465632231339165
1 0.41395020484924316 0.827354907989502 0.009844178738801376 0.01216361833655316
1 0.5468823495118516 0.650700102681699 0.011304793150528618 0.012366605841595192
1 0.39632880428563 0.13566376851952597 0.009939623915630838 0.008455006972603176
1 0.47207894014275587 0.9102663786514945 0.010302408881809399 0.010009185127590015
1 0.43100658188695495 0.794345295947531 0.011195276094519573 0.011620770330014437
1 0.38923780037009204 0.12454723275226094 0.00917587591254193 0.008995284204897673
1 0.42520779112110973 0.8310243150462274 0.012088589046312414 0.01144421618917714
1 0.48738798887833307 0.8841314108475393 0.013054391612177309 0.01506054919698964
1 0.4582676732021829 0.15865774776624597 0.00930791315825089 0.010212836058243462
1 0.2921771795853325 0.9670347338137419 0.009610341942828634 0.00953222357708475
1 0.5530612468719481 0.5370044086290442 0.01817112383635148 0.01235124339228091
1 0.5362378825312075 0.26557976266612177 0.010537935339886208 0.010536152383555536
1 0.35619915827460913 0.7746042168658712 0.009624361991882324 0.009733283001443615
1 0.15124140615048615 0.8831074548804243 0.010257181913956352 0.010126072427500849
1 0.1985966951950737 0.8448345764823582 0.008978574172310207 0.010252164757770042
1 0.4084681168846462 0.7160195889680281 0.009802870128465735 0.010991303817085598
1 0.33271263993304706 0.7817543485890264 0.010790721229884937 0.009521691695503567
1 0.375273144763449 0.8515490241672683 0.01096895466680112 0.011086920033330503
1 0.49495180793430493 0.8025579245194144 0.010240845058275305 0.010345500448475714
1 0.19165690048881195 0.9010613482931386 0.008586717688519022 0.008858390476392664
1 0.3507789477058079 0.8291062479433807 0.011382652365643044 0.011801595273225204
1 0.40021814989007043 0.10044472113899562 0.008930652037910793 0.00877392810323964
1 0.36572240098663 0.13987384153449017 0.010121503601903501 0.010734340418940004
1 0.37960719803105236 0.10031739525173021 0.009663203488225523 0.009747442991837212
1 0.4020370918771494 0.1698916839516681 0.009196426557457966 0.008824566136235777
1 0.20432865101358164 0.9340242095615552 0.009899325992750086 0.009272160737410835
1 0.3085067168526027 0.8179116663725481 0.009658606156058933 0.008691580399222996
1 0.5577616484268851 0.5915704706440801 0.010737709377122961 0.011180939881697945
1 0.5681834324546482 0.9499481657276984 0.01104941575423531 0.01079870306927225
1 0.15286356469859247 0.8313874369082243 0.010021645089854364 0.009087686953337296
1 0.7118408990942915 0.6550841953443445 0.009626844654912535 0.00979887920877208
1 0.37839764874914417 0.11619706775831139 0.009224606596905252 0.008641429569410242
1 0.3179552347763725 0.8316271823385487 0.009064114612081776 0.009304875912873642
1 0.4207020635190217 0.8875218267026155 0.011354031770125679 0.011378910230553669
1 0.45215531017469324 0.3499976305857948 0.011245126309602158 0.010921366836713709
1 0.2988610889600671 0.8374297515205715 0.009471810382345448 0.00898941703464674
1 0.38604285146879114 0.14554852506388788 0.010183857834857445 0.010514953862065855
1 0.4429179067197053 0.9203227706577468 0.010512144669242527 0.011707762013310972
1 0.5136441977127738 0.8316692684007727 0.008837948674741 0.008315625398055367
1 0.4311763255492501 0.7646944626517918 0.009834175524504288 0.01023201320482337
1 0.15933439005976138 0.821110829063084 0.00972884634266729 0.009418114371921705
1 0.2125013081923775 0.8636946263520613 0.009182411691416864 0.008579378542692764
1 0.36107672815737524 0.11736801914546799 0.009711307028065557 0.009673585062441618
1 0.4558446562808493 0.9269624585690706 0.010877329370249872 0.010334802710491676
1 0.19613003730773926 0.9602260796920113 0.009677700374437414 0.010848211205523949
1 0.11122640837793765 0.7933788506881051 0.00928118954534116 0.010147302047066067
1 0.39884902342506073 0.7292943000793457 0.011945791866468347 0.011563384014627209
1 0.40969573019598876 0.9366739699536637 0.008564697789918111 0.009617396767901515
1 0.5942947346231212 0.9008460874142854 0.012865439705226734 0.00970670451288638
1 0.579010362210481 0.8157493549844494 0.012020567189092222 0.01040023306141729
1 0.44473898929098377 0.8807733784551205 0.009982689567234205 0.011317543361497961
1 0.43416297954061756 0.8068558444147524 0.01142864641935929 0.010962154554284138
1 0.49788496286972717 0.4964257945185122 0.009246401164842688 0.010334927102793818
1 0.3863520570423292 0.09070563316345215 0.008898247843203337 0.008744177610977837
1 0.5500024297963018 0.5068175067072329 0.013253751008406929 0.010326178177543308
1 0.39408776034479553 0.11184454482534656 0.0094842703446098 0.008351730263751486
1 0.11603477726811948 0.7774771192799445 0.011012885881506878 0.009620376255201258
1 0.7139061430226202 0.6709799455559772 0.010253367216690727 0.010920835577923317
1 0.5358833022739576 0.5590736244035803 0.011211270871369736 0.010692492775295093
1 0.4321269522542539 0.7323567763618803 0.008863687515258789 0.010086722995923914
1 0.45178668395332666 0.7799432381339695 0.010195151619289234 0.011149572289508324
1 0.28734288008316705 0.94897577036982 0.009643637615701427 0.009268138719641644
1 0.43887915818587586 0.12539876025655997 0.008811909219493036 0.010117903999660328
1 0.5623691289321237 0.8142434410426929 0.010471696438996689 0.009876500005307405
1 0.41159744366355566 0.8748689941737962 0.0136812977168871 0.01187660383141559
1 0.48631075672481366 0.7917515713235607 0.009117717328278915 0.009671999060589334
1 0.3977978955144468 0.902912077696427 0.009734236675760021 0.009701065395189367
1 0.4254600276117739 0.864865033522896 0.011993242346722145 0.012326157611349354
1 0.5364096061043118 0.5273680894271188 0.010906841443932575 0.011516156403914742
1 0.5949766117593517 0.8350203555563221 0.009982523710831352 0.01203255031419837
1 0.3627905431001083 0.08929860332737798 0.008999244026515795 0.00898997161699378
1 0.7231590229531994 0.6535788308019223 0.00947707632313604 0.016752471094546112
1 0.4589480368987373 0.7375739968341329 0.01111367474431577 0.013508838155995245
1 0.33950677125350287 0.8251416164895764 0.010077849678371265 0.009198064389436142
1 0.48573006754336157 0.8637256207673447 0.012640704279360563 0.012064892312754755
1 0.49010102645210596 0.6504070655159331 0.011968861455502718 0.01259774747102157
1 0.4638470566791037 0.8610051403874937 0.012260229691215183 0.009978460228961447
1 0.5090711220451023 0.48626920451288635 0.010769761126974354 0.010498627372409985
1 0.4834098401276961 0.913617590199346 0.010331775831139606 0.010392313418181046
1 0.5289392885954483 0.5846135719962742 0.011260571687117867 0.010797873787257984
1 0.35099314347557387 0.8607639229815938 0.009108807729638142 0.010564555292544157
1 0.5840652714604917 0.8506127440411112 0.008682333904763927 0.009352684020996094
1 0.4172403294107188 0.7378662565480109 0.00998662865680197 0.01011031606922979
1 0.24671770178753394 0.9488557110662046 0.009216391521951427 0.008973619212274965
1 0.4344341651253078 0.9092634657154913 0.011439157568890114 0.01137530285379161
1 0.533259806425675 0.6357402490532916 0.010997440503991169 0.01036077996958857
1 0.4271467872287916 0.09399292261704156 0.008132540661355724 0.008451969727225925
1 0.31992572286854615 0.7968600107275923 0.009036851965862772 0.009356913359268852
1 0.7089181982952617 0.6678833650506061 0.011385627414869226 0.010011030280071755
1 0.5104516900104025 0.8986328373784604 0.009451327116593071 0.009734195211659307
1 0.2818067488463029 0.9721290546914806 0.009433476821235989 0.008975028991699219
1 0.40405657757883484 0.8381049114724864 0.011148312817449156 0.012682458628778872
1 0.37145956702854316 0.1260173165279886 0.009184505628502888 0.008880439011946968
1 0.5212377050648564 0.4678632694741955 0.01086877739947775 0.01383147032364555
1 0.5166858071866244 0.8240361213684082 0.009880957396134087 0.014572682587996773
1 0.13700088729029117 0.8654412186664082 0.009286206701527472 0.00951422815737517
1 0.3652100420516471 0.10528992051663605 0.009101440077242643 0.008416621581367825
1 0.4214903997338337 0.7858353905055833 0.009964196578316067 0.010255150173021399
1 0.41839375703231146 0.10320266951685367 0.008382050887398098 0.008598420930945355
1 0.3704113208729288 0.1951776069143544 0.0107731352681699 0.0104022855344026
1 0.2818585375080938 0.9596699424411941 0.009912055471669073 0.009681369947350544
1 0.3388647605543551 0.8117113942685334 0.010548671950464663 0.01065386896548064
1 0.47258683909540594 0.9204953857090161 0.009441707445227581 0.009365952533224354
1 0.5304220241049061 0.5461227893829347 0.010289358056109886 0.010581990946894106
1 0.1789851136829542 0.9176272723985756 0.010156724763953167 0.010406203891920008
1 0.41688713820084283 0.8068817594776984 0.010035597759744396 0.009732661039932915
1 0.5259144513503365 0.7919315877168074 0.009201526641845703 0.010214556818423063
1 0.5491049600684125 0.6387986514879309 0.012008003566576086 0.011435508728027344
1 0.26958447953929077 0.9610667643339739 0.009099898130997368 0.00865136022153108
1 0.46900643473086157 0.8403292531552522 0.010324851326320484 0.011826971302861753
1 0.3653103061344312 0.8113818168640137 0.01019330646680749 0.009951923204504925
1 0.35976339423138165 0.9874883112700088 0.009670091711956522 0.01006080793297809
1 0.5360093635061512 0.2524485380753227 0.009759716365648352 0.010703169781228771
1 0.1722029499385668 0.8865945857504139 0.009243156598961872 0.009013673533564028
1 0.14951073605081308 0.8412252301755159 0.009136656056279722 0.010194156480872112
1 0.20079070588816766 0.9507926650669263 0.009004198986551037 0.009453027144722317
1 0.4703858520673668 0.4051245139992755 0.01261393920235012 0.012231546899546747
1 0.48291780119356903 0.48160126416579535 0.011800299520077913 0.01275492751080057
1 0.4706009989199431 0.8286398182744565 0.009659393973972486 0.00938316013502038
1 0.5360725236975629 0.6520503085592518 0.01307114310886549 0.014801522959833559
1 0.19647324603536856 0.8737856201503587 0.009388633396314539 0.00861885236657184
1 0.48117187748784607 0.6788136648095171 0.009801325590714165 0.01069479403288468
1 0.43242953134619666 0.25814978972725244 0.009760856628417969 0.010626419730808422
1 0.5910705794458804 0.7102118989695674 0.01135720377383025 0.015616251074749489
1 0.11131849496260932 0.7675637369570525 0.01235205194224482 0.009413511856742527
1 0.7582586537236753 0.6474487677864409 0.009969794231912365 0.010741897251295008
1 0.4612994815992272 0.7621650488480277 0.016850347104279892 0.011319326317828636
1 0.23532184310581372 0.9534145645473313 0.009368378183116083 0.008873856585958729
1 0.48472181610439136 0.4647866694823556 0.011868870776632557 0.013223451116810675
1 0.41860438429790997 0.11463441537774127 0.0085833798284116 0.007476257241290548
1 0.42135593165522034 0.923984962960948 0.009222984313964844 0.009883258653723675
1 0.3766634308773538 0.8194330256918202 0.008715525917384935 0.009623361670452616
1 0.4415499853051227 0.9512914160023562 0.010700018509574558 0.010251335475755774
1 0.5693877054297406 0.6373336107834525 0.015430408975352411 0.014025086941926376
1 0.5095491927603016 0.6286439273668372 0.009879464688508408 0.009882968405018682
1 0.33168627159750974 0.7717595929684846 0.008677440493003181 0.008869710175887398
1 0.10033483090608016 0.7660434557043988 0.008799283400825832 0.010008189989172894
1 0.48052760310794995 0.5164160832114841 0.010821352834286898 0.011846480162247368
1 0.22258474515831989 0.9498924587083899 0.00869887808094854 0.009659725686778193
1 0.3827693047730819 0.8142578083535901 0.008824192959329357 0.009589609892471977
1 0.34235643303912616 0.9891546912815259 0.009763137153957201 0.010519193566363792
1 0.5770498669665792 0.6560794581537662 0.012878894805908203 0.010555350262185802
1 0.46972749544226616 0.8759740203564818 0.013650769772736923 0.013938530631687329
1 0.5274183542832084 0.5694243596947711 0.010605501091998558 0.009598566138226053
1 0.518732091654902 0.8445478314938752 0.009411480115807575 0.008303310560143513
1 0.38479701332424 0.878383201101552 0.009769522625467052 0.009210213370945143
1 0.5402891635894775 0.506033410196719 0.012668257174284561 0.011062352553657864
1 0.23757959448772925 0.9766871410867444 0.009217386660368546 0.009085282035495924
1 0.45479587886644446 0.8709891775380011 0.010351761527683422 0.010758109714673914
1 0.46808337646981946 0.43312421570653503 0.012288456377775772 0.012069712514462679
1 0.46155716025311017 0.9160577525263247 0.009322664012079653 0.01066987410835598
1 0.39317947885264526 0.8349954563638439 0.011257503343665081 0.013198894003163214
1 0.4669091494187064 0.8497427650119949 0.010703646618386974 0.010580809220023777
1 0.34009126994920813 0.8583318254222041 0.008821487426757812 0.009057957193125849
1 0.16469417965930438 0.8732421709143597 0.01044575027797533 0.011045290076214333
1 0.2314053618389627 0.940364526665729 0.009213696355405062 0.009472349415654722
1 0.4367362312648607 0.7220970858698306 0.00965955983037534 0.010571894438370415
1 0.46700943552929425 0.7635795966438625 0.009060102960337763 0.009281780408776325
1 0.5300356512484343 0.5127642051033352 0.01095338489698327 0.011676746865977411
1 0.5499550777932872 0.8130928951760997 0.009910666424295177 0.009825747946034307
1 0.5496389347573986 0.6643713038900624 0.012403446695078974 0.010590055714482847
1 0.516059046206267 0.5360534813093103 0.009231650311013927 0.009380983269732931
1 0.47690943013066833 0.44964733849401056 0.013230614040208899 0.014776530473128609
1 0.5991721775220789 0.6822373970695165 0.009008075879967731 0.011069546575131624
1 0.40145668776138976 0.9116204925205396 0.008919052455736242 0.009730836619501528
1 0.49654705628104834 0.4652235456134962 0.011738030806831692 0.010634349740069847
1 0.5810377908789593 0.6724273225535518 0.010014368140179176 0.010345500448475714
1 0.49964127333267877 0.4803118239278379 0.013259514518406079 0.012108315592226774
1 0.5090161199155061 0.5271193877510403 0.01008630835491678 0.010464004848314367
1 0.482052383215531 0.4164219369059024 0.01156505294468092 0.011668174163154934
1 0.5121009764464005 0.568324607351552 0.012766278308370838 0.013883217521335766
1 0.520773348600968 0.39898791520491883 0.010494729746942934 0.01115206013555112
1 0.4794158520905868 0.5432076039521591 0.012273539667544157 0.011464201885720959
1 0.34026821929475537 0.845109856646994 0.010751353657763939 0.010191627170728601
1 0.5037984329721202 0.5062922809434973 0.009752874789030655 0.012228053549061651
1 0.3993322330972422 0.8925331571827764 0.010112638058869736 0.009031917737877888
1 0.4483408098635466 0.12953517747961957 0.009463662686555283 0.008716811304507048
1 0.5097797020621921 0.5399486914924954 0.009888856307319973 0.012407302856445312
1 0.7661514282226562 0.6406613432842754 0.007548290750254755 0.007717008176057235
1 0.3944328116334003 0.0804875778115314 0.008799796519072159 0.008448051369708517
1 0.4490534533625064 0.9607197512751039 0.0105584600697393 0.00934613269308339
1 0.4801549289537512 0.5565337720124618 0.013753849527110224 0.012394200200619905
1 0.32654657571212103 0.8619730783545453 0.00943335242893385 0.010016938914423403
1 0.43156549204950745 0.928370247716489 0.00971047774605129 0.009451119796089504
1 0.20157783964405887 0.8686509961667268 0.010296178900677223 0.010483327119246773
1 0.227452682412189 0.9580085795858632 0.00866792512976605 0.008681794871454653
1 0.512572195218957 0.5023848077525264 0.009983166404392408 0.01048005145529042
1 0.513671584751295 0.5792369738869045 0.011871006177819294 0.010988587918488876
1 0.5579961590144946 0.679539680480957 0.011149841806162958 0.010726845782736073
1 0.34679623012957367 0.7564620142397673 0.010406095048655634 0.009452322255010191
1 0.42166165165279224 0.8157790225485095 0.013811474261076553 0.01005114679751189
1 0.5210317425105884 0.8819432465926462 0.010145291038181469 0.011296147885529892
1 0.20278974201368247 0.8996849267379099 0.009153822193975035 0.008734951848569124
1 0.5080650993015455 0.4538117336190265 0.01082047172214674 0.00951168848120648
1 0.3858463038568911 0.8646802694901174 0.011364066082498302 0.01132803377897843
1 0.5169388729593029 0.8526008647421132 0.010296365489130434 0.010562025982400646
1 0.5887968436531399 0.6814900481182596 0.012304762135381285 0.00934712783150051
1 0.7711717356806216 0.65309534902158 0.007630887238875679 0.008596627608589504
1 0.48617908228998596 0.4940549498019012 0.009797676749851393 0.009706434996231743
1 0.4666640240213145 0.9316871269889501 0.009948564612347147 0.010657559270444124
1 0.3896036536797234 0.8250856814177139 0.011525024538454802 0.010036966075067934
1 0.43420799918796704 0.8341683719469154 0.008787735648777174 0.01016397061555282
1 0.4101848887360614 0.7810128668080205 0.009717262309530506 0.013601634813391644
1 0.6095640141031017 0.7598025073175845 0.009501871855362602 0.010572889576787535
1 0.51554012298584 0.6975946011750596 0.009098716404127039 0.010212773862092392
1 0.47506450051846705 0.45317419715549634 0.009508433549300484 0.010105589161748472
1 0.4670688380365786 0.8966756696286409 0.011186185090438179 0.012041465095851734
1 0.19601212377133576 0.836658063142196 0.008932238039763077 0.009231982023819633
1 0.4766447025796641 0.4673864064009293 0.011696732562521229 0.014059699099996815
1 0.5150305913842242 0.6370997739874799 0.010481834411621094 0.009969524715257727
1 0.6078863454901654 0.7647160032521123 0.009645855945089588 0.011610155520231827
1 0.4456692830376003 0.103939237801925 0.008024682169375212 0.008714147236036219
1 0.41719697351041046 0.2973870505457339 0.011260478392891262 0.010597705841064453
1 0.16201591302427837 0.8839370923035221 0.009243156598961872 0.009013673533564028
1 0.17441752318080334 0.9003249685593536 0.009243156598961872 0.009013673533564028
1 0.17973249896217125 0.9069687021765825 0.009243156598961872 0.009013673533564028
1 0.19877782884540612 0.8560334111111605 0.009243156598961872 0.009013673533564028
1 0.131011887632966 0.832558885663618 0.009243156598961872 0.009013673533564028
1 0.09912203294475892 0.7554915757037619 0.009243156598961872 0.009013673533564028
1 0.19479159700938034 0.934429467794462 0.009243156598961872 0.009013673533564028
1 0.1908053651733545 0.9428448637096186 0.009243156598961872 0.009013673533564028
1 0.23775431790877055 0.9632189801357874 0.009243156598961872 0.009013673533564028
1 0.24528386693237503 0.9645477268592333 0.009243156598961872 0.009013673533564028
1 0.2974921553667004 0.9568476756006578 0.009610341942828634 0.00953222357708475
1 0.4057094983599627 0.9304731519109168 0.008564697789918111 0.009617396767901515
1 0.45525425844076894 0.9700209783392245 0.0105584600697393 0.00934613269308339
1 0.4404684322155156 0.2554701505016368 0.009760856628417969 0.010626419730808422
