1 0.14164302141770072 0.8462594281072201 0.012040418127308722 0.01306164782980214
1 0.29484394322270935 0.7446437918621562 0.012356467868970789 0.012923116269318954
1 0.34690533254457556 0.7219261915787406 0.011715935624164085 0.013193545134171196
1 0.3985317271688711 0.42958630686220917 0.014366440151048742 0.013976843460746433
1 0.3002638402192489 0.6884873017020847 0.012734288754670517 0.012809255848760191
1 0.15745736205059552 0.8015587433524753 0.011617826378863792 0.013200511103091032
1 0.165339822354524 0.7842704731485118 0.011678944463315218 0.013412517050038214
1 0.18384286631708563 0.7546326803124468 0.013390748397163723 0.012788814047108526
1 0.31092855204706604 0.5002828680950663 0.02344803188158118 0.012610062308933422
1 0.158546084943025 0.8455200609953506 0.011991065481434698 0.012549773506496265
1 0.1453879397848378 0.832366943359375 0.01187965144281802 0.012746976769488792
1 0.3629448996937793 0.343977689743042 0.012384484643521517 0.012831128161886463
1 0.14161177821781323 0.8041586461274521 0.012348164682802946 0.01217124773108441
1 0.293110235877659 0.7088635071464207 0.013551027878471043 0.013396304586659307
1 0.38245385626088024 0.5103578671165134 0.013914564381475035 0.014821985493535582
1 0.13268801440363345 0.7826969312584918 0.011071827100670856 0.01213148365850034
1 0.12456460621045984 0.86001964237379 0.011799480604088825 0.012078741322393003
1 0.2584435421487559 0.5823516223741614 0.011244649472443954 0.011630141216775646
1 0.15620119157044784 0.7178803734157397 0.012715598811273989 0.012330511341924253
1 0.38024797128594445 0.4506604930628901 0.011904229288515837 0.01258954794510551
1 0.3811588909315027 0.34257331101790717 0.01209495378577191 0.012024630670962126
1 0.1739046158997909 0.8194031093431555 0.011653672093930452 0.011878138003141983
1 0.21633717288141663 0.7956359075463335 0.012681567150613537 0.014652376589567764
1 0.15761402897212817 0.5871263794277024 0.012309416480686352 0.01425797006358271
1 0.2082584111586861 0.45554312415744946 0.012447543766187586 0.013909091120180876
1 0.325016473946364 0.8684717261272928 0.012871361297109852 0.015056112538213316
1 0.35394336607145227 0.32687333355779236 0.012374883112700089 0.012416694475256878
1 0.16400426885356073 0.905074409816576 0.011705408925595491 0.011838912963867188
1 0.2560532196708348 0.5989934568819792 0.011998259502908459 0.012422250664752464
1 0.2947309742803159 0.5662346300871477 0.012654967930005945 0.013229950614597485
1 0.3728019050929857 0.5782584833062213 0.012082390163255774 0.012106708858324133
1 0.2987079516701076 0.5870538172514542 0.012956888779349949 0.013313251992930536
1 0.34845032510550134 0.5036423724630604 0.01127658460451209 0.012392831885296364
1 0.3603307812110238 0.4359747741533362 0.01111770194509755 0.011621744736381199
1 0.1717149330222088 0.5343659027763035 0.012285885603531548 0.013581234475840693
1 0.12396543958912724 0.7956186584804368 0.011176047117813774 0.012180535689644192
1 0.36951570407204004 0.32475720831881394 0.012362428333448328 0.012940376349117443
1 0.19105358745740805 0.5126964527627696 0.012806208237357761 0.012870332469110903
1 0.21147482291511868 0.5716547136721403 0.013226363969885784 0.0144506952036982
1 0.10668278777081032 0.8382038448167884 0.01061049751613451 0.011970934660538383
1 0.32266615169203805 0.6578032452127208 0.012723018941671951 0.012094331824261208
1 0.12620006436886994 0.8167286748471467 0.011048275491465693 0.011774311894955843
1 0.34266758742539777 0.7618123552073602 0.011747500170832094 0.012622957644255264
1 0.18690401574839716 0.4539429001186205 0.012140564296556555 0.013464347175929859
1 0.21733364851578418 0.40596184523209283 0.012897947560185972 0.012604713439941406
1 0.4174973031748896 0.23862065439638885 0.011032187420388927 0.012427247088888416
1 0.33048176765441895 0.49127559039903723 0.012757114742113196 0.01326894760131836
1 0.3643617837325386 0.648474589638088 0.011697064275326937 0.012641450633173403
1 0.29678765587184747 0.9544138493745222 0.012055562890094261 0.011481036310610563
1 0.3398981716321863 0.4363754728566046 0.012207736139712126 0.011989717898161514
1 0.3166622804558795 0.5158537989077361 0.013493185457975967 0.013252921726392664
1 0.352067811333615 0.4456098338832026 0.011249814344489056 0.011520043663356617
1 0.39084555791771924 0.3960518370503965 0.012042470600294031 0.012709773105123768
1 0.31071676378664764 0.6290336691814921 0.011569292648978855 0.012535675712253735
1 0.1825767807338549 0.5479367297628651 0.012660731440005095 0.012932404227878735
1 0.29718939117763354 0.6568403762319813 0.01215406086133874 0.012837098992389183
1 0.3226305476349334 0.8419113988461702 0.012342405707939812 0.01409248683763587
1 0.2914447162462317 0.9386937099954357 0.01125310814898947 0.010588770327360733
1 0.3649279617744943 0.6061816837476648 0.012123012024423351 0.012611057447350544
1 0.31793735338293994 0.4579102837521097 0.012902425683063011 0.013357919195423956
1 0.3110707013503365 0.7135464419489321 0.01266336441040039 0.013289451599121094
1 0.24207645913828968 0.39909478892450745 0.013811857804008152 0.015649629675823708
1 0.3549798377182173 0.20690563450688904 0.011940398941869322 0.01215350109597911
1 0.32487412477317057 0.07207537733990214 0.009896969665651735 0.010268522345501442
1 0.40266158010648645 0.1596122461816539 0.011818559273429539 0.011631395505822224
1 0.223734596501226 0.387850530769514 0.0113941068234651 0.010435057723003884
1 0.1426453849543696 0.8169858351997707 0.012234532314798107 0.01194788062054178
1 0.3952565063600955 0.29196283091669495 0.01186352709065313 0.012183189392089844
1 0.27853788500246796 0.38785539243532263 0.01085917846016262 0.012076548908067785
1 0.3680279799129653 0.5371334760085397 0.011525605035864788 0.01199172890704611
1 0.19005780634672742 0.6329763453939686 0.012148670528246008 0.013530855593474014
1 0.1757108076759007 0.5160607047702955 0.011866476224816364 0.013456427532693615
1 0.3504424833733102 0.42071560154790466 0.011737468449965767 0.011455577352772589
1 0.37046492358912597 0.6190085203751273 0.012361241423565407 0.012066136235776155
1 0.15817242083342178 0.6848554818526559 0.012051271355670433 0.013086692146632984
1 0.2597535071165666 0.05872438005779101 0.011140678239905315 0.011898128882698391
1 0.3783954278282497 0.36025190353393555 0.011441479558530062 0.012659860693890114
1 0.41281805867734156 0.3243051009333652 0.011801387952721638 0.013753355845161106
1 0.3082728904226552 0.20230623950128968 0.010790721229884937 0.01051386542942213
1 0.30961153818213427 0.5671522202699081 0.01163650595623514 0.013262354809304943
1 0.16497419191443402 0.9217561431553054 0.012028673420781675 0.012382217075513758
1 0.2549445629119873 0.4853856874548871 0.013131245322849438 0.012829075688901155
1 0.26850167564723804 0.7145662307739257 0.011881455131199047 0.011910562929899796
1 0.2522334637849228 0.33446476770483924 0.01103135813837466 0.012124165244724438
1 0.17073612109474517 0.5568353196848994 0.011536981748498005 0.015084847160007641
1 0.25713262350662897 0.6670413328253706 0.013568981834079907 0.01255331868710725
1 0.24947563461635425 0.38264475698056427 0.012799034947934359 0.013209508812945824
1 0.25630831718444824 0.3968154813932335 0.01294689593107804 0.013456209846164868
1 0.2768825344417406 0.5836396010025687 0.012503188589344854 0.024174980495287025
1 0.17368502720542575 0.5008328893910283 0.01252834693245266 0.012735781462296196
1 0.2092524715091871 0.5069867631663447 0.012696825939676037 0.014107123665187671
1 0.1630473758863366 0.7058825285538382 0.011642310930335003 0.011775721674380095
1 0.2816057412520699 0.30920787479566486 0.010464253632918648 0.011404825293499489
1 0.29694340540015185 0.9772994414619777 0.015143124953560207 0.013642435488493546
1 0.26504150680873706 0.6388075870016346 0.01262658575306768 0.021724203358525814
1 0.3402810174485911 0.6710009989531143 0.011300600093343983 0.01190397013788638
1 0.3191869880842126 0.8264866704526155 0.01107446007106615 0.011480082636294157
1 0.3787902697272923 0.24209939915200937 0.011258840560913086 0.011439136836839758
1 0.4107758895210597 0.306791295175967 0.011862547501273777 0.013279603875201683
1 0.4163431447485219 0.26097246874933655 0.01207931145377781 0.012560699297034222
1 0.20188307762145996 0.5404226365296738 0.013322477755339249 0.013820503069006878
1 0.3023538485817287 0.9148530338121497 0.011423878047777258 0.010806581248407778
1 0.37843201212261035 0.29795123183208966 0.01145780086517334 0.012400067370870838
1 0.2082665692205014 0.7020132437996243 0.011930880339249321 0.013134044149647589
1 0.42705296433490253 0.11116158962249757 0.012688823368238367 0.019536360450412914
1 0.2607395337975543 0.3528971555440322 0.010988981827445652 0.011993260487266209
1 0.4053830115691476 0.24944616400677222 0.012055137883061949 0.012258778447690218
1 0.25820676140163257 0.36666851458342187 0.010694337927776833 0.01082548887833305
1 0.35976779720057617 0.6623750873233962 0.011611425358316173 0.01205749097077743
1 0.23553640946097995 0.6995448444200599 0.01235688250997792 0.012080607206925102
1 0.18446789617123813 0.5277887945589812 0.01200315226679263 0.011694597161334495
1 0.3769983208697776 0.39102956782216614 0.011168936024541441 0.011553614035896633
1 0.2254342721856159 0.15876776239146356 0.011106594749118969 0.011846874071204144
1 0.20153866643490997 0.7569577797599462 0.01268743432086447 0.012903089108674423
1 0.37322133779525757 0.013237159213294153 0.010619075401969578 0.011043830410293911
1 0.2975953661877176 0.8266086993010149 0.013500773388406506 0.01173840398373811
1 0.3364075247360312 0.7823981202167013 0.011711593555367512 0.010865377343219261
1 0.15811256222102954 0.8909921024156654 0.010914356812186863 0.01177203136941661
1 0.2958463482234789 0.20845780165299121 0.010712146759033203 0.011855913245159645
1 0.19933057867962378 0.6873839627141538 0.01260164509648862 0.012429403222125511
1 0.15690413765285327 0.8193606915681257 0.012086681697679602 0.011931543764860733
1 0.3349994680155878 0.6113844228827435 0.012746873109237007 0.012876821600872536
1 0.17335617542266846 0.802024219347083 0.011661042337832243 0.013200594031292458
1 0.21324373328167462 0.4429473669632621 0.011437623397163723 0.011941536613132641
1 0.4167867743450662 0.2225465256234874 0.011273674342943274 0.011107921600341797
1 0.4073779064676036 0.28729237680849823 0.011299050372579823 0.011809431988260021
1 0.21077986385511313 0.6141284030416737 0.01251313997351605 0.011991334998089333
1 0.3515894231588944 0.6759351232777472 0.011270896248195484 0.01261412579080333
1 0.3558923057887865 0.5858981091043224 0.013140222300653872 0.013231028681216032
1 0.20051143480383835 0.8773888297702956 0.011675046837848167 0.012041672416355297
1 0.337195785149284 0.32548177112703736 0.011740508286849312 0.013141888639201288
1 0.271695437638656 0.6043382727581522 0.012475822282874065 0.012804528941278872
1 0.27801396535790485 0.7324513559756072 0.012802517932394276 0.012899564660113792
1 0.3342256131379501 0.45192254107931384 0.012880325317382812 0.013395392376443615
1 0.2386306783427363 0.5046819603961447 0.013827759286631708 0.014102852862814198
1 0.27896992019985034 0.6813612398893938 0.012745463329812756 0.013010025024414062
1 0.2818728737209154 0.9772819436114767 0.012983985569166101 0.013151666392450747
1 0.36686325202817505 0.37865176408187196 0.011628189812535826 0.011356312295664911
1 0.1043670073799465 0.931429966636326 0.011178638624108356 0.011151147925335426
1 0.31944024044534436 0.5539816358815068 0.010386384051779041 0.011699635049571161
1 0.1951979450557543 0.4438520929087763 0.012571728747823963 0.01335467462954314
1 0.3415147014286207 0.30947457189145294 0.012440204620361328 0.01257050555685292
1 0.18845960368280829 0.83500743948895 0.011316879935886547 0.01125547160273013
1 0.2621539675671121 0.0463210201781729 0.010337228360383408 0.010664056176724642
1 0.32127091806867847 0.6109809046206266 0.013278621694316034 0.012629094331160835
1 0.1255089925683063 0.9875787859377654 0.011109476504118546 0.010147550831670347
1 0.35592784181885095 0.25605070072671643 0.011155167351598326 0.012299475462540337
1 0.14669660381648852 0.7410819012185803 0.020541408787602963 0.012924608976944633
1 0.2081562539805537 0.8113251147062883 0.013730629630710766 0.01257763738217561
1 0.32168560021597414 0.5352761227151622 0.01490741385065991 0.013275561125382133
1 0.3925738256910573 0.4136250900185626 0.022670554078143577 0.015313780826071034
1 0.3615954855213995 0.36737645190695056 0.012258197950280231 0.012737357098123302
1 0.3376941680908203 0.5286276547805123 0.012046109075131624 0.012142077736232593
1 0.35992833971977234 0.49740851443746814 0.011327595814414646 0.012241239133088486
1 0.13399658514105756 0.8940574189890985 0.01154011228810186 0.012547410052755604
1 0.3248021920090136 0.5958651252414868 0.012529872033907019 0.012366750965947691
1 0.3680191947066266 0.48338366591412096 0.011963953142580778 0.012038085771643597
1 0.2737464697464652 0.6208631266718325 0.012607242750084919 0.01327440013056216
1 0.35263865797416016 0.2328845728998599 0.011167528836623482 0.011074314946713655
1 0.39205587946850323 0.3826955660529759 0.011939577434373938 0.011701573496279509
1 0.11657063339067543 0.8081476792045261 0.011124165161796238 0.012132561725118885
1 0.1514671107997065 0.9178007789280105 0.012626077817833942 0.013066747914189878
1 0.3415341908517091 0.46470461202704383 0.011346669300742771 0.012232687162316364
1 0.31078946072122327 0.8983108479043712 0.010366481283436651 0.01071378459101138
1 0.2594274437945822 0.7767698246499767 0.011477263077445652 0.011933160864788551
1 0.34205413642136945 0.34154572694197943 0.011973044146662172 0.012588003407353941
1 0.09667968231698743 0.7818428329799485 0.012607190919959026 0.01442581674327021
1 0.28379547077676526 0.44585591813792347 0.010761157326076343 0.011144596597422724
1 0.21732896307240362 0.3246995903875517 0.011738777160644531 0.013477951288223267
1 0.333333855089934 0.5142283232315726 0.012282102004341457 0.013486198757005774
1 0.3710605398468349 0.20995897832124133 0.012394195017607315 0.011754139609958813
1 0.371736132580301 0.49786105363265326 0.013107507125191067 0.012966363326362942
1 0.33322203742421186 0.723422444385031 0.011066272206928417 0.011522085770316746
1 0.28340427771858545 0.7647885032322095 0.01173568808514139 0.011980222619098167
1 0.37171585404354596 0.27819600312606146 0.01195464445197064 0.011994859446649965
1 0.2925903175188147 0.43569582959880004 0.01072226399960725 0.011431538540384045
1 0.18048489612081778 0.6986715897269871 0.011825893236243206 0.02609725620435632
1 0.2328702263210131 0.8065660932789678 0.01309179223102072 0.02299387558646824
1 0.12123388311137326 0.9278094457543413 0.011311064595761507 0.011581711147142492
1 0.11401159348695175 0.8779016992320184 0.01075633712436842 0.012355555658755095
1 0.23000148068303644 0.33570204221684 0.013733635778012484 0.012722588103750477
1 0.22138199598892874 0.12925851345062256 0.010379874187967052 0.01195054468901261
1 0.3074337295863939 0.9408607690230659 0.01132890452509341 0.011488085207731827
1 0.22605725993280829 0.2968893465788468 0.01041686016580333 0.01206733869469684
1 0.39100123488384747 0.24189473235088843 0.010545212289561396 0.011223357656727667
1 0.2165049573649531 0.7656423112620478 0.011529155399488367 0.011055780493694801
1 0.3182013553121816 0.4138475293698518 0.01200103759765625 0.01213600324547809
1 0.18547577443330188 0.5923214166060738 0.01385628658792247 0.014265765314516813
1 0.2891222808672034 0.48466449716816773 0.011266770570174507 0.012512217397275179
1 0.11519634205362073 0.778373096300208 0.012040946794592815 0.011960651563561481
1 0.3705395615619162 0.5668748565342115 0.012076626653256624 0.013724244159200916
1 0.24719350234321927 0.6517284434774646 0.012305632881496265 0.013020432513693104
1 0.24930420129195505 0.22712475320567255 0.010625362396240234 0.011722647625467052
1 0.16187477111816403 0.9533139933710513 0.01189644440360691 0.011560191278872282
1 0.24328855846239172 0.10571926054747208 0.009991355564283289 0.011115727217301079
1 0.4158848990564761 0.18937424991441812 0.01125640454499618 0.013529798258905825
1 0.20806607992752738 0.7398238804029382 0.013069919917894446 0.014266470204228941
1 0.3708481166673743 0.5215197438779084 0.011820419974949047 0.013045684151027515
1 0.3094357614931853 0.09305643517038095 0.010698898978855297 0.010931751002436098
1 0.35278948882351746 0.6912001112233037 0.01134544092675914 0.013105765632961109
1 0.3535382268221482 0.61270518924879 0.013124872808871061 0.020645722098972485
1 0.19018200169438904 0.5726287883260975 0.012972997582477074 0.014239808787470278
1 0.21786836955858313 0.5994648311449133 0.012660897296407948 0.014483078666355297
1 0.14940950144892154 0.8666195247484291 0.01302932656329611 0.013234014096467392
1 0.255031388738881 0.6148725592571757 0.012266718822976818 0.013709524403447691
1 0.3967364611832992 0.36721944808959966 0.011063814163208008 0.011300418687903362
1 0.3155568682629129 0.6716547530630359 0.01228239225304645 0.012298231539518936
1 0.34917195335678436 0.7402279480643894 0.012632486612900444 0.013354923414147419
1 0.2939441826032555 0.6335405888764755 0.011857343756634255 0.015436877375063688
1 0.28420714710069744 0.95425386014192 0.011278836623482082 0.011846210645592731
1 0.1058649498483409 0.851727361264436 0.021599956180738365 0.01226781762164572
1 0.3642532851385033 0.24231382038282312 0.010831267937369968 0.011527683423913044
1 0.2081033043239428 0.8388577336850374 0.01321850652280061 0.024370939835258155
1 0.3109704722528872 0.7787479732347571 0.011215583137843921 0.012061741041100544
1 0.3250665564251982 0.8129898776178774 0.011319513554158419 0.011281179345172386
1 0.38616811192553974 0.3255582374075185 0.011083758395651112 0.0244036342786706
1 0.15456927340963614 0.7380009319471277 0.011658378269361414 0.012089895165484886
1 0.31878012159596314 0.4862261855083963 0.011233350504999575 0.01157590617304263
1 0.27049706293189013 0.3369317158408788 0.011257814324420433 0.011292105135710342
1 0.3009336098380711 0.5249076407888661 0.011544559312903362 0.013301538384479027
1 0.3040476363638173 0.5012470639270284 0.013101183849832287 0.012667593748673149
1 0.32638878796411597 0.3411811642024828 0.0124021898145261 0.01151530638985012
1 0.35955589491388074 0.6296971673550812 0.012930346571880837 0.02113166062728218
1 0.3158938573754352 0.9840179940928583 0.012356426404870075 0.012985146563986073
1 0.297224469806837 0.45330503712529724 0.012647359267525051 0.012623994246773098
1 0.42002259130063263 0.035029696381610374 0.010469478109608526 0.012748925582222317
1 0.4075740472130153 0.23428309482076895 0.010953768439914868 0.010617504949155062
1 0.2192064160886018 0.46977697248044215 0.012890193773352581 0.012859779855479364
1 0.33948916974275006 0.3988567124242368 0.013398336327594261 0.01256555059681768
1 0.11031413596609363 0.7910213677779488 0.011382735293844471 0.0123742559681768
1 0.2277315803196119 0.376634172771288 0.010599053424337635 0.010379262592481531
1 0.27608795787977136 0.5582668677620266 0.010786574819813604 0.012516146120817764
1 0.1882033659064251 0.4818871643232263 0.012509117955746859 0.013807234556778618
1 0.2935767795728601 0.783619155054507 0.01135651961616848 0.012863864069399626
1 0.35032629966735845 0.48352948479030444 0.011000571043595024 0.011951653853706692
1 0.3086015452509341 0.6432478427886963 0.014020671015200407 0.01332712173461914
1 0.2910264782283617 0.6144834497700566 0.011247904404349949 0.012134406877600628
1 0.34322364563527313 0.6980021310889203 0.011116460613582447 0.011422323144000511
1 0.1687215670295384 0.7322941448377526 0.012522624886554222 0.01311704386835513
1 0.28000404523766564 0.9093547489332116 0.010010968083920687 0.011880459992781929
1 0.37996934807818866 0.4273395331009575 0.012575647105341372 0.013105848561162535
1 0.3121757092683211 0.5996067938597306 0.011325504468834919 0.011714417001475458
1 0.336452814547912 0.23587010217749554 0.011950371058090874 0.01140550945116126
1 0.17944683199343475 0.6916886827220088 0.011518830838410751 0.011943278105362602
1 0.2355869438337243 0.8135840996452001 0.01169505326644234 0.012294644894807236
1 0.17174329965010937 0.5836390619692594 0.013097825257674507 0.013415626857591711
1 0.18117455814195715 0.6182275233061418 0.012143611907958984 0.01349801602570907
1 0.35415872283603833 0.4626207662665326 0.011350377746250317 0.012002302252728005
1 0.12533294636270273 0.7633014554562777 0.012372410815695057 0.011371322300123133
1 0.4133256829303244 0.2108298280964727 0.011196281598961872 0.01099414410798446
1 0.32548064317392267 0.4717301700426185 0.011580333761546924 0.011495051176651665
1 0.2948286637015965 0.24471006186112113 0.011753870093304176 0.012198261592699133
1 0.23690245462500528 0.4521775971288266 0.013202978217083473 0.012863304304039997
1 0.32570139998975006 0.56380005504774 0.011038816493490467 0.011567260908043903
1 0.1291067548420118 0.9123727342356807 0.012025739835656208 0.012134344681449558
1 0.25668573379516607 0.44807798966117524 0.01133566317350968 0.011325421540633492
1 0.3121346909066905 0.8688387870788574 0.010423224905262823 0.01118680705194888
1 0.1079366103462551 0.9632283915644108 0.011401383773140285 0.011534400608228601
1 0.3343691249256549 0.6568138184754744 0.010864018098167751 0.011760566545569378
1 0.24269744624262268 0.7826841188513716 0.011395786119543987 0.012756928153659985
1 0.29490546558214276 0.26529708115950873 0.011942718340002972 0.01581797392471977
1 0.17496178979459015 0.7183074329210365 0.011476361233255138 0.012776955314304516
1 0.3512504593185756 0.2676820547684379 0.01106814197871996 0.011743504068125849
1 0.24231492954751718 0.5205143430958623 0.013163628785506538 0.012189989504606827
1 0.40051487476929376 0.3435684623925582 0.021244437798209816 0.013682723045349121
1 0.1574917513391246 0.7631924463355023 0.010937576708586319 0.011915414229683254
1 0.2627695539723272 0.5647941361302915 0.012844168621560802 0.011944045191225798
1 0.29688722154368524 0.6715713791225266 0.012522718180780825 0.011445377183997112
1 0.1817790010701055 0.7761619194694188 0.011919996012812075 0.012908064800760021
1 0.09626261047694992 0.8890586521314539 0.010496305382770042 0.010282350623089333
1 0.3458820523127265 0.06505525889603989 0.01117729233658832 0.010807581569837488
1 0.2672193361365277 0.322491584588652 0.011692834937054176 0.012106441285299219
1 0.3564533798590951 0.40865177434423694 0.01139359888823136 0.010976692904596743
1 0.19675266224405036 0.5526426875072977 0.012645037277885105 0.013199826945429262
1 0.33394987686820654 0.6873486353003461 0.011872125708538551 0.012126134789508324
1 0.277648169061412 0.6614179300225299 0.011449378469715948 0.021998011547586193
1 0.3328063410261403 0.4112781389899876 0.011466155881467073 0.01246096776879352
1 0.2017956609311311 0.47986267442288605 0.011090610338293987 0.01143651423246964
1 0.295989876208098 0.3934156376382578 0.0126995211062224 0.012397475864576258
1 0.190742886584738 0.6506667862767759 0.013038054756496265 0.012988152711287788
1 0.24322475557741913 0.3065262151801068 0.011010398035464079 0.011659518532131031
1 0.19849853930266004 0.46556748514590063 0.011855913245159645 0.01305078423541525
1 0.21506536525228748 0.2963804576707923 0.012291265570599098 0.012753403705099354
1 0.24482391191565472 0.3454794365426768 0.011210151340650476 0.012087096338686735
1 0.3338827021096064 0.034408777952194214 0.010494901434234951 0.010369588499483854
1 0.20972745314888333 0.39198340540346893 0.012179374694824219 0.013055386750594429
1 0.14118284246195917 0.7187881469726562 0.012641274410745373 0.017798796943996265
1 0.31057329799817956 0.37143585474594787 0.011377811431884766 0.014553204826686695
1 0.30518958879553754 0.81039747984513 0.011158321214758831 0.011421618254288383
1 0.3785511125688968 0.546250757963761 0.0128688034803971 0.013337425563646399
1 0.32205619727787765 0.43721499650374696 0.013448895967524986 0.012829448865807575
1 0.30531514209249744 0.8406723478566046 0.01096907905910326 0.0117218598075535
1 0.19874864039213758 0.8121032922164255 0.010875059210735817 0.012004562046216883
1 0.1671437232390694 0.5991287749746571 0.01178599440533182 0.01234993727310844
1 0.402640410091566 0.041874568099560944 0.010060113409291143 0.011328616867894712
1 0.23503220599630606 0.6212556880453358 0.012392997741699219 0.01276260873545771
1 0.1968474180802055 0.7352944042371667 0.012559517570163891 0.01266268025273862
1 0.259546248809151 0.7571685625159223 0.011369601539943531 0.011924246083135191
1 0.3680944701899652 0.1444185920383619 0.010412568631379501 0.010353731072467308
1 0.35919529458750843 0.5203665443088697 0.013523931088654892 0.01500303848930027
1 0.18791373916294257 0.7216490455295728 0.012194944464642067 0.014324105304220448
1 0.35722328009812726 0.021895349673602894 0.010744058567544689 0.011856041524721228
1 0.1306636488955954 0.7511579057444697 0.010313707849253778 0.011300584544306215
1 0.2994844395181407 0.4694674533346425 0.012507397195567255 0.012566939644191578
1 0.18415154581484586 0.8749845753545348 0.012047270069951597 0.012591071750806726
1 0.23156863710154657 0.3495590622010438 0.010726700658383577 0.011079987753992495
1 0.13022422272226084 0.7313069467959197 0.010645669439564581 0.012525060902471128
1 0.24106812477111814 0.325247515802798 0.012191129767376442 0.023125316785729447
1 0.25034407947374426 0.68270612799603 0.011249728824781336 0.012219802193019703
1 0.18442752050316852 0.49840466872505507 0.01149755975474482 0.012517597364342731
1 0.10386879547782567 0.8057102949722954 0.01092448441878609 0.011940665867017664
1 0.4221134185791016 0.11833600375963294 0.010666308195694633 0.010685506074324898
1 0.3041056446407152 0.6136510475822117 0.011281283005424168 0.012747308482294497
1 0.33519793139851606 0.4239747161450593 0.011967712122461071 0.011722015297931175
1 0.34249903715175123 0.2492567767267642 0.011398131432740585 0.011349968288255774
1 0.15988137411034628 0.656636155169943 0.011255948439888332 0.013400368068529211
1 0.34612966361253156 0.6283646251844324 0.011227058327716331 0.012473106384277344
1 0.14013494615969452 0.8837403629137122 0.011547752048658289 0.012013352435568104
1 0.3084502427474312 0.2178119887476382 0.011206502499787704 0.010946584784466286
1 0.3939288388127866 0.22074016280796216 0.010857747948688011 0.010954338571299677
1 0.375281256178151 0.05853334198827329 0.010842769042305325 0.010987986689028532
1 0.2674546449080758 0.2090767362843389 0.01044775092083475 0.010874748229980469
1 0.36814512765925855 0.045169111179268875 0.010564381661622421 0.010935086271037226
1 0.26588547748068103 0.23564852838930878 0.01176054581351902 0.011492356010105297
1 0.19397799865059234 0.7756247313126273 0.01270505656366763 0.013166759325110394
1 0.3860860648362533 0.41036576810090436 0.011213852011639137 0.012384331744650135
1 0.3369583046954611 0.35367167514303455 0.011035214299741 0.011690512947414234
1 0.21293424523395038 0.8745561889980151 0.011588469795558765 0.012434959411621094
1 0.4097976010778676 0.138007666753686 0.010922089866969898 0.012532037237416143
1 0.2314787843953008 0.19937389829884405 0.009848159292469854 0.010740425275719685
1 0.24137536339137866 0.09300544987554135 0.010312702344811481 0.011216992917268173
1 0.22493357243745224 0.7830129499020785 0.011216101439102837 0.012526595074197521
1 0.32969733943109925 0.19000059625376828 0.011278857355532438 0.010804383651069973
1 0.3447060610937035 0.1731845347777657 0.010378013486447542 0.01118835158970045
1 0.20405847093333368 0.5256795675858207 0.012050110360850458 0.012423183607018513
1 0.40613099803095276 0.3415329080560933 0.011324177617612093 0.012410814347474472
1 0.3224986001201298 0.691763566887897 0.012085725431856901 0.014182090759277344
1 0.19647374360457706 0.8932890270067297 0.012574983679729958 0.014308183089546535
1 0.3569689794726994 0.29753173952517303 0.01173944836077483 0.01127369507499363
1 0.26612746197244397 0.507916491964589 0.011885725933572521 0.01215088885763417
1 0.41720464955205505 0.014536268037298447 0.010333517323369566 0.010277792163517162
1 0.25110201213670813 0.24265964134879733 0.01033583931300951 0.01116199078767196
1 0.13680263187574304 0.8605128578517749 0.011590584464695141 0.012420737225076427
1 0.27273446580638055 0.08115003938260285 0.012020297672437586 0.012236564055733059
1 0.22419890113498853 0.44119617213373596 0.010947103085725204 0.011113166809082031
1 0.3692138868829478 0.5524377926536228 0.01178889689238175 0.012312453726063604
1 0.3160304193911345 0.583505049995754 0.013272700102432915 0.012887954711914062
1 0.34219328994336334 0.05017769855001698 0.011179016984027366 0.011418736499288807
1 0.23959696811178458 0.33163321990033856 0.01072792384935462 0.01081235382867896
1 0.3639810188956883 0.08772280423537543 0.010359847027322521 0.010722792666891346
1 0.2594678609267525 0.4664134979248047 0.01532324500705885 0.013082006703252378
1 0.2344844963239587 0.4126150297081989 0.011684438456659731 0.021363631538722828
1 0.265355980914572 0.22030705990998645 0.010942210321841032 0.009950264640476393
1 0.3643847574358401 0.45518709265667456 0.011055371035700258 0.011533405469811481
1 0.30516969639322034 0.4026715237161387 0.012871182483175526 0.011543937351392664
1 0.34819227197895875 0.6569943324379299 0.010993428852247156 0.012054754340130348
1 0.3011205507361371 0.9301718628924825 0.011055365852687671 0.011046658391537874
1 0.25854279683983844 0.5496289211770763 0.012378215789794922 0.01364210377568784
1 0.19832658767700195 0.4937832251839015 0.011327743530273438 0.011873120846955673
1 0.3992725558902906 0.2076430839041005 0.010572101758873981 0.010604464489480724
1 0.360459926335708 0.16027416871941608 0.01030756597933562 0.011209519013114597
1 0.24669326906618866 0.4363399381222932 0.01212453842163086 0.013754098311714504
1 0.17136517296666687 0.6271925490835438 0.011254694150841755 0.011505520862081776
1 0.3570672532786493 0.5660036957782247 0.013873846634574558 0.012700163799783459
1 0.3295915852422299 0.5469964068868886 0.013069111367930536 0.012836539227029552
1 0.32699402518894355 0.2800141210141389 0.010364200757897419 0.012128207994543987
1 0.1445861225542815 0.9359456145245096 0.011988525805266007 0.01284039538839589
1 0.14668798964956534 0.7010734184928562 0.011882667956144913 0.01372590272322945
1 0.3868328384731127 0.06609204281931338 0.010493361431619396 0.010388897812884788
1 0.32826202330381976 0.8867444784744924 0.011677876762721851 0.011593404023543648
1 0.2064536758091139 0.4288269747858462 0.01046964396601138 0.010879226352857508
1 0.2918538528939952 0.8368371880572775 0.010510050732156506 0.011060797649881115
1 0.33754633820575214 0.37844060814898944 0.01162464722343113 0.015259286631708559
1 0.40250162456346594 0.18327229955922003 0.011605262756347656 0.012235600015391474
1 0.3719908050868822 0.30890850398851477 0.011937804844068445 0.012572329977284307
1 0.29120975991953973 0.3376585815263832 0.011093968930451767 0.011898890785549
1 0.2771857303121816 0.4747064580088076 0.010558128356933594 0.01072687688081161
1 0.22767137444537616 0.5409286955128545 0.011857032775878906 0.01341110727061396
1 0.4004918596018915 0.1066741943359375 0.01101547738780146 0.010966591213060461
1 0.27780144110969873 0.5244329079337742 0.01115585410076639 0.011526107788085938
1 0.12189628766930621 0.9617322009542714 0.01085588206415591 0.022905930228855297
1 0.3631416870200116 0.07079242882521256 0.010543232378752335 0.011298091515250828
1 0.3247973844408989 0.7918341885442318 0.01140677993712218 0.012720978778341541
1 0.16166827989661176 0.6131007360375446 0.013164872708527939 0.015100520590077276
1 0.38962390889292176 0.12387141455774722 0.011034131050109863 0.010710415632828423
1 0.09650471936101498 0.8219077898108441 0.010714116303817085 0.010745089987049932
1 0.32872379344442604 0.8975031479545261 0.010655465333358101 0.011479585067085598
1 0.28917507503343665 0.9185342996016793 0.01018797832986583 0.010787010192871094
1 0.3391438839228257 0.3693206128866776 0.011584087558414623 0.011066866957623024
1 0.29608181248540466 0.4199093528415846 0.011361370915951937 0.011272513348123302
1 0.3708020085873811 0.43814433139303455 0.011666505233101223 0.011801968450131624
1 0.3942084234693777 0.07589732304863306 0.009981927664383598 0.010439401087553604
1 0.34737706184387207 0.5407384789508322 0.014196582462476648 0.013373001762058422
1 0.20902319576429285 0.668911477793818 0.0128545968428902 0.012251397837763247
1 0.3085493626801864 0.7964267730712891 0.011690098306407099 0.011702993641728941
1 0.3369162225204965 0.26171493530273443 0.011194801848867664 0.011668412581734035
1 0.4275964239369268 0.06008049975270811 0.010236905968707542 0.011160741681637972
1 0.2691778411035952 0.46514728794927185 0.010265993035357933 0.011757270149562671
1 0.3707393641057221 0.592684154925139 0.012858416723168415 0.013527559197467308
1 0.2439757326374883 0.5797095298767089 0.013142150381337042 0.013346091560695484
1 0.41216468811035156 0.09262106729590375 0.010324229364809782 0.009919912918754246
1 0.316445661627728 0.27040565532186756 0.010923344156016474 0.010664089866306469
1 0.22613856066828192 0.683824808701225 0.011975433515465778 0.012974573218304176
1 0.37622590946114587 0.22792150663292926 0.010656807733618694 0.011556666830311651
1 0.3067782028861668 0.34488951641580334 0.010364781255307405 0.010862350463867188
1 0.3577355444431305 0.3128473447716754 0.012167238670846691 0.011511346568231997
1 0.2882420913032863 0.5381841866866403 0.010957634967306385 0.010300138722295347
1 0.27964062276093854 0.8247061190397844 0.0119976168093474 0.012614042862601902
1 0.31443134598110034 0.19027948379516602 0.01034203819606615 0.010110025820524796
1 0.23346290381058402 0.22875046730041507 0.01081792167995287 0.011219708815864895
1 0.3441604842310367 0.6431440477785857 0.01208191332609757 0.01214073015295941
1 0.23640856535538382 0.5948423095371412 0.013005546901537024 0.013648033142089844
1 0.30781558285588806 0.2501942904099174 0.011766661768374235 0.024660628774891728
1 0.3402066865692968 0.4778032095535941 0.011922009613202967 0.01243753018586532
1 0.2749798401542332 0.4139688325964886 0.009746800298276155 0.009609885837720789
1 0.13838852488476297 0.9482310336569081 0.01149290540943975 0.011496585348378057
1 0.32283671297456906 0.25932937083037005 0.0127602096485055 0.011815133302108101
1 0.2704620257667873 0.43922370931376586 0.011154195536737856 0.011780956517095152
1 0.40281601055808686 0.11826361780581268 0.011717039605845575 0.011718542679496433
1 0.360673857771832 0.18050833888675855 0.012168594028638758 0.02250145829242209
1 0.35329208425853564 0.2828294194262961 0.011859878249790356 0.01099227822345236
1 0.3537576302238133 0.11191700852435567 0.011892691902492359 0.021201486172883408
1 0.29554746461951215 0.3132069836492124 0.01070267221202021 0.010317885357400646
1 0.26941217546877655 0.3955042465873387 0.009599167367686396 0.01112689142641814
1 0.3191217754198157 0.08490217509477035 0.009331288545028023 0.009877510692762293
1 0.30831997290901514 0.5459502365278162 0.011967513872229534 0.013167567875074304
1 0.0987120192983876 0.9133728690769363 0.010623620904010277 0.011110554570737093
1 0.32728495416433917 0.29922784929690155 0.01156470309133115 0.011799915977146313
1 0.12138348040373428 0.7414267996083135 0.010620946469514267 0.010882916657820992
1 0.20053237417469855 0.402210981949516 0.011371280836022419 0.012106024700662365
1 0.24098383862039316 0.35857416235882306 0.010292882504670517 0.011805327042289402
1 0.33437037079230597 0.15655698465264364 0.010294844274935515 0.010462211525958519
1 0.3881590392278589 0.05032074710597163 0.010916155317555304 0.012208477310512379
1 0.14740249903305716 0.9017344350400178 0.011460293894228727 0.012162830518639606
1 0.3184861929520317 0.735522809235946 0.01254409292469854 0.011369705200195312
1 0.33171749309353205 0.02179487632668537 0.01172198808711508 0.01044382738030475
1 0.13434965195863144 0.7063470094100289 0.011342224867447563 0.012792006782863453
1 0.07725831736689029 0.8661642489225967 0.01184485269629437 0.013309229975161345
1 0.16759286237799603 0.5691993651182755 0.012804684431656548 0.011861614559007727
1 0.385361215342646 0.37771906541741407 0.01781737286111583 0.014616914417432703
1 0.23288718513820483 0.17433368641397226 0.010590802068295687 0.011069774627685547
1 0.14487090318099313 0.7885314277980637 0.01111733395120372 0.012236719546110733
1 0.31741861675096594 0.8522401685300081 0.010665603305982508 0.01160567739735479
1 0.34841864394104993 0.35708155580188916 0.012352930462878685 0.012544170669887379
1 0.19301290097443954 0.7986460146696672 0.011454623678456182 0.016580996306046196
1 0.35211990190588904 0.14405251067617666 0.0108297700467317 0.01085328019183615
1 0.19555781198584515 0.6070998233297596 0.012634381004001782 0.013184754744819973
1 0.2662139249884564 0.09837054169696309 0.010209353073783543 0.011157429736593494
1 0.2829438188801641 0.929478520932405 0.011219128318454907 0.011485721753991169
1 0.1783937993256942 0.9035260573677395 0.01248658221700917 0.013442661451256794
1 0.34041661931120826 0.5876567052758258 0.012194008930869724 0.015222922615382984
1 0.0900817694871322 0.9709784880928372 0.012145882067473038 0.011712032815684443
1 0.28668730155281397 0.49901323214821197 0.011675316354502802 0.011842903883560844
1 0.2945486047993536 0.299682150716367 0.010506028714387314 0.011033659395964249
1 0.37072770491890283 0.26309634291607403 0.011437042899753735 0.01049873103266177
1 0.23801971518475074 0.7673972171285877 0.012090143950089165 0.011741057686183765
1 0.2252529807712721 0.42737330042797594 0.010279862777046535 0.011686418367468792
1 0.27823529036148736 0.5778140814408012 0.011929553488026495 0.011596887008003567
1 0.2382319802823274 0.07101266798765762 0.010869005452031675 0.011883797852889351
1 0.2099291345347529 0.4917259371798972 0.012866725092348845 0.013795904491258703
1 0.2845263066499129 0.3482060134410858 0.010866952979046364 0.011444073656330938
1 0.3983378280764041 0.13241979868515677 0.010601525721342667 0.011545979458352795
1 0.3505870557349661 0.2201145835544752 0.011889289254727571 0.012110336967136547
1 0.35783284772997315 0.05518737824066825 0.010969615500906239 0.011021598525669262
1 0.2364734981371009 0.5529041290283202 0.013396843619968579 0.012709907863451086
1 0.1842861071876858 0.677490524623705 0.011321751967720364 0.012848066247027855
1 0.09251453047213345 0.8334083971769914 0.011253180711165718 0.01129225026006284
1 0.23562290357506793 0.4731323200723399 0.013081592062245245 0.013883217521335766
1 0.1679162771805473 0.7544380892877993 0.011641170667565388 0.012473852738090183
1 0.251028993855352 0.6985876663871433 0.010519276494565218 0.01137219304623811
1 0.30932675237241 0.42571090097012726 0.011912511742633324 0.011855363845825195
1 0.24358867562335468 0.20976570378179138 0.010525205860967222 0.009838601817255434
1 0.406140368917714 0.3655164760092031 0.012725747149923573 0.012435954550038214
1 0.22811320553655207 0.09166454750558606 0.01081941438757855 0.010707450949627419
1 0.3925625526386758 0.27561992147694464 0.024224981017734692 0.01209822944972826
1 0.38780252311540686 0.16600173452626102 0.011360862980718199 0.011198790177055027
1 0.22170569585717242 0.7558441369429879 0.0115772122922151 0.011730898981509
1 0.3258961698283319 0.390748495640962 0.011061854984449304 0.011439147202864937
1 0.2653870064279307 0.13527185502259628 0.009529507678488026 0.009528543638146442
1 0.38005269610363507 0.13217104517895245 0.010914336080136507 0.01109686105147652
1 0.2742918677951979 0.49765072179877246 0.010651671368142834 0.010824296785437542
1 0.34535044172535767 0.023832030270410618 0.010653848233430283 0.010165863710901012
1 0.2431442219278087 0.7347293936687967 0.012242856233016304 0.013091128805409307
1 0.35867190620173584 0.3974977939025216 0.012834025465923805 0.022013363630875298
1 0.32790148776510486 0.6346940890602444 0.011997513149095617 0.013916533926258917
1 0.27018525289452594 0.7647083531255308 0.011292478312616762 0.011485638825789742
1 0.20375789766726288 0.5880931356678838 0.012818854788075323 0.012585432633109715
1 0.30882974292920984 0.7455197624538255 0.010240927986476734 0.011340680329695992
1 0.23818451425303583 0.028955983078998066 0.010676093723462976 0.010259452073470406
1 0.3792147014452064 0.476964577384617 0.012230997500212296 0.012906779413637907
1 0.3510228848975638 0.12146974128225577 0.010985496251479439 0.010985488476960556
1 0.10288818504499352 0.8654720057611881 0.010775037433790125 0.011240668918775476
1 0.1590692012206368 0.6697009957355001 0.011084525481514309 0.01159303084663723
1 0.2642456344936205 0.6549732477768606 0.011705937592879585 0.013048400049624235
1 0.24203269377998685 0.2524468069491179 0.00979850603186566 0.009864537612251614
1 0.3429852387179499 0.13185638448466425 0.010704335959061333 0.01072407805401346
1 0.26032059088997217 0.2921326367751412 0.011483876601509426 0.012007277944813604
1 0.08345129178917927 0.8813878764276919 0.01183256895645805 0.011899201766304348
1 0.3655519006044968 0.42493104934692383 0.012179677901060684 0.011532203010890796
1 0.38204255311385443 0.11077505090962285 0.012151054714037024 0.016775784285172173
1 0.21834908361020294 0.04068506152733513 0.011444174725076427 0.010942803776782493
1 0.2180927940036939 0.7252360841502313 0.011371405228324558 0.011719123176906421
1 0.32495551523954974 0.36194984290910803 0.011006376017694887 0.011394925739454187
1 0.23545693314593774 0.4075350139452063 0.010939950528352158 0.011148618615191917
1 0.2640333693960439 0.5268123771833337 0.012138055718463402 0.01322416637254798
1 0.3465034164812255 0.18845803841300632 0.011403885872467705 0.011838684911313265
1 0.33580496000206994 0.7476716870846956 0.011747194373089333 0.011099069014839504
1 0.2974021642104439 0.7276633511418882 0.012909453848133917 0.013958184615425442
1 0.12260586282481319 0.834861589514691 0.021177250406016476 0.01348387676736583
1 0.24924803816753882 0.6258220983588177 0.011462812838347061 0.012183251588240913
1 0.3950554391612177 0.1489648197008216 0.010707108870796535 0.012191938317340355
1 0.07613177662310393 0.9347397140834643 0.010615727175836977 0.011498617089313011
1 0.13019259597944177 0.9785105871117632 0.010608787121980087 0.010828723078188688
1 0.22873986285665762 0.7488045485123344 0.01669261766516644 0.016935348510742188
1 0.34881891115852026 0.039926373440286385 0.011045554409856382 0.010991956876671833
1 0.12087394361910611 0.8470115039659583 0.010955779448799465 0.012291244838548742
1 0.3286469086356785 0.7650232729704483 0.011479294818380604 0.023379616115404213
1 0.3194303927214249 0.4001995791559634 0.010819974152938179 0.011215583137843921
1 0.09388868705086086 0.81039457735808 0.009844883628513502 0.01055543319038723
1 0.28816115337869397 0.2793546966884447 0.01267731708029042 0.01280287037725034
1 0.34641065804854676 0.517405427020529 0.01157385370005732 0.01317496921705163
1 0.24462253114451532 0.6359665290169094 0.01117148606673531 0.011506826981254246
1 0.3755847785783851 0.4660283016121906 0.01088020075922427 0.012345365856004797
1 0.25140861842943274 0.4198215733403745 0.011032933774201767 0.010610995085343071
1 0.13953810671101446 0.7584186014921768 0.010205175565636677 0.011628482652747112
1 0.1451839415923409 0.7709736202074133 0.011453555977862816 0.011302616285241169
1 0.2287150984225066 0.3648664847664211 0.01112707801487135 0.012092880580736242
1 0.31352078396341077 0.4697730230248493 0.01124771781589674 0.011991625246794327
1 0.32780322367730347 0.24849681232286536 0.01185140531996022 0.011314993319304092
1 0.2851820510366689 0.36314616514288856 0.010611845099407692 0.010922545972077743
1 0.2468749647555144 0.3683138813661493 0.011212452598240063 0.011676645797231922
1 0.2743763716324516 0.7486936942390774 0.011668329653532608 0.012077538863472317
1 0.21925998770672345 0.6443125579668129 0.012612964795983356 0.013018877609916355
1 0.22558504602183468 0.5288985708485479 0.012134095896845278 0.013087811677352242
1 0.24154495156329614 0.12122155272442361 0.01040512582530146 0.010356260382610817
1 0.15657419743745224 0.9393536318903385 0.010548695274021313 0.012504287388013758
1 0.2806227829145349 0.6977246325948964 0.01828556475432023 0.016733584196671196
1 0.2659215201502261 0.701527802840523 0.010897408361020296 0.011424769525942595
1 0.1752020535261735 0.860476245050845 0.011247935502425484 0.01292742853579314
1 0.2392506495766018 0.15810264711794647 0.01046821345453677 0.011302719945492952
1 0.2238524063773777 0.10379203506138014 0.01062787097433339 0.011418301126231318
1 0.3720891061036483 0.4065558651219244 0.011054225589918054 0.012424769608870796
1 0.10286287121150804 0.8793434889420219 0.010650748791901962 0.010680240133534307
1 0.2805123536483101 0.781071020209271 0.011016762774923573 0.011132074439007301
1 0.22471067179804266 0.07245247260383937 0.009819611259128736 0.01171023949332859
1 0.10037180133487868 0.9472081764884617 0.011559724807739258 0.010518405748450237
1 0.20431449102318805 0.7937025194582732 0.01098551957503609 0.012743037679921026
1 0.26265660576198413 0.7308698737103007 0.010917207469110903 0.012034955232039742
1 0.16669316395469333 0.8733629973038383 0.01182264867036239 0.01084335990574049
1 0.3739932930987815 0.07311115316722704 0.010111383769823156 0.010997963988262673
1 0.3044524918431821 0.7642843412316362 0.010529082754383917 0.010434192159901495
1 0.2805644532908564 0.45893893552863074 0.010924214902131454 0.010841670243636421
1 0.36648987946302997 0.12340819835662843 0.010896169621011486 0.010659580645353897
1 0.221090669217317 0.5119121800298276 0.012000954669454823 0.014049612957498302
1 0.2612157386282216 0.24951575113379437 0.010044284488843836 0.010165815768034561
1 0.1841413456460704 0.8489216099614681 0.01074355581532354 0.011345987734587296
1 0.2844335825546928 0.32466200123662536 0.011316693347433338 0.012321513632069464
1 0.38969766057055927 0.2580504935720693 0.010412952174311098 0.010661519092062244
1 0.2552166399748429 0.07860698648121046 0.010729872662088146 0.011836896771970003
1 0.21027623052182406 0.02614298074141793 0.010429050611413044 0.010686972866887632
1 0.12875076998835022 0.8796628869098165 0.010956038599428923 0.011520551598590355
1 0.3484303264514259 0.07951197935187299 0.010353287924890932 0.010390063990717348
1 0.37305778783300647 0.19420426824818485 0.012108693952145784 0.010785517485245415
1 0.33739194403523987 0.7141174440798552 0.013153423433718473 0.021144079125445824
1 0.20831045897110648 0.4181118166964988 0.010088671808657438 0.011650448260099991
1 0.26311033705006476 0.11416917261870012 0.009925697160803753 0.00998793477597444
1 0.3612584082976632 0.1881062777146049 0.011226394902104917 0.011175134907598082
1 0.23197116022524628 0.25225191530974017 0.009649774302606997 0.010145684947138247
1 0.33968497229659034 0.27348020802373474 0.011121104592862337 0.010666764300802479
1 0.31961377807285474 0.3275914639234543 0.01072649333788001 0.011891371530035267
1 0.08268373427183731 0.9193247090215269 0.010918586150459621 0.01107390030570652
1 0.3217440364153489 0.2276819788891336 0.01198301885439002 0.010870373767355213
1 0.3739479702451955 0.026270500991655434 0.010994377343550972 0.010410314020903214
1 0.3039739857549253 0.22974000806393832 0.011166448178498642 0.012250630751900051
1 0.28686893504598865 0.8982413955356763 0.010132851807967476 0.010926412499469261
1 0.10776548281959865 0.9745606754137123 0.01111429670582647 0.010607802349588146
1 0.16412916390792184 0.8619716478430708 0.011087790779445484 0.011860308439835258
1 0.2988531278527301 0.9006783236627993 0.010929024737814198 0.011741596719493036
1 0.35646669372268347 0.6240946831910505 0.011117320993672247 0.011291483174199644
1 0.1590953080550484 0.631496875182442 0.010977288951044497 0.011179156925367273
1 0.34666819676108984 0.5585551572882611 0.011754440224688988 0.0116771822390349
1 0.3166474155757738 0.13733133544092596 0.010826338892397673 0.01024614209714143
1 0.28357227988865064 0.4264008221418961 0.010689735412597656 0.011368741159853727
1 0.27820147638735565 0.37349906434183533 0.011175943457561989 0.010252657143966011
1 0.2778043746948242 0.5094440501669179 0.011281842770783798 0.011047943778659985
1 0.387754385885985 0.20396769565084708 0.011062347370645275 0.010662534962529722
1 0.3352012274705845 0.2891904063846754 0.010730931940286056 0.01101429566093113
1 0.19193974785182788 0.8550242963044539 0.010323814723802649 0.010936737060546875
1 0.2852191406747569 0.5480556902678116 0.010657953179400902 0.011608206707498302
1 0.29263924515765644 0.9648672601451045 0.010670143625010614 0.010434192159901495
1 0.07485556084176768 0.9058638655621074 0.010208834772524626 0.010423535886018173
1 0.10900483442389447 0.8209354151850161 0.011020608570264734 0.010592253311820652
1 0.17785513919332754 0.5641870291336722 0.010131006655485733 0.01122346131697945
1 0.24944947076880414 0.0472577110580776 0.010382714478865913 0.010297365810560144
1 0.286951147991678 0.850848384525465 0.010823954706606657 0.01103985827902089
1 0.41548585373422375 0.10669091991756273 0.010088993155437966 0.010890535686327063
1 0.1714121984398883 0.8425362421118695 0.010623102602751358 0.01207745593527089
1 0.3024726743283479 0.3585745562677798 0.02321185236391814 0.012303518212359886
1 0.3215985936315163 0.7483516154081924 0.011469761314599411 0.011242037234099014
1 0.2949110528697138 0.5531556087991466 0.010988069617229958 0.011135433031165081
1 0.32162937619116 0.15181412385857623 0.013564103971356932 0.010343562001767366
1 0.1295081377029419 0.9389343883680261 0.010444216106248938 0.011039194853409477
1 0.29382216412088147 0.3715881679369055 0.010445594787597656 0.01104636814283288
1 0.28871087405992585 0.40917469107586407 0.010479284369427223 0.010754502337911854
1 0.33834172461343853 0.565242746601934 0.011662755323492962 0.013124092765476391
1 0.23233165948287302 0.21635445304538892 0.010178959887960682 0.011017757913340693
1 0.33717162971911224 0.12182901734891144 0.0110895996508391 0.010614343311475672
1 0.3066222667694091 0.4393064198286637 0.012527610944664997 0.012977672659832497
1 0.13461087061011273 0.9608091686082922 0.011194208393926207 0.011265132738196331
1 0.2713459367337434 0.020978948344355045 0.011233682217805283 0.011569748754086702
1 0.22047350717627484 0.21159214558808703 0.011113021684729534 0.012098416038181469
1 0.33414297518522845 0.5786495830701746 0.013994216918945312 0.01394126726233441
1 0.11773957376894745 0.7534499168395996 0.010004458220108696 0.010410516158394192
1 0.2382796639981477 0.2412412270255711 0.009998591049857761 0.010901616967242699
1 0.3027058166006337 0.38196096731268847 0.010304927825927734 0.011025003764940344
1 0.3865669421527697 0.33247711347497033 0.012245577314625616 0.012142305788786514
1 0.0921984781389651 0.8654442455457605 0.011865030164303987 0.011938551197881285
1 0.4095625410909238 0.27264615763788635 0.010561518047166906 0.011459557906441067
1 0.11948241876519244 0.8899421691894531 0.011223243630450706 0.011944231779679008
1 0.24958890417347784 0.8870457980943763 0.014360179071841032 0.01647323110829229
1 0.3306925063547881 0.13961798211802606 0.010347381882045582 0.011149572289508324
1 0.3239238113164902 0.31431563004203467 0.011281667844108913 0.012100592903468921
1 0.25569183930106787 0.0899522822836171 0.010864050491996433 0.010571189548658289
1 0.2337422578231148 0.1864514972852624 0.01022575212561566 0.01101021144701087
1 0.26342952769735584 0.4273495363152545 0.010516104490860649 0.009399766507356064
1 0.2889949964440387 0.6023547649383545 0.011312692061714504 0.012105506399403448
1 0.22208449114923895 0.8306195217630138 0.012392106263533882 0.011932290118673573
1 0.08844226339588993 0.9073463315549105 0.011136759882387907 0.010808654453443445
1 0.33858945706616284 0.2106463598168415 0.011282374029574186 0.01173388439676036
1 0.16737689142641815 0.832730894503386 0.010858929675558338 0.012117427328358526
1 0.2850564977397089 0.8839264330656631 0.010037608768628992 0.010064415309740149
1 0.3630377442940421 0.13344367690708325 0.0110203857007234 0.012065203293510105
1 0.24998574671537976 0.808861670286759 0.010866766390593155 0.012215448462444801
1 0.3110669177511464 0.12574330101842468 0.010239310886548914 0.010960112447324007
1 0.36319490360177087 0.03852599081785782 0.013959122740704079 0.016277054081792416
1 0.3034794745237931 0.27875952098680584 0.01083230972290039 0.011360334313434105
1 0.20642720098080844 0.6533500629922618 0.013230821360712465 0.014382279437521229
1 0.12054465128027875 0.941159082495648 0.011227379674496859 0.010836393936820652
1 0.272806976152503 0.361794105042582 0.011674134627632473 0.011736815390379532
1 0.2644806841145391 0.18301791730134384 0.009079083152439283 0.010374027749766474
1 0.2517012202221414 0.8305142029472019 0.011858338895051376 0.012286393538765285
1 0.38280539149823395 0.1458911481110946 0.010593450587728748 0.010715691939644192
1 0.32991789346155914 0.6428728207297948 0.011420387288798456 0.010320062222688095
1 0.40150336338126136 0.3279903991066891 0.011361148046410603 0.014298463645188705
1 0.2654075311577838 0.15304433262866476 0.010942355446193531 0.011843961218129034
1 0.3326984637457391 0.22322595637777579 0.01057777067889338 0.010475137959355894
1 0.25533245957416034 0.7424947489862856 0.011494823124097742 0.012120288351307745
1 0.3239214582287747 0.7096352162568464 0.010568920684897381 0.02202925474747368
1 0.15043149823727814 0.7533521237580674 0.011216785596764606 0.011673056561013927
1 0.385458477165388 0.09461699879687765 0.011721263761105745 0.019023636113042416
1 0.25927106193874194 0.6880411479784094 0.010419472404148266 0.011049602342688519
1 0.40439534187316895 0.22059524577596915 0.012090952500053074 0.01035767016203507
1 0.23313372031502103 0.05199308758196622 0.009745452715002972 0.010302611019300379
1 0.2641781931338103 0.8058372580486796 0.011388115260912024 0.012304637743079144
1 0.3738750452580659 0.2535378621972125 0.011191217795662258 0.012612674547278362
1 0.22685248955436374 0.11837665412736975 0.010261266127876614 0.010557765546052353
1 0.19551452346470044 0.6694749749225117 0.012053842129914658 0.012447274249532948
1 0.2806949822799019 0.645043538964313 0.011151313781738281 0.010738041089928669
1 0.3086968297543733 0.15347651813341223 0.01008581078570822 0.012343468873397163
1 0.33900779550490173 0.012540728177713312 0.010869973379632702 0.009633721864741781
1 0.2722250067669412 0.7931986269743545 0.011158943176269531 0.012559476106063179
1 0.3237811333459357 0.3743423819541931 0.011318073324535206 0.011010289192199707
1 0.32470729687939515 0.17821893484696097 0.008110245932703432 0.00996504659238069
1 0.33142014592885966 0.16980493586996329 0.010074752180472664 0.010662970335587212
1 0.38818311172982933 0.0370245433372 0.011210534883582073 0.011740148067474365
1 0.10996834091518236 0.9876929366070292 0.01306295394897461 0.010359929955523949
1 0.22883876510288406 0.31494634047798487 0.01125540940657906 0.011409096095872961
1 0.2609167306319527 0.25815448553665826 0.01026904064676036 0.015150132386580757
1 0.31800017149552057 0.8045106348784072 0.01002577076787534 0.011623506960661514
1 0.37737952885420434 0.15564903487329895 0.010015544684036919 0.010582084241120712
1 0.39780024082764337 0.017059679264607636 0.010083162266275158 0.010187137386073237
1 0.3046375564906908 0.17991514827894126 0.010146638621454653 0.011525423630424168
1 0.20077584100806195 0.8642710188160772 0.010663882545802906 0.010681525520656421
1 0.3365036054797794 0.10523790380229121 0.011040928571120552 0.010099400644717009
1 0.3258915323278178 0.09807522918867029 0.01063441452772721 0.010036520335985266
1 0.17097312471140985 0.6084867664005446 0.011017364004383917 0.010973370593527088
1 0.38525685797566955 0.01187485132528388 0.009653905163640562 0.009116044510965761
1 0.270880533301312 0.5426174765047819 0.010944822560185972 0.01126780717269234
1 0.22158875672713574 0.8450673144796619 0.009837648142939028 0.010810022768766983
1 0.19400386188341226 0.8258576185806937 0.013837544814400051 0.016829532125721806
1 0.32496256413667096 0.21522089709406317 0.01054687085358993 0.011071308799411938
1 0.21851077287093454 0.7127567166867462 0.01208334383757218 0.01134329256804093
1 0.2898729365804921 0.517173891482146 0.0109564325083857 0.011745784593665081
1 0.31565873519234033 0.2871826938960863 0.011311821315599524 0.01128845629484757
1 0.340415825014529 0.19964891931285028 0.011288508124973461 0.01118921196979025
1 0.3007166385650635 0.32733950278033375 0.009999213011368462 0.010814415371936302
1 0.22891887374546216 0.14093106207640274 0.011648945186449133 0.012062850205794624
1 0.4200540677360866 0.07081793183865755 0.00996540940326193 0.009697530580603558
1 0.2548650969629702 0.18185418585072394 0.009625953176747198 0.01015236066735309
1 0.25178629419077997 0.2766277686409328 0.010781536931576937 0.011690886124320652
1 0.2068864573603091 0.01209348861290061 0.01062675144361413 0.010746905985085861
1 0.39386331257612817 0.1951070557469907 0.01145029586294423 0.012125118919040844
1 0.177457042362379 0.9418807444365127 0.011396408081054688 0.012369280276091202
1 0.14159139342930005 0.9696235656738281 0.011131576869798742 0.012112658956776495
1 0.41259171133456024 0.0458712927673174 0.010732122089551844 0.01049740677294524
1 0.10461840422257135 0.9000141931616742 0.010726721390433933 0.010789083397906761
1 0.28053647538890014 0.6330431647922683 0.011791125587795093 0.011801097704016644
1 0.36483390694079193 0.468621621961179 0.011583758437115212 0.01284932053607443
1 0.3672071811945542 0.09974368240522301 0.011006922825523045 0.01081990159076193
1 0.2427845519521962 0.14238326964171036 0.009412827699080757 0.01101882561393406
1 0.37483002569364465 0.41627234479655384 0.011107460312221363 0.011285232461017113
1 0.12389159202575684 0.9671671701514203 0.010359121405560036 0.010611451190450916
1 0.30635255316029425 0.481700467026752 0.01183982517408288 0.013170211211494778
1 0.3080802274786908 0.33366449468809634 0.010528460792873218 0.012053956804068192
1 0.16627428324326224 0.9373893945113473 0.011072148447451384 0.012606620788574219
1 0.31289034304411517 0.3827961761018504 0.00952973573104195 0.009563088417053223
1 0.17019225203472632 0.8893193576646887 0.010852585668149202 0.011813661326532778
1 0.3833263542341149 0.180566756621651 0.011404680169146995 0.011120734007462212
1 0.09133239932682204 0.9596946965093198 0.011136915372765583 0.010667800903320312
1 0.23278620968694275 0.03790154793988103 0.009518312371295431 0.010301245295483132
1 0.3118316297945769 0.3916989072509434 0.010942521302596382 0.011202299076577892
1 0.2530339593472688 0.01625434017699698 0.01202535629272461 0.010496127864588862
1 0.2128386186516803 0.7783573814060378 0.011465342148490574 0.011683422586192255
1 0.3646507885145105 0.2215257312940514 0.010756492614746094 0.011543066605277683
1 0.2782454594321873 0.40389467322308087 0.010116597880487856 0.01037871319314708
1 0.2815053152001422 0.2980152109394903 0.012785372526749321 0.012364491172458813
1 0.2971568418585736 0.19500727238862411 0.01055603441984757 0.01123140169226605
1 0.2688214053278384 0.4879866423814193 0.010339280833368715 0.011337622352268383
1 0.40342322639797046 0.30897178857222846 0.014505966849949047 0.011700858240542204
1 0.3052993235380753 0.8552890653195588 0.010849538056746773 0.0110772588978643
1 0.3397606352101202 0.09037183937819107 0.010015653527301292 0.009699049203292183
1 0.2165757365848707 0.0604815327602884 0.009612187095310377 0.01502891208814538
1 0.4071215080178302 0.05803954082986583 0.009797438331272291 0.00990494437839674
1 0.26411063774772314 0.1687400703844817 0.010816968005636463 0.011532773142275602
1 0.34756259037100745 0.09721160971600075 0.010081814683001976 0.01039254147073497
1 0.20104094173597253 0.8491561723792035 0.010659280030623726 0.00987732928732167
1 0.2280233735623567 0.8798505741616955 0.011704216832699984 0.01160567739735479
1 0.3852823661721271 0.23140967410543692 0.010591900866964588 0.011480207028596298
1 0.07555695979491524 0.896339686020561 0.010326680929764458 0.01063085638958475
1 0.36122396458750183 0.38875220651211945 0.011940588121828825 0.012273674425871475
1 0.35170930364857544 0.16473675810772442 0.010247634804767113 0.010527838831362516
1 0.25458240509033203 0.10626878427422563 0.010344215061353601 0.009932673495748768
1 0.24731348908465844 0.1720294330431068 0.010412236918573793 0.010593621627144192
1 0.21184228814166528 0.8580692954685376 0.010655568993609886 0.010955230049465015
1 0.23501991189044452 0.8433925587198009 0.01146797511888587 0.012602806091308594
1 0.3066365822501805 0.3003788409025773 0.01068679146144701 0.010775027067764946
1 0.4017920234928961 0.2651042419931163 0.010578725648962933 0.011648945186449133
1 0.22165574198183807 0.02543139716853266 0.009297951408054518 0.009293623592542566
1 0.25115882832071057 0.26520476133927057 0.010006842405899712 0.009771803151006285
1 0.3975211744723112 0.09595026140627655 0.010594720425813095 0.015553743942924168
1 0.3279693126678466 0.05850060348925383 0.010170998780623726 0.01335840121559475
1 0.16239292206971545 0.9873213975325875 0.015365424363509468 0.015070127404254417
1 0.21413390532783844 0.07596813595813252 0.009968342988387398 0.011294510053551716
1 0.3163423227227252 0.7643543948297915 0.010426998138427734 0.010330573372218921
1 0.3318247254128041 0.050968745480413025 0.009970407771027607 0.011454343795776367
1 0.25792803971663764 0.3180180528889532 0.010300387506899626 0.011587453925091286
1 0.16145368244337 0.6407550417858622 0.01047714896824049 0.010980999988058338
1 0.3893542211988698 0.3069512222124183 0.012145109798597254 0.011293266130530315
1 0.34649540678314544 0.2919443586598272 0.0118879364884418 0.011792597563370415
1 0.08801392109497735 0.9319787232772163 0.01109213932700779 0.010739616725755774
1 0.22102959259696628 0.6215924802033796 0.011638765749724014 0.01589526300844939
1 0.2556611351344896 0.3031599106995956 0.010818274124808933 0.01118338626364003
1 0.3364120151685632 0.07528371914573338 0.009669345358143682 0.010557568591573963
1 0.3920095977575883 0.3569504281748896 0.011361521223317022 0.013780759728473167
1 0.24912305500196374 0.29031137798143464 0.010585328807001528 0.01142957936162534
1 0.29241406399270764 0.8675251836362091 0.011957749076511547 0.011439447817595108
1 0.3233793471818385 0.20301647808240805 0.012955119428427322 0.010713846787162449
1 0.08732297368671584 0.8948006422623344 0.010536043540291164 0.011610196984332542
1 0.25789707639943005 0.43485190557396924 0.010629384414009426 0.01176757397858993
1 0.17288466640140698 0.6481635155885117 0.012603853059851605 0.015020722928254501
1 0.388840245163959 0.02854573856229367 0.01001050161278766 0.010766451773436173
1 0.4134974997976552 0.07919996199400528 0.010003939918849781 0.009930216747781506
1 0.3658879062403803 0.11287871132726254 0.010771761769833773 0.012814718744029169
1 0.11175756869108781 0.8498348775117295 0.01143105133720066 0.01134801947552225
1 0.21704572180043102 0.42335142778313684 0.011424230492633324 0.011470846507860266
1 0.09205055495967038 0.9849359056223993 0.011799744937730871 0.009936083918032438
1 0.3765933591386546 0.1719055486762005 0.010537401489589527 0.010988214741582457
1 0.3239506327587625 0.1166621550269749 0.00926003248795219 0.009818916735441788
1 0.2432811674864396 0.8591169274371602 0.012774488200312075 0.012898818306300953
1 0.2647222332332445 0.19463588880456012 0.009867896204409391 0.010293006896972656
1 0.3710027440734532 0.16414638187574304 0.01020094104435133 0.010595404583474865
1 0.09259064301200536 0.9373138469198474 0.010191647902778957 0.011027253192404041
1 0.379852875419285 0.26495002663653827 0.01563685873280401 0.011213261148203974
1 0.24456456433171814 0.058751852616019874 0.010383999865988026 0.010560035705566406
1 0.32470799529034167 0.7035718378813371 0.010837534199590269 0.01217199408489725
1 0.06896929637245508 0.9513741990794307 0.008300428805143936 0.009545823802118715
1 0.4029964908309605 0.08372079030327174 0.010134795437688414 0.010829132536183233
1 0.3746186157931452 0.08546878980553668 0.010126202002815578 0.010737481324569038
1 0.24272876200468643 0.19824337959289548 0.010563456493875256 0.011376650437064793
1 0.2985457026440164 0.8753798940907354 0.010070904441501782 0.010195773580799932
1 0.25675493737925653 0.02409425377845764 0.009237786997919497 0.009623991406482199
1 0.40605737852013635 0.19619313530299975 0.010836435400921364 0.010829096255095108
1 0.29658687633016834 0.3597783070543538 0.010030808656112007 0.010541104752084484
1 0.3126190123350724 0.17395640974459442 0.010165193806523863 0.009972043659376062
1 0.3317201349722303 0.7356100082397461 0.011331383624802465 0.011529424916143003
1 0.22930200203605317 0.28064970348192303 0.010698173357092815 0.011050390160602074
1 0.4082285217616869 0.021963716849036835 0.011025926341181215 0.011299296565677807
1 0.174057354097781 0.6693676243657651 0.013183313867320185 0.018133412236752716
1 0.2290584730065387 0.7290468423262887 0.011488375456436821 0.014637615369713825
1 0.1970570294753365 0.8316487229388692 0.010000788647195568 0.011270813319994055
1 0.22270601728688122 0.859977162402609 0.010473894036334495 0.012842302737028702
1 0.31145029482634173 0.8850972134134044 0.010049861410389776 0.010283760402513586
1 0.26417526991471 0.4164259692896967 0.011086712712826937 0.012229224909906801
1 0.38646339851876965 0.1917642406795336 0.012429475784301758 0.011356789132823114
1 0.22276099868442703 0.05155215056046195 0.010642155357029125 0.009823736937149712
1 0.3956686724787173 0.31908111986906634 0.011534856713336449 0.011223295460576597
1 0.08408756618914395 0.946456826251486 0.010515715764916462 0.010637200396993885
1 0.24383648582126777 0.8965659141540527 0.012098146521526833 0.011689269024392834
1 0.1706684568653936 0.677368931148363 0.010128021240234375 0.011455743209175442
1 0.3488915173903755 0.15037036978680154 0.010122444318688435 0.012520313262939453
1 0.30724707893703296 0.31281333384306537 0.01080645685610564 0.01135247686634893
1 0.2535071891287099 0.12436159279035486 0.010304803433625595 0.01061558723449707
1 0.27671773537345556 0.5363212461056917 0.011127534119979195 0.012088526850161345
1 0.2724695516669232 0.3482181092967157 0.012577948362930962 0.01116930920144786
1 0.3032521061275316 0.29123350848322327 0.010939452959143597 0.010990951372229534
1 0.3232938932335895 0.7755433787470278 0.016486416692319122 0.014311002648395042
1 0.3172508322674295 0.24005535374517023 0.010011051012122112 0.011091688404912535
1 0.4158191058946692 0.06073729110800703 0.009387161420739216 0.00998942230058753
1 0.11127783422884732 0.9512581617935844 0.011818709580794624 0.011880874633789062
1 0.29527142773503845 0.8887139195981232 0.010973204737124235 0.010882502016813858
1 0.23627746623495352 0.290692661119544 0.011156849239183508 0.011038904604704483
1 0.40083626301392267 0.2793899308080259 0.011937094771343727 0.01472694977470066
1 0.3239470794796943 0.12664462690768036 0.006589811133301776 0.009176264638486116
1 0.22863770567852515 0.01686537524928217 0.010944345723027769 0.009137140667956808
1 0.3259148383918016 0.7746810705765433 0.010525328957516213 0.012337684631347656
1 0.11620948107346245 0.8327711146810779 0.01238486041193423 0.012610186701235563
1 0.2639192290928053 0.1260405156923377 0.009032125058381454 0.009874582290649414
1 0.2557682472726573 0.21277124985404636 0.010161337645157524 0.011102220286493715
1 0.11887877920399541 0.9154508010200832 0.010631996652354364 0.011235859083092731
1 0.2579620506452477 0.19768643379211426 0.01048973332280698 0.010591900866964588
1 0.26018873504970386 0.27658379596212634 0.009387824846350628 0.010106542836064878
1 0.256450196971064 0.15203052500019903 0.011652573295261547 0.010184008142222528
1 0.2368075743965481 0.2730088337608006 0.010017312091329823 0.009576776753301207
1 0.30989627216173254 0.7567782402038574 0.010233526644499405 0.010789083397906761
1 0.31079720414203144 0.24326362817183786 0.01365568326867145 0.01166237955508025
1 0.2524624181830365 0.1377422394959823 0.011033286219057829 0.010236449863599695
1 0.3289413866789444 0.08501169992529828 0.009274151014245075 0.013023231340491253
1 0.11165981189064357 0.9108366344286049 0.016666111738785454 0.011559113212253735
1 0.25890746323958685 0.03658785768177198 0.01061410489289657 0.013145617816759192
1 0.07914599646692691 0.9873230768286664 0.011479564335035242 0.012290996053944464
1 0.22990112719328504 0.8508591651916505 0.011715723120647926 0.011733718540357508
1 0.17278838157653809 0.6544357901034148 0.010504577470862347 0.013499944106392239
1 0.232137742249862 0.26626354715098505 0.009171817613684612 0.009944874307383661
1 0.2535010006116784 0.15950798988342285 0.009696918985118036 0.014024299124012823
1 0.0686592381933461 0.966863652934199 0.009022567583167034 0.011426220769467562
