1 0.7849346036496369 0.4210730894752171 0.009519701418669327 0.010360707407412321
1 0.777345201243525 0.4428434993909752 0.01111926203188689 0.011058765908946161
1 0.7753319947615915 0.4308241553928541 0.009748541790506115 0.00982690894085428
1 0.8907491642495861 0.2242542453434156 0.014237238013226051 0.014752367268437925
1 0.520218040632165 0.8626908426699431 0.011448196742845617 0.011318538499915081
1 0.9095143235248068 0.18179959836213486 0.012451130410899286 0.01327539526897928
1 0.46297848742941156 0.9051135519276492 0.011557620504628057 0.012498192165208899
1 0.4601990191832833 0.6650235341942828 0.010678819988084875 0.010310836460279383
1 0.11943029320758322 0.7593991445458453 0.00993459121040676 0.010188517363175102
1 0.07571132286735203 0.23285515412040375 0.011434689812038257 0.012118754179581352
1 0.46161193433015235 0.718101107555887 0.009540350540824558 0.010313490162725035
1 0.12337913202202838 0.943453892417576 0.011405747869740362 0.011930673018745754
1 0.08481843056886093 0.9352047132409136 0.010524822318035622 0.010578653086786684
1 0.5469882073609725 0.8187266018079675 0.010372389917788298 0.010632597881814709
1 0.8895137828329335 0.19264386011206586 0.012689466061799423 0.01320890758348548
1 0.9182442789492401 0.10052649871162746 0.012041755344556726 0.012475138125212296
1 0.07265538236369258 0.11120919559312903 0.009873524956081224 0.010307001030963402
1 0.08817095860191014 0.33580490039742517 0.011203506718511167 0.011687947356182594
1 0.8764527362325917 0.057260357815286385 0.011657383130944294 0.012930807860001274
1 0.1164864094361015 0.9558930189713187 0.010555277700009554 0.010935410209324047
1 0.2673050735307777 0.8623190340788469 0.011076657668403957 0.012017706166143003
1 0.10911537253338359 0.3899194701858189 0.011073692985202954 0.010914558949677841
1 0.2684694787730341 0.02543661451858023 0.009429226750912874 0.009304941996284153
1 0.49483436086903443 0.888787311056386 0.010319502457328465 0.010740363079568615
1 0.09800773081572159 0.9364575510439666 0.010450425355330757 0.010546891585640285
1 0.47915851033252216 0.7209470583044965 0.011638693187547766 0.018007112585979958
1 0.17213133107060968 0.7054664984993313 0.011045704717221468 0.012034913767939028
1 0.18147474786509638 0.3714566230773926 0.011059512262759 0.011217148407645847
1 0.08895188310871953 0.3739388999731644 0.01169512582861859 0.011132183282271675
1 0.4865663984547491 0.8166217596634573 0.010116203971531079 0.010125077289083729
1 0.38343536335489026 0.10871715649314549 0.008004831231158712 0.007618831551593283
1 0.08769574890966 0.30794384168541955 0.011019634163897972 0.012996010158372961
1 0.8860944872317106 0.03448645057885544 0.011713898700216541 0.01136399092881576
1 0.2933240144149117 0.872868703759235 0.01118369724439538 0.01152063452679178
1 0.5199682194253673 0.9143199298692787 0.010967213174571161 0.01198739590852157
1 0.3086410709049391 0.1257572899694028 0.008244618125583815 0.008491661237633747
1 0.5220333596934443 0.8833969364995542 0.011836756830630095 0.011837751969047215
1 0.4646528492803159 0.6772087553273076 0.010604941326638927 0.01253720988398013
1 0.4629431185515031 0.6940761027128799 0.012186465056046196 0.015716842983079994
1 0.4764139548591945 0.9061641693115234 0.010442028874936312 0.01057832137398098
1 0.08014865802681964 0.17687566902326501 0.009928853615470554 0.009564700333968452
1 0.2676318832065748 0.8945648773856782 0.010410101517387058 0.010897926662279211
1 0.5322532031847083 0.7660497375156567 0.010354373766028362 0.010031534277874489
1 0.0788501086442367 0.9043684005737305 0.01154928622038468 0.011774560679560122
1 0.1906366140946098 0.9313824280448582 0.0110327264536982 0.011733096578846807
1 0.23343443870544434 0.9192989183508833 0.010834797568943188 0.011736662491508152
1 0.14109915754069452 0.871151343635891 0.010321710420691448 0.010416694309400476
1 0.9162031878595767 0.12122063014818274 0.012475925943125849 0.012553671131963316
1 0.5446105210677438 0.7922560443048892 0.01117341414741848 0.010903275531271229
1 0.19160713320193085 0.9127520685610563 0.01112570969954781 0.010278038356615149
1 0.302168431489364 0.844668554223102 0.010201785875403362 0.010595321655273438
1 0.1852972196496051 0.35774211002432776 0.011293701503587805 0.010882336160411005
1 0.1837074445641559 0.5007993552995764 0.009830930958623472 0.011243011640465778
1 0.27603415820909577 0.09192780826402747 0.008383978968081266 0.008416113646134087
1 0.492906057316324 0.8067654319431472 0.010132447532985523 0.01042838718580163
1 0.4431474105171535 0.7303890767304793 0.010626088018002718 0.01176216291344684
1 0.9232073452161706 0.15908363072768503 0.012990910073985224 0.013011528098064919
1 0.14916922735131305 0.4981779637544051 0.010655465333358101 0.010145145913828974
1 0.5374360499174698 0.7269106740536897 0.010826069375743036 0.010971483976944633
1 0.48859485335971997 0.8748840041782544 0.009957956231158712 0.01032468546991763
1 0.24337566417196527 0.15059116612309995 0.008763334025507387 0.009592595307723335
1 0.24172909363456394 0.6925207428310227 0.009027439615000849 0.009205735248068104
1 0.25713111006695294 0.06603164776511815 0.008785724639892578 0.008608393047166906
1 0.4706052904543669 0.5316708087921141 0.010403591653575068 0.0112237722977348
1 0.5182689894800601 0.74318149815435 0.009961895320726477 0.010338119838548742
1 0.5334183236827021 0.8167362627775772 0.010376639988111414 0.010647981063179348
1 0.2409460959227189 0.8256411552429199 0.009665219680122707 0.00974485148554263
1 0.2564742150514022 0.038969743510951164 0.009867523027502972 0.009391579938971478
1 0.16555028894673224 0.36137148090030835 0.010009610134622326 0.010607232218203337
1 0.48979142437810486 0.9058844732201617 0.010616115901781164 0.010008646094280739
1 0.20919974990513013 0.5215549676314645 0.010920752649721891 0.010792815166970959
1 0.26592762573905615 0.7862809637318486 0.009742446567701258 0.010133577429729958
1 0.928804065870202 0.13163315213244892 0.011615089748216711 0.012587143027264137
1 0.1652869970902153 0.7771904364876125 0.009714810744575832 0.009933513143788214
1 0.24108745740807574 0.7421119731405507 0.01016782677691916 0.01065988126008407
1 0.16598516961802606 0.32038187980651855 0.010088319363801376 0.01124529216600501
1 0.32050448623688327 0.8486276502194612 0.013017627856005793 0.011059346406356148
1 0.09763973173887834 0.3518438676129217 0.012989054555478304 0.01176372300023618
1 0.3133277685745902 0.869791777237602 0.011505790378736414 0.011545761771824047
1 0.22122042075447415 0.6482240842736285 0.010503084763236668 0.01046429509701936
1 0.22040404444155487 0.9279488065968389 0.010541003683338995 0.010934373606806215
1 0.16604581086531933 0.2845197864200758 0.010731842206872028 0.010728566542915676
1 0.5063244570856509 0.8942941375400708 0.010783775993015454 0.011040604632833729
1 0.5137177757594897 0.6943336155103601 0.009476288505222486 0.009922442228897758
1 0.09514908686928125 0.17578284118486487 0.012342857277911644 0.012477760729582413
1 0.2862536181574282 0.7045358782229216 0.010717723680579144 0.011513212452764097
1 0.0730403324832087 0.33792705121247674 0.011236185612885849 0.012919757677161175
1 0.46346610525380005 0.7671324688455334 0.010444226472274117 0.011564835258152172
1 0.26889225710993225 0.92841040569803 0.010449803393820057 0.011226156483525816
1 0.4590014167453932 0.8027518313864003 0.010055376135784645 0.010145187377929688
1 0.07967349757318912 0.2059390752211861 0.011074314946713655 0.01132946429045304
1 0.19309535233870798 0.8769961647365403 0.011765438577403193 0.013803813768469769
1 0.28678689832272736 0.7983119176781696 0.011191098586372707 0.011279520781143852
1 0.17284940636676288 0.35353062982144556 0.01028044327445652 0.010246784790702488
1 0.5531395207280698 0.8049891306006391 0.010770134303880774 0.012004727902619736
1 0.903464649034583 0.19921237489451532 0.01079882746157439 0.012227991352910582
1 0.17729800680409308 0.6812597772349482 0.010935078496518343 0.011229141898777172
1 0.932207439256751 0.07183994676755823 0.009736931842306385 0.010235822719076405
1 0.5012943433678668 0.9502795675526495 0.011312567669412365 0.011026797087296196
1 0.17242898630059286 0.8357146719227667 0.01134850667870563 0.010527320530103601
1 0.47171735763549805 0.8601065096647842 0.009913195734438688 0.010748987612516983
1 0.1998604795207148 0.7660039818805197 0.009233039358387823 0.00905509617017663
1 0.14869060205376666 0.7428993556810461 0.00981976674950641 0.010498959085215693
1 0.30448203501494037 0.8247265193773352 0.010186423426089079 0.010106625764266304
1 0.10898155751435652 0.36318446501441626 0.011146255161451258 0.012066452399544094
1 0.4746563279110452 0.7602338376252546 0.010032954423323921 0.01080421779466712
1 0.1911231331203295 0.9818630218505859 0.011257461879564367 0.0125885009765625
1 0.2859102021092954 0.9243838683418606 0.010058879852294922 0.010575667671535328
1 0.20796285504880158 0.895583608876104 0.01017079146012016 0.010697074558423914
1 0.20047936232193656 0.48097996089769446 0.00987844881804093 0.010521432627802309
1 0.10561681312063464 0.23620730897654657 0.010862029117086659 0.014724213144053583
1 0.12189725689266037 0.0994010697240415 0.010170366453087849 0.009719205939251444
1 0.11992323398590088 0.9781575617582903 0.01183840502863345 0.012172325797702954
1 0.2868334832398788 0.24013747339663297 0.010725415271261463 0.010041071021038551
1 0.16786376808000647 0.811285744542661 0.009507065233976944 0.009748334470002548
1 0.1190066389415575 0.32682975478794263 0.010001151458076809 0.010393495145051376
1 0.20162634227586831 0.82556500642196 0.010564016259234886 0.011076305223547894
1 0.30901264107745624 0.7891063897506051 0.011060300080672554 0.011391142140264097
1 0.5140902788742728 0.8163259547689686 0.0096667538518491 0.009893873463506285
1 0.067749357741812 0.0726320769475854 0.009786859802577806 0.009748671365820843
1 0.1680001901543659 0.4394245769666588 0.010273995606795601 0.010615929313327954
1 0.1102760304575381 0.884960879450259 0.011380682820859163 0.011997969254203465
1 0.48327798947044043 0.9205190824425739 0.010951322057972784 0.010594824086064878
1 0.9287109582320504 0.21257753994153894 0.01130439924157184 0.012209788612697437
1 0.8866901812346086 0.1473474761714106 0.012418415235436481 0.013590242551720661
1 0.3347317401481711 0.057441527428834335 0.010211437940597534 0.01038447152013364
1 0.1936480066050654 0.5397160260573678 0.009718065676481827 0.010420032169507898
1 0.06701615323191104 0.053389497425245194 0.009138381999471912 0.010123118110325024
1 0.10540279616480287 0.796907134678053 0.012123698773591415 0.012041755344556726
1 0.24614434656889542 0.6013794981915018 0.010274119999097742 0.011215251425038214
1 0.19845012996507727 0.5085288130718729 0.010715774867845617 0.011449772378672724
1 0.19246924441793692 0.47112929302713147 0.009790088819420856 0.01058172143023947
1 0.28015268367269763 0.6809849324433701 0.00950317797453507 0.009393484696097996
1 0.21662174100461212 0.8557821978693424 0.009336036184559698 0.01030129971711532
1 0.5407564536384915 0.7428259020266326 0.011078834533691406 0.011264593704887058
1 0.18406293703162152 0.633159989896028 0.009682904119076937 0.010257264842157778
1 0.1563524992569633 0.44527831284896185 0.010535592618195908 0.010262986888056215
1 0.23808705288430917 0.7941478024358335 0.009877909784731657 0.011285574539847996
1 0.17268674788267716 0.9135396169579547 0.011850263761437458 0.012026455091393513
1 0.2648663106171981 0.8248529848845108 0.010321617126464844 0.009608973627505095
1 0.15593065386233124 0.7066597316576088 0.009959905043892239 0.010061512822690218
1 0.22982516496077832 0.623681006224259 0.010324146436608356 0.010721496913744055
1 0.16542619725932248 0.8994996236718218 0.010429351226143215 0.012220507082731827
1 0.2777166677557904 0.7426217949908712 0.008985788925834324 0.010328624559485394
1 0.2859688427137292 0.78234921330991 0.010866082232931385 0.01081450089164402
1 0.16793893731158716 0.859193283578624 0.00954412377398947 0.009698826333750849
1 0.9028440351071565 0.0611216892366824 0.010193410127059273 0.01073411754939867
1 0.303277471791143 0.7767553122147268 0.010709845501443615 0.010555806367293648
1 0.5058595408564028 0.8443505038385806 0.010405996571416441 0.010232469309931215
1 0.1506604474523793 0.9158424501833708 0.011608507322228474 0.011358965998110563
1 0.07962916467500769 0.014997041095858032 0.010719397793645445 0.010240001522976418
1 0.2777084578638491 0.9871887331423551 0.011483379032300867 0.00998526034147843
1 0.2926200472790262 0.765803337097168 0.010245551233706266 0.010245696358058765
1 0.4953030295993972 0.8551971808723782 0.010172304899796196 0.011014979818592901
1 0.24764434151027512 0.6312881241674009 0.00938490162725034 0.010431393333103344
1 0.2641638050908628 0.6205239192299221 0.010683432869289234 0.011710353519605554
1 0.06774349057156107 0.18211033033288043 0.009721657504206118 0.010450321695078974
1 0.11604327222575314 0.8368423503378163 0.00929738127666971 0.009729426840077276
1 0.20430383474930472 0.8585764221523118 0.011154527249543564 0.011565125506857166
1 0.18435685530952786 0.6665924321050228 0.010634173517641813 0.010529642519743546
1 0.46188428609267523 0.787676417309305 0.010826100473818571 0.010667676511018173
1 0.518291888029679 0.8986252701800802 0.011260986328125 0.01066377888555112
1 0.9271482177402661 0.330359293066937 0.010189429573390796 0.010024153667947521
1 0.13661276775857675 0.013403256626232811 0.009325981140136719 0.009616892622864765
1 0.24545748337455414 0.9109568181245222 0.010335383207901665 0.010624139205269192
1 0.1808516149935515 0.8506440701692002 0.01101164195848548 0.011225161345108696
1 0.47995382806529163 0.88655482167783 0.010324270828910496 0.011345282844875171
1 0.12887236864670462 0.06627557847810828 0.009853974632594896 0.00987740703251051
1 0.5324110984802247 0.7893210701320481 0.0099175909291143 0.009935710741126019
1 0.5363866142604662 0.7115113838859224 0.010848418526027515 0.010618334231169327
1 0.24350097905034607 0.8690325280894404 0.009700733682383661 0.010779256406037704
1 0.20990841285042136 0.6975669446198836 0.010046730870785921 0.010220237400220789
1 0.17576732842818552 0.7408842833145803 0.00954493232395338 0.010091118190599524
1 0.26752567291259766 0.7101682994676672 0.012700495512589165 0.010768144027046535
1 0.2975612205007802 0.8922940751780635 0.011108170384946077 0.012110378431237263
1 0.21636107693547785 0.8794725874195926 0.010411863741667374 0.010444931361986242
1 0.06973049433335014 0.9835483302240786 0.01112476639125658 0.011958329573921535
1 0.20107427887294604 0.5718609353770381 0.010146700817605724 0.01060850723930027
1 0.08382151696992957 0.10657970801643703 0.009610481884168543 0.01026785891989003
1 0.46210274489029596 0.6449151868405549 0.010429009147312329 0.010311085244883661
1 0.1582421945488971 0.24534418271935504 0.010412941808285921 0.010963025300399117
1 0.2576086210167926 0.7562237200529678 0.010790202928626019 0.010799325030782948
1 0.4789290635482124 0.7830628726793372 0.010114338086998981 0.011494138966435972
1 0.11726891476175061 0.1299104120420373 0.009223772131878397 0.009269372276637865
1 0.267336482587068 0.23690306622049082 0.010480901469355043 0.011864745098611584
1 0.48989530231641687 0.8426616917485776 0.010057490804921026 0.010055127351180367
1 0.19053017574807868 0.7853575582089631 0.01003402212391729 0.01024727199388587
1 0.23497573189113452 0.9377906840780506 0.010501820108164911 0.01121359286100968
1 0.1253476453864056 0.8184375970259957 0.009975184565005095 0.010068271471106487
1 0.13349997478982675 0.23749254060828168 0.009687983471414318 0.010572143222974695
1 0.2495856077774711 0.7748753506204357 0.00895765553350034 0.008962465369183084
1 0.09692086862481158 0.8177385537520698 0.01066980154617973 0.01280224841573964
1 0.15712009305539337 0.29716786094333814 0.01016942314479662 0.010205227395762568
1 0.9275367570960004 0.3466285207997198 0.010925127112347145 0.011811712513799253
1 0.1392259234967439 0.04149424641028694 0.010346526684968368 0.010809439679850702
1 0.17371362706889276 0.965707654538362 0.015140481617139734 0.014651008274244226
1 0.49208604771157965 0.7809086882549784 0.010410371034041695 0.010080296060313349
1 0.4771678862364396 0.8403161919635275 0.010165691375732422 0.011136096456776495
1 0.17640459019204843 0.5443349402883778 0.009669324626093325 0.010306586389956266
1 0.12631859468377155 0.7930794591489045 0.012756254362023395 0.011785755986752718
1 0.4746185437492702 0.6970418847125509 0.00981462520101796 0.009290363477623981
1 0.9040805567865787 0.21964022387628973 0.011427589084791101 0.011940645134967308
1 0.20375596258982212 0.8427859274157288 0.01069869839688634 0.010297425112907458
1 0.16238377405249554 0.6575508635977039 0.009755735811979874 0.01058966180552607
1 0.1496661590493244 0.2844498261161473 0.010042511898538341 0.010233340056046196
1 0.4669407139653745 0.8749449149422026 0.010787383369777515 0.011075849118440048
1 0.16000478164009427 0.6895344775655994 0.01092610151871391 0.011010460231615149
1 0.16525731397711713 0.40712978269742883 0.009719610214233398 0.010347993477531101
1 0.1628198519996975 0.4890696898750636 0.010292654452116592 0.01250532399053159
1 0.45812753490779706 0.7533031546551249 0.010929968046105427 0.011193897413170856
1 0.15814053493997324 0.6195956831393034 0.010784978451936142 0.010430232338283375
1 0.48151570817698597 0.85184093143629 0.009751962578814962 0.010223222815472145
1 0.1271183957224307 0.7348594872847849 0.009622936663420303 0.010037836821182915
1 0.12990281374558157 0.964667859284774 0.011816926624463953 0.011892069940981657
1 0.15962914280269458 0.7419531656348187 0.010121542474497919 0.010433818982995075
1 0.21239569912786072 0.6147149438443391 0.009539624919062075 0.01002280608467434
1 0.17078008340752643 0.37365538400152454 0.009556594102279 0.010782858599787172
1 0.20893614188484524 0.8012486126111902 0.009695405545442001 0.010926827140476391
1 0.2896233434262483 0.7248807990032694 0.010132250578507133 0.010218164195185122
1 0.09250927489736804 0.23236214596292246 0.010244649389515753 0.011072200277577276
1 0.08223422713901686 0.9721840775531271 0.010435892188030739 0.011724098868992016
1 0.25630514518074365 0.8501946407815686 0.012805461883544922 0.016690046890922215
1 0.2810435502425484 0.8610208138175632 0.011664929597274117 0.01133591195811396
1 0.12400380424831223 0.8698418451392133 0.010902612105659817 0.011507324550462805
1 0.18342602771261465 0.3878245016802912 0.009739170903744905 0.009771310764810314
1 0.1329771435779074 0.39718444191891217 0.009846148283585258 0.010341535443845003
1 0.20404723416204035 0.984046687250552 0.01209190617436948 0.012730805770210598
1 0.23292766446652619 0.6808142869368845 0.00947751169619353 0.009760317595108696
1 0.10748067627782407 0.8995817433232847 0.010734527007393215 0.011174575142238453
1 0.355942533068035 0.02252441320730292 0.008193210415218187 0.008220585791961006
1 0.18565926344498343 0.9031847663547681 0.01163644376008407 0.010768144027046535
1 0.5423943270807681 0.6897372784821882 0.009871897490128227 0.009809825731360394
1 0.3766289431115855 0.02547724285851354 0.008581876754760742 0.008001717536345772
1 0.27194454358971637 0.8009500503540039 0.010249137878417969 0.010470846424932066
1 0.24970612318619437 0.8598110364831012 0.009524345397949219 0.009896153989045517
1 0.2804988674495531 0.8942192533741826 0.010088153507398523 0.010418891906738281
1 0.5316180249919062 0.6957889432492463 0.009906167569367783 0.010180887968643852
1 0.9215380005214526 0.013804395237694616 0.010583089745563011 0.011356652430866077
1 0.0677852786105612 0.028583549934884777 0.009335196536520252 0.009908111199088718
1 0.4625452912372092 0.7341265885726267 0.020885674849800438 0.011557454648225204
1 0.2586562218873397 0.582383570463761 0.010373882625413977 0.011098281196925953
1 0.8946842525316321 0.01685335713884105 0.01009169868800951 0.01027358874030735
1 0.09231554943582285 0.20825981057208515 0.010680820630944294 0.010672569274902344
1 0.10911836313164752 0.9721309827721636 0.012836632521256157 0.013072304103685461
1 0.14967071491739023 0.2554203841997229 0.010029129360033117 0.010524770487909731
1 0.1037285379741503 0.9481311881023906 0.010649401208628778 0.010456333989682405
1 0.21578459117723545 0.9066103230351987 0.00995710621709409 0.011128964631453804
1 0.0885034125784169 0.24671992011692212 0.009860660718834919 0.010006241176439367
1 0.133050421009893 0.8045521197111711 0.009473075037417204 0.009931813115658968
1 0.1894283916639245 0.5608981484952181 0.010485607644786005 0.011528906614884087
1 0.19774732382401175 0.8099553896033246 0.011429351309071417 0.012737025385317595
1 0.48547137301901117 0.7327283154363218 0.010060642076575237 0.010289606840714165
1 0.1827312656070875 0.4644125596336696 0.009576984073804773 0.009374691092449686
1 0.2538927741672682 0.2087545498557713 0.009965481965438179 0.01078839924024499
1 0.242174013801243 0.9491595599962317 0.010464357293170433 0.010844147723654041
1 0.06759505168251369 0.9200982010882833 0.011319440344105597 0.012577678846276325
1 0.5538841330486796 0.697894117106562 0.011075475941533628 0.011411791262419327
1 0.2652380259140678 0.5964268394138502 0.011090796926747198 0.010974635248598845
1 0.1979529442994491 0.7433657231538193 0.010014720585035242 0.010250547657842222
1 0.9330394371696141 0.047175919232161155 0.00953222357708475 0.010465862958327583
1 0.22745193605837616 0.9663346539372983 0.011429973270582117 0.011085302933402683
1 0.12728565153868301 0.9173964624819548 0.013292115667591925 0.01424383080523947
1 0.505352030629697 0.8657671679621156 0.011148183242134426 0.010791902956755264
1 0.29986221893973974 0.8138246328934378 0.010795551797618036 0.011213427004606827
1 0.21296146641606872 0.5563877354497495 0.009762929833453634 0.010121386984120245
1 0.24376340534376062 0.6760557008826216 0.009201008340586786 0.010446963102921196
1 0.15908554325933044 0.42147622937741486 0.00994222060493801 0.010667365530262823
1 0.30511721320774243 0.7590991932412853 0.01076996844747792 0.010710882103961449
1 0.2575376241103463 0.9192532663759978 0.011183469191841457 0.010922805122707203
1 0.08150268637615703 0.36381331734035327 0.010884378267371136 0.01129249904466712
1 0.3316464145546374 0.12542894612187924 0.009189982777056486 0.008663364078687586
1 0.10885044802790103 0.20643420841382898 0.009733718374501104 0.010484695434570312
1 0.1832929694134256 0.4480015350424725 0.011194270590077276 0.011176223340241806
1 0.9211499794669773 0.31894525237705396 0.009701397107995075 0.010360489720883577
1 0.16991271143374234 0.4236972902132118 0.010571770046068274 0.010625808135322903
1 0.49633316890053125 0.9246302894923999 0.010327204414035961 0.010677586431088655
1 0.0701910050018974 0.3513651930767556 0.010573470074197521 0.012365216794221298
1 0.4764871493629787 0.7462100982666017 0.010392707327137823 0.010294623996900476
1 0.1290383546248726 0.374587621377862 0.009769315304963486 0.010062793026799742
1 0.24405294915904163 0.1663043965464053 0.009599478348441746 0.010122392488562542
1 0.2556050549382749 0.6115796876990277 0.011086422464121943 0.010181178217348845
1 0.5003065959266995 0.6957683355911918 0.009931958240011463 0.009060113326362942
1 0.17332913564599078 0.4551614056462827 0.01001596450805664 0.01046889761219854
1 0.17607343196868896 0.7295924062314241 0.010524988174438477 0.011540371438731318
1 0.13680301023566205 0.41539247657941736 0.010534234668897547 0.010336285052092178
1 0.22574528403904126 0.7485358611397122 0.010167577992314878 0.00978262528129246
1 0.5696310375047766 0.7843453573144 0.01219940185546875 0.012366543645444124
1 0.17934417724609372 0.5300643133080524 0.010507417761761208 0.009655869525411854
1 0.10493334479953932 0.7670412892880646 0.010342162588368292 0.011941080508024796
1 0.2828144819840141 0.03963242406430452 0.009334978849991508 0.010035711786021357
1 0.26731759568919305 0.7708098162775454 0.00989775035692298 0.010407033173934273
1 0.12296675599139668 0.3646376029304836 0.010018265765646229 0.010624802630880604
1 0.21436669515526813 0.6836322286854619 0.010288051936937414 0.009806011034094769
1 0.19399485380753226 0.6483695921690569 0.010455338851265285 0.010718532230543054
1 0.2621656915415888 0.9415116102799125 0.010048617487368376 0.011076471079950747
1 0.2815177233322807 0.8132138874219811 0.010439893473749575 0.009999980097231657
1 0.14066265458646027 0.7825616338978643 0.00987385666888693 0.009966891744862432
1 0.30709115318630054 0.8827806555706522 0.011780199797257133 0.011672144350798233
1 0.1465767932974774 0.8569148105123768 0.009746292363042417 0.01033857594365659
1 0.20757661695065707 0.9165094624394957 0.011422219483748726 0.011345573093580164
1 0.25739478028338886 0.8326895962590756 0.012268377387005348 0.010873918947966202
1 0.08062633742456851 0.2588203678960386 0.009272378423939581 0.010341602823008661
1 0.18465020345604935 0.5198178705961808 0.010280878647514011 0.012900601262631624
1 0.2638485017030136 0.6643186444821565 0.009671853936236837 0.009135412133258322
1 0.16355418640634284 0.6343513364377229 0.009511543356853983 0.010483907616656761
1 0.5136996144833773 0.7231537362803584 0.010077186252759851 0.009672911270805027
1 0.15385946501856262 0.46132614301598596 0.010025594545447308 0.010354332301927649
1 0.5200922903807266 0.7593491181083347 0.010230126588240913 0.010342805281929348
1 0.5286174546117368 0.8524354437123175 0.009795292564060377 0.01041851872983186
1 0.2757981756459112 0.9091297439906907 0.010406328284222145 0.011299340621284817
1 0.1435130160787831 0.7673435003861138 0.009400595789370329 0.009755963864533798
1 0.22267624606256897 0.9430550906969154 0.010579586029052734 0.011405737503715183
1 0.09132709451343704 0.9147767191347868 0.011477164600206457 0.012017374453337296
1 0.14020149604133939 0.24827703185703445 0.009570018104884935 0.009993242180865744
1 0.1374661455983701 0.4483781897503396 0.011659528898156208 0.012582447217858356
1 0.317182789678159 0.9151963358340056 0.011277489040208899 0.011186433875042458
1 0.10199029549308446 0.10758006572723389 0.00934607049693232 0.00994699934254522
1 0.278627582218336 0.8254280504973037 0.010286331176757812 0.010537852411684782
1 0.23659075861391815 0.8110182596289595 0.010363578796386719 0.010236615720002548
1 0.9318636603977368 0.31105095407237177 0.009837192037831182 0.010129804196565048
1 0.5087882332179858 0.9296730290288511 0.010639688243036684 0.010762753693953804
1 0.2527403105860171 0.8722484630087147 0.010708705238674 0.010400647702424423
1 0.20682774419369904 0.7774222000785496 0.010492573613705843 0.011191907136336617
1 0.07007033669430277 0.27725593940071436 0.009851077328557554 0.011400160582169243
1 0.0819847972496696 0.05022330387778904 0.009395832600800888 0.009837409724359926
1 0.3047183803890062 0.91032482230145 0.010603842527970024 0.011088039564049763
1 0.29495235111402435 0.7492807429769764 0.009958515996518343 0.009900922360627548
1 0.26774689425592835 0.679714700450068 0.009366056193476137 0.009470566459324049
1 0.2515143933503524 0.08084574471349301 0.008852585502292799 0.009752429049947987
1 0.17657330243483835 0.8659761470297108 0.010945351227470066 0.011446952819824219
1 0.2428050559499989 0.7084081898564877 0.009672932002855383 0.009396843288255774
1 0.2570339596789816 0.8864869864090628 0.010482933210289997 0.01029217761495839
1 0.16972124058267343 0.5801973653876263 0.00972604751586914 0.010437488555908203
1 0.17527022050774616 0.4015690088272095 0.00996715089549189 0.010671501574308975
1 0.20063487343166186 0.6063788766446321 0.009333734926970108 0.00962487511012865
1 0.21667031619859778 0.9621390674425208 0.009906955387281336 0.010988525722337805
1 0.31054116332012677 0.10244861374730649 0.007782169010328211 0.007834838784259298
1 0.5334532157234524 0.7487212056699006 0.010352632273798403 0.01106627091117527
1 0.12519119615140167 0.8903739141381304 0.011206512865812882 0.011263183925462805
1 0.24463922044505243 0.7811439970265264 0.012731075286865234 0.012518882751464844
1 0.8869491038115127 0.020303888165432472 0.010195483332094938 0.011688981367194134
1 0.22492434667504352 0.8389770466348401 0.009440650110659391 0.010192497916843579
1 0.26628531580385956 0.7474741521088974 0.010074698406717052 0.010937193165654722
1 0.18848637912584384 0.8311247618302054 0.010798765265423317 0.010513139807659645
1 0.21618110200633173 0.770707545073136 0.01013741285904594 0.010311624278192934
1 0.5066591656726339 0.772820120272429 0.009504836538563604 0.0100854376088018
1 0.07791196781656017 0.12188752319501793 0.009399279304172682 0.01015628939089568
1 0.11978732502978781 0.29952771767326025 0.00975873159325641 0.010172574416450832
1 0.1275016276732735 0.3455049887947414 0.011338493098383364 0.010791405387546704
1 0.4364909607431163 0.12604477094567337 0.008153521496316662 0.008581513943879501
1 0.15056127050648566 0.7673028862994649 0.014249884563943615 0.009499674258024796
1 0.16147681422855542 0.6739191387010657 0.010153013726939325 0.010627580725628395
1 0.06811580450638481 0.9615562273108441 0.011357297068056852 0.013194208559782608
1 0.9104276325391687 0.02386416559634002 0.009829977284307066 0.010153075923090395
1 0.07260889074076778 0.30874119634213654 0.01130508339923361 0.011262188787045687
1 0.468892646872479 0.7339828532675038 0.010780811309814453 0.010199629742166271
1 0.5048137747723124 0.8808870937513269 0.011028206866720448 0.010768351347550102
1 0.07740733675334764 0.09204056729441104 0.009866056234940239 0.011789534402930218
1 0.06980275071185568 0.37871907068335486 0.011086785275003185 0.011946450109067171
1 0.17550794456316077 0.5134568629057511 0.009407198947408924 0.010465746340544327
1 0.3137809193652609 0.8383064477340035 0.011934881624968155 0.010322943977687671
1 0.1518780407698258 0.37764020588086994 0.009276752886564835 0.00976004807845406
1 0.1298439710036568 0.4315469938775767 0.010258653889531675 0.0110220598137897
1 0.1530753581420235 0.3525865013184755 0.009380848511405613 0.010123353937397833
1 0.22283284560493802 0.9866525815880817 0.01076607082201087 0.01251245581585428
1 0.1807457986085311 0.7661992570628291 0.009212804877239725 0.009589941605277683
1 0.27724012084629224 0.7283987377000891 0.009920680004617443 0.010213520215905231
1 0.19919468008953595 0.4929394929305366 0.009720677914826767 0.011965710183848505
1 0.25002250464066217 0.1862975099812383 0.00911631791487984 0.00968213703321374
1 0.5498958048613175 0.7216765154962955 0.010937939519467562 0.011000882024350374
1 0.4579791348913442 0.7026645204295283 0.01019398025844408 0.01006304699441661
1 0.14586831694063934 0.3906603092732637 0.009903399840645168 0.010317558827607529
1 0.07404622565145078 0.2896992019985033 0.01123145870540453 0.01167434194813604
1 0.15966226225313934 0.2736631372700567 0.011243706164152725 0.011153905288032864
1 0.18907667242962378 0.8035794963007388 0.00969708484152089 0.010449782661769703
1 0.15212456558061682 0.8961558134659476 0.011062860488891602 0.011860888937245245
1 0.5056410146796185 0.8004630544911261 0.009365600088368292 0.010334097820779552
1 0.9308674231819485 0.296032076296599 0.010273352913234546 0.012120620064113453
1 0.9132991459058679 0.206027134605076 0.01120758056640625 0.01244043267291525
1 0.14235467496125595 0.43309419051460596 0.01137598701145338 0.010758026786472485
1 0.26755158797554346 0.20156240463256836 0.009550965350607166 0.009143787881602411
1 0.1610705904338671 0.8704115826150647 0.010280432908431343 0.011022982390030571
1 0.11990809440612793 0.9035771204077679 0.011959718621295433 0.010345832161281421
1 0.08335797423901764 0.35041690391042957 0.010917212652123493 0.011399963627690855
1 0.16257494947184686 0.5929183234339175 0.010701894760131836 0.010553049004596214
1 0.22461715988490893 0.6721024305924124 0.010138615317966625 0.011136594025985054
1 0.37189661419909925 0.012533718153186466 0.008244628491608993 0.007983554316603619
1 0.41939105676568067 0.05902744116990462 0.008160373438959536 0.007519872292228367
1 0.4764461465503858 0.6504444246706755 0.010278048722640327 0.00985265814739725
1 0.22453029259391452 0.87207495647928 0.01068834636522376 0.011018421338952106
1 0.1679998377095098 0.9863555327705715 0.01277017593383789 0.010843774546747622
1 0.08940620526023535 0.8437441535617993 0.009455691213193148 0.01023839867633322
1 0.5042413835940153 0.8207518950752589 0.01014697033426036 0.010831169460130774
1 0.10415695542874545 0.7795263373333475 0.010710581489231274 0.011651578156844429
1 0.1402720472087031 0.2960497296374777 0.01010876116545304 0.010325784268586533
1 0.38564139863719116 0.12663309988768204 0.008392064467720364 0.008105060328607973
1 0.32801707218522613 0.0973068268402763 0.009247690439224243 0.008905628453130308
1 0.16516016358914584 0.5681862831115723 0.010125605956367825 0.00978299845819888
1 0.5136217138041621 0.7117081725079081 0.009241995604141899 0.010399818420410156
1 0.12593276604362155 0.017467218248740486 0.010805026344631031 0.015332440967145174
1 0.16286546251048212 0.3445056689822156 0.010452747344970703 0.010834789794424305
1 0.11633198157600734 0.8048726164776346 0.011276348777439282 0.011852969294009
1 0.17147820410521133 0.7929518948430602 0.011997150338214378 0.01302325207254161
1 0.5143058921979822 0.8268557009489641 0.009600369826607082 0.010344297989555027
1 0.08449505463890407 0.9878107153851053 0.01218532997628917 0.011294821034307066
1 0.21915003527765686 0.6379599363907523 0.010463196298350458 0.010544237883194633
1 0.34348041078318725 0.024776388769564422 0.009540205416472061 0.016291525052941364
1 0.869444411733876 0.11196012600608495 0.012757052545962126 0.013688844183216925
1 0.11709357344585916 0.7766606082086978 0.009397237197212551 0.00934049357538638
1 0.13971838743790335 0.7292405211407206 0.010220880093781845 0.010124413863472317
1 0.5013416176256926 0.7514071257218069 0.015878418217534603 0.009484581325365149
1 0.5279083355613376 0.8045304547185483 0.009943402331808338 0.00978913514510445
1 0.8976644433063011 0.0513770113820615 0.011395164158033289 0.013403374215830927
1 0.1022204419840937 0.09580715324567711 0.0095758230789848 0.009694254916647205
1 0.24500670640364938 0.13557026697241745 0.008162249689516813 0.008673771567966627
1 0.10948435119960617 0.8182677600694739 0.0101055269655974 0.010370295980702276
1 0.2474700264308764 0.6605223676432734 0.009092911430027174 0.009894308836563774
1 0.20072120168934698 0.8860529609348462 0.010069017824919327 0.010623102602751358
1 0.17602614216182544 0.8899750916854197 0.012542216674141262 0.012426459270974865
1 0.23999017217884894 0.6440039821293042 0.009333569070567255 0.00989712839541228
1 0.2894974584164826 0.9026960082676099 0.010706735693890114 0.010729623877483864
1 0.20145189243814218 0.6196690434994905 0.010095699973728344 0.00979452547819718
1 0.11436790487040645 0.41039741816728004 0.00961199014083199 0.009747686593428902
1 0.4986931344737177 0.7315086489138396 0.009705833766771399 0.021368731623110565
1 0.10416733700296152 0.8581089558808699 0.011981528738270636 0.018101277558699898
1 0.13635848397793976 0.2053847312927246 0.010257731313290804 0.009857467983079992
1 0.3635682670966439 0.16537519641544507 0.008417217627815578 0.00815203915471616
1 0.07561365158661552 0.24778562006743055 0.009729483853215757 0.009863625402035921
1 0.47048367624697485 0.7078702553458833 0.010025231734566067 0.010151199672533117
1 0.17421575732853095 0.47708820778390637 0.009459568106609842 0.01056981086730957
1 0.4186401574508004 0.14412575701008673 0.007993159086807915 0.007820471473362135
1 0.18320780215056046 0.648466162059618 0.009774788566257643 0.010886917943539827
1 0.09051158117211383 0.13084732967874277 0.009897190591563349 0.01050766654636549
1 0.351070260224135 0.06790969682776409 0.00861088866772859 0.009006852688996689
1 0.2561920933101488 0.8109542597895083 0.011723373247229534 0.010364283686098845
1 0.3307431417962779 0.10807359218597412 0.008995875068332838 0.008709254472152046
1 0.26596248668173084 0.6961578078891919 0.00865167120228643 0.009009278338888416
1 0.2376602317975915 0.6134271621704103 0.009938716888427734 0.010092196257218071
1 0.23860938652701996 0.9674321672190791 0.011403063069219175 0.011660741723102074
1 0.497240916542385 0.9386801719665527 0.010605065718941067 0.013268387835958729
1 0.5246382796246073 0.7749540080194888 0.009529155233631964 0.010129928588867188
1 0.11549704489500627 0.10963289634041164 0.009117157562919285 0.0097131521805473
1 0.2741685120955757 0.883115644040315 0.010755290155825407 0.010779753975246265
1 0.3133313241212264 0.21523689187091327 0.009735252546227497 0.008733085964037024
1 0.25870371901470685 0.5532726101253345 0.009973546733026918 0.011817165043043054
1 0.5103789205136507 0.7525066085483716 0.009642227836277174 0.010401311128035835
1 0.12861480401909872 0.7780371126921282 0.010392551836760147 0.01154327392578125
1 0.20239367692366894 0.7117992484051249 0.010955478834069294 0.011413491290548573
1 0.21815545662589694 0.1506216474201368 0.01001944749251656 0.011887664380280868
1 0.12169250716333803 0.7186571204144022 0.011263484540192978 0.01319520369819973
1 0.24622297286987305 0.060380251511283546 0.008988919465438179 0.009855954543403957
1 0.277274981788967 0.8494345001552417 0.010327919669773266 0.010400564774222996
1 0.27435880121977435 0.05631992091303286 0.00866941783739173 0.009175072545590609
1 0.2552186613497527 0.9879391089729641 0.01163551081781802 0.010059812794560972
1 0.482045609018077 0.799688546553902 0.009623361670452616 0.009869202323581861
1 0.2179022146307904 0.7140652615091077 0.010116722272789997 0.010594077732252039
1 0.24741808227870776 0.5545566185660984 0.010628762452498726 0.011919311855150305
1 0.07257940458214801 0.15268426356108292 0.010223502698151962 0.013967140861179516
1 0.16359883287678595 0.5066437721252441 0.011246857435806938 0.011126435321310291
1 0.4503302366837211 0.7210794739101245 0.010511398315429688 0.010352217632791271
1 0.22625689921171768 0.9029044275698455 0.010355182315992273 0.011395661727241848
1 0.2438948880071225 0.7645865730617358 0.010289482448412024 0.009633520375127378
1 0.13784035392429517 0.89141381305197 0.010801315307617188 0.011674051699431046
1 0.10399288198222287 0.40479328321373975 0.010686449382616125 0.011624128922172215
1 0.20091321157372513 0.9408627385678499 0.011617930039115574 0.011202273161514946
1 0.11534884701604428 0.2215946031653363 0.010172989057457966 0.010250091552734375
1 0.1590137999990712 0.5583384762639585 0.010204460309899372 0.010137682375700577
1 0.15510858660158905 0.8164797865826152 0.00973968920500382 0.009974894316300102
1 0.34645060482232465 0.0442393642404805 0.008825522402058477 0.009143375832101574
1 0.2938354429991349 0.07009117240491121 0.008264894070832626 0.008527128592781399
1 0.2903643691021463 0.9830024968022887 0.010995740475861923 0.010069556858228601
1 0.1706249662067579 0.6130849174831224 0.009832330372022547 0.010665064272673233
1 0.08693412853323895 0.036128316236578896 0.008784589560135551 0.009212074072464653
1 0.4588187777477762 0.521909817405369 0.010529601055642834 0.010771668475607166
1 0.10599594012550685 0.16423826632292374 0.0092349156089451 0.009073796479598335
1 0.5201647592627484 0.6830578886944315 0.010338949120563011 0.009124299754267153
1 0.19368599808734394 0.7312445433243461 0.009860515594482422 0.009604827217433764
1 0.2776229796202287 0.6489208988521409 0.010134593300197437 0.010267278422480043
1 0.14638398522916046 0.686488089354142 0.010145384332408075 0.010177073271378227
1 0.15875722014385724 0.306223319924396 0.010193907696267834 0.013181790061618969
1 0.13284424595210864 0.8792991016222083 0.010160643121470575 0.010989189147949219
1 0.09473458062047543 0.9755732494851819 0.012357162392657738 0.012049301810886547
1 0.33886022347471 0.1907867659693179 0.009124544651611992 0.00905789499697478
1 0.2044409565303637 0.6320718682330587 0.009795251099959663 0.010009185127590015
1 0.21811539193858273 0.7956649738809338 0.00987931956415591 0.009675108868142834
1 0.21185946464538574 0.95027146132096 0.010202760281770126 0.010290104409922724
1 0.22357855672421661 0.8896811941395635 0.010242793871008831 0.01019651993461277
1 0.24024561177129328 0.11582045451454492 0.007860308108122452 0.008353865664938221
1 0.14643949529399042 0.34340683532797767 0.009425629740175993 0.009796044100885805
1 0.20106278295102328 0.7894835886747942 0.009860577790633492 0.010787756546683933
1 0.5357312326845914 0.6685672842937967 0.010442402051842731 0.01086749201235564
1 0.12971551521964694 0.08605912198191104 0.010523775349492613 0.010830552681632664
1 0.12520120454871136 0.055157876533010734 0.00938421746958857 0.009648276411968729
1 0.2558370362157407 0.6887882481450619 0.009516031845756199 0.009866631549337635
1 0.4296901433364204 0.08708065489064092 0.008187356202498726 0.007644135019053583
1 0.16498535612355109 0.550510136977486 0.010630731997282608 0.011698059413744055
1 0.23091597142426865 0.15572908650273865 0.009920970253322435 0.010446237481158714
1 0.22889307270879328 0.10442707331284233 0.009587661079738451 0.009781142939691958
1 0.25313733971637226 0.14270155326179837 0.008049840512483017 0.008298189743705418
1 0.33415934313898504 0.1427774481151415 0.00937609050584876 0.009514279987501062
1 0.1760012533353722 0.5903714325117029 0.009484799011893894 0.01014404711516007
1 0.3704513259555982 0.05897051095962524 0.008108097573985224 0.007357664730237879
1 0.15147963295812192 0.7164305811342986 0.009855923445328423 0.010470348855723505
1 0.2356108893518863 0.983971761620563 0.011976304261580757 0.011514995409094769
1 0.13549188945604407 0.3832481555316759 0.009345552195673403 0.009813987690469494
1 0.09618019539376965 0.1952440531357475 0.009631685588670813 0.010209477466085682
1 0.48566536281419836 0.7668720950251039 0.010996611221976902 0.011207870815111242
1 0.5556306113367495 0.6830267076906951 0.010534307231073793 0.0114282110463018
1 0.1114725340967593 0.05006631042646324 0.008821425230606743 0.00974578442780868
1 0.14270304596942404 0.27571412791376526 0.00969453479932702 0.010544984237007473
1 0.142587019049603 0.9310882195182469 0.01163314736407736 0.011418425518533459
1 0.2814711176830789 0.755914542985999 0.009637687517249065 0.009859043618907099
1 0.5245434097621753 0.8271007330521293 0.009934757066809612 0.0110620001088018
1 0.28649021231609845 0.18615805584451425 0.008068250573199728 0.00820823337720788
1 0.2297366598378057 0.7637832683065663 0.01082337420919667 0.010581016540527344
1 0.22480295015418011 0.7036855531775433 0.00894903100055197 0.010544984237007473
1 0.10644485121187958 0.2616959758426832 0.009576393210369608 0.010202387104863707
1 0.2048722868380339 0.9657242194465968 0.010844168455704399 0.01085501131804093
1 0.13240096880042035 0.2841572450554889 0.009753247965937075 0.0100055570187776
1 0.3122903367747431 0.9821682183638863 0.01096020574155061 0.011602360269297724
1 0.47751499258953595 0.669596765352332 0.010060559148373812 0.010535924331001614
1 0.3288617822463098 0.21067417186239493 0.00934097786312518 0.009539956631867783
1 0.3986916775288789 0.033822546834531036 0.007067768470100735 0.007298635399859884
1 0.25233982956927753 0.646878138832424 0.009050804635752802 0.01011645275613536
1 0.2975506367890731 0.9708207793857742 0.011218527088994566 0.013632442640221638
1 0.14913654845693838 0.671508021976637 0.010041039922963018 0.010890089947244396
1 0.11806859140810758 0.028602412213449897 0.009090547976286514 0.009391797625500223
1 0.07850485003512837 0.13212896429974097 0.009907033132470173 0.01166665035745372
1 0.19182323372882343 0.7584112208822499 0.009254745815111242 0.010089252306067425
1 0.48989857798037323 0.6990713243899138 0.009566472924273947 0.01018312703008237
1 0.3528025033681289 0.011359239402024643 0.00845464157021564 0.009766705658124842
1 0.2606317685998004 0.9085955619812012 0.01079322980797809 0.010242669478706692
1 0.16018962860107422 0.38715751274772314 0.01053024374920389 0.010297547216000765
1 0.11718185051627782 0.14226162433624268 0.009646560834801716 0.010162363881650179
1 0.40688202692114794 0.0705775463062784 0.007950430331022842 0.007565700489541759
1 0.36589914560317993 0.15412546240765113 0.00857332996700121 0.008796090665070908
1 0.2591963332632314 0.7216041606405507 0.009821290555207626 0.009966684424358866
1 0.41279692235200294 0.15462542098501456 0.0078120853589928665 0.0069827929787013845
1 0.11481644799516313 0.9263898187352804 0.010120930814456646 0.00929649990630598
1 0.23047987274501636 0.7772875661435334 0.010448600934899372 0.010413957678753395
1 0.39972947991412616 0.16956488982490872 0.008205911387567934 0.009090506512185802
1 0.2522898756939432 0.7969908299653428 0.009304336879564367 0.010163555974545687
1 0.3128094154855479 0.8983595474906589 0.011979040892227837 0.011806985606317934
1 0.13183627439581833 0.7542930063994036 0.009436928707620373 0.010379418082859204
1 0.5216588766678519 0.6703596737073816 0.01015484851339589 0.011318994605022926
1 0.5012804114300272 0.7134551172671111 0.011312982310419497 0.009838601817255434
1 0.17655167372330374 0.5651362978893778 0.011243115300717562 0.010642860246741253
1 0.2035152601159137 0.7245233369910199 0.010098871977432915 0.010253325752590015
1 0.15421590597733206 0.7299340704213018 0.010636163794476051 0.010230603425399117
1 0.5049722091011379 0.6855562458867611 0.00957663162894871 0.00993073504904042
1 0.12157814399055812 0.7475767550261125 0.009942884030549423 0.01047714896824049
1 0.21925135280774988 0.7816116913505222 0.010165442591128141 0.010114421015200407
1 0.26631861147673236 0.6401863512785537 0.009190642315408459 0.00984117259149966
1 0.07701257778250653 0.06345191468363223 0.009094036143759022 0.010195540345233421
1 0.33100401205213176 0.04305324865424114 0.010275148503158405 0.010535789572674294
1 0.1425160791562951 0.3543127230975939 0.009521805721780529 0.010238797768302586
1 0.2296006679534912 0.7214779024538787 0.009276576664136804 0.009684396826702616
1 0.1484828980072685 0.8836844485739002 0.011028092840443487 0.010987489119819973
1 0.1458259043486222 0.23722320017607312 0.010375644849694294 0.009946470675261124
1 0.2910020869711171 0.9559981719307277 0.010312495024307915 0.01093781512716542
1 0.09834475620933202 0.1543303106142127 0.009033130562823751 0.010016949280448582
1 0.28271169247834577 0.9464357002921726 0.010327670885168987 0.010295909384022589
1 0.07696183349775232 0.3222372784562733 0.012048721313476562 0.014058640469675478
1 0.43486134902290663 0.09838466540626857 0.008939245472783628 0.008934591127478558
1 0.18034059068431024 0.9595976705136506 0.011171154353929602 0.011208161063816235
1 0.4306672137716543 0.07444672740024069 0.009308193040930706 0.009462952613830566
1 0.2045939486959706 0.5471279932105023 0.009535665097443954 0.009616976198942764
1 0.3441855129988297 0.11873354600823445 0.008409448291944422 0.009459982747616976
1 0.11857952242312225 0.8599993456964907 0.009088371110999065 0.009310473566469938
1 0.09085446855296261 0.1469702150510705 0.009177311607029127 0.010074480720188305
1 0.09041068864905316 0.11632107133450714 0.010035784348197605 0.010055842606917671
1 0.3518412631490957 0.19341122585794196 0.008931367293648098 0.010091201118800953
1 0.2135254300158957 0.7292521518209706 0.010223077691119652 0.010548384293265965
1 0.12265613286391547 0.26610450122667395 0.00924173645351244 0.009577730427617613
1 0.34120528594307276 0.08114381976749586 0.008863449096679688 0.008921167124872622
1 0.2980485895405645 0.9458588931871498 0.010249987892482593 0.010144814201023266
1 0.13765900031380032 0.3232457206948943 0.009561849677044413 0.012553605696429377
1 0.1478526333104009 0.48072406001712964 0.011759685433429222 0.012613410535066025
1 0.1960277972014054 0.5270491475644319 0.009991355564283289 0.010455421779466711
1 0.11710555657096533 0.31546230938123615 0.009764484737230383 0.010700329490329907
1 0.19311201054116953 0.9500539406486179 0.011532265207041864 0.01100710163945737
1 0.23634673201519513 0.6686205656632133 0.00956545705380647 0.009947237761124321
1 0.2958958252616551 0.9296708521635635 0.009798671888268513 0.008857768514881964
1 0.11071851979131285 0.9144037080847699 0.011362366054369055 0.01243516673212466
1 0.22829811469368316 0.11674522316974142 0.009173413981562075 0.009846687316894531
1 0.5188181089318317 0.8497470565464187 0.010197349216627039 0.010114545407502548
1 0.12885538909746252 0.2982189137002696 0.009680737619814665 0.010058361551036005
1 0.10270358168560526 0.29700254357379413 0.010327878205672554 0.0102507964424465
1 0.2541743361431619 0.9595593576845916 0.010039785633916441 0.01129225026006284
1 0.2531209199324898 0.975138000819994 0.010305031486179516 0.009952545166015625
1 0.32321879947962967 0.16653703088345734 0.010530301410218944 0.008756958920022716
1 0.07932272683019223 0.8464125964952551 0.012063710585884426 0.01160493104354195
1 0.23905545732249384 0.8523998675139053 0.009667790454366932 0.009497020555579144
1 0.11200720330943233 0.06429435377535614 0.008638568546461023 0.008856835572615913
1 0.32486556276031164 0.08251381179560786 0.010433225528053616 0.009759835574937903
1 0.32143826296795963 0.18611803262130075 0.011547818779945374 0.008455255757207457
1 0.12887743245000427 0.022616282753322437 0.011042408321214758 0.012004779732745628
1 0.3596306261808976 0.13823905716771664 0.009669262429942255 0.009891997212949007
1 0.424587783606156 0.1334524206493212 0.007862516071485437 0.008509273114411728
1 0.12181845955226732 0.4438484233358632 0.010998083197552223 0.012539946514627209
1 0.46805802635524585 0.6548059712285581 0.009974313818890116 0.010400274525518003
1 0.2806008484052575 0.9344828439795454 0.010198987048605213 0.01016985851785411
1 0.13589324121889862 0.8526925004046896 0.009891717330269192 0.010783775993015454
1 0.3606747129689093 0.1809776554936948 0.008573656496794327 0.00887273705523947
1 0.07653037102326103 0.19160516365714694 0.010676876358363941 0.010609274325163467
1 0.3456684538851614 0.1530904718067335 0.00904772981353428 0.008579140124113663
1 0.10089864938155463 0.14167376186536706 0.00978857537974482 0.010416466256846552
1 0.3321448434954104 0.15678184965382452 0.00965558445971945 0.009425453517747961
1 0.27615644620812463 0.7673634446185568 0.00979440108589504 0.009526501531186312
1 0.3486254966777304 0.05512209819710773 0.008889027263807215 0.00936554307522981
1 0.15659973932349164 0.7846739188484524 0.009572443754776665 0.009907805401345959
1 0.4736801230389138 0.8083532374838123 0.009791913239852242 0.010888016742208729
1 0.0960822520048722 0.9593437236288319 0.010608299918796704 0.01121682706086532
1 0.33415429488472315 0.1759135463963384 0.009170117585555367 0.00979849566584048
1 0.13992843420609183 0.9097231989321503 0.009720449862272842 0.012345189633576767
1 0.37892639377842785 0.13885968664418097 0.00844257292540177 0.008073557978091032
1 0.1897355991861095 0.6214232652083688 0.00985543624214504 0.009291068367336107
1 0.13203480451003366 0.697147099868111 0.010703470395958942 0.011284911114236584
1 0.18654945622319763 0.7482229108395785 0.009449834408967392 0.009738051373025646
1 0.23249044625655466 0.7311823264412257 0.009371156277863876 0.010059895722762398
1 0.24959245972011398 0.1162063038867453 0.009155169777248217 0.008447958075481913
1 0.24727484454279358 0.7278061949688456 0.009449896605118462 0.009487525276515795
1 0.5074753761291505 0.6726719607477604 0.010654076285984204 0.009591351384701937
1 0.25688320657481317 0.636018245116524 0.008593517801036005 0.009348475414773693
1 0.3507754141869752 0.16609964163407034 0.008937807186790134 0.00873708724975586
1 0.18057581652765686 0.8211166962333347 0.011868041494618292 0.011075807654339333
1 0.06730820562528528 0.8903964498768682 0.009454525035360584 0.011108896006708559
1 0.41950698002525 0.08170778855033543 0.007712374562802522 0.008159595987071161
1 0.27997108127759845 0.6617370377416196 0.009121728980022928 0.011240275009818699
1 0.5208667879519254 0.7044276983841605 0.00966855754023013 0.009862111962359884
1 0.19037260179934296 0.9696038909580398 0.01036127753879713 0.010685423146123472
1 0.4141777494679327 0.04000059029330379 0.008217894512674084 0.00785191940224689
1 0.3973377450652745 0.0906265326168226 0.00793307242186173 0.008139459983162258
1 0.3647368783536165 0.032828669185223786 0.008821052053700323 0.008322796095972475
1 0.2755837958791982 0.7015944978465205 0.009394459102464758 0.010029626929241676
1 0.26681563128595764 0.12924794528795325 0.009364895198656164 0.009056049844493036
1 0.3957200879636018 0.1784892185874607 0.008747474006984545 0.009562347246252972
1 0.16448398776676346 0.5383232987445333 0.009094207183174465 0.010188849075980808
1 0.8994443105614703 0.026516392827033997 0.009795603544815727 0.010476543851520703
1 0.1192459593648496 0.23486113548278809 0.010187428930531378 0.010052535844885784
1 0.2801923959151558 0.1309446148250414 0.008313179016113281 0.008184951284657354
1 0.5436043531998344 0.6787684067435886 0.011966788250467052 0.01147900456967561
1 0.491250286931577 0.6508230541063392 0.010356156722359035 0.010533208432404892
1 0.4753694741622261 0.5189929319464642 0.009625020234481148 0.010139237279477327
1 0.5040030894072159 0.6541795315949814 0.010129555411960766 0.01094494695248811
1 0.19149393620698352 0.489713886509771 0.011441914931587551 0.010606620622717815
1 0.3535759876603666 0.0838349876196488 0.009037730486496635 0.008994833282802416
1 0.3039759760317595 0.18518668672312855 0.007990795633067255 0.008554728134818699
1 0.1256887860920118 0.41671739453854767 0.009789021118827488 0.009853570357612942
1 0.9282349088917607 0.060703425303749406 0.010809566663659138 0.009920674821604853
1 0.2381066654039466 0.8782616076262102 0.011311489602793818 0.011491775512695312
1 0.17642061606697418 0.7786738354226818 0.00968852250472359 0.010662576426630434
1 0.317339565442956 0.1455864491670028 0.008937213731848675 0.008330821990966797
1 0.09321034472921622 0.02019925804241844 0.008180618286132812 0.009291035973507425
1 0.9337613064309825 0.012729503214359283 0.009744312452233356 0.011033833674762562
1 0.28764745463495667 0.738616010417109 0.00975637850554093 0.010382320569909138
1 0.2907320831132971 0.84896763511326 0.010035742884096891 0.010475324547809105
1 0.2126934113709823 0.6043036606000818 0.009476226309071417 0.009882284247356913
1 0.14184496195419974 0.8083707767984142 0.009420550387838612 0.010241176771081013
1 0.4861222920210465 0.8304844109908395 0.010860847390216331 0.011182411857273266
1 0.267051593117092 0.14864578972692075 0.007887259773586107 0.008360914562059485
1 0.27946829795837397 0.20687525168709134 0.00854796948640243 0.00852060317993164
1 0.09223922439243483 0.8820327261219854 0.012527673140816067 0.012082307235054348
1 0.10640840945036516 0.13004492158475128 0.010265474734099014 0.009784957636957583
1 0.3580471342024596 0.09628286050713579 0.00881954120553058 0.008521194043366806
1 0.479031723478566 0.6387684759886368 0.01116353532542353 0.009782397228738537
1 0.09081350979597672 0.9479984407839568 0.010531202606532886 0.010777805162512737
1 0.4865179632021033 0.9369023986484692 0.010327681251194164 0.011252569115680199
1 0.5114059448242188 0.7353710713593857 0.010933751645295517 0.011912760527237602
1 0.5079298537710438 0.916192158408787 0.010891105817711872 0.010598929032035496
1 0.06763113322465317 0.8704810142517091 0.009498632472494373 0.013568587925123133
1 0.301527272100034 0.8588118345841116 0.013855685358462126 0.010836725649626358
1 0.29141371146492334 0.8248835439267366 0.010361940964408543 0.010698069696841032
1 0.27654339956200635 0.21797376093657117 0.008885694586712381 0.00960621626480766
1 0.26630171485569165 0.09442904721135678 0.008239082668138586 0.009333610534667969
1 0.37971426611361303 0.17314413837764575 0.009743389875992485 0.00903642695883046
1 0.10193061310312021 0.2262128436047098 0.009465932846069336 0.010427620099938435
1 0.15331051142319388 0.5790600776672362 0.012531726256660793 0.012405934541121773
1 0.4526204337244448 0.5094459989796514 0.0099140042844026 0.010893572931704313
1 0.30502566047336743 0.16837121611056122 0.00795119741688604 0.008230530697366466
1 0.3090031009004691 0.9288510872727406 0.009786783137440847 0.00976623074333623
1 0.1282280735347582 0.31288197766179626 0.010057200556216032 0.010534804800282354
1 0.31748630689538043 0.09344515074854311 0.008962714153787365 0.009233422901319422
1 0.08411831700283548 0.15815408851789392 0.009555272434068762 0.01051157453785772
1 0.17545438331106436 0.8006548881530762 0.00952916559965714 0.010434233624002209
1 0.34445457613986474 0.10341899291328761 0.008662674738013226 0.009248733520507812
1 0.22735001729882282 0.861147051272185 0.009502638941225798 0.009752688200577446
1 0.24494352548018747 0.8966939760291058 0.012970240219779636 0.01138032000997792
1 0.10703036059503969 0.4311953264734019 0.010709016219429348 0.010711555895598038
1 0.5035049915313721 0.8321184282717498 0.0099529390749724 0.009915351867675781
1 0.9275248361670453 0.0821984358455824 0.009928039882494055 0.011223995167276134
1 0.361652382042097 0.11630887570588486 0.008248023364854895 0.00882200572801673
1 0.10477775594462521 0.18889690482098126 0.008766039558078932 0.00953661877176036
1 0.15366234468377155 0.8408413969952128 0.009551348893538765 0.01015410215958305
1 0.3595304165197455 0.062207841354867684 0.008302255817081617 0.008314697638801907
1 0.1659166242765344 0.33347451168557873 0.010569976723712425 0.011951570925505264
1 0.3864845141120579 0.17603259501249893 0.008649587631225586 0.007844987122908882
1 0.9326358048812204 0.09208910879881485 0.009391867596170177 0.011287202005800993
1 0.3535903212816819 0.03351504776788795 0.008927202743032703 0.009037289930426556
1 0.9093781346860139 0.0392327904701233 0.009681121162746264 0.010133178337760593
1 0.5069475070289944 0.7893950213556704 0.009741513625435207 0.010092403577721638
1 0.4080505267433498 0.029193389674891598 0.008579979772153109 0.008050967817721159
1 0.20467012861500614 0.5356486361959706 0.010652479918106743 0.010146597157353941
1 0.07009921903195587 0.8630201298257579 0.011211778806603474 0.011783890102220617
1 0.29032139156175696 0.10019087791442871 0.008592729983122452 0.008656812750774881
1 0.3067692362743875 0.15467002080834433 0.009257834890614386 0.008424012557319973
1 0.1250816065332164 0.8517389504805857 0.009064083514006241 0.009810862333878227
1 0.14485146688378375 0.2294903630795686 0.00927282416302225 0.013464305711829144
1 0.21529847642649774 0.8416942720827849 0.009993408037268597 0.010456458381984546
1 0.12348770576974621 0.2774515877599302 0.009735449500705885 0.009910231051237686
1 0.23229819795359735 0.6980858471082605 0.009137547534445057 0.010798868925675102
1 0.14912565894748853 0.5133566856384277 0.012979984283447266 0.011982834857443104
1 0.4410184259000032 0.028498021156891533 0.009044813073199728 0.008453475392383078
1 0.21319164400515347 0.7502791363260021 0.010264334471329399 0.010455421779466711
1 0.2606848322826883 0.18882858234903085 0.009130540101424507 0.008817320284636124
1 0.0921895814978558 0.8319540853085724 0.011636713276738707 0.01053345721700917
1 0.14304897577866263 0.7064150519992993 0.010619961697122326 0.009943174279254416
1 0.17319962252741278 0.6316481569538945 0.009386415066926376 0.010616489078687586
1 0.2792027514913808 0.6705084987308669 0.00912711931311566 0.009366014729375425
1 0.39111243382744165 0.053357883639957596 0.007604718208312988 0.007262266200521717
1 0.2902223649232284 0.19786038606063183 0.00834711738254713 0.008612176646356997
1 0.28156728329865827 0.17219890200573462 0.008681421694548233 0.008065835289333178
1 0.34709253777628357 0.13655174815136456 0.008801817893981934 0.009868507799894913
1 0.9291043903516687 0.39598292371501087 0.01088026295537534 0.011676425519196884
1 0.3599945747334024 0.07575432113979173 0.008382678031921387 0.009487877721371859
1 0.1229522591051848 0.7075738077578337 0.010167360305786133 0.011070583177649456
1 0.27217002536939544 0.9547794383505116 0.010190258855405062 0.010127730991529383
1 0.17127324187237286 0.6457899549733038 0.010091885276462719 0.009900176006814709
1 0.18153380311053735 0.5775635035141654 0.00975843097852624 0.010081726571787958
1 0.3748620904010276 0.15946351445239523 0.007949248604152514 0.00815371845079505
1 0.16257189667743188 0.8471120544101882 0.009865449822467306 0.009791788847550102
1 0.4907525207685387 0.6887408546779468 0.009074853814166525 0.008955748184867527
1 0.09374399807142175 0.044336068889369126 0.010413916214652683 0.00874269786088363
1 0.22282049966895062 0.7383792296699856 0.009728867074717646 0.009643637615701427
1 0.48337244987487793 0.8960178209387738 0.009977029717486837 0.010277292002802309
1 0.12297632383263629 0.2550426566082498 0.009432999984077785 0.01029980700948964
1 0.16274052080900772 0.5262664401012919 0.009352559628693954 0.010898279107135277
1 0.2865169359290082 0.06084737311238828 0.009089262589164402 0.009569131809732189
1 0.1356944104899531 0.7158366078915802 0.010047622348951258 0.01245606463888417
1 0.14937218894129212 0.36751268739285675 0.011021645172782566 0.009595756945402725
1 0.12221562344094983 0.21136049602342688 0.010447937509287958 0.012043455372685972
1 0.40103984915691876 0.01501637988764307 0.00865409685217816 0.00883339215879855
1 0.28180865619493567 0.22829771041870117 0.009213053661844006 0.008842426797618036
1 0.25699246448019275 0.7055576780567998 0.009705543518066406 0.010142326354980469
1 0.11890411895254385 0.39705448824426404 0.009503457857214886 0.010527035464411196
1 0.27647228862928314 0.15464818477630615 0.007862816686215609 0.007981580236683722
1 0.2971303255661674 0.08811800635379294 0.00855398178100586 0.00895114048667576
1 0.10389596482981807 0.8418875984523606 0.009679462598717731 0.009591973346212635
1 0.13068466082863187 0.3307308217753534 0.009682126667188562 0.012797625168510105
1 0.3028602600097657 0.9799373460852582 0.009706745976987093 0.010236076686693274
1 0.15624075868855353 0.3995644320612369 0.009849040404610012 0.01093304675558339
1 0.4371795861617378 0.014281243409799494 0.013364418693210766 0.009385665473730667
1 0.4964593286099641 0.7677087369172471 0.010890649712604027 0.012651277625042458
1 0.08222499360208925 0.877061532891315 0.009988344233968983 0.010213147038998812
1 0.12830181743787683 0.8418303365292756 0.009942179140837296 0.009548353112262228
1 0.48340520133142884 0.8637232365815537 0.010194622952005138 0.010857416235882301
1 0.2917524524357008 0.835273265838623 0.009889830713686735 0.0105011566825535
1 0.1250224890916244 0.16142440878826636 0.01066594538481339 0.009754906529965609
1 0.2123294913250467 0.5938317672066067 0.009467249331266983 0.010162768156632133
1 0.08696615436802738 0.19511221802752948 0.010300506716189177 0.010214743406876274
1 0.4051387413688328 0.05965354909067568 0.007615006488302479 0.008382698763971743
1 0.2558735246243684 0.6758998787921406 0.009514746458634087 0.010064829950747282
1 0.3924292481463889 0.07333097509715868 0.007885352424953295 0.008177150850710661
1 0.1636400844739831 0.75393705782683 0.009835740794306215 0.00996498439622962
1 0.39946602738421894 0.1572916144910066 0.007720967997675357 0.007917456004930578
1 0.11445632706517758 0.24656886639802353 0.009237196134484333 0.010144067847210426
1 0.09604342605756676 0.25622287003890326 0.009839648785798447 0.010245323181152344
1 0.9328390411708667 0.4062956830729608 0.009523018546726393 0.010311271833336872
1 0.2966072248375934 0.9192336331243101 0.009607605312181555 0.010436804398246433
1 0.06776540953180066 0.04090639041817706 0.009430579517198645 0.009843447934026304
1 0.09716000245965045 0.03325959133065265 0.00909814627274223 0.010452125383460003
1 0.2646288664444634 0.21710332580234692 0.00934625708538553 0.010786989460820738
1 0.32325308672759845 0.19947994273641836 0.009513718926388285 0.008598099584164827
1 0.37172712709592737 0.10036729211392612 0.008074112560438074 0.008206232734348463
1 0.15400459973708444 0.33048529275085614 0.011430875114772632 0.009662733129833056
1 0.13190379868382995 0.3578453271285347 0.009072189745695694 0.009387762650199558
1 0.20462661204130753 0.7553209429201873 0.010337228360383408 0.010126901709515114
1 0.18633561548979385 0.7211320296577788 0.01060529377149499 0.010464378025220789
1 0.40924323123434314 0.1645171694133593 0.007548332214355469 0.007358043090156887
1 0.44476661993109656 0.04300940425499626 0.009683619374814241 0.009831866492395815
1 0.3503344784612241 0.18074061559594193 0.008962382440981657 0.008424116217571756
1 0.1161534008772477 0.19860319469286047 0.009157730185467264 0.009315449258555536
1 0.4869268769803254 0.6702178146528162 0.011415543763533882 0.013907619144605554
1 0.23847008788067364 0.09656657861626666 0.009206046228823454 0.009499000466388205
1 0.16140003308005954 0.4742416506228239 0.010930424151213272 0.010154682656993036
1 0.28429180642832885 0.9643442941748578 0.01024864030920941 0.010214805603027344
1 0.32247763191876205 0.13314169904460077 0.009547028204669123 0.009277229723723038
1 0.3789529696754787 0.09289492731509003 0.008247904155565344 0.007688066233759341
1 0.4321160057316656 0.10942574169324791 0.007904871650364088 0.00743903284487517
1 0.2678214778070864 0.04112367526344631 0.009783661883810291 0.019127617711606232
1 0.4998131420301355 0.7361077847688096 0.009041703265646229 0.009266148442807405
1 0.12823778650035028 0.8288694257321564 0.009132551110309103 0.00922995028288468
1 0.0888168241666711 0.16870532346808392 0.00968343278636103 0.010016430979189665
1 0.29752293876979663 0.11002709036288055 0.007971141649329144 0.008657217025756836
1 0.15639505697333295 0.8045121275860331 0.010056671888931938 0.010016441345214844
1 0.11095039740852686 0.015202524869338326 0.008504141931948454 0.008562507836715035
1 0.24387374131575876 0.8408057586006497 0.009389255357825237 0.009796723075534986
1 0.9332799911499023 0.32163451028906787 0.009294426959493885 0.013718501381252125
1 0.4101457077523936 0.1384426666342694 0.008022287617559019 0.007566794105198072
1 0.11663379358208698 0.0743251779805059 0.009219553159630817 0.009386352870775305
1 0.3030620761539625 0.0981584528218145 0.00865005410235861 0.008909847425377888
1 0.08871092744495558 0.07059966740400894 0.00880295815675155 0.00930841591047204
1 0.11649657332378886 0.6905362295067827 0.00955542274143385 0.009136490199876867
1 0.0980875543926073 0.07667726019154424 0.008239238158516262 0.011782459590746008
1 0.2846280180889627 0.9738936216934867 0.010279074959132984 0.010618790336277172
1 0.12989102757495383 0.6797357020170793 0.010060839031053625 0.010261328324027683
1 0.4523652325505796 0.4764804684597513 0.009709606999936312 0.01159579857535984
1 0.13292364452196204 0.1817630684894064 0.008319605951723845 0.009335352026897928
1 0.10385098664656928 0.12024498504141104 0.009512320808742357 0.009717516277147375
1 0.08297250322673631 0.27484645014223846 0.009630104769831118 0.010572309079377548
1 0.25922737950864044 0.09212249258290164 0.008930330691130264 0.009382932082466457
1 0.14338920427405316 0.3096940413765285 0.017266273498535156 0.011153967484183933
1 0.14682158698206363 0.46724535071331524 0.010987022648686949 0.012253305186396059
1 0.26605556322180707 0.15944705838742462 0.007882657258406929 0.007660782855489979
1 0.21574686227940948 0.826905178019418 0.00821259397542905 0.008468855917685716
1 0.2461722311766251 0.10454215692437213 0.009149820908256199 0.008551877477894659
1 0.25172794383505115 0.1273246899895046 0.009504090184750765 0.009198427200317383
1 0.3030015385669211 0.07683782992155655 0.008540423020072605 0.01026178442913553
1 0.1909716543943986 0.5780175457830015 0.009305642998736837 0.01026141125222911
1 0.15137357297150986 0.7940693108931833 0.009237621141516644 0.010035597759744396
1 0.5002400253130042 0.9068338560021442 0.010262136873991592 0.011648426885190218
1 0.4754652199537857 0.687048808388088 0.009636785673058552 0.009744519772736923
1 0.10269798403200894 0.05763138377148172 0.008933191714079483 0.009645151055377462
1 0.24391978719960086 0.719259904778522 0.009517503821331522 0.010709140611731487
1 0.46435379463693366 0.023256665338640632 0.0115530076234237 0.008978811295136162
1 0.10667147843734077 0.8532095992046854 0.009949974391771399 0.009380464968474014
1 0.42692367408586585 0.11959203429844069 0.007974987444670303 0.007571199665898862
1 0.3663318260856297 0.08745818034462305 0.0084869965263035 0.008235133212545643
1 0.17180229269939917 0.46610108665798017 0.009197608284328295 0.008882398190705673
1 0.9152153678562329 0.06475032412487527 0.01066315692404042 0.012806342995685081
1 0.27609242563662323 0.8368867376576299 0.010436472685440727 0.010840457418690557
1 0.4706001800039541 0.7990501237952191 0.009561393571936565 0.011280557383661684
1 0.3381515093471693 0.16322262390800144 0.009353746538576872 0.009302761243737263
1 0.15532871432926343 0.8277934115865956 0.009313738864401112 0.010332273400348167
1 0.38491891000581824 0.14929698342862335 0.009170019108316173 0.008638558180435844
1 0.09572845438252324 0.2702701402747113 0.009489712507828423 0.009568090024201767
1 0.1217998162559841 0.1787381534991057 0.009099099947058636 0.01008822606957477
1 0.14784441305243454 0.40646884752356494 0.009325867113859757 0.00996888202169667
1 0.4099456978880841 0.05116834588672805 0.008197468260060186 0.00988714073015296
1 0.47344179257102637 0.5003442038660464 0.008819590444150179 0.009930672852889351
1 0.283571429874586 0.10926166824672533 0.008498979651409647 0.008555225704027258
1 0.5062707818072775 0.7638410692629607 0.010139797044836956 0.012535468391750171
1 0.385721945244333 0.16321943117224652 0.008015907329061756 0.008348693018374235
1 0.9213790064272673 0.036383703998897385 0.010154143623683765 0.010437737340512484
1 0.07703891526097836 0.9226415260978367 0.010173165279885998 0.010335963705311651
1 0.41458160980888037 0.017532425730124764 0.010798454284667969 0.009067293094552082
1 0.07936881676964137 0.9533954495969027 0.013827660809392515 0.012035079624341883
1 0.45504416590151586 0.016539366348930027 0.008617152338442595 0.00823835445486981
1 0.18756023697231125 0.6103114459825598 0.00963009958681853 0.00965918665346892
1 0.4894858339558477 0.7475892357204272 0.011495113372802734 0.021894289099651833
1 0.16932322667992633 0.38996057925016975 0.011069401450779125 0.011314060377038044
1 0.2564805797908617 0.1687015554179316 0.007982979650082796 0.008126963739809782
1 0.4271082878112793 0.02735428188158118 0.007612186929453974 0.00745739107546599
1 0.15549055908037268 0.4126064051752505 0.009451192358265753 0.010287823884383492
1 0.4306260451026585 0.037200954945191086 0.008913527364316194 0.009033578893412714
1 0.30174857637156616 0.13962395813154138 0.008371083632759426 0.009024630422177523
1 0.17635364292748637 0.662241051184017 0.00813124948663933 0.007977683691268765
1 0.2675734084585439 0.1790188291798467 0.008945817532746689 0.00869676341181216
1 0.10846563525821852 0.15054479370946466 0.009512414102968962 0.010171568912008534
1 0.10922877684883449 0.08544618150462274 0.00923187836356785 0.010217106860616932
1 0.15361591007398523 0.32013470193614135 0.01121390384176503 0.009782086247983187
1 0.5219361160112463 0.8407619517782459 0.01079101147858993 0.015985862068507984
1 0.18571640097576642 0.5983982189841892 0.009407582490340523 0.00991690677145253
1 0.15099903293277905 0.6303316613902217 0.010513025781382685 0.011940168297809105
1 0.31985225884810736 0.1141009745390519 0.008007692254107931 0.008139713950779127
1 0.4031912554865298 0.15043857823247495 0.007159813590671705 0.006894381149955418
1 0.28622078895568853 0.08731147517328677 0.008695291436236837 0.008904726608939793
1 0.1776668247969254 0.6212936276974886 0.009456188782401707 0.010093315787937329
1 0.2579866595890211 0.1036716077638709 0.008534410725469175 0.00870519099028214
1 0.13783137176347812 0.8354102632273799 0.009087241214254627 0.009055386418881624
1 0.26176367635312286 0.1152610156847083 0.00942856332530146 0.008863697881283968
1 0.14575299491053043 0.5388462543487549 0.009533809578937033 0.009541988372802734
1 0.12727427482604983 0.22390922256138013 0.009720885235330334 0.010600069294805113
1 0.13769074108289636 0.36647591642711475 0.010114068570344345 0.009106537570124086
1 0.3146618345509405 0.20420896488687268 0.00954963849938434 0.008504598037056301
1 0.10614922772283139 0.4186384781547215 0.01031494140625 0.010162353515625
1 0.371327192887016 0.07409546686255414 0.007851890895677649 0.00848562821097996
1 0.09170753022898799 0.05992052088613096 0.00942062295001486 0.009826240332230278
1 0.09535854277403458 0.9264051603234331 0.010454333346822987 0.012715629909349524
1 0.09227745947630508 0.9649338100267493 0.010932435160097868 0.013106968091881794
1 0.10917823729307755 0.1770468172819718 0.01038050651550293 0.00911687768023947
1 0.10794888641698472 0.28568637839642613 0.008635505596845375 0.00832887218379575
1 0.3771340354629185 0.12025565168131953 0.0076541019522625466 0.007853787878285284
1 0.1366727818613467 0.742992297462795 0.01348931893058445 0.009570868118949558
1 0.913944783418075 0.37934759388799255 0.010818896086319633 0.012590242468792458
1 0.9161424014879309 0.04856436278509056 0.01436453280241593 0.011624105598615564
1 0.20150408308569948 0.5864957576752705 0.007523711695393803 0.007996308004691614
1 0.14323394194893216 0.7540973580401875 0.00978789122208305 0.010766153750212296
1 0.38313419404237165 0.08186998056328815 0.008437996325285538 0.007826680722443954
1 0.4916214942932129 0.711611498957095 0.010145228842030401 0.012050877446713655
1 0.4222891227058742 0.04778599739074707 0.008210099261739979 0.007470462633215863
1 0.40287809786589257 0.10104597133138907 0.0077983192775560465 0.007112772568412449
1 0.07447435804035354 0.8830665712771208 0.010905737462251083 0.011671522389287535
1 0.2743611128433891 0.08239432003187097 0.009014627207880434 0.008529621621836786
1 0.4022457677385081 0.0776786182237708 0.007341576659161112 0.007980201555335003
1 0.12075755907141643 0.08470473341319872 0.009909982266633408 0.009371420611505922
1 0.40913867950439453 0.11284496991530707 0.0077580161716627035 0.007763292478478473
1 0.14314760332522186 0.37719054844068445 0.009594336799953295 0.009404887323794157
1 0.28295096107151196 0.14372997698576553 0.009529030841329823 0.008688636448072351
1 0.4856637197992076 0.7563114166259766 0.009525164313938307 0.013809618742569633
1 0.9206318647965142 0.07090932908265488 0.010771461155103601 0.011784532795781675
1 0.516290167103643 0.8060463407765264 0.011613597040591032 0.008975028991699219
1 0.0666979888211126 0.32386845609416137 0.009225477343020231 0.010279935339222784
1 0.29276576249495795 0.14790149357007898 0.008267817289932915 0.007343520288882049
1 0.46704454007356055 0.5091654736062755 0.009539313938306726 0.009526211282481318
1 0.9334679271863855 0.030366748571395874 0.008013725280761719 0.009664543296979822
1 0.4401999349179475 0.059499864992888084 0.00861557670261549 0.010322156159774117
1 0.09395786990290103 0.08580399596172832 0.009706455728282099 0.009625517803689709
1 0.5139532503874406 0.782677691915761 0.01096708878226902 0.01000213623046875
1 0.18287732290185016 0.48297577318937884 0.008989147517992102 0.010541045147439709
1 0.2705449125041132 0.06970503278400587 0.008505178534466288 0.009152013322581415
1 0.131719039834064 0.2589522341023321 0.009484622789465862 0.00981196113254713
1 0.23530989107878308 0.8421648274297299 0.009882304979407269 0.010661415431810461
1 0.3079987712528395 0.19660128717837128 0.008914263352103855 0.008149105569590693
1 0.4969832275224769 0.6733258081519087 0.010027781776759937 0.009897190591563349
1 0.269845029582148 0.8148984494416609 0.01062111232591712 0.012149396150008492
1 0.1693662923315297 0.7618916345679243 0.010063886642456055 0.009469612785007643
1 0.1567573651023533 0.5154598070227582 0.00953748951787534 0.010039619777513586
1 0.15744118068529211 0.646018245945806 0.01003097451251486 0.009635406991709833
1 0.45283028872116754 0.49277796952620795 0.009049674739008364 0.011587350264839504
1 0.2611188266588294 0.9540788816369097 0.010563767474630604 0.010441821554432745
1 0.23894466524538788 0.8993280244910199 0.013482280399488367 0.01169586181640625
1 0.27297599419303564 0.9721005481222401 0.012147468069325323 0.01538483992866848
1 0.13872376213903015 0.21894848865011465 0.010844551998635998 0.008677524069081182
1 0.14239159355992856 0.7976052657417629 0.009531757105951723 0.009443697722061821
1 0.1501488270966903 0.8311425291973612 0.011406089948571247 0.010290353194527004
1 0.46221583822499146 0.4865564678026282 0.008624615876570992 0.008590781170388927
1 0.1107151404671047 0.2723791391953178 0.00931791637254798 0.009717547375222912
1 0.08400789032811704 0.2820123174916143 0.010280619496884554 0.01150487816852072
1 0.3891361018885736 0.09909785830456277 0.00806898656098739 0.007996797561645508
1 0.4763945911241615 0.727288764456044 0.01048490275507388 0.009962289229683254
1 0.21730052906533945 0.8189561885336171 0.009404244630233101 0.013212660084600035
1 0.13249074376147726 0.21709490858990216 0.0122885393059772 0.009930009427277939
1 0.11798039208287779 0.16449323944423508 0.01020434628362241 0.010476423346478005
1 0.9200025848720386 0.37458115038664447 0.009120402128800102 0.00942342177681301
1 0.30421116041100543 0.9342693660570227 0.010091657223908798 0.011465072631835938
1 0.3963502593662428 0.10847556072732675 0.007374846416970959 0.007539977198061736
1 0.09139617629673172 0.011593001368253128 0.00838451800139054 0.007597653114277384
1 0.3236686752542205 0.11618338460507599 0.006033002682354139 0.0087811221247134
1 0.38828201156931813 0.031123696741492148 0.0072111876114555025 0.010015925635462221
1 0.2634311136992082 0.9665231912032418 0.00965918665346892 0.010459443797235903
1 0.2758271072221839 0.18852868287459668 0.007397133371104364 0.009629830070163893
1 0.12084264858909276 0.016197808410810387 0.009095119393390158 0.008153174234473187
1 0.3908023134521816 0.14611660397571066 0.008560071820798128 0.007078471391097359
1 0.09427559894064197 0.8631945485654084 0.010405250217603601 0.010369839875594429
1 0.08573983804039333 0.8664354241412617 0.01108389833699102 0.01019851021144701
1 0.274495383967524 0.11087973739789879 0.010366833728292713 0.008086629535840906
1 0.2580220284669295 0.654810615207838 0.008551659791365913 0.010317760965098505
1 0.5813705195551332 0.7000321719957435 0.007840778516686481 0.008267651433530062
1 0.08176145605418993 0.860630346381146 0.009625844333482824 0.011379200479258661
1 0.27375732297482697 0.14189083679862644 0.008625921995743462 0.009885622107464334
1 0.1326635454012 0.19022085355675739 0.007988670597905699 0.008214826169221298
1 0.30412207479062286 0.20530111893363617 0.008797562640646229 0.009577129198157269
1 0.1324841717015142 0.17200734822646432 0.0081588599992835 0.008783558140630308
1 0.3202098556186842 0.12423044702281125 0.007680644159731658 0.009695301885190218
1 0.2531757873037587 0.7239171733026919 0.014185428619384766 0.010128021240234375
1 0.3144203061642854 0.17767527310744577 0.008579834647800611 0.0077120635820471725
1 0.15552797006524127 0.755710622538691 0.01637466057487156 0.010400398917820141
1 0.521118454311205 0.7984769447990083 0.01090638533882473 0.009842209194017492
1 0.2878903935401114 0.21559310163131584 0.01008147778718368 0.008124392965565557
1 0.15587636698847232 0.5459049162657365 0.009238844332487686 0.009731852489969006
1 0.5901946192202361 0.017506400528161423 0.008325452389924423 0.008803065704262775
1 0.1881060081979503 0.5882222341454547 0.010037691696830418 0.009906727334727411
1 0.12282957719719927 0.040094700844391526 0.011921561282614002 0.008473336696624756
1 0.3524425548055898 0.11260681566984758 0.007951280345087465 0.009453151537024456
1 0.13744666265404742 0.2664513484291408 0.009480497111444887 0.01182487736577573
1 0.9236579148665719 0.025346888796142907 0.009729965873386549 0.009405502806539122
1 0.2633891831273618 0.6500405435976775 0.00873870434968368 0.009089677230171535
1 0.08882067773653113 0.2654099257096 0.009922602902288023 0.00984743367070737
1 0.2573007189709207 0.1750780188519022 0.00804057328597359 0.009851621544879416
1 0.17601911917976715 0.6035190665203592 0.00924224438874618 0.01110603498375934
1 0.06735103285830953 0.25954829091611115 0.008440323497938074 0.010270989459493885
1 0.4641688512359141 0.49827454586816444 0.008624615876570992 0.008590781170388927
1 0.4566823013607103 0.4842779526232182 0.008624615876570992 0.008590781170388927
1 0.26310280807047476 0.08060803572859665 0.010366833728292713 0.008086629535840906
1 0.2569182668692194 0.05554436875508844 0.010366833728292713 0.008086629535840906
1 0.26505582108139736 0.058148386102985394 0.010366833728292713 0.008086629535840906
1 0.2790524143263432 0.06742519790486826 0.009064825054344717 0.009063136041302341
1 0.2852369555275985 0.07816676946494319 0.009064825054344717 0.009063136041302341
1 0.2806799251687787 0.11755253185188463 0.009064825054344717 0.009063136041302341
1 0.29337450973977597 0.11787803402037156 0.008413820717369716 0.007110123030379344
1 0.2930490075712888 0.12503908172708816 0.008413820717369716 0.007110123030379344
1 0.29890804660405695 0.13154912509683053 0.008413820717369716 0.007110123030379344
1 0.28946848371793044 0.1364316576241373 0.008413820717369716 0.007110123030379344
1 0.2943510162452372 0.15693829423882583 0.008413820717369716 0.007110123030379344
1 0.28491145335911067 0.16149532459764548 0.008413820717369716 0.007110123030379344
1 0.29662953142464693 0.16963287880982342 0.008413820717369716 0.007110123030379344
1 0.2953275227506984 0.18069995253838544 0.008413820717369716 0.007110123030379344
1 0.2787269121578553 0.18135095687535963 0.008413820717369716 0.007110123030379344
1 0.2683108427662674 0.16865637230436195 0.008413820717369716 0.007110123030379344
1 0.29700445425775035 0.21136157344098286 0.008128464776260476 0.008124392965566055
1 0.393453450680882 0.1350961562683471 0.008392064467720364 0.008105060328607973
1 0.3957319658602917 0.12663309988768195 0.008392064467720364 0.008105060328607973
1 0.3742488227401419 0.11263650664273582 0.008392064467720364 0.008105060328607973
1 0.34430262323932687 0.09082786135409876 0.008392064467720364 0.008105060328607973
1 0.3846648921317298 0.06804270956000037 0.008392064467720364 0.008105060328607973
1 0.3823863769523199 0.05827764450538676 0.008392064467720364 0.008105060328607973
1 0.3817353726153457 0.049489085956234524 0.008392064467720364 0.008105060328607973
1 0.3735978184031677 0.048187077282286044 0.008392064467720364 0.008105060328607973
1 0.3644837576855284 0.049163583787747385 0.008392064467720364 0.008105060328607973
1 0.35829921648427304 0.043630046923466344 0.008392064467720364 0.008105060328607973
1 0.3729468140661934 0.04004952307010801 0.008392064467720364 0.008105060328607973
1 0.3830373812892941 0.03972402090162089 0.008392064467720364 0.008105060328607973
1 0.39052393116449785 0.04070052740708224 0.008392064467720364 0.008105060328607973
1 0.3817353726153456 0.014660353928112666 0.008392064467720364 0.008105060328607973
1 0.40647353742036674 0.08627083099527894 0.008392064467720364 0.008105060328607973
1 0.41688960681195447 0.0905023591856115 0.008392064467720364 0.008105060328607973
1 0.41493659380103176 0.09863991339778949 0.008392064467720364 0.008105060328607973
1 0.4227486458447225 0.09961641990325082 0.008392064467720364 0.008105060328607973
1 0.42047013066531264 0.10970698712635152 0.008392064467720364 0.008105060328607973
1 0.4178661133174157 0.11947205218096507 0.008392064467720364 0.008105060328607973
1 0.41623860247498 0.13021362374103998 0.008392064467720364 0.008105060328607973
1 0.40517152874641793 0.1227270738658362 0.008392064467720364 0.008105060328607973
1 0.39703397453423994 0.11686803483306805 0.008392064467720364 0.008105060328607973
1 0.3771783422565256 0.07845877895158795 0.008392064467720364 0.008105060328607973
1 0.3895840202432666 0.024288151203262633 0.0072111876114555025 0.010015925635462221
1 0.09952852631631381 0.013627094373860666 0.008504141931948454 0.008562507836715035
1 0.10386096017887736 0.02426125021833487 0.008504141931948454 0.008562507836715035
1 0.10858725166531034 0.03253226031959258 0.008504141931948454 0.008562507836715035
1 0.10464867542661623 0.04198484329245853 0.008504141931948454 0.008562507836715035
1 0.114888973647221 0.040015555173111464 0.008504141931948454 0.008562507836715035
1 0.1062241059220939 0.07231188033040349 0.008504141931948454 0.008562507836715035
1 0.07865407225123482 0.07369038201394643 0.008504141931948445 0.008168650212845673
1 0.08141107561832074 0.08471839548229004 0.008504141931948445 0.008168650212845673
1 0.11567668889495981 0.11937786638279857 0.008504141931948445 0.008168650212845673
1 0.11449511602335159 0.1855459471928603 0.008504141931948445 0.008168650212845673
1 0.12631084473943402 0.18830295055994622 0.008504141931948445 0.008168650212845673
1 0.1259169871155646 0.20011867927602867 0.008504141931948445 0.008168650212845673
1 0.09325099871273929 0.290306963968014 0.010327878205672556 0.010250796442446504
1 0.08852470722630634 0.29621482832605517 0.010327878205672556 0.010250796442446504
1 0.10152200881399703 0.2777035200041926 0.010327878205672556 0.010250796442446504
1 0.11963945951199012 0.28873153347253633 0.010327878205672556 0.010250796442446504
1 0.13618147971450553 0.338751451703952 0.010327878205672556 0.010250796442446504
1 0.14248320169641618 0.3348128754652578 0.010327878205672556 0.010250796442446504
1 0.17281155132744533 0.655550433717273 0.00813124948663933 0.007977683691268765
1 0.19445766666102934 0.6331171869170131 0.00813124948663933 0.007977683691268765
1 0.1956005970856311 0.5923992436753389 0.007523711695393803 0.007996308004691614
1 0.17917153567517954 0.7551794165293682 0.009212804877239725 0.009589941605277683
1 0.23148949161292506 0.8210016920193496 0.00821259397542905 0.008468855917685716
1 0.2625811845466185 0.8048654969524962 0.00821259397542905 0.008468855917685716
1 0.2558905670798744 0.7847936445522637 0.00821259397542905 0.008468855917685716
1 0.10507666202983175 0.8328355865855892 0.009679462598717731 0.009591973346212635
1 0.5792131875882509 0.02316347398134912 0.008325452389924423 0.008803065704262775
1 0.5525915351470747 0.030151623541169216 0.008325452389924423 0.008803065704262775
1 0.5785476462772212 0.03880361823427981 0.008325452389924423 0.008803065704262775
1 0.43378518829911145 0.04334217328165436 0.009683619374814241 0.009831866492395815
