1 0.5460160296896229 0.5096090254576309 0.014378754988960598 0.015553453694219175
1 0.7040952392246413 0.7989553783250891 0.01368186784827191 0.013442910235861073
1 0.6454434705817182 0.12376561890477719 0.013030777806821077 0.013238523317419964
1 0.6300711735435154 0.45141118505726685 0.013454623844312586 0.013859997624936312
1 0.6533876501995585 0.07154637834300166 0.013622242471446161 0.014056527096292248
1 0.6861854428830354 0.6562567068182904 0.012444662011188011 0.012121718862782354
1 0.6515114825704822 0.5953004049218219 0.013881434565005095 0.013440297997516136
1 0.6455459594726562 0.5132747318433679 0.014074076776919157 0.014253118763799253
1 0.6585401348445727 0.6678575847459876 0.012473458829133408 0.011862796285878057
1 0.6954425106877866 0.7246768992880116 0.013031379036281421 0.013056589209515114
1 0.6824445309846299 0.8028164324553118 0.012287886246390965 0.0124969482421875
1 0.6449700334797734 0.28962166413016943 0.013266418291174847 0.013485286546790081
1 0.5615221935769786 0.29378070002016815 0.012600027996560802 0.014331859091053839
1 0.6051610863727072 0.1525388126787932 0.012061409328294836 0.013142886369124702
1 0.5507547751716946 0.3792121306709621 0.01642330833103346 0.023774934851604958
1 0.5970636036085046 0.5654249813245691 0.012599613355553669 0.013534587362538214
1 0.8669770904209304 0.1509885891624119 0.012705885845681896 0.01274871826171875
1 0.598672338154005 0.1073795971663102 0.013058392897896145 0.012873494106790295
1 0.6434973737467891 0.30769361620363983 0.013740850531536598 0.013487007306969685
1 0.5774621756180472 0.28266879786615784 0.012484218763268513 0.014653579048488453
1 0.778511441272238 0.8333533121191938 0.011673678522524626 0.012274990911069124
1 0.6792337790779446 0.8402734839397928 0.015535147293754246 0.012955043626868206
1 0.6298642780469812 0.8816769434058149 0.011492853579313858 0.016206616940705673
1 0.6507262976273246 0.569808348365452 0.014100821121879246 0.01319078777147376
1 0.6323532643525498 0.6276290831358536 0.013524470121964165 0.013829708099365234
1 0.6093190441960874 0.19924177294192108 0.012790140898331352 0.012481295544168224
1 0.6518879973370096 0.6132502555847167 0.013254290041716202 0.012985602669093921
1 0.6234637654345968 0.4007835595504097 0.011805928271749744 0.012534639109735903
1 0.8177698384160581 0.06128217085548069 0.012265744416610054 0.01286559001259182
1 0.6123012252475903 0.1851598179858664 0.011535685995350714 0.012610787930695908
1 0.7099770877672278 0.7839331004930579 0.01373817609704059 0.012731717980426292
1 0.6043276786804199 0.12419622877369754 0.012871908104938011 0.013264386550239895
1 0.629272751186205 0.2754176181295644 0.013274068417756454 0.013316486192786175
1 0.7971981712009597 0.7641513036644977 0.01226118336553159 0.012416549350904383
1 0.6298124375550643 0.09654029037641443 0.013006935948910921 0.02612399018329123
1 0.6192438498787258 0.06956029715745346 0.012749298759128735 0.012728343839230745
1 0.6286108804785687 0.3217941635976667 0.012961885203485903 0.014379347796025484
1 0.6049591769342837 0.2198049296503482 0.014592585356339165 0.01784627333931301
1 0.6381060766137164 0.2484197823897652 0.011565788932468579 0.012379148732060972
1 0.6361087923464567 0.6446910837422246 0.012922660164211109 0.01444466217704441
1 0.9280632682468581 0.08896910625955334 0.011371114979619566 0.013701853544815727
1 0.6296914764072584 0.4344240893488345 0.013701604760211449 0.013646374578061312
1 0.6454797309377919 0.23545815633690875 0.013007350589918054 0.0137592191281526
1 0.6295980059582255 0.1197658466256183 0.014260437177575153 0.012914170389590056
1 0.5794385723445726 0.20650181563004202 0.014375251272450323 0.02725572171418563
1 0.5641404649485713 0.22383221336033035 0.011924287547235903 0.01422517195991848
1 0.840576690176259 0.07875813608584196 0.012406349182128906 0.012456313423488453
1 0.5815087505008864 0.13267801118933636 0.012359017911164658 0.012171724568242613
1 0.9157716502314028 0.08089083692301875 0.011947300123131794 0.012582478315933891
1 0.5902497664741848 0.4820108828337296 0.01140992537788723 0.011893728505010191
1 0.9101711356121562 0.09614706039428711 0.011736164922299593 0.012336254119873047
1 0.6466249383014181 0.6629793954932172 0.012565281080163044 0.013714707416036854
1 0.5779078628705896 0.04763167837391728 0.012818606003471043 0.01375964413518491
1 0.5890228955642037 0.17771249232084854 0.0114623152691385 0.012735719266145126
1 0.6511652262314505 0.6472409186155901 0.012343634729800016 0.013078876163648523
1 0.6702541683031166 0.7678113398344619 0.012111912602963655 0.012037401613981827
1 0.5822747271993886 0.49909952412480896 0.012421234794284985 0.012664711993673573
1 0.7203506179477857 0.8779929202535878 0.013921115709387737 0.013929864634638247
1 0.6447449663411017 0.9530925336091416 0.015989573105521824 0.021894537884256115
1 0.6292428452035655 0.2264952866927437 0.011441624682882557 0.012693405151367188
1 0.6153274204420007 0.4496030600174613 0.012282744697902515 0.013429517331330673
1 0.6553140619526738 0.7421616678652556 0.01232568077419115 0.013186662093452785
1 0.6062937404798425 0.49538564682006836 0.02606064340342646 0.012695229571798573
1 0.6083933996117633 0.037746810394784676 0.010855052782141644 0.011442521344060484
1 0.6369748011879299 0.40097110167793604 0.013128633084504501 0.013200303782587465
1 0.6458367472109587 0.15906753747359567 0.012861334759256115 0.012751745141070824
1 0.6272411553756051 0.529920536538829 0.012958816860033117 0.012965243795643682
1 0.6154210463814114 0.10722328787264615 0.015010502027428669 0.013414310372394066
1 0.6507584323053776 0.053802645724752685 0.01313180508820907 0.01290241531703783
1 0.6354601279548977 0.58965716154679 0.01781252156133237 0.020099971605383835
1 0.5927044723344885 0.03662732113962588 0.012121345685875935 0.012446958085765009
1 0.5814624661984651 0.25791952920996625 0.012499892193338146 0.016675596651823624
1 0.6329215713169263 0.19307126169619354 0.02289618616518767 0.01569905488387398
1 0.6041839226432468 0.3199288598869158 0.01267731708029042 0.014744149601977806
1 0.9057187826737113 0.8725152637647545 0.012272088424019192 0.011882035628609035
1 0.6135667717975118 0.46420499552851135 0.012556822403617527 0.013192632923955503
1 0.5619968746019446 0.49552303811778187 0.012043330980383831 0.01282011944314708
1 0.6321826914082402 0.15014765573584513 0.013374307881230894 0.012970343880031421
1 0.6319316677425219 0.1704894148785135 0.011568753615669582 0.012828951296599014
1 0.9204695950383726 0.16918353412462317 0.012931367625360903 0.01282706468001656
1 0.6111447085504946 0.05461837675260461 0.012591859568720278 0.012006453845811926
1 0.6952602345010509 0.7520179748535156 0.014142948648203974 0.012785704239555027
1 0.5910781984743864 0.38527393341064453 0.012251107589058254 0.012634774912958559
1 0.6890284704125444 0.7080421862394914 0.01399243396261464 0.012321886808975883
1 0.6338236228279446 0.675291393114173 0.013537655705991 0.014562689739724865
1 0.5670007519100024 0.37675816079844604 0.01188201489655868 0.01251709979513417
1 0.6848665527675464 0.8864892462025518 0.011779080266537874 0.011969110240106997
1 0.6626262664794922 0.7014202449632728 0.014637490977411684 0.012366170468537704
1 0.917245346566905 0.9261916409368102 0.011729157489279041 0.012805648471998133
1 0.7074323529782502 0.818245390187139 0.013535333716351051 0.013503447822902515
1 0.5576455074807872 0.4465125954669455 0.012120454207710598 0.012190113896908968
1 0.6028641617816427 0.43804815541143005 0.012140564296556555 0.020266657290251358
1 0.5907646676768428 0.3699357405952785 0.012772684511931046 0.013446807861328125
1 0.5803333987360415 0.4235358238220215 0.01533271955407184 0.01522615681523862
1 0.864501082378885 0.10485509685848068 0.01150438059931216 0.012591973594997242
1 0.9116751214732295 0.12619572100432022 0.012399175892705503 0.011730795321257217
1 0.5969390558159869 0.05355709272882212 0.01288084361864173 0.014252253200696863
1 0.6261614923891813 0.5126904404681661 0.013407914534859035 0.01312807331914487
1 0.6223004278929337 0.04006297044132067 0.010624533114225967 0.011118435341378918
1 0.6270865046459696 0.05453105594800866 0.012896351192308508 0.012135733728823454
1 0.589708950208581 0.4382718542347784 0.013536867888077446 0.01213861548382303
1 0.657533376113228 0.6847215735394022 0.014448539070461109 0.015004199484120245
1 0.6539683756620986 0.7115204023278278 0.012469499007515285 0.014104926067849865
1 0.6659655778304391 0.049399956412937346 0.013048918350883152 0.012544911840687628
1 0.7161624327949855 0.8588440936544667 0.014337125031844429 0.01359956160835598
1 0.9107949008112368 0.04967909273893936 0.012278308039126188 0.011551680772200874
1 0.6499009754346764 0.36752945443858265 0.014507210772970448 0.013714334239130434
1 0.572607123333475 0.06824905198553334 0.010873670163361923 0.011668697647426441
1 0.6930861058442488 0.8590689327405846 0.012515233910602074 0.011911765388820484
1 0.6919145169465439 0.7745718955993652 0.012041506559952446 0.011116483937139097
1 0.6030189472696056 0.08811363966568657 0.012481233348017153 0.012233278025751528
1 0.855768286663553 0.06354392611462137 0.010927034460979958 0.011716168859730597
1 0.6423507151396379 0.7997432791668436 0.014131089915399965 0.01458665598993716
1 0.9166132056194801 0.9432657697926397 0.011527351711107336 0.012207819067913551
1 0.5562960168589717 0.3610787391662598 0.013259804767111073 0.014155802519425102
1 0.6074152718419614 0.5790260149085004 0.0117254464522652 0.012748552405315895
1 0.7736539840698242 0.7095025725986648 0.011456945668096128 0.011648634205693785
1 0.6664045375326405 0.7338994274968687 0.011949580648671026 0.012867595838463825
1 0.6088093052739683 0.24421370547750723 0.013249189957328465 0.013020225193189539
1 0.565224492031595 0.3160083190254543 0.01221609115600586 0.028558648150900135
1 0.5442506334056025 0.49233098652051843 0.014443563378375511 0.014965513478154722
1 0.6967948208684507 0.7383854492850926 0.014494730078655739 0.013853902402131454
1 0.668693272963814 0.8579806659532629 0.012534639109735903 0.012654221576193104
1 0.597686591355697 0.1357401920401532 0.011840799580449644 0.011464481768400772
1 0.6786246299743652 0.6682749520177427 0.015500980874766474 0.015497145445450493
1 0.6802481983018958 0.7256276918494183 0.012112617492675781 0.012355389802352242
1 0.9197227851204249 0.19092158649278723 0.01125024712604025 0.01210015753041143
1 0.5707374033720597 0.10001021364460821 0.011284911114236584 0.012626036353733227
1 0.6192669868469238 0.3040682336558466 0.013289534527322521 0.013195742731509
1 0.6781977570575216 0.8212977492290995 0.014512891354768173 0.012730598449707031
1 0.892461341360341 0.13624968217766803 0.011686200680940048 0.012699863185053286
1 0.644498524458512 0.17494747949683148 0.0118475167647652 0.013011953105097231
1 0.8922129506650178 0.058563945086106 0.011540371438731318 0.011282117470451023
1 0.5475107690562373 0.40870094299316406 0.011584074600883152 0.013160042140794836
1 0.631772404131682 0.10374453793401303 0.013705232869023863 0.01326131820678711
1 0.5820051690806514 0.5482251644134521 0.01514235786769701 0.022988962090533714
1 0.7068608532781187 0.9559814618981402 0.01221254597539487 0.012244514797044836
1 0.5470532127048657 0.37363301152768336 0.013148349264393682 0.012850056523862093
1 0.6410259993179984 0.14019417244455087 0.013677679974099865 0.01305867278057596
1 0.6329081369482953 0.46714229169099225 0.013491298841393513 0.013201547705608864
1 0.5890567406364109 0.15175462287405264 0.011482736338739809 0.011944117753402046
1 0.5971012426459271 0.25475387987883197 0.011798920838729195 0.012539697730022926
1 0.8785622845525326 0.13348223333773407 0.01148062166960343 0.012494284173716669
1 0.5734080646349036 0.4419412820235543 0.011941453684931215 0.011765314185101051
1 0.8540991700213888 0.031431903009829315 0.011989386185355808 0.011809328328008238
1 0.6748919279679008 0.6893418560857358 0.011936685313349184 0.011463206747303839
1 0.6313756237859312 0.4924482677293861 0.01308677507483441 0.016778033712635868
1 0.9101399131443191 0.033584929030874504 0.010746831479279892 0.01027035194894542
1 0.7744178564652151 0.7423022933628247 0.011956131976583729 0.011228934578273609
1 0.6161187006079633 0.41758584976196295 0.012283698372218921 0.0131066778431768
1 0.8861836350482442 0.10212021288664445 0.012062943500021229 0.011583597763724949
1 0.6447937177575153 0.5498999098072881 0.014940676481827446 0.013841753420622452
1 0.6654157327569049 0.3495795934096626 0.014699334683625595 0.01478595319001571
1 0.7879022929979408 0.04373049088146375 0.013237662937330164 0.014250094475953476
1 0.6015603024026622 0.07261738310689511 0.01274183522100034 0.012278655300969664
1 0.6623554851697839 0.7530956890272058 0.01259675233260445 0.013171444768491
1 0.6040327445320461 0.17187413443689759 0.011959863745647926 0.012184505877287491
1 0.9174516512000043 0.14177122323409372 0.011845132578974184 0.01279938739279042
1 0.666869474493939 0.7182622163192086 0.013131473375403362 0.013902581256368885
1 0.5733222961425782 0.23967112665591034 0.012745566990064539 0.02259262748386549
1 0.5666290780772334 0.15723444586214813 0.011710954749065895 0.012176420377648395
1 0.5376872705376666 0.4387922390647557 0.01895433923472529 0.01555378540702488
1 0.8690140143684719 0.8743637126425037 0.011601530987283459 0.012241902558699898
1 0.6323442873747454 0.2604077587956968 0.011437125827955164 0.011704403421153193
1 0.8633820492288342 0.0906135724938434 0.011265464451002039 0.011760421421216883
1 0.624416029971579 0.2444934119348941 0.013294240702753481 0.022444911625074303
1 0.6056208195893662 0.34065695430921467 0.012679680534031079 0.024445969125498897
1 0.7253340223561162 0.9015455038651174 0.014151075611943785 0.014046586078146229
1 0.6562799578127654 0.8352148843848188 0.012133598327636719 0.012631665105405062
1 0.6704522837763247 0.7938402010046918 0.011528429777725883 0.011913050775942595
1 0.5982419926187267 0.4937712420587954 0.012917021046514097 0.011785465738047724
1 0.5652236005534297 0.4593719399493674 0.013122247612994652 0.012349501900050953
1 0.5840413155763046 0.10110290672468102 0.01307058334350586 0.01800550585207732
1 0.8064137749049973 0.04190132021903992 0.012078990106997282 0.012345715709354565
1 0.61910749518353 0.15806730415510095 0.011543937351392664 0.011934891990993336
1 0.612432915231456 0.5138248982636824 0.012776955314304516 0.012880698494289234
1 0.7002756906592328 0.8880494988482931 0.013246080149774965 0.012503416641898777
1 0.9242807263913362 0.06240268116411956 0.012611928193465523 0.012966565463853918
1 0.6592427958612856 0.8898857572804327 0.011587142944335938 0.010659466619076937
1 0.8238934848619545 0.019995675786681794 0.012395734372346298 0.011960290048433386
1 0.8596358506575875 0.8108077256575875 0.01158216725225034 0.010972644971764606
1 0.619835729184358 0.17317138547482697 0.012089273203974184 0.012512932653012484
1 0.6026527363321056 0.4207943729732348 0.011675585871157438 0.012052183565886124
1 0.8628755030424697 0.9202043699181598 0.01160269198210343 0.01224028545877208
1 0.767827033996582 0.75213158648947 0.010763748832370922 0.011646768321161684
1 0.6194479569144871 0.3445882797241211 0.013104231461234715 0.012882232666015625
1 0.9030148257379946 0.17745046511940335 0.012073724166206692 0.012128052504166313
1 0.6219397835109545 0.858763777691385 0.012979756230893343 0.013231111609417458
1 0.5431830779365872 0.47639379294022277 0.01400358780570652 0.012937110403309698
1 0.6492486311041792 0.9037878616996433 0.01129169049470321 0.011275747547978941
1 0.6015095710754396 0.4573585676110309 0.015611275382663891 0.01580047607421875
1 0.5880508630172067 0.32155643824649893 0.01135266345480214 0.013248805766520292
1 0.6675845851068911 0.652840355168218 0.011707637621008831 0.012134365413499914
1 0.6232532107311747 0.5718353934909987 0.02462725017381751 0.013099587481954823
1 0.5894259991853132 0.06444758954255478 0.011544517848802649 0.011705066846764606
1 0.6025819363801375 0.4046646201092263 0.012349501900050953 0.012917477151621943
1 0.7967517479606296 0.7324513352435568 0.010715443155039911 0.010798288428265114
1 0.7401913559955099 0.6870493059572966 0.012557444365128227 0.012539448945418648
1 0.6296785914379618 0.2953528010326883 0.012967006019924 0.013077010279116423
1 0.6460635558418606 0.5870885848999023 0.01428247534710428 0.019439780193826427
1 0.5981770909350851 0.22728266923323925 0.01158911248911982 0.012142720429793648
1 0.8833242706630542 0.0828781283420065 0.011975371319314709 0.012333154678344727
1 0.6889694048010785 0.7881441945615022 0.012383004893427309 0.011373271112856657
1 0.7562818112580671 0.7429090997447139 0.011832361635954483 0.013235589732294497
1 0.600188276042109 0.18556120084679648 0.012091802514117699 0.011181997216266136
1 0.9091021496316661 0.06618996029314787 0.013046430504840355 0.012031228645988132
1 0.9277489496314009 0.21107214430104132 0.01160592618195907 0.011264614436937414
1 0.6251648819964865 0.4784314943396527 0.01238188536270805 0.012504494708517323
1 0.6470896679422131 0.3828872805056365 0.012942106827445652 0.01279760443645975
1 0.5688312986622686 0.510693301325259 0.013430761254352074 0.013017322706139606
1 0.6359039804209834 0.6090531556502633 0.012792089711064878 0.013380879941193954
1 0.7138108377871306 0.9363829778588335 0.011852513188901155 0.012992402781610903
1 0.6001578621242358 0.5306106235670007 0.012676902439283289 0.012237631756326427
1 0.8856539104295813 0.8774529540020487 0.011960983276367188 0.011204221974248472
1 0.5844484826792842 0.5363246046978495 0.01254247582477072 0.024639502815578296
1 0.8798617072727368 0.11556497345799986 0.013602298239003057 0.01204240840414296
1 0.6585823452990986 0.9188303325487219 0.011749661487081776 0.011920680170473845
1 0.547511971515158 0.45906877517700195 0.012538826983907948 0.013134707575259
1 0.7867603716642959 0.02938130757083063 0.022741483605426292 0.0120693678441255
1 0.6679322408593219 0.9460384534752886 0.010907007300335426 0.011233868806258492
1 0.5880070872928784 0.4038637202718984 0.012464502583379332 0.02554798126220703
1 0.6569754870041556 0.6377318009086277 0.01219171026478643 0.012407468712848167
1 0.6545800333437712 0.8191751811815344 0.011935773103133492 0.012458137843919836
1 0.6056341917618461 0.30353950417560077 0.011669988217561142 0.010459070620329483
1 0.6092508046523385 0.38981186825296166 0.016409687373949135 0.015021738798721977
1 0.8860908383908479 0.20859451915906824 0.01259550840958305 0.01164765979932702
1 0.8927934480750043 0.18939289839371387 0.012429859327233356 0.012078616930090862
1 0.5854748331982157 0.354410637979922 0.02222183476323667 0.01354986688365107
1 0.8613790014515752 0.13557064014932382 0.014066862023395042 0.012963605963665505
1 0.6093048012774923 0.36335785492606787 0.013130519701086956 0.013952960138735563
1 0.8333262360614279 0.8333287239074707 0.011540827543839165 0.01320121599280316
1 0.8458057693813157 0.10998572473940643 0.01345663485319718 0.012592336405878481
1 0.8350650123927905 0.812474603238313 0.011347231657608696 0.011015643244204313
1 0.6511939193891443 0.8674314955006476 0.011395433674687925 0.011987561764924423
1 0.9328941054966138 0.8087318669194761 0.01063375887663468 0.010437094646951427
1 0.8951469918955927 0.07819783428440923 0.01167861275050951 0.011887970178023628
1 0.6564251858255138 0.7935747892960258 0.012373302293860394 0.012728152067764946
1 0.5944853036299996 0.3496243020762568 0.011606009110160496 0.011953602666440218
1 0.6654180858446204 0.8066335553708285 0.012671926747197691 0.01246041836945907
1 0.6298537047012992 0.5787122560584027 0.012404815010402515 0.021147852358610733
1 0.6223486091779626 0.21595459399016004 0.012073164400847061 0.011317045792289402
1 0.8267078192337699 0.776056310404902 0.011333838753078296 0.010371954544730808
1 0.8761866818303647 0.9107072664343793 0.011908199476159138 0.013116504835045856
1 0.6665169570756995 0.8255840591762378 0.011887861334759255 0.011921385060185972
1 0.700567224751348 0.8461767072262971 0.013206108756687329 0.01299049543297809
1 0.5692188221475353 0.5255726213040559 0.018667843030846638 0.016810894012451172
1 0.7896612001501996 0.7827822436457095 0.011779204658840015 0.011990547180175781
1 0.7673779985179072 0.696801227072011 0.011771699656610903 0.011851103409476902
1 0.8090688042018725 0.7950507868891177 0.012854285862134851 0.010869482289189878
1 0.7335080893143364 0.6996443167976711 0.012767667355744736 0.012005225471828296
1 0.6199856322744618 0.2621355782384458 0.012064374011495838 0.012643254321554432
1 0.6426017595374066 0.9185389435809591 0.011265132738196331 0.010779795439346977
1 0.5918795440507971 0.12201150085615076 0.011878573376199474 0.012141507604847784
1 0.8253524407096531 0.8537184673806896 0.01194974650507388 0.011508112368376358
1 0.556436766748843 0.4321913771007372 0.011648965918499489 0.010830039563386337
1 0.8655840002972147 0.8433573556982953 0.01138969089673913 0.011170304339864979
1 0.7541252633799678 0.70043480914572 0.011198790177055027 0.011601655379585598
1 0.7837991507157034 0.7536113987798276 0.011725342792013416 0.011581752611243206
1 0.9199831174767535 0.9656324801237686 0.011883030767026155 0.012667780337126358
1 0.6168113584103792 0.22984727569248364 0.011841691058614979 0.013213095457657524
1 0.5770116681637972 0.40585142114888073 0.018193576646887737 0.012896195701930836
1 0.7905026311459749 0.8926758144212806 0.012870208076808765 0.011484809543775476
1 0.8672418801680857 0.9843632449274479 0.011123118193253227 0.010379501011060633
1 0.622918004574983 0.616243196570355 0.012931782266368036 0.013315449590268343
1 0.6247281509896984 0.189429407534392 0.012586116790771484 0.012672341388204823
1 0.560942556547082 0.18141795241314435 0.010357379913330078 0.011090506678042204
1 0.6658542467200239 0.8707339867301609 0.013384777566661005 0.01452110124670941
1 0.5913254696389904 0.3028521641441014 0.01253273176110309 0.012217003366221552
1 0.9126795893130095 0.23025298118591309 0.012621838113536005 0.012743846229884937
1 0.9039654524429984 0.8543125857477603 0.011305187059485394 0.012490106665569801
1 0.6181582782579504 0.42993957063426136 0.012188745581585426 0.012818481611168903
1 0.5894654937412429 0.3376169308372166 0.011979434801184612 0.012068520421567171
1 0.6759591102600099 0.8949597192847212 0.012153335239576258 0.012607284214185633
1 0.7937698986219324 0.7440603505010192 0.011720450028129246 0.011860557224439539
1 0.7713840940724249 0.7992455648339313 0.010923261227815048 0.01178878286610479
1 0.6425720090451448 0.6268188953399659 0.016704517862071163 0.01322470540585725
1 0.6195842286814814 0.08681266463321188 0.022196023360542626 0.012752652168273926
1 0.7737693371980086 0.027458320493283478 0.011780946151069973 0.013090823007666546
1 0.6346179091412089 0.9051808066990064 0.0124200323353643 0.011332553365956182
1 0.7137074885161026 0.920272163722826 0.012303684068762737 0.011794712232506794
1 0.6870252360468325 0.6953521811443828 0.012597623078719429 0.012831314750339672
1 0.7918516449306321 0.8793356107628862 0.011472743490467901 0.013160290925399117
1 0.9042413753011952 0.9139812925587529 0.011082815087359886 0.013161576312521229
1 0.5835548276486604 0.45364111402760376 0.012881444848102074 0.015944086987039318
1 0.8932918672976287 0.04640510807866635 0.010754999907120415 0.010710664417432703
1 0.6662368359773054 0.024981853754624077 0.012397931969684105 0.01164444114850915
1 0.9254251563030741 0.9043110971865447 0.011097286058508831 0.011656222136124321
1 0.5442384636920431 0.4430300463800845 0.012436410655146059 0.01257187387217646
1 0.6773332512896992 0.7819993599601411 0.012498606806216032 0.012004976687224014
1 0.7758260602536409 0.8201375007629395 0.011749060257621433 0.01159116496210513
1 0.8351203255031419 0.06537831088770991 0.011891738228175953 0.012060491935066555
1 0.5762692534405253 0.11815414221390434 0.012180784474248472 0.012469809988270636
1 0.8732842984406843 0.07112495795540187 0.01254073433254076 0.013460978217746899
1 0.6185407120248546 0.3278342640918235 0.012236076852549677 0.012992713762366253
1 0.7569283195163894 0.6868017030798871 0.01139267631199049 0.012685361115828804
1 0.883980191272238 0.982111930847168 0.011800807455311651 0.012200314065684443
1 0.6357064869092859 0.3769091730532439 0.011682510375976562 0.012365424114724865
1 0.9269898248755415 0.1599820904109789 0.01162707287332286 0.011894537054974098
1 0.8443045616149902 0.041212238695310516 0.01111391316289487 0.011897789395373802
1 0.5582502821217412 0.48270928341409436 0.01229646931523862 0.010879060496454653
1 0.8589821898418926 0.8621304138847019 0.010963149692701258 0.011373519897460938
1 0.574875831604004 0.29810837040776794 0.012663468070652172 0.012746479200280231
1 0.8971703363501508 0.09068693544553673 0.011716967043669327 0.012827909511068592
1 0.9028792795927629 0.9278331010237986 0.011567198711892834 0.011988349582837976
1 0.6920526338660199 0.020189452430476314 0.011971017588739809 0.010937164659085482
1 0.6153919282166853 0.1429660942243493 0.011405675307564114 0.011461942092232082
1 0.6296028779900592 0.02923963251321212 0.01085905406786048 0.010797130024951439
1 0.7426698104194973 0.7092601734658948 0.011341592539911684 0.011384590812351391
1 0.7091680195020593 0.6697280510612156 0.014401394387950068 0.014375479325004246
1 0.890595125115436 0.01953444144000178 0.011551442353621773 0.011947587780330494
1 0.5730602844901707 0.47244789289391553 0.02286040264627208 0.011607709138289742
1 0.7041097723919414 0.9870817142984142 0.011433476987092392 0.010676881541376528
1 0.7410913550335428 0.7251774331797723 0.012241861094599184 0.012507728908372961
1 0.5677471471869427 0.13802998998890753 0.01178183762923531 0.017386394998301632
1 0.7915161381597104 0.7947651406993037 0.011225741842518682 0.01114654541015625
1 0.9120462873707647 0.1522591217704441 0.01105511706808339 0.010519898456075916
1 0.5764690482098124 0.4838797735131305 0.012623330821161684 0.012166603751804516
1 0.911998645119045 0.21597697423852008 0.013937618421471638 0.012926910234534222
1 0.5797629771025284 0.3743329255477241 0.011034799658733864 0.011549825253693954
1 0.6755153614541759 0.9550414292708688 0.011595643084982166 0.01139756907587466
1 0.7950107118357783 0.816852154939071 0.011356146439262058 0.010521764340608017
1 0.8857836308686631 0.16376975308293878 0.011675502942956013 0.021653071693752125
1 0.5477539560069209 0.42556215369183087 0.011140657507854958 0.012262178503948708
1 0.8768116494883662 0.17736879120702326 0.011538712874702785 0.012946740440700367
1 0.5975579178851583 0.5080348512400752 0.013415917106296704 0.012323752693507984
1 0.5536815083545187 0.46964394527932873 0.01177458141161048 0.011782563250997791
1 0.5908513691114343 0.42479575198629616 0.012213002080502718 0.012173320936120075
1 0.8936012102210004 0.11340460569962212 0.012335901675016983 0.011558698571246605
1 0.6575199417445972 0.9345959373142407 0.012487494427224865 0.01192449486773947
1 0.7999034549878992 0.9508499477220619 0.010076771611752718 0.011930548626443615
1 0.6493105473725691 0.9754181944805644 0.01192486804464589 0.011653609897779383
1 0.6186169956041419 0.12280746646549391 0.012201723845108696 0.011953509372213612
1 0.6067750039307968 0.5615031822868015 0.014149313387663467 0.012395236803137737
1 0.8320940681125806 0.03313469368478527 0.011647763459578804 0.011682303055472996
1 0.5603282347969387 0.41072893142700195 0.01153929337211277 0.012265454167905062
1 0.771398689435876 0.7811516264210576 0.009603956471318785 0.010212566541588825
1 0.8512780148050061 0.8395682625148606 0.010495061459748642 0.011063948921535328
1 0.7140769958496094 0.8361825942993164 0.013769398564877718 0.013217013815174932
1 0.6929580854332964 0.8144190829733143 0.012767708819845448 0.013006624968155571
1 0.6359791030054507 0.8440446853637695 0.011869617130445398 0.011827220087466032
1 0.6286494006281313 0.5599327294722848 0.013985716778299084 0.012624782064686651
1 0.9144348061603047 0.904483878094217 0.010444060615871265 0.011047197424847145
1 0.5701334994772206 0.19383508226145868 0.018289483111837635 0.015399207239565641
1 0.5854215103646984 0.5419420988663383 0.013252983922543734 0.01383408256199049
1 0.8684400268222974 0.8293339273203973 0.010485814965289574 0.010144523952318274
1 0.6292349566584048 0.3881686252096425 0.01184981802235479 0.012693488079568615
1 0.6379683950672979 0.04811281484106313 0.011643119480298914 0.011743239734483801
1 0.6926321154055388 0.8743468574855637 0.012368036353069801 0.011450311411981997
1 0.6640405758567479 0.3303312426028045 0.01371895748635997 0.014262614042862602
1 0.5818184458691141 0.21446937063465948 0.011844987454621689 0.013631696286408798
1 0.7028712811677353 0.9290021398793096 0.011535312818444294 0.011147623476774796
1 0.6219355956367825 0.13432372652966043 0.01291631615680197 0.012044004772020422
1 0.8061674159506093 0.7791987087415613 0.011596472366996433 0.010646695676057236
1 0.5939279224561609 0.5214223654373832 0.011930465698242188 0.012716915296471638
1 0.5570541464764139 0.1200527574705041 0.013534960539444633 0.018616479376088017
1 0.64936145492222 0.9462734719981318 0.012593538864799168 0.011737823486328125
1 0.6351176759471064 0.0762058315069779 0.013977838599163551 0.01310674522234046
1 0.8191770677981169 0.03466558845146843 0.01129287222157354 0.010846757370492687
1 0.9106932308362878 0.8116371527962062 0.01139968374501104 0.011297930841860563
1 0.8594255447387695 0.9571470799653428 0.013407914534859035 0.013049954953400986
1 0.878423379815143 0.9640572382056196 0.01199179110319718 0.011424893918244736
1 0.6960107347239618 0.9723191053971 0.013645545296047046 0.012929418812627378
1 0.8995028164075769 0.9540613837864087 0.010199380957561989 0.010347366333007812
1 0.8418790568476138 0.02121937922809435 0.011255678923233696 0.011678003746530285
1 0.6430845675261125 0.8926925866500193 0.011351046354874321 0.011363112408181896
1 0.6091691929361095 0.5531228106954823 0.013134292934251867 0.013419607411260191
1 0.930473452029021 0.1137733563132908 0.009998570317807405 0.010620448900305706
1 0.5870937886445418 0.22711319508759872 0.011583867280379585 0.012256891831107761
1 0.6527883591859236 0.03293257303859876 0.012572889742643936 0.012928887553836987
1 0.8964901177779488 0.8943238880323328 0.013137775918711786 0.012464523315429688
1 0.6939552763234014 0.9173792134160581 0.01117718738058339 0.010805130004882812
1 0.8829390484353772 0.9460743613865066 0.015429123588230297 0.012222953464673914
1 0.6208042891129203 0.5965891610021177 0.014019012451171875 0.023068573163903275
1 0.5884088329646898 0.2388464056927225 0.012716936028521995 0.011764111726180367
1 0.5744697322016177 0.18615209538003671 0.012259358945100204 0.011295505191968836
1 0.7056033922278363 0.9066587945689326 0.013099255769149117 0.012903213500976562
1 0.9217269731604536 0.8872519161390222 0.012682707413383152 0.011425806128460426
1 0.8485559795213783 0.09280488542888475 0.012982161148734715 0.01220405101776123
1 0.6101589306541111 0.4840173358502595 0.013158818949823793 0.012261442516161047
1 0.9050396214360775 0.9793577816175378 0.01145910180133322 0.011985239775284477
1 0.8102619544319484 0.7569098057954207 0.011593735736349354 0.011354487875233526
1 0.6519813848578412 0.8491359171660051 0.01203576378200365 0.01235509955364725
1 0.7968260308970578 0.9279258562170942 0.010063834812330164 0.011725218399711277
1 0.6574230297752048 0.9604881535405698 0.01239554778389309 0.01187896728515625
1 0.6746176014775815 0.9166462732397993 0.011967037035071331 0.011476392331330673
1 0.785244257553764 0.8064375752988069 0.011494304822838825 0.011523454085640285
1 0.7974294994188391 0.7126448465430218 0.012126673822817595 0.012255253999129585
1 0.7675733773604683 0.7293446996937627 0.01204519686491593 0.011019084764563519
1 0.6615366728409477 0.9048531366431196 0.011566991391389267 0.011558325394340183
1 0.8290856610173764 0.8712571185568104 0.011865906093431555 0.012145830237347145
1 0.9096056689386782 0.11084489718727443 0.011905131132706352 0.011803388595581055
1 0.5574696996937627 0.07348039098407912 0.012136956919794497 0.01221169077831766
1 0.6375184473784072 0.8620210108549697 0.012442257093346638 0.012141725291376528
1 0.5722869479137919 0.1713666708573051 0.011765417845352837 0.011810095413871433
1 0.881374048150104 0.048505608154379806 0.010934622391410496 0.010817328225011412
1 0.5729356641354768 0.08546951024428658 0.011406235072923742 0.011309488959934399
1 0.8845433359560759 0.8112322973168413 0.012059833692467731 0.01121732463007388
1 0.6878257005111031 0.905804447505785 0.012397268544072691 0.011533612790315048
1 0.5602210500965947 0.10435360929240352 0.010376059490701427 0.010813350262849228
1 0.684506022411844 0.9263237870257833 0.010719838349715523 0.011695073998492699
1 0.6224618994671366 0.8415995888088059 0.01264190673828125 0.011508112368376358
1 0.8045796933381453 0.84842006019924 0.013310639754585598 0.013069733329441235
1 0.5816868906435759 0.07623274429984715 0.011263059533160667 0.011271321255227795
1 0.678140992703645 0.6459936577340831 0.015292001807171364 0.013305311617643936
1 0.7945916756339695 0.9627604277237601 0.011540081190026325 0.011740311332370922
1 0.823295966438625 0.0465621248535488 0.011312070100203804 0.01229306407596754
1 0.8742716623389203 0.03609680999880251 0.011175362960152004 0.011345674162325651
1 0.6218704451685366 0.542660961980405 0.013405240100363026 0.013463559358016304
1 0.871955747189729 0.9340282730434251 0.01152403458305027 0.011792514635168987
1 0.842383218848187 0.8764509740083115 0.010357815286387568 0.00999413365903108
1 0.9263942552649457 0.9873515833979067 0.011466150698454483 0.010779422262440557
1 0.6227073980414349 0.8267917633056641 0.011802942856498386 0.010972893756368885
1 0.5951980922533118 0.27902587600376294 0.011816522349481997 0.012996943100639011
1 0.8350359253261399 0.7858581128327742 0.010820513186247452 0.010428553042204483
1 0.6398158280745797 0.8157119750976562 0.012616116067637568 0.012075590050738792
1 0.8447362650995669 0.8247117788895316 0.01301176651664402 0.01588518723197605
1 0.5797634954037875 0.5155834011409595 0.011925075365149456 0.012410018755042034
1 0.8942915460337764 0.9702140144679856 0.011030362999957542 0.011871835459833559
1 0.9311677683954654 0.7936725823775582 0.01130701147991678 0.01194211711054263
1 0.5901990455129872 0.0868868465008943 0.011799584264340609 0.011552302733711575
1 0.515865885693094 0.4656852172768634 0.012745110884956692 0.013481399287348208
1 0.9332269171009893 0.9763357121011487 0.010340483292289402 0.010922680730405062
1 0.6522809629854949 0.880461070848548 0.011352767115053923 0.01099669415017833
1 0.8190429521643597 0.7448486245196798 0.011846542358398438 0.010595653368079144
1 0.9278187959090525 0.22681390720865 0.011842976445737093 0.011898061503534731
1 0.6727659702301025 0.9285396285679031 0.011720097583273182 0.011745162632154383
1 0.8646439469378927 0.9718609685483186 0.011254393536111584 0.010707357655400816
1 0.5683131217956542 0.39221079712328705 0.012972417085067085 0.012458049732705822
1 0.5879406618035358 0.1649648780408113 0.024968541186788807 0.011958091155342434
1 0.5867134799127993 0.39631010138470196 0.01194551716680112 0.011946387912916101
1 0.8495791062064793 0.7807720433110776 0.011869430541992188 0.011434720910113792
1 0.5983712258546249 0.46830657254094665 0.01264495434968368 0.022519588470458984
1 0.8195812598518706 0.9008378360582434 0.012464233066724695 0.012270264003587805
1 0.6316394805908203 0.4996965605279673 0.012542641681173573 0.011478724686995796
1 0.8357449199842371 0.05214832917503689 0.011187553405761719 0.011055941167085068
1 0.9289348643759021 0.8337136351543925 0.010692969612453296 0.009936830271845278
1 0.6161646531975787 0.022628136303113854 0.01042032241821289 0.010729302530703337
1 0.6308898303819739 0.01489348547614139 0.011570018270741339 0.011053266084712486
1 0.6077569049337636 0.27520674207936163 0.01172364276388417 0.01249862753826639
1 0.8354060131570569 0.9599119269329567 0.011320694633152172 0.011264137599779211
1 0.8590521397797957 0.9426146175550378 0.012682665949282438 0.01227731290070907
1 0.6774604009545367 0.8701094959093176 0.012465891630753227 0.012514155843983526
1 0.6374738112739895 0.349256069763847 0.01569988416588825 0.015865471052086872
1 0.5678819573443868 0.42233666648035467 0.011317211648692255 0.013296966967375382
1 0.5252411676489789 0.45803488855776586 0.012956660726796026 0.014650759489639946
1 0.5801158780636995 0.47335497711015784 0.01260587443476138 0.023259981818821118
1 0.609429525292438 0.34970362290092133 0.012820534084154211 0.011687154355256454
1 0.5917269561601721 0.20471618486487347 0.01296240350474482 0.013310722682787024
1 0.785751135452934 0.8504826918892239 0.013624522996985394 0.01328642471976902
1 0.7792363166809083 0.7750097979669986 0.00998849454133407 0.010638319927713146
1 0.8506876074749491 0.890924474467402 0.011179965475331182 0.011146172233249829
1 0.5801442809726882 0.389585888904074 0.016398844511612602 0.01522076648214589
1 0.8360243258268936 0.9445707072382388 0.01150147811226223 0.01195625636888587
1 0.9329357147216798 0.19752462013908054 0.010159368100373642 0.012317719666854195
1 0.6910855251809825 0.9587070630944292 0.012302896250849184 0.010818398517111073
1 0.8997759819030761 0.1581170247948688 0.012661104616911514 0.022467820540718407
1 0.58139473458995 0.164246476214865 0.01159866996433424 0.012299226677936058
1 0.8431232908497687 0.8512796319049336 0.011342131573220959 0.010669293610945992
1 0.6621199483456819 0.9845662117004395 0.012365672899329144 0.010958588641622791
1 0.6276002863179082 0.3653622917507006 0.011924888776696247 0.011897294417671535
1 0.8821305813996687 0.14641628576361615 0.011867523193359375 0.011701780816783075
1 0.6245905731035315 0.20600325128306513 0.012684594029965609 0.012202967768130095
1 0.559671049532683 0.08752283065215401 0.01418627863344939 0.017011927521747093
1 0.6021765625995138 0.0253530300181845 0.011805949003800102 0.011797925700312075
1 0.8733922294948413 0.023372685779695927 0.010568287061608356 0.01036770577016084
1 0.6375212358391803 0.9288601253343666 0.011385357898214588 0.010912190312924593
1 0.7858693703361179 0.7126863313757856 0.011110844819442085 0.01147535572881284
1 0.5655825449072797 0.3540265534235083 0.011935399926227074 0.012386389400648035
1 0.8568139076232911 0.0801580107730368 0.012098187985627548 0.011737616165824558
1 0.9258557817210324 0.8735356538192087 0.011195846225904383 0.010557423467221468
1 0.8997306616409965 0.206741478132165 0.011336409527322521 0.011882781982421875
1 0.6924687675807786 0.03590208162432131 0.01269091730532439 0.012614325336788013
1 0.8524582696997601 0.977124193440313 0.010931885760763416 0.01219927746316661
1 0.6542882504670515 0.3391151220902152 0.011871337890625 0.012105568595554516
1 0.9167555104131284 0.7795860041742739 0.011959573496942934 0.012584188710088316
1 0.6866052876348081 0.7641662929369056 0.01140519847040591 0.01159178692361583
1 0.8212514960247539 0.7854477011639139 0.011026962943699047 0.010690606158712635
1 0.8791265694991403 0.06326198318730229 0.010590055714482847 0.011213131572889246
1 0.7184864127117655 0.9857028048971425 0.013629001119862432 0.011913797129755434
1 0.6717164101807969 0.6748643750729768 0.011590190555738367 0.012158725572668987
1 0.92851155737172 0.13018212629401163 0.011200738989788551 0.012212390485017197
1 0.8906248963397482 0.8539199829101562 0.010979984117590862 0.011790897535241169
1 0.8778562753096872 0.891022433405337 0.012376660886018173 0.011676705401876698
1 0.8801744502523671 0.19375187417735218 0.011856535206670347 0.011288435562797215
1 0.5721952189569888 0.24707898886307425 0.011649670808211617 0.013417347617771313
1 0.7926314188086468 0.9443717624830164 0.011255886243737263 0.012506899626358696
1 0.7954354908155358 0.014172489228455917 0.01057235054347826 0.01005982834359874
1 0.5649581992107889 0.3232572493345841 0.011311738387398098 0.018987054410188095
1 0.8016167101652727 0.806122344473134 0.011273176773734715 0.011489826699961786
1 0.7886484809543775 0.7256060683208964 0.01161591903023098 0.011190455892811651
1 0.7627879225689432 0.713953038920527 0.011502100073772926 0.012286352074664574
1 0.8073118458623472 0.01349847796170608 0.011529341987941578 0.011027726142302803
1 0.8922737370366636 0.9458148375801417 0.009665945301885191 0.011027626369310461
1 0.8029724618662959 0.024960894299590065 0.011492107225501019 0.01014693275741909
1 0.6834531452344812 0.9877359348794689 0.011441189309825068 0.010171268297278362
1 0.6907782347305961 0.9446125030517578 0.010727426280146059 0.01163806086001189
1 0.6451278562131135 0.32508412651393725 0.011192363241444464 0.012501426365064539
1 0.7849340438842775 0.9255821808524755 0.010615058567212976 0.011452384617017664
1 0.8143976460332456 0.7681887046150538 0.011293742967688519 0.010369217914083729
1 0.8239634347998579 0.8049424005591351 0.010661705680515454 0.01190811654795771
1 0.826366320900295 0.7581825878309167 0.012213706970214844 0.011340555937393852
1 0.5779384737429412 0.3361327440842339 0.011222673499065895 0.024054340694261635
1 0.7065831681956418 0.9747172023939049 0.010457702305005945 0.010618583015773609
1 0.933102276014245 0.034788410300793854 0.009989862856657608 0.010645433612491772
1 0.5670934034430463 0.3406891304513682 0.011347501174263332 0.01711130142211914
1 0.6777350591576616 0.7453863517097805 0.01482155012047809 0.015105745066767153
1 0.7654409201248832 0.7712142571159031 0.010896724203358526 0.011913341024647589
1 0.8897107995074727 0.7755345054294753 0.01321734552798064 0.013703221860139267
1 0.8326011326002039 0.7980136664017387 0.010957966680112093 0.010262323462444801
1 0.8164431323175845 0.8301878804745881 0.011207539102305536 0.011085344397503395
1 0.847435992697011 0.7963118760482125 0.010893116826596468 0.011761209239130434
1 0.9332151827604873 0.04706557289413784 0.009503571883491848 0.012498982574628748
1 0.5781395228012748 0.14700525221617325 0.011508464813232422 0.012289638104646103
1 0.6056852755339249 0.29364624230758 0.011155087014903193 0.012593331544295601
1 0.5761064964792003 0.3143927221712859 0.012199173802914827 0.01234305423239003
1 0.6282678065092667 0.9217876766038978 0.011452426081118376 0.011923250944718071
1 0.637140180753625 0.8310464568760083 0.011907017749288807 0.011620687401813011
1 0.9203188315681788 0.1144955935685531 0.010714448016622791 0.013205248376597528
1 0.919783882472826 0.022086986381074657 0.010331029477326767 0.010521021874054619
1 0.8696088790893555 0.9021407832270083 0.011153677235478941 0.01076408054517663
1 0.916698414346446 0.7965887940448262 0.011729945307192595 0.011387742084005604
1 0.6274241882821788 0.23914661614791208 0.013179799784784731 0.011584178261134937
1 0.6423313203065291 0.8773013197857402 0.010603013245955757 0.010564513828443445
1 0.6771285844885785 0.755161658577297 0.01192872420601223 0.011077880859375
1 0.66709275867628 0.6418763658274775 0.014084567194399626 0.013750034829844599
1 0.9337526197018831 0.8431859845700471 0.009012595466945482 0.00981592095416525
1 0.5572638511657715 0.3989575945812723 0.01218965779180112 0.012164426886517067
1 0.6799782048101011 0.941345919733462 0.01099072331967561 0.010899834010912024
1 0.7177938378375509 0.9678280457206394 0.012136873991593071 0.012007257212763247
1 0.932811571204144 0.012501921018828516 0.008970758189325747 0.009179867480112158
1 0.6397015737450641 0.03684307310892188 0.011290467303732166 0.010797591313071873
1 0.8357556591863218 0.9018871680549952 0.011081239451532778 0.010973847430685291
1 0.9288476031759509 0.8587046084196672 0.010762421981148098 0.011751921280570652
1 0.8392969214397928 0.9154347544131071 0.011989593505859375 0.012630379718282948
1 0.9188956385073453 0.864113247912863 0.010693840358568274 0.010771502619204313
1 0.9276902364647907 0.8213515696318254 0.010867201763650646 0.010202366372813349
1 0.8879612632419751 0.8324095477228579 0.011597840682319973 0.011490241340968921
1 0.8726707334103792 0.16821446626082712 0.011334336322286854 0.011514000270677649
1 0.6170273967411206 0.3833997353263524 0.012761095295781675 0.014066903487495754
1 0.6174289039943528 0.011222079396247864 0.010993625806725544 0.010619068923203842
1 0.9073105687680452 0.9638479688893193 0.011110057001528532 0.011857944986094599
1 0.8958366228186567 0.8185061164524243 0.011240585990574047 0.010603946188221807
1 0.6220441693845004 0.8116602483003037 0.014579399772312329 0.019184900366741676
1 0.8394072988758916 0.7695636749267578 0.012055604354194973 0.012829324473505434
1 0.5947829536769702 0.291844482007234 0.011614343394403872 0.011624398438826851
1 0.755070748536483 0.722544524980628 0.011692254439644192 0.012528502422830334
1 0.6437699483788532 0.016020237103752465 0.011506578196649965 0.011961073979087498
1 0.8594406998675802 0.7626679669255796 0.012458013451617699 0.012037235757578974
1 0.7744648767554243 0.7628269610197647 0.011435011158818785 0.011510600214419157
1 0.578333336374034 0.34254492884096893 0.011074522267217222 0.010786719944166101
1 0.9333352627961531 0.10168593344481094 0.009663789168648098 0.010818305222884468
1 0.5900672829669454 0.2663864052813986 0.012956287549889606 0.013324032659116
1 0.5899556512418 0.4628304191257642 0.023549639660379162 0.01207243877908458
1 0.9053602633268936 0.9404023626576299 0.010276213936183765 0.009851621544879416
1 0.8221900981405507 0.7340584630551547 0.011990878892981487 0.01188095756199049
1 0.8351206572159476 0.9846886137257451 0.012011569479237432 0.010907339013141136
1 0.5713599661122197 0.364710289499034 0.012117966361667797 0.011925282685653023
1 0.8565957857214886 0.9072936514149541 0.011111466780952785 0.010904809702997622
1 0.8875212462052054 0.17347033127494477 0.01111926203188689 0.011013818823772926
1 0.6620290590369184 0.01188733072384544 0.011324509330417797 0.010004205548244972
1 0.9043171924093495 0.025918990373611454 0.009931813115658968 0.009933567565420399
1 0.5609643355659817 0.17238497734069824 0.0110632440318232 0.013886389525040337
1 0.5612784572269605 0.12582347704016641 0.011105433754299 0.011905877486519192
1 0.8606854107068933 0.711780133454696 0.013563197592030401 0.01221466064453125
1 0.8680409555849822 0.015036003097243933 0.01069964533266814 0.009840489729591038
1 0.8649525227754011 0.7267877122630244 0.0137322881947393 0.014210203419560972
1 0.882484187250552 0.865503974582838 0.010882004447605297 0.01153290790060292
1 0.8329122377478558 0.973572129788606 0.01180955638056216 0.011077922323475714
1 0.9225129251894744 0.04075356151746667 0.010897843734077785 0.011499135390571926
1 0.7929080258245054 0.9062985129978345 0.012387856193210766 0.011252444723378057
1 0.6716416815052861 0.9712949835735819 0.011400388634723167 0.013820150624150816
1 0.6125829945439878 0.5328582473423171 0.01279524098271909 0.023816523344620415
1 0.6792827896449876 0.9766256498253864 0.010711213816767153 0.011409261952275816
1 0.6232617627019468 0.6034930685292119 0.012551805247431215 0.016685651696246605
1 0.9067673890487008 0.19355259770932406 0.011747940726902172 0.011644031690514606
1 0.6424084538998811 0.3435036203135614 0.011597923610521399 0.011605221292246943
1 0.8474772287451704 0.86587205140487 0.01108712735383407 0.011066022126570992
1 0.8565537203913149 0.8775987417801566 0.010658222696055536 0.013302222542140796
1 0.6311447413071342 0.5850854334623917 0.01415271344392196 0.013868373373280401
1 0.918142090673032 0.8265697230463442 0.009554531263268513 0.011016431062117867
1 0.6126914128013279 0.28952575766521954 0.017383430315100628 0.012797355651855469
1 0.8505558345628821 0.052870048129040254 0.011957085650900135 0.01177365365235702
1 0.6246186442997144 0.8064648794091266 0.01134733531786048 0.011327121568762737
1 0.5786418603814166 0.27262891893801483 0.012308887813402258 0.014564534892206606
1 0.908477078313413 0.8303417952164359 0.012623247892960258 0.010452353436013927
1 0.7756258923074475 0.7222582775613536 0.011892899222995922 0.011247137318486753
1 0.8888375862785008 0.03343194982279902 0.010802683622940727 0.011110492374586023
1 0.684051285619321 0.011925053985222527 0.010357276253078296 0.009130072334538336
1 0.838002930516782 0.7401343428570292 0.014026434525199558 0.014678001403808594
1 0.5745486798493759 0.525020868881889 0.011846791143002718 0.012669977934464165
1 0.908761563508407 0.011773975970952408 0.010868072509765625 0.008957111965055052
1 0.6191079098245372 0.3715377346329067 0.013804394265879755 0.012349475984988005
1 0.6753298717996349 0.01908197415911633 0.010785144308338995 0.010241833717926689
1 0.857947826385498 0.8232471217279849 0.010883289834727411 0.010951498280400816
1 0.9201158440631368 0.01153111360643221 0.00968833591627038 0.008686259388923645
1 0.8996390052463696 0.03534876781961193 0.010877443396526833 0.01011576859847359
1 0.5546072462330693 0.08181272382321564 0.01048440518586532 0.011008241902226988
1 0.5828177721604056 0.4643533851789392 0.012315853782322094 0.01588383964870287
1 0.8976613542307978 0.15295123535653818 0.010865957840629246 0.01084583738575811
1 0.7788005497144616 0.7909863306128462 0.013372006623641304 0.01098031583039657
1 0.6996343861455503 0.9407495415729024 0.013200759887695312 0.012082390163255774
1 0.6133500078450078 0.5297200679779054 0.010417005290155825 0.016465995622717815
1 0.7901205394579017 0.9196638231692107 0.010926122250764267 0.011571345121964165
1 0.9153513079104216 0.20499518643254822 0.012875391089397926 0.010343282119087551
1 0.6613500429236372 0.9733906828838846 0.012165733005689539 0.012341665185016136
1 0.6710809417392896 0.011120358886926071 0.009491671686587126 0.008785492700079212
1 0.9326900399249533 0.1751667831255042 0.01042249928350034 0.012786885966425356
1 0.6148682469907015 0.28060634239860205 0.015596970267917797 0.01708654735399329
1 0.6419601855070693 0.022438958287239075 0.01203893578570822 0.014789878026298855
1 0.6442520411118215 0.3386158632195514 0.010884015456489895 0.011902581090512484
1 0.5685934398485266 0.3489046679890674 0.010178275730298914 0.011433552140774935
1 0.8168745455534563 0.7011790482894235 0.011135101318359375 0.01100133812945822
