0 0.16531139692999378 0.2540453309598176 0.005954825749204768 0.00820287380726863
0 0.17278682667276132 0.5093428984932278 0.011116629061491592 0.011686656786047894
0 0.20997838352037515 0.06676905051521632 0.012250630751900051 0.012363361275714378
0 0.14012321181919263 0.37201340561327734 0.011202832926874575 0.010310509930486265
0 0.07046107094438725 0.6266414598082861 0.007628873108522066 0.009102155360422168
0 0.2768934084021527 0.3912799462028172 0.010682727979577106 0.011783973030422046
0 0.2013773503510848 0.47794982661371643 0.011042387589164402 0.010345998017684273
0 0.25501189024552057 0.39526064499564795 0.010586075160814367 0.010553525841754417
0 0.19514208254606827 0.18766432223112686 0.012124973794688349 0.013984763103982677
0 0.12213109432538563 0.342317430254888 0.006763962010705938 0.008847818270729052
0 0.1405749466721383 0.44851292631475026 0.0039732090043406105 0.005271777809328624
0 0.0849779460606358 0.44613200065986147 0.007229617999918625 0.0076049137488383625
0 0.2845739903657332 0.11658563821212103 0.012432886206585426 0.012164032977560291
0 0.3095044778740924 0.3649900477865468 0.010489774786907692 0.01112154255742612
0 0.11481821018716562 0.42156660556793213 0.010531425476074219 0.010669179584669031
0 0.16753375031409792 0.2436634154592954 0.0042448219367546315 0.006733033103529196
0 0.12292669718752317 0.0670182794577231 0.007838331574709744 0.008290934366902085
0 0.16823009304378345 0.18676868728969406 0.012023231257563051 0.011635676674220875
0 0.2597670555114746 0.11722234539363693 0.011507614799167797 0.011314547580221424
0 0.24232135648312775 0.3608883463818094 0.010448227757992952 0.010858515034551207
0 0.22593779149262802 0.3762102127075195 0.01097573404726775 0.011109891145125679
0 0.13883942106495734 0.11854156203891922 0.01137443210767663 0.011784843776537024
0 0.10764779726836497 0.8309509443200152 0.005760712787346719 0.008992758933350057
0 0.15190996812737506 0.5106863560883895 0.010842022688492485 0.011898828589397926
0 0.2269692213638969 0.4003047321153723 0.011035463084345278 0.010648685952891474
0 0.14124569685562796 0.9772857997728431 0.010212628737739895 0.010323234226392664
0 0.2764425692350968 0.05488145869711171 0.011873867200768513 0.011855819950933042
0 0.2460636159648066 0.05748566337253736 0.01279754224030868 0.012860225594562034
0 0.26529878118763794 0.19599118440047555 0.011286320893660835 0.011397278827169666
0 0.2575177524400794 0.8786595800648562 0.009416953377101732 0.010039619777513586
0 0.11776478912519371 0.10595736296280571 0.010997720386670984 0.01127543656722359
0 0.21836894491444464 0.8842158939527428 0.00857344917629076 0.00858282006305197
0 0.26660967909771466 0.8714577840722124 0.010119666223940641 0.010618334231169327
0 0.1162996188454006 0.7174269220103389 0.01063232836516007 0.012658077737559443
0 0.17702101106229037 0.798452957816746 0.011014762132064156 0.01144973091457201
0 0.2928896883259649 0.17462044695149298 0.012225296186364216 0.012961169947748598
0 0.25734811243803607 0.08353224785431572 0.013637065887451172 0.012129415636477263
0 0.22699356079101562 0.9561555696570355 0.010530140088952106 0.01146673119586447
0 0.266619754874188 0.7698170205821162 0.009793385215427565 0.010305570519488792
0 0.11419777766517969 0.5494007131327754 0.011699168578438137 0.011384321295696755
0 0.3201130162114682 0.16782193080238675 0.01052620099938434 0.011680343876714292
0 0.17325399751248566 0.8759623403134553 0.009745711865632431 0.010989230612049932
0 0.07667262139527695 0.7296320459117059 0.011085904162863026 0.013110699860945992
0 0.13284216756406036 0.7199854850769042 0.009859624116317085 0.010456209597380264
0 0.16351859314020362 0.20875265591054334 0.006099781207919065 0.010113093104770144
0 0.09314268049986475 0.5732401866341781 0.006944456296123045 0.00792227353109423
0 0.0727131055748981 0.3159070429594621 0.01114909545235012 0.01214437899382218
0 0.1702728997106137 0.6864723744599714 0.012229774309241253 0.011400595955226734
0 0.17558459613634192 0.9397239063097084 0.010135795759118122 0.012761779453443445
0 0.1150889241177103 0.025221465722374298 0.011832289073778235 0.012899059316386347
0 0.2778460875801418 0.3638137734454612 0.010471883027449898 0.011122993800951086
0 0.20537701467872518 0.22143686210630975 0.00610365863093878 0.0067451290010246915
0 0.4890031296273936 0.9649687435316003 0.010263049084207287 0.01186134504235309
0 0.09473283912824548 0.7417868945909583 0.012175798416137695 0.01172849406366763
0 0.24163256217072404 0.20405952424143664 0.004577995627727157 0.006906993230296335
0 0.26961588555820215 0.2588892440585904 0.006859105231351007 0.007792882854173523
0 0.3375096994897593 0.949942215629246 0.010276825531669285 0.010536027991253395
0 0.3207103687783946 0.27242338139077893 0.011927936388098675 0.011372047921885614
0 0.10919282747351605 0.367320056842721 0.011481824128524117 0.010958306167436682
0 0.21451792789830695 0.25739970302451015 0.005454210221523857 0.006921716639137696
0 0.4677173780358356 0.9559829753378163 0.009484830109969429 0.010055998097295347
0 0.10268890857696533 0.6894773400348164 0.011290477669757347 0.012143674104110054
0 0.14737969377766486 0.4031935567441194 0.009802476219508959 0.009919042172639267
0 0.31138069733329443 0.31526116702867646 0.008867691170005661 0.007851222020078754
0 0.22728263813516367 0.1262210970339568 0.01203211494114088 0.01258105817048446
0 0.21690085659856378 0.9579842401587446 0.010024879289710003 0.01019523454749066
0 0.10228718363720439 0.18775272369384766 0.01151896559673807 0.012327857639478601
0 0.24715569744939392 0.9599732316058613 0.010865232218866762 0.011549700861391813
0 0.21520979508109714 0.7304269749185314 0.010428304257600204 0.011262935140858526
0 0.25773420541182807 0.28688819512077 0.011272534080173657 0.010466513426407524
0 0.3367565300153649 0.2848929322284201 0.011493703593378481 0.01182995671811311
0 0.1422703734844553 0.5919815351495643 0.007672110245465205 0.008275609642360493
0 0.1888708441877587 0.6494317882915733 0.007091146810269639 0.007560768991986044
0 0.26590621989706287 0.016979779562224514 0.012489463972008747 0.012876552732094475
0 0.3266141709734993 0.23042491458729675 0.005200299941541455 0.006820780252775982
0 0.31556727575219196 0.8402304442032523 0.009783226510752802 0.0110015869140625
0 0.1846829497295877 0.3573641777038574 0.011003286942191746 0.012846946716308594
0 0.33997902662857726 0.3275068531865659 0.010194156480872112 0.009967721026876698
0 0.25889188310374384 0.8224694625191067 0.010391256083612856 0.010678498641304348
0 0.2661913892497187 0.10212016623953116 0.011566638946533203 0.012618303298950195
0 0.07270234564076299 0.28389351264290186 0.010151344796885614 0.011475376460863196
0 0.2109682974608048 0.02309115943701371 0.012887519338856573 0.013540322365968124
0 0.19109742537788724 0.15352677780648935 0.010567126066788383 0.01089105398758598
0 0.18257174892037636 0.30740017020682264 0.006677015633069071 0.009162036571865283
0 0.19178648616956614 0.29366448396488326 0.006533080805414308 0.008927790836978944
0 0.1551411411036616 0.6108889890753705 0.00997558883998705 0.010335196619448454
0 0.26267873722573987 0.3623981605405393 0.010870746944261633 0.0111201172289641
0 0.26972621420155396 0.4161216072414233 0.00964906941289487 0.010406908781632133
0 0.2530360221862793 0.38139618738837866 0.011516197868015454 0.011848983557327934
0 0.19087047162263293 0.3699227105016294 0.011393090952997622 0.011460946953814964
0 0.07065720143525497 0.7711823504904042 0.009861790615579357 0.010998269786005434
0 0.08367663881053096 0.3521721401940222 0.011514207591181215 0.010972243288288946
0 0.22412066874296765 0.4397516095119973 0.010302813156791355 0.009985747544661812
0 0.10910143211035037 0.2570534938264863 0.005733387973233384 0.007356653178257432
0 0.1360738173775051 0.7995848863021189 0.009757788284965183 0.010298438694166101
0 0.19899128958301687 0.3245342107884849 0.007003493575016542 0.007424990523291784
0 0.1300036938159352 0.5502438088852406 0.005457925230483305 0.008529455495897951
0 0.4374853113423224 0.9168024685071862 0.009829728499702785 0.010172429292098335
0 0.3020146375728352 0.2010911024022078 0.007432633105436369 0.006371548543906771
0 0.13982483096744702 0.3924946966378585 0.010714665703151539 0.012400082919908606
0 0.2393939909727677 0.09159991274709288 0.012953986292300016 0.013718351073887036
0 0.26423893071270965 0.22135199671206274 0.0069165744749401965 0.008828629283183663
0 0.13780895402222915 0.8203127166094952 0.0054877048015226386 0.0073578022479769915
0 0.17006582280863886 0.43023867710776953 0.010377168655395508 0.009994579398113749
0 0.28464982820593787 0.9450279733409053 0.009722419407056726 0.010611160941745922
0 0.306819604790729 0.6496634068696396 0.011945226918096128 0.012178379556407099
0 0.14521834676435094 0.607623856554675 0.006870214823795901 0.007672079147389504
0 0.1605880595552636 0.2912529048350211 0.005958836871345284 0.007993669724499495
0 0.1915728643961965 0.2779691627603318 0.007176769504887851 0.009360096824520806
0 0.08520630649898363 0.32853513178618066 0.010604391927304476 0.010433010433031164
0 0.12733471911886465 0.9528426294741423 0.010516747184421704 0.010688284169072691
0 0.3994351359924346 0.3456407351227105 0.007625365789989074 0.008918797036631428
0 0.08080358384741546 0.023904390571154496 0.006318806481860531 0.006543882235872761
0 0.11148734714673914 0.6949594746465269 0.010138366533362347 0.010330531908118206
0 0.3412338443424391 0.9798631253449814 0.00975092597629713 0.009211332901664402
0 0.18677760207134741 0.5564347350079081 0.010229380234428074 0.010486975960109546
0 0.1679705113325346 0.3024715825935232 0.006081017448458706 0.007583631232545182
0 0.32074384403621203 0.13918578624725356 0.008535951622227148 0.010632649711940919
0 0.23784196895101797 0.8586165801338528 0.010114275890847912 0.010538267052691917
0 0.13506356529567554 0.7078636418218198 0.009797635285750679 0.011838747107464333
0 0.29268264770507807 0.8149507564047108 0.008544590162194294 0.008922286655591883
0 0.07866205275753366 0.34204174216648064 0.008400404046115226 0.008658729963425267
0 0.39206371359203174 0.856054513350777 0.009608709293863048 0.010488924772843071
0 0.2043651705202849 0.46062302071115246 0.009766868923021399 0.009925728258879288
0 0.3369417117683956 0.9114466582346439 0.009790937858010659 0.008485470267267276
0 0.09765479781421012 0.45615991813721374 0.007590436585028004 0.00926974101064463
0 0.08072331164585222 0.6169063737873475 0.007509861330854981 0.008017205478195505
0 0.10832354815109918 0.2953538376352061 0.009744177693906038 0.010597830233366592
0 0.1708682620007059 0.5357798389766527 0.010517763054889183 0.010874022608217985
0 0.3404059170380882 0.8743031128593111 0.010503153438153475 0.011765770290208899
0 0.4091832430466362 0.9642329008682914 0.009565291197403618 0.010172636612601902
0 0.2801746078159498 0.8372123137764309 0.011636485224184782 0.010953322700832203
0 0.1818477070849877 0.0737226445022743 0.007757514680673974 0.010509028698231108
0 0.11861084855121115 0.28293998345084814 0.010393204896346382 0.010854451552681301
0 0.3155701886052671 0.2844013442163882 0.01092802959939708 0.012378091397492783
0 0.30490044925523835 0.11679327487945558 0.012860526209292204 0.012863978095676586
0 0.06916352245716703 0.8023501328939661 0.007689357728797832 0.010125107322632393
0 0.18544472818789273 0.1475422641505366 0.010659051978069801 0.011701614960380222
0 0.1969623254693073 0.9173669815063475 0.009736455005148182 0.010291389797044836
0 0.3390078337296195 0.3036247854647429 0.010420343150263247 0.010260312453560207
0 0.2238174003103505 0.2469485739003057 0.009067970773448114 0.009835782258406929
0 0.12324244043101437 0.6462441320004672 0.011348040207572605 0.011023397031037704
0 0.1965373184369958 0.4670545173727948 0.011002353999925696 0.011639771254166313
0 0.3070355394612188 0.851135025853696 0.009702205657958984 0.009721382804538893
0 0.12898778915405273 0.42852355604586395 0.010695623314898949 0.010705543600994606
0 0.0981558198514192 0.2985198186791461 0.009630887404732082 0.009974313818890116
0 0.0877858182254015 0.6502389241446386 0.006231195572115173 0.011317285691094582
0 0.13408728786136792 0.30164456367492676 0.010900341946145763 0.010151469189187756
0 0.39049471202103997 0.9005708694458008 0.009724591089331585 0.009105350660241169
0 0.35120502762172534 0.3418516166832136 0.008805171303127123 0.00959966234538866
0 0.2837152273758598 0.8948383538619332 0.008590242137079653 0.009399372598399286
0 0.26415879830070166 0.9327398590419602 0.010880117831022842 0.011337819306746773
0 0.11667529871463818 0.23846153386160865 0.004934304698087139 0.007669651017250152
0 0.29099167420983396 0.330329366989 0.006361548914784386 0.007994686535042117
0 0.30223568626072095 0.9235054928323498 0.009966560032056726 0.010487017424210258
0 0.06864071410635245 0.3625089189280634 0.010199598644090735 0.011175943457561989
0 0.2040184062460194 0.8918258418207584 0.009763966435971468 0.009940023007600204
0 0.3410665626111238 0.8496656832487686 0.009664633999700132 0.009750283282736073
0 0.20281500401704208 0.3570223269255265 0.010791757832402769 0.010806954425314198
0 0.33708755866340967 0.9707448793494183 0.009754367496656336 0.009439965952997622
0 0.17948753584656238 0.31998466254940294 0.0061707889707594155 0.008725259809709058
0 0.29861620198125427 0.027228299042452938 0.011441521022630774 0.01186124008634816
0 0.37877576120154977 0.3352174868938913 0.007529478783584349 0.008056838675001007
0 0.14646354965541675 0.33736630108045496 0.010447232619575832 0.010857022326925526
0 0.20096016966778296 0.6819597327190897 0.009621433589769446 0.010926619819972828
0 0.16997922503429913 0.8300532880036726 0.010441230690997581 0.009515762329101562
0 0.27757499047644424 0.34380738504188224 0.009127109686648004 0.010194907928706422
0 0.2850065628129341 0.9620625307873634 0.005125170558031081 0.008999705147173508
0 0.4961848777273427 0.9504457764003589 0.00965812931890073 0.011203558548637058
0 0.4076351963955423 0.8907875392747961 0.010100644567738409 0.010278867638629417
0 0.20151744968914598 0.21444691300325278 0.006792205412625899 0.00783620068990277
0 0.32429983304894494 0.15614458788996155 0.010263774705969769 0.010040075882621433
0 0.06862822822902513 0.9371591650921366 0.008880117665166441 0.009126580279806385
0 0.28272666022429865 0.2518824769714274 0.006033320329234159 0.006312969411340129
0 0.40004630192466406 0.874969482421875 0.010054474291594132 0.010762421981148098
0 0.16095052594723908 0.5318874587183413 0.010154081427532692 0.011242887248163637
0 0.33641774025184046 0.20964100353627532 0.007244470075605624 0.00787719402821617
0 0.17230481686799423 0.8170449422753374 0.00932486160941746 0.010166375533394192
0 0.22278713143390155 0.916816338248875 0.010480963665506115 0.01178940482761549
0 0.17676296301404296 0.5594648685633034 0.009153425484076749 0.00865604712208089
0 0.23268458011156706 0.8401423000980514 0.008765736814294517 0.007089623497775371
0 0.16623257035794464 0.35644344661546784 0.010900341946145763 0.011474194733992867
0 0.13230983605728658 0.6328627227788421 0.007112947118625014 0.006619637454564928
0 0.17062531346860138 0.551951501680457 0.012097358703613281 0.010894298553466797
0 0.26163791573565937 0.793644967286483 0.010764702506687329 0.010675720546556555
0 0.19331037479898203 0.6939597959103792 0.010084297346032185 0.010734599569569464
0 0.1861891746520996 0.4392450581426206 0.010625880697499151 0.010734972746475883
0 0.27354084927102795 0.3157643442568572 0.009755134582519531 0.010387213333793308
0 0.26937078393023944 0.40628863935885223 0.010132665219514267 0.010638019312982973
0 0.18212691597316577 0.8309660579847252 0.008751827737559443 0.008849061053732166
0 0.3178388554116954 0.861311435699463 0.00966781118641729 0.010713452878205673
0 0.16662331739833905 0.6620593699634252 0.0069382577475094066 0.007499774630950072
0 0.22491516237673553 0.8200502602950387 0.009227483168892239 0.009891468545664911
0 0.2823705362237018 0.7600140778914742 0.010598244874373726 0.010450943656589672
0 0.0998301349437293 0.5950476393179494 0.006438967444327155 0.01301744620659374
0 0.176350744574688 0.06895083910459107 0.00692679599147516 0.008960981907513755
0 0.15130346754322882 0.48081306789232336 0.009656201238217562 0.011159730994183083
0 0.2965959174143819 0.3477758979353631 0.008454896588859425 0.008563765857285974
0 0.12708885773368503 0.2912621809088666 0.010178856227708899 0.010282951852549677
0 0.19937095434769336 0.4497462355572244 0.01062569410904594 0.010325514751931896
0 0.17824512642671983 0.7343063011200447 0.006155521029943849 0.009073794055996178
0 0.26861985870029614 0.9659135652625044 0.009416974109152088 0.010830340178116508
0 0.27572006873425814 0.9851342033692547 0.0054805332860004274 0.005913416368385865
0 0.2595006693964419 0.760131545688795 0.010039039280103601 0.012355058089546535
0 0.3366355334782172 0.9357610315350289 0.007131681646907173 0.007950442869901117
0 0.12709838929383652 0.5274236720541249 0.01227458663608717 0.014545772386633831
0 0.3296473129935887 0.34663030116454413 0.00906173042629076 0.009343681128128715
0 0.2789392026298679 0.9196625124939719 0.008501590830547873 0.01003048248846578
0 0.1566873322362485 0.22550206599028214 0.0109625069991402 0.011843287426492443
0 0.1856277610944665 0.9492842218150263 0.008206222368323284 0.009056008380392323
0 0.2618654292562734 0.18569337803384528 0.012208606885827106 0.0118951590164848
0 0.06793584361180302 0.4908716191281438 0.005703642635727363 0.00834163335092426
0 0.12781958442912533 0.6012256967513034 0.006514514366940655 0.00803037033017274
0 0.07073842183403346 0.9675859990327256 0.010275452033333157 0.010423287101413891
0 0.36802722578463354 0.9362353241961935 0.009492200353871222 0.009904902914296026
0 0.3069501234137494 0.02536290430504343 0.008652915125307829 0.009037234213041223
0 0.20040406351504117 0.8236609541851542 0.008381677710491678 0.008563207543414572
0 0.10236446753792139 0.5609146615733271 0.011160560276197351 0.010978118233058765
0 0.17914879268825637 0.7565697944542938 0.006821824017096551 0.007445515589470806
0 0.09210748257844345 0.6806030066116996 0.009788782700248386 0.009795603544815727
0 0.36418754112632457 0.9840057452716136 0.00770228824232152 0.007424942691664542
0 0.128369751183883 0.9672292626422384 0.010834123777306599 0.01106461234714674
0 0.15017131602085357 0.27540455013879644 0.005183299660249647 0.007033615481736726
0 0.13700725202975067 0.9415064065352731 0.009402409843776537 0.009835823722507643
0 0.199347796647445 0.9687394266543181 0.007733904797097912 0.008977641230044157
0 0.38038383363943973 0.9541982263215406 0.007016103844646534 0.008209050841709007
0 0.3396282796550096 0.19787406921386744 0.005983613260331145 0.007624293387655013
0 0.11835212811179785 0.3080206642980161 0.010304316230442211 0.010550312373949133
0 0.21040780248091376 0.31467580268087697 0.005878883503420703 0.007430985906360614
0 0.44902034946109937 0.937640501105267 0.010385274887084961 0.010792068813158117
0 0.07165402823261766 0.38755190255394945 0.006555342350446924 0.007275819107844077
0 0.279302428152117 0.22754869728814062 0.006134107938155196 0.008050787971800588
0 0.4835674244424571 0.9519618283147397 0.010611036549443785 0.010890172875445824
0 0.20970191126284393 0.6772189762281335 0.009178659190302309 0.0115203857421875
0 0.11977111774942148 0.772460232610288 0.010192041811735733 0.010368430096170177
0 0.16024880305580472 0.8035141903421154 0.009271175965018894 0.01021551049273947
0 0.38614375176637067 0.9354463245557703 0.010738175848255987 0.010652210401452106
0 0.3594635834159223 0.34133267275298407 0.008289335528732938 0.0085696653991179
0 0.10085685250350845 0.7916322819634467 0.007958076199495586 0.009238327488396822
0 0.23617256206014883 0.2825811116591743 0.011246909265932829 0.01060230835624363
0 0.15168975747149924 0.39194754673087084 0.009891468545664911 0.0106688115907752
0 0.27831553376239276 0.7729006228239641 0.010310318159020466 0.010895604672639267
0 0.34694980386540714 0.1999184576886235 0.005365076299604688 0.007617430549383959
0 0.19752098166424298 0.4058531989221988 0.010674435159434443 0.011887363765550696
0 0.3478340169657831 0.8701540490855342 0.009428169416344685 0.010231598563816235
0 0.09334896350916776 0.3174618875774391 0.0060417380712821525 0.008058582303769084
0 0.2550465645997421 0.73057860913484 0.0099407900934634 0.011008179706075916
0 0.13305744119024004 0.05102667552189979 0.007838403576852504 0.006837469571213009
0 0.1441994283510291 0.7859165357506793 0.009853788044141687 0.010592253311820652
0 0.16668619274702032 0.6239667353422724 0.006395192054442096 0.0072001962803349365
0 0.18506494812343433 0.8101046810979429 0.008968788644541864 0.010159077851668648
0 0.10941812762479239 0.5831363816971407 0.007495141463620852 0.010214534414156217
0 0.1949076548866604 0.41451805052549945 0.011307737101679262 0.01128790689551312
0 0.2916869287905486 0.9053984932277515 0.009065213410750679 0.009365081787109375
0 0.29647952577342157 0.9880748209745986 0.009505831676980724 0.0087121465931768
0 0.12210019954369995 0.9201735449454991 0.008564289196255001 0.00839793881041866
0 0.3951866730399754 0.9419387112493101 0.00875091552734375 0.009694431139075237
0 0.24622400947239087 0.7986679906430452 0.010240430417268173 0.010314526765242867
0 0.08819141076958698 0.7748184618742568 0.00969336343848187 0.010342888210130774
0 0.06829237678776616 0.27594052190366 0.011700552442799444 0.010615846385126528
0 0.30079985085173855 0.3968262974996858 0.007060692537846181 0.00817285105231644
0 0.14643317720164423 0.9601176925327468 0.009868787682574728 0.009549555571182915
0 0.11581648432690164 0.9857350225033967 0.009515067805414614 0.009623320206351902
0 0.3911885567333387 0.9180404414301333 0.008673424306123154 0.008493423461914062
0 0.11045316491780265 0.5233405543855213 0.006774085618806048 0.008506746173296971
0 0.33207896481389587 0.35168736136477924 0.00933980941772461 0.01261318766552469
0 0.14318153696812605 0.2428836516825041 0.005806145320468427 0.00790373356044768
0 0.1498074726779873 0.36403037122537557 0.004414838337619481 0.005095843928251808
0 0.08777349005990179 0.5277362472928223 0.005260423237290385 0.006201461369004347
0 0.10632031933054197 0.3175605129783648 0.005906415687337299 0.006732714069843857
0 0.09664967785710875 0.9222831104112709 0.008522800777269446 0.009423504705014437
0 0.12298142910003662 0.9083310624827509 0.010030466577281122 0.010601416878078296
0 0.1786545255909795 0.41824376583099365 0.010238066963527515 0.009849019672559656
0 0.24192331148230511 0.8955472448597783 0.009908261506453804 0.00993272532587466
0 0.13897394097369647 0.6917709889619248 0.009940935217815897 0.012202677519425102
0 0.0669186892716781 0.8853103388910709 0.008348143619039784 0.009772176327912704
0 0.35141500571499706 0.8506050939145297 0.009162418220354162 0.018639274265455162
0 0.2985760467722913 0.23434020342633008 0.007414283262696757 0.00678844365913372
0 0.13168999919156468 0.6249150710442306 0.006522601204352219 0.007353345274094725
0 0.3060294098638286 0.9806748916343336 0.007604979348373394 0.007394460393774916
0 0.27358651161193853 0.8985922647559126 0.009767345760179602 0.01025527456532354
0 0.36065340492290665 0.3268741666603227 0.007109769974653086 0.00901259001695833
0 0.42846240453796225 0.9417320398831621 0.008906923534390297 0.00869445430989627
0 0.09349077162535294 0.290417246196581 0.009865978489751402 0.01043495924576469
0 0.1651770083800606 0.9278534391651984 0.011965596157571545 0.010925002720045008
0 0.10182216590177035 0.6719242499278867 0.007613789355224953 0.008158664929335754
0 0.1495509905590169 0.43675532712724235 0.005322763772883067 0.007033490142120266
0 0.14463315812872646 0.2900134483165858 0.005457502287870063 0.006960413649307553
0 0.08053954528725665 0.1364444235096807 0.01009498990100363 0.010058942048445992
0 0.30054984921994415 0.9641207197438115 0.008931885594907015 0.00925308725108271
0 0.10124302947002908 0.6550883210223654 0.010383896205736242 0.011558159537937329
0 0.1366514753883381 0.2522045453472526 0.006173103141384828 0.008974251734492025
0 0.1727273065446207 0.3812184296456829 0.004354424707716697 0.005705490352215325
0 0.196619002715401 0.43528471822324005 0.01014089584350586 0.010620573292607847
0 0.32770757174686244 0.9029361061427905 0.009634948457064836 0.010192539380944294
0 0.11312138495754778 0.8236933231084224 0.004246698671794082 0.007201476395625504
0 0.07509397942086923 0.9303404351939326 0.008789902148039444 0.00923082102899966
0 0.22903711899467133 0.24117432469907013 0.01116545304008152 0.009855021601137907
0 0.3066037222311535 0.13449906882599744 0.0059185862973915515 0.00916434174864201
0 0.10273958796258098 0.6181274063397924 0.007328184255440159 0.008618555874929157
0 0.4119081186211627 0.9881328707155973 0.009865988855776579 0.008112243984056555
0 0.39683143084097094 0.9772071157329835 0.007060475704414522 0.006542284562266551
0 0.18427739568794022 0.738677053920086 0.006564185283448777 0.00905735138599819
0 0.4476992410162221 0.9298265913258428 0.009342743002850077 0.01470959704855214
0 0.09619998013733647 0.4181569044487558 0.008527322733275252 0.009086565971130138
0 0.08402520936468401 0.03314668920738873 0.00908199446503466 0.008749181740591113
0 0.40541707951089606 0.9776059440944507 0.009172501771346382 0.009047217991041101
0 0.06742443986560988 0.6937495729197627 0.008451404778853706 0.009788305863090183
0 0.17808938544729483 0.8538865628449814 0.010775576467099398 0.00945182468580163
0 0.2841737270355224 0.8003719785939092 0.009771533634351648 0.010549586752186651
0 0.3426555995631517 0.1825765994257549 0.007218572177727283 0.006549998413464622
0 0.27239090463389526 0.7957537277885105 0.011101930037788723 0.011062124501103941
0 0.26687949636708136 0.9592363316079846 0.00923820163892663 0.00956124844758407
0 0.25503279851830524 0.32493448192658625 0.009338399638300356 0.009221448846485304
0 0.1137225057767786 0.9417764413430354 0.008942766070979543 0.008276344382021291
0 0.06661450344583261 0.6690310395282247 0.009084421655406122 0.01244880842125934
0 0.09324946029461109 0.05348354269845359 0.007215217334702025 0.006500443757191637
0 0.15691623056348877 0.49391889585620263 0.006048736835521987 0.007491890687486853
0 0.5105507062829059 0.9596099853515625 0.009108004362686821 0.009632442308508831
0 0.17354367292237932 0.48226569514688256 0.006904647283941564 0.008010758039191193
0 0.13953044621840768 0.41907557197239087 0.010513564814691958 0.010737336200216541
0 0.09693002684386073 0.953801972581276 0.006152002711749379 0.0066952477414705695
0 0.37633031606674194 0.9704417353091033 0.010231717773105786 0.009462937064792799
0 0.2752961801446002 0.011340854284556015 0.012094933053721552 0.011750902170720308
0 0.24950962481291397 0.08638911921045053 0.008890649546747622 0.009607185488161833
0 0.3021518147510031 0.9452515685040018 0.009881289108939793 0.010319378065026325
0 0.15652229220237351 0.35971114162322065 0.008376763858591468 0.007319444972926885
0 0.23200629432710912 0.15888621454076568 0.006604127403113307 0.009245707481977207
0 0.14906688876774 0.7129724958668584 0.009156050889388374 0.009012761323348335
0 0.5181856984677523 0.958274862040644 0.009653671928074049 0.010006075320036514
0 0.2076978733280284 0.4223035645982445 0.006284822789422803 0.009331408629200188
0 0.17785374496294104 0.9267313791357954 0.009782055149907652 0.010070095891537874
0 0.23374904499171026 0.19488992587610596 0.007011807342934954 0.005671336611593425
0 0.24914148579473083 0.8104754945506221 0.009053396142047384 0.00891075963559358
0 0.20977719970371406 0.8186229830202849 0.009158445441204569 0.009669303894042969
0 0.10878845401432204 0.9293702996295431 0.008963035500567892 0.009114058121390965
0 0.1550316706947658 0.8757883569468623 0.008874271226965862 0.012373468150263247
0 0.09455879796814663 0.6332937956080997 0.006144809410069286 0.009301511635183335
0 0.08474769068398964 0.8317586521141915 0.007626799831373741 0.00769725557545552
0 0.13552998271774241 0.28019948350379975 0.007171965274637424 0.007478853957816928
0 0.42229043812654465 0.9435452085264825 0.008607053700864427 0.008556574744467499
0 0.07880796556887419 0.7625628554302715 0.009938478469848633 0.011634121770444124
0 0.40088570636251697 0.9620665881944739 0.010311624278192934 0.009947942650836447
0 0.3292654597240945 0.30087161064147944 0.00978131916211999 0.01070609300032906
0 0.18224337613699 0.7044709990644413 0.00564657484797586 0.007300958846667113
0 0.3524820566901661 0.9454981762429939 0.006831034035168585 0.007958073323639311
0 0.29896638704382855 0.2849073202713676 0.011100727578868036 0.011228934578273609
0 0.23018239499830848 0.7701936304359804 0.008382582076376653 0.007969371580717416
0 0.36052747586997375 0.8952857449042678 0.0058714411642591564 0.0075116282920533375
0 0.18488090354896103 0.06156079945645451 0.007250746045178727 0.008865580576086067
0 0.09380978605021596 0.4643833347797453 0.006286846587934042 0.007285337269781675
0 0.12162754328354546 0.8927625365879224 0.009460874225782312 0.008794991866402004
0 0.19281435192128485 0.7197905701837817 0.006119851808794197 0.006682606169896914
0 0.30380917632061505 0.9089236466780953 0.00853660832280698 0.009175259134043818
0 0.12935744189061446 0.6641840413665121 0.0057500309334690865 0.007890762263805938
0 0.24886337570522143 0.7418143852897312 0.011877827022386633 0.00995325005572775
0 0.25516063234080444 0.743045952009118 0.010148939879044243 0.009544911591903023
0 0.28031494306481397 0.7859646133754565 0.010260416113811989 0.009680996770444124
0 0.3116931500642196 0.944955307504405 0.010084981503693954 0.010012958360754925
0 0.08561306774512392 0.658706679578451 0.0067142700485290875 0.006471869771342787
0 0.3117530985713179 0.2416480014734817 0.006785634411870147 0.006829532745008986
0 0.10135095308402443 0.4026567706051614 0.0071709552283016195 0.0073900126360910805
0 0.072241160269946 0.05549414723748509 0.008248031209955443 0.007654213878026368
0 0.21438238931738812 0.45045224480007 0.00990376265152641 0.009459163831627888
0 0.17985332959604494 0.21502245089713604 0.004992606261068534 0.007433386063608869
0 0.20440734310528888 0.38349853853776317 0.006422412957858587 0.007717940114310481
0 0.11266948347506317 0.9085097727568254 0.00976202798926312 0.010926827140476391
0 0.14181915556729677 0.6565882219448897 0.007305619313804401 0.008444909014830285
0 0.08213295884754347 0.9803799131642217 0.008927899858225946 0.00910423112952191
0 0.3070281588512918 0.8666652596515156 0.009174367655878481 0.009900797968325407
0 0.11327070775239365 0.6065605205038319 0.011298718659774117 0.011358965998110563
0 0.36853772660960327 0.8969438594320545 0.009738652602485989 0.009813847749129585
0 0.12136436828010023 0.680621191985727 0.0055676473181620265 0.007014180629105569
0 0.3662069750868756 0.9073776576829994 0.009808949802232824 0.010151655777640965
0 0.1614601404770561 0.960981908051864 0.010191005209217901 0.012610145237134851
0 0.22508976770483957 0.7647427869321173 0.008544869765627086 0.007635319639543684
0 0.14272203945341452 0.4362895323495756 0.0061504732170510005 0.006971335455150936
0 0.11799636705258143 0.7886318517209376 0.007941942406209273 0.008554454360054108
0 0.426610977753349 0.9884336513021718 0.009173372517461363 0.007719993591308594
0 0.29535092478213104 0.3012775130893873 0.0097204705943232 0.009760981020720108
0 0.18423231788303543 0.9352471310159435 0.009053769318953804 0.009556977645210598
0 0.12407864246751549 0.05582264076252781 0.006952889237738824 0.006623652931605732
0 0.15993800888890805 0.407806528651196 0.009201163830964462 0.010188045709029488
0 0.37401809899703314 0.9871770817300548 0.008993874425473421 0.008385989976965862
0 0.10468854593194049 0.02611549522565759 0.016423940658569336 0.010462030120517895
0 0.21986576107231623 0.8986366585195849 0.006676059100093235 0.008102181095300864
0 0.1931967527970024 0.7993302759916887 0.009978460228961447 0.009509501249893852
0 0.14902159977170745 0.9238981491701495 0.004681426708997122 0.0084621421380766
0 0.12568149744366386 0.9404247532720152 0.005138202335078937 0.009317232214886208
0 0.30984799758247705 0.9694130524345066 0.009862982708474865 0.010007858276367188
0 0.18257800465340956 0.7149331251405039 0.007919644693410553 0.007708550956678783
0 0.12443877821383267 0.5237444483715555 0.00993526500204335 0.010182774585226307
0 0.2904637378195058 0.935291393943455 0.009585339090098505 0.009186495905337126
0 0.26248376265816065 0.29817090863766876 0.009441914765731148 0.00956168382064156
0 0.08529333379448208 0.6261643628863076 0.007674629635507545 0.00994439657837734
0 0.251252435769749 0.07539320783479679 0.005898210613671731 0.005382532379537838
0 0.1780910522906666 0.4879555442385005 0.005467437203001438 0.007573374107584327
0 0.23680782318115234 0.17382896983105206 0.011652283046556555 0.012772985126661219
0 0.2889779494266414 0.31664757697490864 0.007742795943724684 0.0064810031684224174
0 0.07525576041517862 0.3725930869497847 0.006656187613248873 0.006798261846191634
0 0.24458406282507855 0.9045834748641305 0.010442484980044157 0.010096508523692255
0 0.46088284640575217 0.9477130446522523 0.006689074024301962 0.006927715383953017
0 0.19363624116648792 0.9865934366346352 0.009370990421461023 0.0051903589074348885
0 0.16711098214854367 0.4075549789096998 0.009805845177691916 0.009692357934039572
0 0.19873378587805707 0.976706898730734 0.008227348327636719 0.008924608645231827
0 0.246532388355421 0.7843822188999341 0.010848480722178583 0.012316703796386719
0 0.2141962777013364 0.7994328996409541 0.009962227033532185 0.011470670285432236
0 0.404615132705025 0.9405532919842264 0.009431465812351393 0.009922359300696331
0 0.19564395365507706 0.7870575034100077 0.010349916375201683 0.01113866723102072
0 0.1704709063405576 0.41701587386753247 0.009329744007276453 0.010690668354863707
0 0.2964862014936364 0.9732825445092241 0.00947676534238069 0.009186495905337126
0 0.1520498628201692 0.7951405152030613 0.008509988370149033 0.007877930350925611
0 0.2912118571588065 0.9186766226196024 0.005253315890889679 0.00601615472114136
0 0.31332360143246857 0.9113627931346064 0.010202200516410496 0.012023718460746433
0 0.2101830063357008 0.768476506938103 0.008026819420369532 0.008775209232252962
0 0.3458758715074165 0.88884091806385 0.005311446052313069 0.006182479378620083
0 0.08383329968084378 0.9391909889552887 0.008592520926204944 0.00974257096000062
0 0.10445972629215407 0.34437495081321046 0.008990111558333687 0.008410855479862379
0 0.11532553741164005 0.8536532565094038 0.006485116916308171 0.008561283048952867
0 0.13207470460179224 0.7541621371246359 0.007257686799464134 0.008021043022655052
0 0.29859075159633053 0.8404547564151976 0.0075907628771049885 0.008307055216926823
0 0.30606971616330353 0.2699853648310122 0.0102344388547151 0.01088652403458305
0 0.36421833410761306 0.3317679567809864 0.006621100043204277 0.0071209329992557215
0 0.07953883406707649 0.9592201813407553 0.008149367774178452 0.009218050085979958
0 0.3866933039996935 0.9099604772484821 0.00913468132848325 0.008816387342370075
0 0.4688599315190329 0.9356353424793875 0.007049332138357186 0.008018094293400026
0 0.38930416107177734 0.9872103566708772 0.010229691215183422 0.008480652518894361
0 0.10107809004269219 0.39414468470334785 0.0057475084776984165 0.007541712336558436
0 0.36320817470550537 0.9253984948863154 0.008952151174130648 0.009809991587763247
0 0.11943396596425952 0.33072722635093643 0.006146799969663601 0.009545395533455887
0 0.10959863417461461 0.59421970427381 0.005695317380362407 0.006896801114314748
0 0.18518420924311096 0.9170453652091648 0.011740974757982336 0.009481056876804518
0 0.15182469202124552 0.9517403270887292 0.008840374324632727 0.008987468221913214
0 0.33492008743242807 0.8958153572801453 0.004959273610043014 0.007869138902368063
0 0.09872499700450571 0.6262638982404375 0.008469952551289723 0.006936378486963537
0 0.3747605021252699 0.9506158930615777 0.007418559856157279 0.007041453959220003
0 0.3235053080523004 0.22051445297572944 0.006779909328592808 0.0061876295096420396
0 0.2796049843663755 0.29147422831991443 0.01010088298631751 0.010460625524106234
0 0.28546112689879505 0.34200930134097646 0.007587954627137981 0.009266118484749453
0 0.24638269258582077 0.8306586638740872 0.009947942650836447 0.010407655135444973
0 0.30257491443468176 0.820064109304677 0.009603147921354874 0.012908064800760021
0 0.32082465420598566 0.885990681855575 0.008610207101573114 0.009909007860266644
0 0.12425429291931701 0.5466665152705148 0.006512815570796638 0.0065809887450305905
0 0.09970411315806295 0.8085227534294972 0.0075633068626293105 0.008153686680833003
0 0.09081074665800976 0.2793427842152565 0.007577321810298 0.00903439121939747
0 0.2573014077793315 0.9100627427376158 0.008930326433021347 0.009251601715900608
0 0.2640896154486615 0.910376382910687 0.009403373884118122 0.009051779042119566
0 0.24809000304407447 0.8584617424798204 0.007326634426506746 0.007628958486305477
0 0.15778094270954962 0.675789273303488 0.009664048319277556 0.009303424669348675
0 0.08613011635258948 0.9585916791965614 0.00638120692686976 0.007005801704233626
0 0.1454100349675054 0.814510614975639 0.009099203607310419 0.009954493978749151
0 0.3130456172539516 0.22738467243968383 0.006124660727553894 0.008184441036329352
0 0.2632182681042215 0.32337820465150086 0.009778706923775051 0.010197835124057274
0 0.39323314372049717 0.8899100074118231 0.008963398222458407 0.007598497970266477
0 0.36891330325085187 0.921357590219249 0.009886669076007345 0.009036147076150646
0 0.3249488860774567 0.31721453589724213 0.006813922253567005 0.008844110831751779
0 0.20077353534731354 0.3906146968952568 0.00691484658079622 0.0063366438523879565
0 0.08709821094493114 0.05415200220574078 0.006748094262160002 0.0065406511875572585
0 0.29840197092511517 0.8852471068660648 0.006555011830504778 0.00888474024051324
0 0.29717641416799834 0.261310103592799 0.007267719286589205 0.008160121811657352
0 0.08183334346351356 0.3904003387803138 0.007263567916535341 0.006876271201961072
0 0.34831268502318335 0.860338604968527 0.009559955285943073 0.011476641115934952
0 0.3050490773242453 0.2895857354869013 0.010624533114225967 0.011008926059888758
0 0.20302977769271188 0.7695261499156123 0.00868249976116678 0.009639822918435802
0 0.19165162418199622 0.9493336470230765 0.009698308032491932 0.007911765057107677
0 0.1569571702376656 0.8807970129925272 0.008364988409954569 0.008317698603091032
0 0.19868790585061777 0.8122960173565409 0.009282402370287024 0.008965243463930876
0 0.16893548398944153 0.2220566596255232 0.006072098905141377 0.008182012349058033
0 0.40266871711482166 0.9503808850827424 0.009196836015452509 0.011352580526600714
0 0.21577970877937652 0.4371957364289657 0.009615918864374575 0.009541884712550951
0 0.2327008247375487 0.8324565522677095 0.009044191111689024 0.007979092783281926
0 0.39613240957260126 0.883642984473187 0.009470965551293415 0.00939966284710428
0 0.12866936040961224 0.8770427911177926 0.009919881820678711 0.011600535848866339
0 0.12429269348531742 0.24982555194576514 0.006696172577202028 0.007759632212383854
0 0.35263848711581636 0.9386332598926641 0.0060698563604505715 0.007158393639904148
0 0.21423389600670856 0.8057721179464589 0.008649162624193274 0.0091552734375
0 0.13200618718727078 0.41946029443981425 0.006680813575739472 0.0064032225270469045
0 0.24769743629123853 0.7666740210159966 0.009139724399732508 0.010303207065748133
0 0.09324120515641195 0.012429215066532244 0.007109029733664996 0.00397910030717939
0 0.2921357154846189 0.8254786137823742 0.008440764054008159 0.0050487147384591004
0 0.1513847838277402 0.9743671417236328 0.008501042490420134 0.010138884834621265
0 0.47568839529286266 0.9437832832336426 0.009184298307999321 0.009593507517939028
0 0.18281180962272311 0.36956094399742456 0.012271528658659561 0.00968436054561449
0 0.14748693030813467 0.6895631914553435 0.009520706923111626 0.009731085404105808
0 0.31014561653137207 0.9150129815806514 0.00863404895948327 0.008117758709451427
0 0.3831539983334748 0.9253842105036196 0.009868207185164742 0.01728335670802904
0 0.10225252483202063 0.41304696124532947 0.009067079295282778 0.009381169858186142
0 0.07771515348166384 0.6928525057170916 0.005447978154443604 0.00805541716449634
0 0.17039864996205212 0.851965448130732 0.008058713830035666 0.00847526218580163
0 0.1543348094691401 0.9446766480155614 0.00871642776157545 0.008466969365658968
0 0.38417154032251105 0.9787601595339568 0.009007687154023544 0.00874191781748896
0 0.24773303322170093 0.8728543364483378 0.010688325633173403 0.012367041214652683
0 0.28560401045757794 0.2957753720490829 0.013201526973558508 0.011595269908075747
0 0.1664632662482884 0.9551834645478621 0.008606195449829102 0.009007453918457031
0 0.10198799562900784 0.5877038290033237 0.0067393440903628235 0.008864690567119181
0 0.14253418375371188 0.6365753034943257 0.005718062446261784 0.006621770291685553
0 0.12254844028407831 0.6656789159931179 0.005511478041964325 0.007995231845916006
0 0.2332300517870032 0.8795957772628121 0.008726866348930027 0.008974780207094938
0 0.07961764024651569 0.7905212899912959 0.007959179256273352 0.009024246879245924
0 0.07761643890359939 0.3670131467445068 0.006491942403026283 0.0074590821861391385
0 0.13350105174013463 0.6537621050773653 0.006282121566935533 0.007834871339502465
0 0.18254869496392195 0.3811013064353454 0.004919848579664326 0.0073156359034306515
0 0.3356685769813766 0.9237220926418215 0.008652239020575674 0.00869953529156158
0 0.23604671851448392 0.16812633431476098 0.00975067719169285 0.008337725763735563
0 0.15642025193347245 0.7060088789702098 0.006414060335405254 0.006992927757743692
0 0.247315676315971 0.7745895800383196 0.008797728497049084 0.010866745658542797
0 0.08719920209201046 0.38666743173827883 0.006790868697385216 0.0067702454902924016
0 0.2425319941147514 0.8149955376334812 0.00938471503879713 0.009459246759829313
0 0.15466377394074413 0.3474091939443111 0.006353887679701259 0.006787486837239851
0 0.1921250405518905 0.8157138409821882 0.008860816126284391 0.009616188381029211
0 0.14108337582476552 0.6256812136548758 0.005008940497356128 0.005378885767982327
0 0.3165704111955947 0.23651973311717206 0.0070324898762607465 0.006603879034168999
0 0.3006592681608568 0.2482485293142593 0.006672122869183814 0.00699360064637665
0 0.2650355463442595 0.30810032720151154 0.009260675181513247 0.00997360892917799
0 0.17771196800046923 0.6542364618052595 0.0066463092373493125 0.00820972474706336
0 0.2560787712861468 0.3151280744476484 0.006786046916339749 0.009809088292083967
0 0.08607109074249339 0.340452114469429 0.00844874307941094 0.0077679739233604906
0 0.08657318794930267 0.013052533029201962 0.006901682474213974 0.005388574405881336
0 0.31479307879572327 0.8767981114594832 0.009647141332211702 0.009361971979555876
0 0.17580873374874692 0.633906011494395 0.0053781953237252225 0.006404951923165741
0 0.08501321209146903 0.2801766621991928 0.006332783372897211 0.00785509254597025
0 0.864733364271081 0.5511756357939347 0.009595705115276834 0.009096270022184952
0 0.1486564150990487 0.6504705220072693 0.006116898556145309 0.006347457559107481
0 0.12576375551147595 0.8633235119487087 0.00695764965236778 0.00774500507364985
0 0.17503555961277173 0.3966503713441931 0.010366149570630945 0.014503966207089632
0 0.10366748922077633 0.6642225078105859 0.007389570076551946 0.0065777319285961
0 0.17643365535592623 0.4084368651859544 0.004677653590529595 0.0050733247160194206
0 0.08858082864595496 0.9255524925563645 0.009941427604011868 0.008601727692977242
0 0.17675005406241762 0.9791122898230417 0.009086531001906394 0.007919650408684642
0 0.08824681199115256 0.7978377964185632 0.00857780290686566 0.008665084838867188
0 0.15233580349411188 0.6399012026022057 0.006086831450879631 0.0073540707843755375
0 0.1521066479060961 0.6797456948653512 0.008664608001708984 0.009019478507663893
0 0.14016617899355682 0.8649201185806936 0.01005087728085725 0.010532130365786345
0 0.1839744941048 0.3941842369411303 0.009403560472571331 0.009331164152725883
0 0.09434608685321243 0.3932149503599483 0.007217119095141635 0.0066659782128913195
0 0.2921357154846189 0.8211332733007075 0.008440764054008159 0.0050487147384591004
0 0.29315907599424695 0.8328504105722806 0.0075907628771049885 0.008307055216926823
0 0.29859075159633053 0.8332125222790863 0.0075907628771049885 0.008307055216926823
0 0.29948830604553184 0.888506112227315 0.006555011830504778 0.00888474024051324
0 0.30166097628636523 0.8837986600388424 0.006555011830504778 0.00888474024051324
0 0.3063684284748377 0.877280649316342 0.006555011830504778 0.00888474024051324
0 0.31035165724969893 0.8819881015048141 0.006555011830504778 0.00888474024051324
0 0.30890321042247665 0.8990073517246759 0.006555011830504778 0.00888474024051324
0 0.31433488602456017 0.8942998995362034 0.006555011830504778 0.00888474024051324
0 0.3168696679721992 0.9029905804995368 0.006555011830504778 0.00888474024051324
0 0.31868022650622696 0.9000936868450923 0.006555011830504778 0.00888474024051324
0 0.2771927717009154 0.9811509745943917 0.007507666690221645 0.007940549772609728
0 0.18906185209380705 0.9791122898230408 0.0069138607610730015 0.007919650408685973
0 0.17023204333991734 0.9744048376345692 0.009086531001906394 0.007919650408684642
0 0.15864446872213908 0.9758532844617913 0.009086531001906394 0.007919650408684642
0 0.11684957979501906 0.9266915556679982 0.00965062431667155 0.009122162224027989
0 0.08926497528292736 0.9366562070076496 0.008592520926204944 0.00974257096000062
0 0.0937913716179969 0.9292329170181343 0.006781962392177199 0.007932012425974733
0 0.0986505335559857 0.9490044685709007 0.008328481790971374 0.007239367511276089
0 0.3096505269318844 0.9777779979798891 0.007604979348373394 0.007394460393774916
0 0.2224005430199552 0.8950155414515291 0.006676059100093235 0.008102181095300864
0 0.22638377179481656 0.8892217541426399 0.006676059100093235 0.008102181095300864
0 0.22747010691523326 0.8830658551269452 0.006676059100093235 0.008102181095300864
0 0.08583402580440637 0.8275943674859277 0.007626799831373741 0.008059367282261419
0 0.08366135556357293 0.8170931279885661 0.007626799831373741 0.008059367282261419
0 0.08076446190912837 0.8098508938524549 0.007626799831373741 0.008059367282261419
0 0.08728247263162865 0.8109372289728715 0.007626799831373741 0.008059367282261419
0 0.08221290873635065 0.8040571065435658 0.007626799831373741 0.008059367282261419
0 0.09416259506093452 0.8022465480095381 0.007626799831373741 0.008059367282261419
0 0.07243589265260023 0.7957285372870381 0.007626799831373741 0.008059367282261419
0 0.10151467169209083 0.8034531895342191 0.0075633068626293105 0.008153686680833003
0 0.11786031935927907 0.8583607086978761 0.006485116916308171 0.008561283048952867
0 0.130833319406754 0.8607887300010698 0.00695764965236778 0.00774500507364985
0 0.12685009063189268 0.868393075843987 0.00695764965236778 0.00774500507364985
0 0.13373021306119856 0.870203634378015 0.007681873065978925 0.008469228487261485
0 0.15446573486260698 0.8545002300783711 0.008058713830035666 0.00847526218580163
0 0.1562762933966349 0.8497927778898987 0.008058713830035666 0.00847526218580163
0 0.12270381924105386 0.7900802985481599 0.007941942406209273 0.008554454360054108
0 0.14298207482216588 0.7955119741502437 0.007941942406209273 0.008554454360054108
0 0.14768952701063834 0.8005815380455217 0.007941942406209273 0.008554454360054108
0 0.23014979816392817 0.826019943532634 0.008765736814294517 0.007089623497775371
0 0.25079016545184585 0.8173292625693004 0.008765736814294517 0.007089623497775371
0 0.2513490084053247 0.8638934180819041 0.007326634426506746 0.007628958486305477
0 0.13533370996304245 0.7563348073654694 0.007257686799464134 0.008021043022655052
0 0.18313202146311774 0.754759235920266 0.006821824017096551 0.007445515589470807
0 0.1889258087720069 0.7576561295747105 0.006821824017096551 0.007445515589470807
0 0.27072613230741455 0.7612178808092116 0.010039039280103601 0.012355058089546535
0 0.15135068803819443 0.7060088789702098 0.006414060335405254 0.006992927757743692
0 0.14483267731569419 0.705465711410001 0.006414060335405256 0.009527709705382283
0 0.187312940032268 0.7080921161324971 0.00564657484797586 0.007300958846667113
0 0.19136590509406262 0.7125483360476703 0.006119851808794197 0.006682606169896914
0 0.193538575334896 0.7143588945816982 0.006119851808794197 0.006682606169896914
0 0.18206061235443083 0.6331294386393901 0.006634682970970177 0.006404951923164476
0 0.17336993139109713 0.6427363021963128 0.006634682970970176 0.006684171400330379
0 0.17880160699318065 0.6399659309201033 0.006634682970970172 0.01073285381923061
0 0.16540347384137447 0.631818417516978 0.0066346829709701734 0.006025401630758186
0 0.1626026163146223 0.6424344323893575 0.007372460224521518 0.007200196280336199
0 0.13573480755745881 0.6481777155340548 0.006282121566935533 0.007834871339502465
0 0.15458212226613166 0.6569731290647688 0.006282121566935533 0.007834871339502465
0 0.16379636501259395 0.6566939095876033 0.006282121566935533 0.007834871339502465
0 0.17137004851015297 0.6557769317272008 0.0069382577475094066 0.007499774630950072
0 0.15872504355321357 0.653957242328094 0.0066463092373493125 0.00820972474706336
0 0.1524258780407832 0.6475387174970312 0.006116898556145309 0.006347457559107481
0 0.13940805896177236 0.6294506765966105 0.005008940497356128 0.005378885767982327
0 0.11350770685493197 0.5933820458423134 0.005695317380362407 0.006896801114314748
0 0.27997813928685755 0.23278545858237998 0.006134107938155196 0.008050787971800588
0 0.2999274690417724 0.23839447023477348 0.007414283262696757 0.00678844365913372
0 0.2867809270327421 0.2539096103756491 0.006033320329234159 0.006312969411340129
0 0.2943046418453515 0.25497531170460624 0.006929863719219368 0.004950493921640013
0 0.3047135349693002 0.2495999515837405 0.006672122869183814 0.00699360064637665
0 0.32012675237859756 0.22524443091891336 0.006779909328592808 0.0061876295096420396
0 0.33100629334931303 0.23126955350572245 0.005200299941541455 0.006820780252775982
0 0.3413041772936705 0.18848907185473485 0.007218572177727283 0.006549998413464622
0 0.30522426546285286 0.20463858585959585 0.007432633105436369 0.006371548543906771
0 0.2362829617469874 0.19894419268454938 0.007011807342934954 0.005671336611593425
0 0.1761369183549718 0.21856993435452401 0.004992606261068534 0.00743338606360887
0 0.1462222370744586 0.23984295157617141 0.005806145320468427 0.00790373356044768
0 0.17091230598780072 0.24231199318981425 0.0042448219367546315 0.006733033103529196
0 0.12140527665782212 0.2349985142960632 0.00493430469808713 0.004797878694602702
0 0.12072956552308149 0.23989742002293224 0.00493430469808713 0.004797878694602702
0 0.12005385438834087 0.24361383126400538 0.00493430469808713 0.004797878694602702
0 0.15304308834350094 0.27202599446509357 0.005183299660249647 0.007033615481736726
0 0.1442588435918736 0.27954328083908214 0.003831877390768566 0.0055132654285700985
0 0.14088028791817078 0.2822461253780444 0.003831877390768566 0.0055132654285700985
0 0.3017874282339356 0.3909008332065037 0.007060692537846181 0.00817285105231644
0 0.18081042066049563 0.4049815241560306 0.00575264857761718 0.005226895428461084
0 0.17027017514556408 0.3859791217313552 0.004354424707716697 0.005705490352215325
0 0.17441658438147212 0.3876683995682067 0.004354424707716697 0.005705490352215325
0 0.1819344121141578 0.3867834227956638 0.004919848579664326 0.0073156359034306515
0 0.20676279313251403 0.39445396470628274 0.00691484658079622 0.0063366438523879565
0 0.1480602333057795 0.34694848180698806 0.006353887679701259 0.006787486837239851
0 0.1495959404301899 0.3532448810170705 0.006353887679701259 0.006787486837239851
0 0.09647625540069411 0.3418881714540396 0.008400404046115226 0.008658729963425267
0 0.10307979603565874 0.3375881915056905 0.008400404046115226 0.008658729963425267
0 0.1104511902328286 0.3365131965186033 0.008400404046115226 0.008658729963425267
0 0.13934638097260998 0.4442129463664012 0.0039732090043406105 0.005271777809328624
0 0.3121999940636034 0.13351149144380045 0.0059185862973915515 0.00916434174864201
0 0.25454436037707245 0.06979693600234707 0.006556595535136375 0.006699302222467212
0 0.18981879045994612 0.06419433914231322 0.007250746045178727 0.008865580576086067
0 0.07751165924009208 0.017978926277972422 0.006318806481860531 0.006543882235872761
0 0.07718246677935975 0.013699424288452033 0.006318806481860531 0.006543882235872761
0 0.0686200432018903 0.04989787540503535 0.008248031209955443 0.007654213878026368
0 0.12868733691776824 0.053847485998133784 0.006952889237738824 0.006623652931605732
0 0.23595660385589728 0.157240252237104 0.006604127403113307 0.009245707481977207
0 0.21517631281977168 0.2518034311920605 0.005454210221523857 0.006921716639137696
0 0.46118211227914524 0.9525012986265409 0.006689074024301962 0.006927715383953017
0 0.47155332437957015 0.9356353424793875 0.007049332138357186 0.008018094293400026
0 0.4766408442272517 0.9359346083527802 0.007049332138357186 0.008018094293400026
0 0.3743116033151804 0.9569004764028315 0.007717825729550314 0.007041453959220002
0 0.39742996258775704 0.9813968379604857 0.007060475704414522 0.006542284562266551
0 0.3393122098082418 0.8964910684148859 0.004959273610043014 0.007869138902368063
0 0.34621372707478687 0.8945844627091448 0.005311446052313069 0.006182479378620083
0 0.28737155178452617 0.9598664695994565 0.005125170558031081 0.008999705147173508
0 0.28935365153827 0.914622355811159 0.005253315890889679 0.00601615472114136
0 0.0737579187921692 0.68840061669141 0.005447978154443604 0.00805541716449634
0 0.14151886154363041 0.8210546981137756 0.0054877048015226386 0.0073578022479769915
0 0.11658396531085563 0.8259192676212633 0.004246698671794082 0.007201476395625504
0 0.12606358447387517 0.6788899018090732 0.0055676473181620265 0.007014180629105569
0 0.1238376399610344 0.6759219757919516 0.0055676473181620265 0.0060248719567311156
0 0.10787205107836441 0.6689217240043607 0.007389570076551947 0.0065777319285961
0 0.08431090970659394 0.5232843582671408 0.005260423237290385 0.006201461369004347
0 0.15617424905920854 0.48823037099005395 0.006048736835521987 0.007491890687486853
0 0.2136337253622704 0.4242821819429918 0.006284822789422803 0.009331408629200188
0 0.3242007213939741 0.3109299525559889 0.006514656380174072 0.007647047338179149
0 0.2632611522475796 0.3142302768274693 0.0067860469163397484 0.009809088292083967
0 0.2948821305639434 0.3315264304825722 0.006361548914784386 0.007994686535042117
0 0.2925691399073578 0.31305638649419226 0.007742795943724684 0.0064810031684224174
0 0.21340046121484404 0.31826699316159335 0.005878883503420703 0.007430985906360614
0 0.1489096750578082 0.35984064899787305 0.004414838337619481 0.005095843928251808
0 0.13140765544048466 0.4143727745921327 0.006680813575739472 0.0064032225270469045
0 0.1299113260735195 0.4098837864912372 0.006680813575739472 0.0064032225270469045
0 0.11434362127191201 0.5230412885121283 0.006774085618806048 0.008506746173296971
0 0.14523753243558904 0.9326612524748421 0.009062978361344554 0.007665496383103603
0 0.14623333962930446 0.9274830550675246 0.004681426708997122 0.0084621421380766
0 0.12093209272670177 0.9409602616883272 0.005405987567243758 0.007188104842410258
